#kx=8.0, ky=0.0, Jx=1.0, Jy=1.0, Jz=1.5, h=0.0
-8.51363714691938 116.37247110132103
-8.160017163877807 116.37247110132103
-7.871084750496733 116.37247110132103
-7.831986358624752 116.37247110132103
-7.7337146221814255 116.37247110132103
-7.730185657910371 116.37247110132103
-7.719364148375491 116.37247110132103
-7.703499676702995 116.37247110132103
-7.693798405352129 116.37247110132103
-7.557147435013029 116.37247110132103
-7.5276796059492606 116.37247110132103
-7.484555792698413 116.37247110132103
-7.480742210065398 116.37247110132103
-7.4244740488692065 116.37247110132103
-7.420226458869073 116.37247110132103
-7.393990855999793 116.37247110132103
-7.318959869900943 116.37247110132103
-7.31258005626866 116.37247110132103
-7.218011394679913 116.37247110132103
-7.163246428465476 116.37247110132103
#kx=4.0, ky=0.0, Jx=1.0, Jy=1.0, Jz=1.5, h=0.0
-8.358846694931959 116.38264149788267
-8.145918544363882 116.38264149788267
-7.8743274726398305 116.38264149788267
-7.831227188942449 116.38264149788267
-7.733588817844303 116.38264149788267
-7.72947004426683 116.38264149788267
-7.71906384459191 116.38264149788267
-7.7109668869118515 116.38264149788267
-7.699549503683522 116.38264149788267
-7.557913485409547 116.38264149788267
-7.518693375630306 116.38264149788267
-7.485237423672308 116.38264149788267
-7.478452932440627 116.38264149788267
-7.424683719255827 116.38264149788267
-7.418575684406369 116.38264149788267
-7.384072537671797 116.38264149788267
-7.318957292704494 116.38264149788267
-7.296297313251098 116.38264149788267
-7.220744515662417 116.38264149788267
-7.166339020146582 116.38264149788267
#kx=0.0, ky=0.0, Jx=1.0, Jy=1.0, Jz=1.5, h=0.0
-8.509245971456446 116.62618051146774
-8.159179985621813 116.62618051146774
-7.985454581067986 116.62618051146774
-7.840976009702654 116.62618051146774
-7.831441218488369 116.62618051146774
-7.731903787435876 116.62618051146774
-7.728544356746758 116.62618051146774
-7.7215677744820095 116.62618051146774
-7.696272432706345 116.62618051146774
-7.637599220913254 116.62618051146774
-7.565722987918337 116.62618051146774
-7.549061332096535 116.62618051146774
-7.4832638329497945 116.62618051146774
-7.469035032455126 116.62618051146774
-7.420936090082624 116.62618051146774
-7.397673323737107 116.62618051146774
-7.350524067608136 116.62618051146774
-7.307421565483645 116.62618051146774
-7.268253584780661 116.62618051146774
-7.169884511945453 116.62618051146774
#kx=4.0, ky=8.0, Jx=1.0, Jy=1.0, Jz=1.5, h=0.0
-8.385931591634929 116.35999157795186
-8.156048548712548 116.35999157795186
-7.86216508360061 116.35999157795186
-7.764697789942731 116.35999157795186
-7.737580880419089 116.35999157795186
-7.734139190908204 116.35999157795186
-7.731146820047622 116.35999157795186
-7.715673857142911 116.35999157795186
-7.702400008652986 116.35999157795186
-7.508635036254095 116.35999157795186
-7.484635259814728 116.35999157795186
-7.46323052263354 116.35999157795186
-7.426527915500479 116.35999157795186
-7.425165341736294 116.35999157795186
-7.317879759082589 116.35999157795186
-7.312591179743432 116.35999157795186
-7.294069689366451 116.35999157795186
-7.1900027374373 116.35999157795186
-7.156255270428512 116.35999157795186
-6.999935069132637 116.35999157795186
#kx=8.0, ky=16.0, Jx=1.0, Jy=1.0, Jz=1.5, h=0.0
-8.513637146919361 116.3724711013208
-8.160017163877836 116.3724711013208
-7.871084750496733 116.3724711013208
-7.831986358624782 116.3724711013208
-7.733714622181434 116.3724711013208
-7.730185657910371 116.3724711013208
-7.719364148375513 116.3724711013208
-7.703499676702979 116.3724711013208
-7.69379840535213 116.3724711013208
-7.557147435013022 116.3724711013208
-7.527679605949261 116.3724711013208
-7.4845557926984325 116.3724711013208
-7.4807422100653955 116.3724711013208
-7.424474048869225 116.3724711013208
-7.4202264588690765 116.3724711013208
-7.393990855999815 116.3724711013208
-7.318959869900949 116.3724711013208
-7.312580056268649 116.3724711013208
-7.21801139467991 116.3724711013208
-7.163246428465505 116.3724711013208
#kx=8.0, ky=12.0, Jx=1.0, Jy=1.0, Jz=1.5, h=0.0
-8.523538854402444 115.36441870639317
-8.149556979535594 115.36441870639317
-7.877190951073251 115.36441870639317
-7.8237381607019625 115.36441870639317
-7.735255048956459 115.36441870639317
-7.7306051980900765 115.36441870639317
-7.7245190053707375 115.36441870639317
-7.722021310192003 115.36441870639317
-7.696592558888479 115.36441870639317
-7.524578113453523 115.36441870639317
-7.4842796733511765 115.36441870639317
-7.478958194337341 115.36441870639317
-7.431709611806515 115.36441870639317
-7.396331438452868 115.36441870639317
-7.376735522682784 115.36441870639317
-7.315642026512571 115.36441870639317
-7.308668647951789 115.36441870639317
-7.204786873475233 115.36441870639317
-7.175098601821479 115.36441870639317
-7.161919403661204 115.36441870639317
#kx=8.0, ky=8.0, Jx=1.0, Jy=1.0, Jz=1.5, h=0.0
-8.539283303733644 116.62110529669633
-8.146046956094363 116.62110529669633
-7.864952236651444 116.62110529669633
-7.808584165242834 116.62110529669633
-7.736423114801454 116.62110529669633
-7.734745623291878 116.62110529669633
-7.731800455631236 116.62110529669633
-7.729546551203445 116.62110529669633
-7.700163194500521 116.62110529669633
-7.530033274127189 116.62110529669633
-7.482807325435749 116.62110529669633
-7.482329886660156 116.62110529669633
-7.4408640713174385 116.62110529669633
-7.424847647463933 116.62110529669633
-7.3911806605019565 116.62110529669633
-7.3155414821938 116.62110529669633
-7.3098034329954915 116.62110529669633
-7.18557418668593 116.62110529669633
-7.14820348405749 116.62110529669633
-6.9985712818369885 116.62110529669633
#kx=8.0, ky=4.0, Jx=1.0, Jy=1.0, Jz=1.5, h=0.0
-8.524052292051142 117.61941512919941
-8.161457109648495 117.61941512919941
-7.865985102960883 117.61941512919941
-7.81043092304288 117.61941512919941
-7.732446073128432 117.61941512919941
-7.7294825903480975 117.61941512919941
-7.728454235820917 117.61941512919941
-7.724027719421919 117.61941512919941
-7.700066970789315 117.61941512919941
-7.537484951355233 117.61941512919941
-7.482639884322898 117.61941512919941
-7.480545815823329 117.61941512919941
-7.441052705758949 117.61941512919941
-7.386924160897844 117.61941512919941
-7.375797465503917 117.61941512919941
-7.316357580346724 117.61941512919941
-7.3110923257630995 117.61941512919941
-7.215945223554648 117.61941512919941
-7.165574959520267 117.61941512919941
-7.128901119770996 117.61941512919941
#kx=8.0, ky=0.0, Jx=1.0, Jy=1.0, Jz=1.5, h=0.0
-8.51363714691938 116.37247110132103
-8.160017163877807 116.37247110132103
-7.871084750496733 116.37247110132103
-7.831986358624752 116.37247110132103
-7.7337146221814255 116.37247110132103
-7.730185657910371 116.37247110132103
-7.719364148375491 116.37247110132103
-7.703499676702995 116.37247110132103
-7.693798405352129 116.37247110132103
-7.557147435013029 116.37247110132103
-7.5276796059492606 116.37247110132103
-7.484555792698413 116.37247110132103
-7.480742210065398 116.37247110132103
-7.4244740488692065 116.37247110132103
-7.420226458869073 116.37247110132103
-7.393990855999793 116.37247110132103
-7.318959869900943 116.37247110132103
-7.31258005626866 116.37247110132103
-7.218011394679913 116.37247110132103
-7.163246428465476 116.37247110132103
