#kx=0.0, ky=8.0, Jx=-1.0, Jy=-1.0, Jz=-1.0, h=0.0
-3.5378770001643978 -3.537877000164396 -3.5378770001522897 -3.537254815542319 -3.5176433496143353 -3.517642631796323 -3.437941583636736 -3.3864011682476347 -3.3836778244861203 -3.383677600475517 -3.345393715772094 -3.3234316045928223 -3.2740969003987064 -3.202732543507258 -3.189210724967566 -3.1892104571717947
#kx=0.0, ky=7.0, Jx=-1.0, Jy=-1.0, Jz=-1.0, h=0.0
-3.5402225568311096 -3.5378770001644 -3.537877000164399 -3.5284153359097274 -3.5190722799905925 -3.519072085402549 -3.3951134324117165 -3.39511343241171 -3.383907361933096 -3.382682148331115 -3.382681957340438 -3.339172718147947 -3.293629351525281 -3.222149177211703 -3.1907023155385756 -3.1907015575308835
#kx=0.0, ky=6.0, Jx=-1.0, Jy=-1.0, Jz=-1.0, h=0.0
-3.546902141861925 -3.5382074731144013 -3.537877000164401 -3.5378770001643978 -3.523150802213798 -3.5231505982996136 -3.51952933481409 -3.415944256686397 -3.3799017764800445 -3.379901578781876 -3.374224151909675 -3.3392204497134665 -3.2963458665334584 -3.2741821249580374 -3.194885959554724 -3.194884796336295
#kx=0.0, ky=5.0, Jx=-1.0, Jy=-1.0, Jz=-1.0, h=0.0
-3.6189044084357445 -3.5568988489743942 -3.5378770001644 -3.5378770001643955 -3.5290606847916184 -3.529060271724491 -3.5194540694872765 -3.415725926489704 -3.375886376658362 -3.375886120411841 -3.3383507220303943 -3.283275401674952 -3.2515451071014816 -3.201195512783099 -3.201194081863383 -3.1830703208266433
#kx=0.0, ky=4.0, Jx=-1.0, Jy=-1.0, Jz=-1.0, h=0.0
-3.5686907701310173 -3.538379089796672 -3.5378770001644027 -3.5378770001643973 -3.5357586932253997 -3.5357582744905725 -3.5240554027901942 -3.3900895098276744 -3.3713010399950862 -3.371300706075988 -3.3305397115061357 -3.303813511213955 -3.2876120001909976 -3.2203270673872573 -3.2087599277989485 -3.2087584135399765
#kx=0.0, ky=3.0, Jx=-1.0, Jy=-1.0, Jz=-1.0, h=0.0
-3.580482692229725 -3.542211234852528 -3.5422109936992543 -3.5378770001643978 -3.537877000164392 -3.5332689040591845 -3.410025898021802 -3.410025898021801 -3.398502661336756 -3.366791836959203 -3.3667914619515704 -3.33133297490843 -3.285372160209897 -3.2164934552712072 -3.2164920775071155 -3.2079096929146664
#kx=0.0, ky=2.0, Jx=-1.0, Jy=-1.0, Jz=-1.0, h=0.0
-3.5904794020250237 -3.5475259260653416 -3.547525845621991 -3.5378770001644013 -3.5378770001643933 -3.5366401878855687 -3.5171602536164825 -3.4512058736917806 -3.395287625869572 -3.362963202516267 -3.362962873536076 -3.3370009181477363 -3.2862744726084214 -3.223210877070579 -3.2232098669330216 -3.2125141067611733
#kx=0.0, ky=1.0, Jx=-1.0, Jy=-1.0, Jz=-1.0, h=0.0
-3.9619007399891677 -3.597158991070993 -3.551020352743781 -3.551019856487563 -3.53787700016442 -3.5378770001643978 -3.5273614459084035 -3.394485115542738 -3.360375376403987 -3.3603751956360264 -3.3504887312131264 -3.2876355888239925 -3.231100527112719 -3.2277857082675423 -3.227785262157709 -2.8820858040207966
#kx=0.0, ky=0.0, Jx=-1.0, Jy=-1.0, Jz=-1.0, h=0.0
-4.071806368560523 -3.5995045524860054 -3.5522639229895603 -3.5522629722066243 -3.5378770001644098 -3.5378770001643827 -3.522737390058789 -3.4557574765555255 -3.3731335116266683 -3.3594661907915984 -3.359466164789283 -3.2950614165807313 -3.2772904553337727 -3.2293762313958703 -3.2293760162062695 -2.77856003032655
#kx=2.0, ky=1.0, Jx=-1.0, Jy=-1.0, Jz=-1.0, h=0.0
-3.5881338493711055 -3.551106175062495 -3.551104787994277 -3.5378770001644013 -3.5378770001643995 -3.5315871295936887 -3.427090812821427 -3.4047395660831734 -3.4034624321630256 -3.360403234029088 -3.360403031530282 -3.3448893250075673 -3.2752683870010664 -3.2276726710569235 -3.22767184308367 -3.2015791700838645
#kx=4.0, ky=2.0, Jx=-1.0, Jy=-1.0, Jz=-1.0, h=0.0
-3.5596656320671762 -3.547686780043768 -3.547685029007973 -3.5378770001644013 -3.537877000164397 -3.5327367938163525 -3.411014978438286 -3.3756224497703506 -3.3630054133641067 -3.363005141277247 -3.335931074153248 -3.313564605178474 -3.2662463539290028 -3.223008736530677 -3.2230074750007915 -3.2040894945072873
#kx=6.0, ky=3.0, Jx=-1.0, Jy=-1.0, Jz=-1.0, h=0.0
-3.542426151255204 -3.542424155872854 -3.537877000164399 -3.5378770001643973 -3.529635858476649 -3.5278802903838478 -3.5207797161010417 -3.398993109836444 -3.366830290224938 -3.366830072556823 -3.329789748138034 -3.302723657416712 -3.294400187997672 -3.256859152925689 -3.2162409101029947 -3.2162394586452856
#kx=8.0, ky=4.0, Jx=-1.0, Jy=-1.0, Jz=-1.0, h=0.0
-3.5378770001644027 -3.5378770001643978 -3.535998653590335 -3.5359965710206667 -3.5319191176589118 -3.5263649703266577 -3.507063217821517 -3.4203857015662233 -3.371322638622815 -3.3713225603506265 -3.3691765687692103 -3.3002041409774 -3.2967597877170975 -3.27676530264034 -3.2084990037142926 -3.2084976044662117
#kx=10.0, ky=5.0, Jx=-1.0, Jy=-1.0, Jz=-1.0, h=0.0
-3.537877000164396 -3.537877000164394 -3.5322869328370112 -3.5292907518977437 -3.5292887641787196 -3.5221615743339627 -3.504296438364784 -3.39328675853776 -3.37588822000353 -3.3758881383828214 -3.3292020356670626 -3.3102309321761383 -3.286858893562789 -3.2160307340812864 -3.2009641483449336 -3.2009630038422725
#kx=12.0, ky=6.0, Jx=-1.0, Jy=-1.0, Jz=-1.0, h=0.0
-3.548938265816355 -3.5378770001644044 -3.5378770001644004 -3.5233336490696954 -3.5233319445837084 -3.5160883595102703 -3.4052037771612 -3.379891110034378 -3.379890909337596 -3.3396140177876914 -3.326124177422628 -3.3165566511518576 -3.221623879231231 -3.21006564976495 -3.1947143121566657 -3.194713569965552
#kx=14.0, ky=7.0, Jx=-1.0, Jy=-1.0, Jz=-1.0, h=0.0
-3.5403465473662963 -3.5378770001644066 -3.5378770001643964 -3.5311974063674665 -3.526607560422002 -3.519174192955347 -3.519172935262678 -3.382671753803869 -3.3826715093256152 -3.382351954684109 -3.343834504540832 -3.3145202077766447 -3.295337511471993 -3.2284071064485587 -3.190611097730233 -3.1906108461165674
#kx=16.0, ky=8.0, Jx=-1.0, Jy=-1.0, Jz=-1.0, h=0.0
-3.543185261946138 -3.537877000164404 -3.5378770001643915 -3.537877000152287 -3.5196377204547127 -3.5176433496143362 -3.5176426317963214 -3.425125499720463 -3.3836778244861323 -3.38367760047552 -3.3744576380064863 -3.3234316045928196 -3.301181993352594 -3.2732290863720976 -3.1892107249675656 -3.1892104571717916
#kx=15.0, ky=8.0, Jx=-1.0, Jy=-1.0, Jz=-1.0, h=0.0
-3.5378770001643987 -3.5378770001643978 -3.53553143873485 -3.5316397486615134 -3.520113692783409 -3.5191741929553433 -3.519172935262673 -3.398230595897439 -3.3826717538038715 -3.3826715093256174 -3.3461368325295284 -3.319659168269166 -3.283709049108207 -3.20312009287446 -3.190611097730238 -3.1906108461165776
#kx=14.0, ky=8.0, Jx=-1.0, Jy=-1.0, Jz=-1.0, h=0.0
-3.5378770001644018 -3.537877000164397 -3.5322682936257292 -3.528851849688661 -3.5233336490696896 -3.523331944583708 -3.5137101837582216 -3.4143191789564775 -3.379891110034381 -3.3798909093375986 -3.3495192006749503 -3.313948127504768 -3.282732445739382 -3.256579590148024 -3.1947143121566666 -3.194713569965562
#kx=13.0, ky=8.0, Jx=-1.0, Jy=-1.0, Jz=-1.0, h=0.0
-3.5383900812121274 -3.5378770001644004 -3.537877000164396 -3.52929075189775 -3.529288764178718 -3.5188551398953813 -3.509046137990161 -3.410637284000493 -3.37588822000353 -3.3758881383828103 -3.3393759947800232 -3.306573033655801 -3.2835879005941457 -3.2515746214085546 -3.2009641483449327 -3.2009630038422734
#kx=12.0, ky=8.0, Jx=-1.0, Jy=-1.0, Jz=-1.0, h=0.0
-3.5378770001644018 -3.5378770001644013 -3.5359986535903425 -3.535996571020664 -3.534954048133811 -3.5235020029847406 -3.507063217800637 -3.380235785171755 -3.371322638622813 -3.3713225603506194 -3.362507555217175 -3.2993011896488955 -3.2967573878438445 -3.2677463610384283 -3.2084990037142895 -3.2084976044662024
#kx=11.0, ky=8.0, Jx=-1.0, Jy=-1.0, Jz=-1.0, h=0.0
-3.542426151255208 -3.5424241558728484 -3.537877000164401 -3.5378770001643964 -3.5334991892449943 -3.495271296649314 -3.4302339521446115 -3.3834677294261737 -3.366830290224943 -3.3668300725568283 -3.322377568313486 -3.2881429721505584 -3.276942198932778 -3.2242428303161694 -3.2162409101030005 -3.21623945864529
#kx=10.0, ky=8.0, Jx=-1.0, Jy=-1.0, Jz=-1.0, h=0.0
-3.547686780043768 -3.5476850290079716 -3.537877000164396 -3.5378770001643915 -3.5336972439017162 -3.5263166263420946 -3.4852745895426858 -3.452598845673768 -3.364754246404934 -3.363005413364108 -3.363005141277248 -3.3287890935334854 -3.2807568173200004 -3.2230087365306757 -3.223007475000785 -3.221663158637756
#kx=9.0, ky=8.0, Jx=-1.0, Jy=-1.0, Jz=-1.0, h=0.0
-3.551106175062488 -3.5511047879942805 -3.5404183186599876 -3.5378770001644035 -3.537877000164397 -3.5201971006544284 -3.478595004517326 -3.462300180645763 -3.375542054999186 -3.3604032340290972 -3.3604030315302786 -3.324499355100101 -3.2853011769664104 -3.2276726710569137 -3.2276718430836637 -3.217308005413098
#kx=8.0, ky=8.0, Jx=-1.0, Jy=-1.0, Jz=-1.0, h=0.0
-3.552263922989559 -3.5522629722066235 -3.5448826417516845 -3.537877000164408 -3.5378770001644018 -3.5212174846968503 -3.4762494478427888 -3.4060721167865045 -3.3594661907916126 -3.3594661647892927 -3.3521616015119076 -3.32944796036699 -3.229376231395859 -3.229376016206258 -3.2121179129052777 -3.1994485985153087
#kx=7.0, ky=8.0, Jx=-1.0, Jy=-1.0, Jz=-1.0, h=0.0
-3.5510203527437825 -3.551019856487566 -3.5486339371801323 -3.537877000164401 -3.537877000164397 -3.5244352617929606 -3.478595009260226 -3.4044482693781486 -3.3603753764039843 -3.360375195636031 -3.347237688847832 -3.327733611500598 -3.2277857082675405 -3.2277852621577043 -3.208215349435631 -3.202977592891177
#kx=6.0, ky=8.0, Jx=-1.0, Jy=-1.0, Jz=-1.0, h=0.0
-3.550116730031249 -3.5475259260653464 -3.5475258456220007 -3.5378770001643987 -3.5378770001643955 -3.526719893636775 -3.4852745983064084 -3.4048882408789045 -3.3629632025162666 -3.3629628735360804 -3.339445692995125 -3.3222662458502477 -3.2232108770705885 -3.223209866933011 -3.217354490357088 -3.202193693834281
#kx=5.0, ky=8.0, Jx=-1.0, Jy=-1.0, Jz=-1.0, h=0.0
-3.5422112348525276 -3.5422109936992494 -3.5387426997173166 -3.5378770001644013 -3.5378770001643987 -3.523442529932524 -3.4952713080996882 -3.4001173967280853 -3.3667918369591985 -3.3667914619515713 -3.33756648315074 -3.2891589044672096 -3.2863813425002735 -3.2320044730697997 -3.216493455271206 -3.216492077507123
#kx=4.0, ky=8.0, Jx=-1.0, Jy=-1.0, Jz=-1.0, h=0.0
-3.5395231312521527 -3.5378770001644027 -3.537877000164392 -3.535758693225396 -3.535758274490561 -3.507063230194435 -3.4366774179463713 -3.394923764314022 -3.371301039995088 -3.371300706075981 -3.3232551742524516 -3.2976524827518405 -3.279118378726622 -3.225579468545876 -3.2087599277989427 -3.2087584135399783
#kx=3.0, ky=8.0, Jx=-1.0, Jy=-1.0, Jz=-1.0, h=0.0
-3.5378770001644075 -3.5378770001643964 -3.529060684791617 -3.529060271724487 -3.5287614560289913 -3.52032830356673 -3.51885515134576 -3.4312847430303477 -3.3758863766583653 -3.3758861204118378 -3.357528527585842 -3.3083561559718397 -3.2862243204698096 -3.27607149321239 -3.201195512783097 -3.20119408186338
#kx=2.0, ky=8.0, Jx=-1.0, Jy=-1.0, Jz=-1.0, h=0.0
-3.5378770001644058 -3.537877000164399 -3.5299184497993794 -3.528851858452392 -3.5231508022138023 -3.5231505982996247 -3.4492602743598053 -3.3799017764800445 -3.3799015787818565 -3.375651048793642 -3.325556313138045 -3.3172448166556734 -3.280481475230266 -3.2214355799332703 -3.194885959554723 -3.1948847963362996
#kx=1.0, ky=8.0, Jx=-1.0, Jy=-1.0, Jz=-1.0, h=0.0
-3.5378770001644018 -3.537877000164401 -3.5355314434777485 -3.5304301813661256 -3.519072279990596 -3.5190720854025535 -3.512470030199611 -3.4756012032837784 -3.382682148331115 -3.3826819573404507 -3.369928679653092 -3.3227444508356765 -3.294087686929524 -3.2797298153365495 -3.1907023155385748 -3.190701557530888
#kx=0.0, ky=8.0, Jx=-1.0, Jy=-1.0, Jz=-1.0, h=0.0
-3.5378770001643978 -3.537877000164396 -3.5378770001522897 -3.537254815542319 -3.5176433496143353 -3.517642631796323 -3.437941583636736 -3.3864011682476347 -3.3836778244861203 -3.383677600475517 -3.345393715772094 -3.3234316045928223 -3.2740969003987064 -3.202732543507258 -3.189210724967566 -3.1892104571717947
