#kx=6.0, ky=0.0, hx=3.0, q=0.0
-0.17806200099177438 5.783027133071108e-06
-0.1351814776793958 1.8588075277170435e-05
-0.1351814776793825 9.213431517833586e-06
0.8761095370788308 0.00027115348056214124
0.8761095370788308 0.0002769744820300161
1.3285004724440608 2.9932115764477273e-05
7.536726385327803 0.008650755696501056
8.865600073090075 5.671832778044928e-05
9.443397760624524 8.469077260796814e-05
10.379264750828977 0.0005426138602948728
#kx=6.0, ky=3.0, hx=3.0, q=0.0
-0.20277618585519352 0.00033670956951843906
-0.202776185855007 0.001559150095167058
0.10371575680611311 0.0035965323677390974
0.10371575680613976 0.003219202609690878
0.6425163946962931 0.0013968451946992874
1.4225489900142119 0.00021998561908034674
9.360832375428565 0.009993270831551276
10.85851288896401 8.740562986369482e-05
11.18428062844405 0.0025319915912687006
11.96570389483929 0.0005854028281138161
#kx=6.0, ky=6.0, hx=3.0, q=0.0
-1.6593244862082734 3.900235422254017e-08
-0.17777784843591604 1.0825146018389129e-07
-0.1777778484355963 1.082962093637412e-07
0.21238951495823777 9.115445746198242e-08
0.48104673259553365 1.1224754104106174e-07
1.4137790129558736 6.194875179594898e-07
12.212482855787115 0.0010351973329184815
12.235937142774693 3.290182475107396e-06
12.37963758299147 0.0028068888571879114
14.92636953691084 0.009525647289252268
#kx=3.0, ky=3.0, hx=3.0, q=0.0
-0.6364806348353813 0.0011290887860420208
-0.6364806348351815 0.009322367920614041
0.5043799145666039 0.0005579784006778347
1.444742163217776 0.00011866904122318482
1.4447421632178292 6.811197256543358e-05
1.465350486016681 0.00160393685629787
6.037475351486821 0.018535434135876855
7.980606033670621 0.003915014605035511
10.782722598289123 0.0007408990250480994
10.965514619634238 0.00011340994416708196
#kx=0.0, ky=0.0, hx=3.0, q=0.0
-3.826405310193679 0.2279912839149195
-0.6320816616974678 7.64215757053609e-05
-0.6320816616974412 7.641572734875977e-05
-0.5129702183390661 0.060642918712980255
0.14211292797363662 0.020179914062675327
0.22523225004158043 0.0037183128001454227
1.9856765662394338 0.0019698611157081725
4.784790078913259 7.503665388651869e-06
9.152067232027923 0.0007853715857204293
10.149454253598439 1.2821000355295974e-06
14.76397195342836 0.006889408236959856
#kx=3.0, ky=0.0, hx=3.0, q=0.0
-2.291184754472555 0.017628337354249533
-1.751291198688083 0.013668742082084694
-1.7512911986878832 0.011052290278113708
0.10125965093132461 0.00017160758128279945
2.1676728833059755 0.01470132481881739
2.1676728833062153 0.009592879628869079
3.488764655903651 0.008797455128303645
7.1188762092731395 8.825461214634223e-05
9.899448843668415 0.0030476555605712698
11.552732968662758 0.0008319488442017629
#kx=6.0, ky=0.0, hx=3.0, q=0.0
-0.1780620009920808 5.783027133071108e-06
-0.13518147767970223 1.8588075277170435e-05
-0.1351814776796889 9.213431517833586e-06
0.8761095370785243 0.00027115348056214124
0.8761095370785243 0.0002769744820300161
1.3285004724437544 2.9932115764477273e-05
7.536726385327497 0.008650755696501056
8.865600073089768 5.671832778044928e-05
9.443397760624217 8.469077260796814e-05
10.37926475082867 0.0005426138602948728
#kx=3.0, ky=3.0, hx=3.0, q=0.0
-0.6364806348353813 0.0011290887860420208
-0.6364806348351815 0.009322367920614041
0.5043799145666039 0.0005579784006778347
1.444742163217776 0.00011866904122318482
1.4447421632178292 6.811197256543358e-05
1.465350486016681 0.00160393685629787
6.037475351486821 0.018535434135876855
7.980606033670621 0.003915014605035511
10.782722598289123 0.0007408990250480994
10.965514619634238 0.00011340994416708196
