0.000000000000000000e+00 -2.745742333218302578e-02 -2.725889864092084086e-02 -5.798733714098164987e-02 -2.254073182281710330e-01
-5.042016806722688510e-03 -2.837664094784485280e-02 -2.799809452437976992e-02 -5.627041749920367458e-02 -2.252897804222903921e-01
-1.008403361344537702e-02 -2.837597039521388628e-02 -2.799080297091331368e-02 -5.628325337377939469e-02 -2.252990750830141109e-01
-1.512605042016806553e-02 -2.752254584414268179e-02 -2.751403689265276634e-02 -5.769812979965325411e-02 -2.254718452529837491e-01
-2.016806722689075404e-02 -2.752884569684962979e-02 -2.751582656788931214e-02 -5.769027048178922146e-02 -2.254731015886103918e-01
-2.521008403361344255e-02 -3.295164506568086515e-02 -1.002093011096906808e-02 -3.815504385866818476e-02 -1.626400459130348253e-01
-3.025210084033613106e-02 -3.145893978381254785e-02 -1.102405983132576268e-02 -3.974864891289422303e-02 -1.648484484675849515e-01
-3.529411764705882304e-02 -3.147161925844516039e-02 -1.101979788408205888e-02 -3.975030030216170074e-02 -1.649319075890053887e-01
-4.033613445378150808e-02 -3.148418366629101434e-02 -1.101558018705237757e-02 -3.975169019389373365e-02 -1.650145070956451909e-01
-4.537815126050419312e-02 -1.443570430123949228e-02 -9.884934467942092795e-03 -7.046045595880638668e-02 -1.887008245600378387e-01
-5.042016806722688510e-02 -1.433683214320669898e-02 -9.829875450376937204e-03 -7.072461222981876738e-02 -1.888387050347611340e-01
-5.546218487394957708e-02 -1.431871829901780815e-02 -9.833583729739539536e-03 -7.074011099422640447e-02 -1.887466043615129430e-01
-6.050420168067226212e-02 -1.430107862433031493e-02 -9.837255044982989166e-03 -7.075508123474345823e-02 -1.886544375410819374e-01
-6.554621848739494716e-02 -1.428390046165457436e-02 -9.840888352635393868e-03 -7.076954015520105223e-02 -1.885622338251112529e-01
-7.058823529411764608e-02 -1.426717092028193662e-02 -9.844482874351566729e-03 -7.078350449030446079e-02 -1.884700211439554740e-01
-7.563025210084033112e-02 -1.425087763494888027e-02 -9.848037746754634281e-03 -7.079699014192369910e-02 -1.883778261381810759e-01
-8.067226890756301616e-02 -1.423500860375390836e-02 -9.851552023268322564e-03 -7.081001238393980213e-02 -1.882856742561604402e-01
-8.571428571428570120e-02 -1.421955253277571579e-02 -9.855024888053837487e-03 -7.082258527776015555e-02 -1.881935898522043848e-01
-9.075630252100838624e-02 -1.420449831271777472e-02 -9.858455458013714104e-03 -7.083472248970580643e-02 -1.881015962786047324e-01
-9.579831932773108516e-02 -1.418983519225989337e-02 -9.861842856836266005e-03 -7.084643704577997525e-02 -1.880097159557328756e-01
-1.008403361344537702e-01 -1.417555276625698593e-02 -9.865186217765775645e-03 -7.085774136491444775e-02 -1.879179704426985620e-01
-1.058823529411764552e-01 -1.416164096385930625e-02 -9.868484686103564871e-03 -7.086864729045216915e-02 -1.878263805025507382e-01
-1.109243697478991542e-01 -1.414809003776994027e-02 -9.871737421079409408e-03 -7.087916611921769861e-02 -1.877349661624062027e-01
-1.159663865546218392e-01 -1.413489055350190468e-02 -9.874943597484937136e-03 -7.088930862899224528e-02 -1.876437467688233107e-01
-1.210084033613445242e-01 -1.412203337773559539e-02 -9.878102407398826196e-03 -7.089908510510610495e-02 -1.875527410388840854e-01
-1.260504201680672232e-01 -1.410950966830300593e-02 -9.881213061093924860e-03 -7.090850536447737551e-02 -1.874619671066673210e-01
-1.310924369747898943e-01 -1.409731086414692247e-02 -9.884274787513233629e-03 -7.091757877810822563e-02 -1.873714425647483306e-01
-1.361344537815125932e-01 -1.408542867589078831e-02 -9.887286833352189677e-03 -7.092631429085714811e-02 -1.872811844972964157e-01
-1.411764705882352922e-01 -1.407385507874288344e-02 -9.890248456713579203e-03 -7.093472043333988453e-02 -1.871912094871348020e-01
-1.462184873949579633e-01 -1.406258231191308966e-02 -9.893158885481343617e-03 -7.094280529673528679e-02 -1.871015334592847912e-01
-1.512605042016806622e-01 -1.405160412391009278e-02 -9.896016503323817187e-03 -7.095057496983862844e-02 -1.870121686832948160e-01
-1.563025210084033334e-01 -1.404091698181830598e-02 -9.898803089207680594e-03 -7.095801626998550493e-02 -1.869230342570067649e-01
-1.613445378151260323e-01 -1.403050476582688895e-02 -9.901554030264414150e-03 -7.096517703516583286e-02 -1.868343328616812460e-01
-1.663865546218487312e-01 -1.402036367070230369e-02 -9.904253876550280292e-03 -7.097204941525009358e-02 -1.867460075272180942e-01
-1.714285714285714024e-01 -1.401048703658853804e-02 -9.906899290651166590e-03 -7.097863779593566180e-02 -1.866580580745232643e-01
-1.764705882352941013e-01 -1.400086925883072160e-02 -9.909489820443975402e-03 -7.098494707225774802e-02 -1.865704981415812758e-01
-1.815126050420167725e-01 -1.399150415949445767e-02 -9.912024921813259587e-03 -7.099098305242557139e-02 -1.864833415947809714e-01
-1.865546218487394714e-01 -1.398238567835990119e-02 -9.914504069676883385e-03 -7.099675139253723566e-02 -1.863966021524392502e-01
-1.915966386554621703e-01 -1.397350791383979163e-02 -9.916926761109407656e-03 -7.100225752774660948e-02 -1.863102933386407978e-01
-1.966386554621848415e-01 -1.396486507795858395e-02 -9.919292566158824376e-03 -7.100750664647298427e-02 -1.862244285248740305e-01
-2.016806722689075404e-01 -1.395645158549752365e-02 -9.921600975029105235e-03 -7.101250381103446641e-02 -1.861390208154943549e-01
-2.067226890756302393e-01 -1.394826221118438889e-02 -9.923851582342130273e-03 -7.101725353159876741e-02 -1.860540832141572287e-01
-2.117647058823529105e-01 -1.394029166965233407e-02 -9.926043978663149497e-03 -7.102176037101505524e-02 -1.859696285367149204e-01
-2.168067226890756094e-01 -1.393253478630882523e-02 -9.928177775236697589e-03 -7.102602872915025900e-02 -1.858856694445395197e-01
-2.218487394957983083e-01 -1.392498655499650392e-02 -9.930252615898600005e-03 -7.103006276482964898e-02 -1.858022184668729482e-01
-2.268907563025209795e-01 -1.391762424701342357e-02 -9.932269482686550965e-03 -7.103388402701654725e-02 -1.857192872781523729e-01
-2.319327731092436784e-01 -1.391044796294688829e-02 -9.934227747940043568e-03 -7.103749150785865218e-02 -1.856368882653145758e-01
-2.369747899159663496e-01 -1.390346667255525602e-02 -9.936126149252736892e-03 -7.104087540936286638e-02 -1.855550341381645429e-01
-2.420168067226890485e-01 -1.389667578150364374e-02 -9.937964456349014652e-03 -7.104403922113916581e-02 -1.854737369783940604e-01
-2.470588235294117474e-01 -1.389007078668105452e-02 -9.939742477090573319e-03 -7.104698626789018867e-02 -1.853930087762113710e-01
-2.521008403361344463e-01 -1.388364726646889279e-02 -9.941460061529306877e-03 -7.104971971312998291e-02 -1.853128614392546003e-01
-2.571428571428571175e-01 -1.387740384246450090e-02 -9.943116844594524634e-03 -7.105223971903171232e-02 -1.852333067890837293e-01
-2.621848739495797886e-01 -1.387134255203291942e-02 -9.944706473043105760e-03 -7.105455159708320978e-02 -1.851543273936966383e-01
-2.672268907563025153e-01 -1.386545153123444271e-02 -9.946239540767119400e-03 -7.105665074541206438e-02 -1.850759921013553355e-01
-2.722689075630251865e-01 -1.385972478219412579e-02 -9.947712056566786892e-03 -7.105854760064350684e-02 -1.849982846498980094e-01
-2.773109243697478576e-01 -1.385415819435796558e-02 -9.949124129962200885e-03 -7.106024452503297006e-02 -1.849212166530790624e-01
-2.823529411764705843e-01 -1.384875568204735341e-02 -9.950475154545520770e-03 -7.106173607113561164e-02 -1.848448000807711156e-01
-2.873949579831932555e-01 -1.384350662809024149e-02 -9.951765988493697923e-03 -7.106303059934526711e-02 -1.847690461807902362e-01
-2.924369747899159266e-01 -1.383840570631598640e-02 -9.952997002210476479e-03 -7.106413134238434570e-02 -1.846939663805663157e-01
-2.974789915966385978e-01 -1.383344918445224628e-02 -9.954168397150749137e-03 -7.106504000103226748e-02 -1.846195721106276832e-01
-3.025210084033613245e-01 -1.382863191244914670e-02 -9.955280118832531000e-03 -7.106575942618217900e-02 -1.845458709674281106e-01
-3.075630252100839956e-01 -1.382395213745974717e-02 -9.956332391354447142e-03 -7.106629061329713948e-02 -1.844728827208957922e-01
-3.126050420168066668e-01 -1.381940814718335582e-02 -9.957324622830297789e-03 -7.106663347770779404e-02 -1.844006134646193340e-01
-3.176470588235293935e-01 -1.381499860271936247e-02 -9.958255966495979661e-03 -7.106678871821457688e-02 -1.843290738567452680e-01
-3.226890756302520646e-01 -1.381072287805484855e-02 -9.959125182029644058e-03 -7.106675692022990098e-02 -1.842582742716748490e-01
-3.277310924369747358e-01 -1.380658056529935132e-02 -9.959930786849589476e-03 -7.106653887317938845e-02 -1.841882248900710561e-01
-3.327731092436974625e-01 -1.380257105913246414e-02 -9.960671250705831897e-03 -7.106613571982221822e-02 -1.841189358109494023e-01
-3.378151260504201336e-01 -1.379869338128416473e-02 -9.961345163656206564e-03 -7.106554887375285401e-02 -1.840504171419911073e-01
-3.428571428571428048e-01 -1.379494613334136810e-02 -9.961951352891306594e-03 -7.106477986879310149e-02 -1.839826790618797614e-01
-3.478991596638655315e-01 -1.379132750430523205e-02 -9.962488937550115914e-03 -7.106383024294232742e-02 -1.839157318535828978e-01
-3.529411764705882026e-01 -1.378783504394763722e-02 -9.962957386569959786e-03 -7.106270165723002630e-02 -1.838495859476612093e-01
-3.579831932773108738e-01 -1.378446650162737028e-02 -9.963356306101855270e-03 -7.106139534924071910e-02 -1.837842518000010750e-01
-3.630252100840335450e-01 -1.378121932800686900e-02 -9.963685516079043986e-03 -7.105991251240297013e-02 -1.837197399503340822e-01
-3.680672268907562716e-01 -1.377809130788001588e-02 -9.963945051991458107e-03 -7.105825360605477758e-02 -1.836560611188214065e-01
-3.731092436974789428e-01 -1.377507978487968986e-02 -9.964134960601920415e-03 -7.105641951583697991e-02 -1.835932259261602584e-01
-3.781512605042016140e-01 -1.377218460987736023e-02 -9.964253891720755568e-03 -7.105440981257765687e-02 -1.835313358108436876e-01
-3.831932773109243406e-01 -1.376940337056936116e-02 -9.964303749526948195e-03 -7.105222365823979369e-02 -1.834702200273764516e-01
-3.882352941176470118e-01 -1.376672996565310794e-02 -9.964284221970548180e-03 -7.104986539882526819e-02 -1.834099794626833091e-01
-3.932773109243696830e-01 -1.376416183724036429e-02 -9.964195411693278770e-03 -7.104733561693363231e-02 -1.833506246426570008e-01
-3.983193277310924096e-01 -1.376169649179730461e-02 -9.964037409028771164e-03 -7.104463482128638152e-02 -1.832921660586023516e-01
-4.033613445378150808e-01 -1.375933149005432315e-02 -9.963810287993115494e-03 -7.104176346665250219e-02 -1.832346141631591707e-01
-4.084033613445377520e-01 -1.375706594616683820e-02 -9.963513129002034979e-03 -7.103872375187436639e-02 -1.831783447213492788e-01
-4.134453781512604786e-01 -1.375489655771472593e-02 -9.963147024525310924e-03 -7.103551424291167093e-02 -1.831226350193572161e-01
-4.184873949579831498e-01 -1.375280226956095142e-02 -9.962712749482797309e-03 -7.103215364681833566e-02 -1.830678625136090976e-01
-4.235294117647058210e-01 -1.375076876446473459e-02 -9.962209799869753413e-03 -7.102865526596943702e-02 -1.830140366977212052e-01
-4.285714285714285476e-01 -1.374883784394089793e-02 -9.961636481020856235e-03 -7.102497503101774801e-02 -1.829611688447038975e-01
-4.336134453781512188e-01 -1.374699665394751337e-02 -9.960994111741661855e-03 -7.102112273293181843e-02 -1.829092697685133773e-01
-4.386554621848738900e-01 -1.374524270424382077e-02 -9.960282600708679837e-03 -7.101709904832151365e-02 -1.828583502945334838e-01
-4.436974789915966166e-01 -1.374357447141818026e-02 -9.959501652420672119e-03 -7.101290316516579992e-02 -1.828084502078165807e-01
-4.487394957983192878e-01 -1.374198898096214497e-02 -9.958651337181569779e-03 -7.100853742134771718e-02 -1.827595228398083971e-01
-4.537815126050419590e-01 -1.374048454054473990e-02 -9.957731640910294502e-03 -7.100400070579140910e-02 -1.827116005853585690e-01
-4.588235294117646301e-01 -1.373905936578085664e-02 -9.956742437729105763e-03 -7.099929279642354374e-02 -1.826646976003424849e-01
-4.638655462184873568e-01 -1.373771145357673314e-02 -9.955683673787806692e-03 -7.099441374768059032e-02 -1.826188236620281957e-01
-4.689075630252100280e-01 -1.373643549773969838e-02 -9.954556014975492889e-03 -7.098936763580909748e-02 -1.825740375983595787e-01
-4.739495798319326991e-01 -1.373525639025383223e-02 -9.953353557003094543e-03 -7.098413463231345588e-02 -1.825302443945083786e-01
-4.789915966386554258e-01 -1.373415282025492942e-02 -9.952081346003097476e-03 -7.097872496846732715e-02 -1.824875113275147287e-01
-4.840336134453780970e-01 -1.373313647417362046e-02 -9.950738596261832214e-03 -7.097312292840129988e-02 -1.824458507361834125e-01
-4.890756302521007681e-01 -1.373218598900449554e-02 -9.949325761262724915e-03 -7.096735030858192239e-02 -1.824052788288877958e-01
-4.941176470588234948e-01 -1.373129800666866678e-02 -9.947843597794311932e-03 -7.096140893889617274e-02 -1.823657865464440864e-01
-4.991596638655461660e-01 -1.373047225903493290e-02 -9.946291852460055136e-03 -7.095529534015242168e-02 -1.823273944632098353e-01
-5.042016806722688926e-01 -1.372970621355440457e-02 -9.944669956065721114e-03 -7.094901141537261757e-02 -1.822901116493365614e-01
-5.092436974789915638e-01 -1.372899789240314243e-02 -9.942977745039799364e-03 -7.094255712013314286e-02 -1.822539480823965885e-01
-5.142857142857142350e-01 -1.372834536184121962e-02 -9.941215050516441498e-03 -7.093593234018659432e-02 -1.822189138108812334e-01
-5.193277310924369061e-01 -1.372774671632668968e-02 -9.939381702224268922e-03 -7.092913688928487170e-02 -1.821850191358682092e-01
-5.243697478991595773e-01 -1.372720363228344641e-02 -9.937477583510382489e-03 -7.092216558546698968e-02 -1.821522766665224224e-01
-5.294117647058822484e-01 -1.372671437191564162e-02 -9.935502407947592943e-03 -7.091501760207882810e-02 -1.821207073081320960e-01
-5.344537815126050306e-01 -1.372627471779943806e-02 -9.933455691961069062e-03 -7.090769677840835783e-02 -1.820903193530158670e-01
-5.394957983193277018e-01 -1.372588784663067094e-02 -9.931336816379265214e-03 -7.090020028999244328e-02 -1.820610886090005542e-01
-5.445378151260503730e-01 -1.372554356006538273e-02 -9.929147059660265590e-03 -7.089253266235449880e-02 -1.820330423445973844e-01
-5.495798319327730441e-01 -1.372522155327515932e-02 -9.926894039404582371e-03 -7.088472216093029410e-02 -1.820062778419282157e-01
-5.546218487394957153e-01 -1.372491742011009049e-02 -9.924567185750564693e-03 -7.087674703273971755e-02 -1.819806455619355223e-01
-5.596638655462183864e-01 -1.372463012374543732e-02 -9.922172215650445354e-03 -7.086861334632742204e-02 -1.819562357544931841e-01
-5.647058823529411686e-01 -1.372433845533017373e-02 -9.919711953501407498e-03 -7.086033497111104973e-02 -1.819330602071556335e-01
-5.697478991596638398e-01 -1.372408090296976801e-02 -9.917179697395663712e-03 -7.085188228176440839e-02 -1.819111235209862620e-01
-5.747899159663865110e-01 -1.372385857120157066e-02 -9.914574813302320239e-03 -7.084325217010174758e-02 -1.818904360456262137e-01
-5.798319327731091821e-01 -1.372380771285393493e-02 -9.911926635885980746e-03 -7.083423204467963197e-02 -1.818707473220570470e-01
-5.848739495798318533e-01 -1.372373334930616223e-02 -9.909171418042855145e-03 -7.082515014160134514e-02 -1.818525801203875192e-01
-5.899159663865545244e-01 -1.372368589810460913e-02 -9.906343123702771730e-03 -7.081589198505375271e-02 -1.818356911981223456e-01
-5.949579831932771956e-01 -1.372365439967078611e-02 -9.903442335751053843e-03 -7.080646702388423974e-02 -1.818200890407772607e-01
-5.999999999999999778e-01 -1.372362378722205914e-02 -9.900469349705939837e-03 -7.079689168661297549e-02 -1.818057809467837349e-01
