0.000000000000000000e+00 5.100003777512973624e-01 3.283838710383597120e-02 -4.886977744226335130e-01 4.083619784426096438e-02 -4.771162353691333902e-01 1.303164523256845203e-02 -5.074353675696749999e-01 1.417884077415732143e-02 0.000000000000000000e+00 -1.516062733032160215e-01 0.000000000000000000e+00 1.162173714657784409e-03 0.000000000000000000e+00 -3.929820701753938134e-02 1.000000000002871481e+00 5.197934894726809141e+00 2.380584035451388747e+00 3.896204937081442665e+00 6.320585077330851398e-01
-5.042016806722688510e-03 5.099159258945433759e-01 3.164983349892227377e-02 -4.861998064748697113e-01 3.371965626011292488e-02 -4.815658017913989619e-01 1.534636487815908140e-02 -5.077070712086020343e-01 9.545100403435785585e-03 0.000000000000000000e+00 -1.452999168406360342e-01 0.000000000000000000e+00 1.766272493056669053e-04 0.000000000000000000e+00 -3.786949868699764771e-02 1.001462767806065246e+00 5.195631770367157287e+00 2.372906219015617157e+00 3.880921291344934687e+00 6.313208622909238787e-01
-1.008403361344537702e-02 5.099158460760412348e-01 3.169447707710404405e-02 -4.861919023669611373e-01 3.374236059179354374e-02 -4.815788892273910049e-01 1.532435676013123305e-02 -5.076942771840189383e-01 9.588726915574604520e-03 0.000000000000000000e+00 -1.452851325744898003e-01 0.000000000000000000e+00 1.801027180443858498e-04 0.000000000000000000e+00 -3.787951178293958582e-02 1.001480718562444805e+00 5.195644516145026870e+00 2.372854858035955417e+00 3.880910630076833456e+00 6.313736292060224686e-01
-1.512605042016806553e-02 5.099160685932108139e-01 3.172201972917298302e-02 -4.861861271378528637e-01 3.375556051049447698e-02 -4.815880542666058917e-01 1.530902541096610357e-02 -5.076861777898618033e-01 9.616821951388463893e-03 0.000000000000000000e+00 -1.452756490943854784e-01 0.000000000000000000e+00 1.838390231236438277e-04 0.000000000000000000e+00 -3.788521327895021801e-02 1.001510441614007485e+00 5.195652770152705990e+00 2.372823886537907434e+00 3.880902589348980136e+00 6.314023755784841097e-01
-2.016806722689075404e-02 5.099165785104299298e-01 3.174303918851608536e-02 -4.861817843590943711e-01 3.376458213131244834e-02 -4.815947350122153359e-01 1.529638917990781485e-02 -5.076801968717615798e-01 9.639899737396234736e-03 0.000000000000000000e+00 -1.452675570819978168e-01 0.000000000000000000e+00 1.885475252157626006e-04 0.000000000000000000e+00 -3.788911827227971207e-02 1.001554240386264505e+00 5.195658650170436488e+00 2.372799599053493580e+00 3.880894911025654981e+00 6.314213547697684614e-01
-2.521008403361344255e-02 5.099174765071049498e-01 3.176070640567595776e-02 -4.861783101676419028e-01 3.377072400821376497e-02 -4.815997736918437022e-01 1.528458146948796260e-02 -5.076754997335554132e-01 9.661619793673243209e-03 0.000000000000000000e+00 -1.452595282383869202e-01 0.000000000000000000e+00 1.950781538900821059e-04 0.000000000000000000e+00 -3.789178642591139318e-02 1.001619900548722075e+00 5.195662944429254360e+00 2.372778126781209362e+00 3.880886328273058350e+00 6.314333880443636637e-01
-3.025210084033613106e-02 5.099191272876056891e-01 3.177761848612740969e-02 -4.861752268295365109e-01 3.377425735444011118e-02 -4.816036113861141832e-01 1.527127978797947552e-02 -5.076716231280478109e-01 9.686488844676877097e-03 0.000000000000000000e+00 -1.452497137689951756e-01 0.000000000000000000e+00 2.057472487886266295e-04 0.000000000000000000e+00 -3.789327738579315041e-02 1.001732911657673641e+00 5.195665977452959439e+00 2.372755654073527953e+00 3.880874432819563680e+00 6.314383737362235793e-01
-3.529411764705882304e-02 5.102566506209087471e-01 3.172010054637965093e-02 -4.856839725137350738e-01 3.295494316461396178e-02 -4.812718419257241420e-01 1.468046123991535376e-02 -5.085277532450148685e-01 1.223222650907689578e-02 0.000000000000000000e+00 -1.435188845536025382e-01 0.000000000000000000e+00 2.892586021760439313e-03 0.000000000000000000e+00 -3.716155214995861544e-02 1.008331531481027055e+00 5.194371630464835299e+00 2.369839686043823779e+00 3.878606124773304131e+00 6.300906118117196586e-01
-4.033613445378150808e-02 5.061240024104642909e-01 3.230092874397626906e-02 -4.895275059563147790e-01 3.034625609570988994e-02 -4.782712811077993731e-01 1.546412776352034009e-02 -5.138771178677559170e-01 1.520812981841561731e-02 0.000000000000000000e+00 -1.378015919606717377e-01 0.000000000000000000e+00 8.506841663736386394e-03 0.000000000000000000e+00 -4.531684019050098711e-02 1.010444471580359771e+00 5.231206633754340807e+00 2.369421675639049596e+00 3.872858802098823716e+00 6.379657986509292833e-01
-4.537815126050419312e-02 5.061199845842517808e-01 3.226285274208221671e-02 -4.895197996275209573e-01 3.034050390622198418e-02 -4.782690568871477144e-01 1.546539810117237429e-02 -5.138967336991326906e-01 1.519099894276735620e-02 0.000000000000000000e+00 -1.378097116947825385e-01 0.000000000000000000e+00 8.522127151565386111e-03 0.000000000000000000e+00 -4.531030285036807131e-02 1.010457574273464276e+00 5.231276811871094168e+00 2.369451476654958366e+00 3.872827888056148193e+00 6.379063195345036075e-01
-5.042016806722688510e-02 5.061143470560688362e-01 3.223043284103929013e-02 -4.895140702550718759e-01 3.033250120376462799e-02 -4.782642562274069253e-01 1.547315271773195416e-02 -5.139173956546703170e-01 1.517530066134246437e-02 0.000000000000000000e+00 -1.378152222220222212e-01 0.000000000000000000e+00 8.532471484328807768e-03 0.000000000000000000e+00 -4.530377548618197414e-02 1.010485612188822824e+00 5.231327263744642408e+00 2.369479379256823393e+00 3.872802552090371719e+00 6.378605409283473193e-01
-5.546218487394957708e-02 5.061087039255589559e-01 3.219810670425357624e-02 -4.895085290830445413e-01 3.032435413464644458e-02 -4.782599729075056039e-01 1.548074055882874694e-02 -5.139374694843862335e-01 1.515986920617001278e-02 0.000000000000000000e+00 -1.378206058734639250e-01 0.000000000000000000e+00 8.543001844150381260e-03 0.000000000000000000e+00 -4.529725901183544179e-02 1.010526567619294935e+00 5.231378133821015020e+00 2.369507234022163011e+00 3.872777300101763576e+00 6.378150657184336048e-01
-6.050420168067226212e-02 5.061030267298521901e-01 3.216573498229521183e-02 -4.895031562411992221e-01 3.031602440071110016e-02 -4.782561901684205807e-01 1.548821686117888424e-02 -5.139570408949334368e-01 1.514464057424402821e-02 0.000000000000000000e+00 -1.378258770932532518e-01 0.000000000000000000e+00 8.553762262099987024e-03 0.000000000000000000e+00 -4.529072235536715091e-02 1.010580871725874630e+00 5.231429605889842627e+00 2.369535157458662056e+00 3.872752038812917519e+00 6.377697363333566516e-01
-6.554621848739494716e-02 5.060972816848394729e-01 3.213316195889989735e-02 -4.894979380200763508e-01 3.030745934773243846e-02 -4.782528928864255291e-01 1.549564918337093498e-02 -5.139761977670622706e-01 1.512954630788699434e-02 0.000000000000000000e+00 -1.378310481413962951e-01 0.000000000000000000e+00 8.564800525581029236e-03 0.000000000000000000e+00 -4.528412971745787025e-02 1.010649198342612243e+00 5.231481869794763817e+00 2.369563280819230844e+00 3.872726669259171306e+00 6.377243884746359726e-01
-7.058823529411764608e-02 5.060914268993330634e-01 3.210021415891502194e-02 -4.894928677124263383e-01 3.029858811096026658e-02 -4.782500676359447978e-01 1.550312425244361643e-02 -5.139950325267095277e-01 1.511451277603126017e-02 0.000000000000000000e+00 -1.378361268508008775e-01 0.000000000000000000e+00 8.576166823590174876e-03 0.000000000000000000e+00 -4.527743886661670519e-02 1.010732544158556401e+00 5.231535113275304738e+00 2.369591754874129652e+00 3.872701086823362004e+00 6.376788567483346881e-01
-7.563025210084033112e-02 5.060852010681530233e-01 3.206710745592195738e-02 -4.894881553930703899e-01 3.028899668110881030e-02 -4.782474157871177689e-01 1.551151288199540713e-02 -5.140138440143570131e-01 1.509952229905797347e-02 0.000000000000000000e+00 -1.378408376483149234e-01 0.000000000000000000e+00 8.587411769394702118e-03 0.000000000000000000e+00 -4.527054472232860255e-02 1.010834812020253048e+00 5.231587440337771788e+00 2.369620756608374457e+00 3.872675645007150447e+00 6.376342679643925981e-01
-8.067226890756301616e-02 5.060789453459613174e-01 3.203278290924185812e-02 -4.894833808887411597e-01 3.027920963390804548e-02 -4.782455154164872435e-01 1.551945644226595221e-02 -5.140323557952864997e-01 1.508435937598507151e-02 0.000000000000000000e+00 -1.378457193221756527e-01 0.000000000000000000e+00 8.599590903063173558e-03 0.000000000000000000e+00 -4.526348642516437454e-02 1.010953170573577475e+00 5.231643144167081871e+00 2.369650516293928089e+00 3.872649289561240327e+00 6.375878953301062912e-01
-8.571428571428570120e-02 5.060770011695048254e-01 3.199441838513766151e-02 -4.894750128254841681e-01 3.027649573476474607e-02 -4.782491772975214217e-01 1.551289687216806344e-02 -5.140455889184093463e-01 1.506969821865774238e-02 0.000000000000000000e+00 -1.378551793593567609e-01 0.000000000000000000e+00 8.619900786561057390e-03 0.000000000000000000e+00 -4.525818615120410365e-02 1.011016543701260595e+00 5.231732586791720152e+00 2.369677102853094741e+00 3.872617146930784404e+00 6.375225849105427001e-01
-9.075630252100838624e-02 5.060704281162284879e-01 3.200533596798588870e-02 -4.894821928810434986e-01 3.026555634659417252e-02 -4.782409581643309315e-01 1.553671449335978019e-02 -5.140510488680303247e-01 1.507129768054033328e-02 0.000000000000000000e+00 -1.378464253917137949e-01 0.000000000000000000e+00 8.604972380305482213e-03 0.000000000000000000e+00 -4.525599645737243132e-02 1.011130366730997876e+00 5.231667921978723435e+00 2.369678378271172114e+00 3.872630853904662107e+00 6.375620410382485392e-01
-9.579831932773108516e-02 5.060684470911678279e-01 3.196661821361408001e-02 -4.894737307915955071e-01 3.026310418620092174e-02 -4.782450656706693781e-01 1.553018395339494581e-02 -5.140640544837763448e-01 1.505681677359316760e-02 0.000000000000000000e+00 -1.378558011184939092e-01 0.000000000000000000e+00 8.625566258423172927e-03 0.000000000000000000e+00 -4.525063855724949236e-02 1.011207431328093209e+00 5.231757791756776577e+00 2.369704802183160375e+00 3.872598824290290231e+00 6.374971150385505547e-01
-1.008403361344537702e-01 5.060650600383029829e-01 3.197099383632411029e-02 -4.894773050650406687e-01 3.025750432994763969e-02 -4.782412652957935273e-01 1.554224086758196517e-02 -5.140668196733076956e-01 1.505740329748976765e-02 0.000000000000000000e+00 -1.378514450387648138e-01 0.000000000000000000e+00 8.618553785401801906e-03 0.000000000000000000e+00 -4.524931340467445301e-02 1.011278546631996011e+00 5.231726322498295723e+00 2.369706022011316193e+00 3.872605213509034972e+00 6.375161921191874193e-01
-1.058823529411764552e-01 5.060630234683295425e-01 3.193221746449238785e-02 -4.894689289836710588e-01 3.025518797732791934e-02 -4.782456912055669807e-01 1.553595150039703034e-02 -5.140795102076118894e-01 1.504320932426538721e-02 0.000000000000000000e+00 -1.378606788086503832e-01 0.000000000000000000e+00 8.639319268725870887e-03 0.000000000000000000e+00 -4.524395392583327458e-02 1.011369961376614057e+00 5.231816281505811794e+00 2.369732039858383654e+00 3.872573564515145339e+00 6.374521099490606524e-01
-1.109243697478991542e-01 5.060594933716955346e-01 3.193591681724465559e-02 -4.894727160247038245e-01 3.024928578054246128e-02 -4.782420644140281119e-01 1.554849424578748189e-02 -5.140821953162171276e-01 1.504370825263208131e-02 0.000000000000000000e+00 -1.378561666599553981e-01 0.000000000000000000e+00 8.632426793286615552e-03 0.000000000000000000e+00 -4.524240542308768931e-02 1.011456804546971178e+00 5.231784061574382250e+00 2.369733633795799488e+00 3.872579914897872566e+00 6.374715465107052559e-01
-1.159663865546218392e-01 5.060573929115566028e-01 3.189697278736142172e-02 -4.894644139468322108e-01 3.024710821781619041e-02 -4.782468247973447606e-01 1.554246550447677643e-02 -5.140945923312280064e-01 1.502977758800974097e-02 0.000000000000000000e+00 -1.378652669054948876e-01 0.000000000000000000e+00 8.653409914161311681e-03 0.000000000000000000e+00 -4.523702467904824193e-02 1.011562957097771775e+00 5.231874223454711093e+00 2.369759287149443505e+00 3.872548605126413523e+00 6.374082383341982405e-01
-1.210084033613445242e-01 5.060334467203818631e-01 3.184917644886110094e-02 -4.894727595010426868e-01 3.020947281826527955e-02 -4.782369333629217234e-01 1.560471628686276035e-02 -5.141285725957953634e-01 1.500972870750125372e-02 0.000000000000000000e+00 -1.378540868436647082e-01 0.000000000000000000e+00 8.651225720654173723e-03 0.000000000000000000e+00 -4.521827760709119792e-02 1.012326052441232749e+00 5.231841751835234255e+00 2.369812103055967789e+00 3.872532413278236163e+00 6.374146456781244474e-01
-1.260504201680672232e-01 5.042810358750554611e-01 3.102530520219954138e-02 -4.891746181215040901e-01 2.952809376690766763e-02 -4.826590945230115892e-01 2.215309214678012548e-02 -5.138811516473118512e-01 1.429575440235521071e-02 0.000000000000000000e+00 -1.336813502992468261e-01 0.000000000000000000e+00 1.766838762063366319e-02 0.000000000000000000e+00 -4.103265054228343034e-02 1.042152009376470456e+00 5.238425972278159648e+00 2.378281404628414197e+00 3.872324945298396770e+00 6.461689029602075696e-01
-1.310924369747898943e-01 5.042955504738709793e-01 3.088063696485543810e-02 -4.891976737939094377e-01 2.933957059081551341e-02 -4.827834340297855742e-01 2.243040669806137602e-02 -5.138690871810527305e-01 1.395704010865400808e-02 0.000000000000000000e+00 -1.335424312225692856e-01 0.000000000000000000e+00 1.843030564470358665e-02 0.000000000000000000e+00 -4.082167340611293077e-02 1.041961773276180114e+00 5.239639589020417709e+00 2.378257060424782576e+00 3.872724855360782037e+00 6.463455282377854605e-01
-1.361344537815125932e-01 4.978203919706994940e-01 3.550460713864599799e-02 -5.353827069313339404e-01 7.563304863617417717e-02 -4.653180034867725468e-01 1.427506985271675326e-04 -5.045714480605008045e-01 -7.384795789100563959e-03 0.000000000000000000e+00 -1.035625472417804477e-01 0.000000000000000000e+00 1.060988679408583248e-02 0.000000000000000000e+00 9.412129185250056596e-02 1.072050003534638307e+00 5.346290006619983437e+00 2.481638373986507773e+00 4.108000694537693676e+00 7.175611569808864054e-01
-1.411764705882352922e-01 5.014623379713850637e-01 3.269120448448355892e-02 -4.990691668558272509e-01 3.172385506891849810e-02 -4.885129568437607261e-01 2.208046465083260759e-02 -5.165272917459381441e-01 -3.637988539803997928e-03 0.000000000000000000e+00 -9.806901406912611752e-02 0.000000000000000000e+00 8.438316330479884997e-02 0.000000000000000000e+00 6.272592909391586091e-02 1.098290893847114091e+00 5.367573796817995735e+00 2.475332475360576989e+00 4.127248227415465820e+00 7.349808905358604649e-01
-1.462184873949579633e-01 5.014802213856710544e-01 3.293604946131905437e-02 -4.991278700174681671e-01 3.162775760113193529e-02 -4.884996335276954871e-01 2.207790911351313265e-02 -5.164356070702231793e-01 -3.578959781596743103e-03 0.000000000000000000e+00 -9.803179339096876332e-02 0.000000000000000000e+00 8.434890661636421094e-02 0.000000000000000000e+00 6.270212516956050197e-02 1.098246622041963105e+00 5.367313728603046563e+00 2.475128052944809642e+00 4.127424274294642537e+00 7.354389322153636055e-01
-1.512605042016806622e-01 5.014979568857629300e-01 3.321062853511453500e-02 -4.991869762476411898e-01 3.153660171233056003e-02 -4.884680876158143947e-01 2.210067488460368268e-02 -5.163480320365567700e-01 -3.505619530590954169e-03 0.000000000000000000e+00 -9.798221731346218322e-02 0.000000000000000000e+00 8.431539805229507079e-02 0.000000000000000000e+00 6.265167258998857736e-02 1.098284694960862673e+00 5.366926939081147374e+00 2.474805600713701370e+00 4.127634407442399400e+00 7.360926140286819797e-01
-1.563025210084033334e-01 5.015213874400591409e-01 3.368281901173748871e-02 -4.992655780808697430e-01 3.146677447603345862e-02 -4.884670200195145306e-01 2.206383397845922828e-02 -5.161681027554007040e-01 -3.363293896254637184e-03 0.000000000000000000e+00 -9.790153178309499160e-02 0.000000000000000000e+00 8.427048750967015833e-02 0.000000000000000000e+00 6.253132368314820444e-02 1.098419294997127427e+00 5.366329550005255911e+00 2.474097642303061395e+00 4.127821858647177322e+00 7.373071205291183983e-01
-1.613445378151260323e-01 5.015229872549978873e-01 3.369861291294690836e-02 -4.992675005310197589e-01 3.146317794077080343e-02 -4.884674889748688020e-01 2.206667119502315338e-02 -5.161608188305554235e-01 -3.356189446484875855e-03 0.000000000000000000e+00 -9.789647387926671274e-02 0.000000000000000000e+00 8.427072816703941316e-02 0.000000000000000000e+00 6.252730463212685663e-02 1.098438944730129485e+00 5.366303958485061365e+00 2.474071667212762726e+00 4.127825453919041543e+00 7.373594922775414950e-01
-1.663865546218487312e-01 5.015274294968941060e-01 3.362203790222288713e-02 -4.992724238906082745e-01 3.141827523791505122e-02 -4.884546869424828408e-01 2.212252827064470351e-02 -5.161755819429454384e-01 -3.360435840381594333e-03 0.000000000000000000e+00 -9.788799970373882053e-02 0.000000000000000000e+00 8.427677093416613419e-02 0.000000000000000000e+00 6.254831649926255455e-02 1.098538103088642748e+00 5.366186324547579822e+00 2.474128541593456188e+00 4.127851392780335082e+00 7.373284757770022235e-01
-1.714285714285714024e-01 5.015288680795016996e-01 3.359258594646084145e-02 -4.992757713025782751e-01 3.140491543002858765e-02 -4.884508210333532996e-01 2.214089167854303708e-02 -5.161776554247178295e-01 -3.362895905497455522e-03 0.000000000000000000e+00 -9.788246047565168917e-02 0.000000000000000000e+00 8.427759871487650045e-02 0.000000000000000000e+00 6.255596840763930078e-02 1.098606636399269254e+00 5.366130293122921557e+00 2.474133482553747765e+00 4.127845561215805148e+00 7.373446932442270230e-01
-1.764705882352941013e-01 5.015297528543067873e-01 3.360977624824587617e-02 -4.992780476272647983e-01 3.140713476200850118e-02 -4.884529888785659746e-01 2.214260568939298984e-02 -5.161672554329447271e-01 -3.355347329060937630e-03 0.000000000000000000e+00 -9.787656527130235429e-02 0.000000000000000000e+00 8.427840322605426038e-02 0.000000000000000000e+00 6.255161859509944522e-02 1.098658358810255864e+00 5.366103702519578356e+00 2.474094444506889534e+00 4.127847545388166672e+00 7.374154656731299884e-01
-1.815126050420167725e-01 5.015302365223217596e-01 3.361838112792557565e-02 -4.992796610246462707e-01 3.140867835666438096e-02 -4.884552044218931632e-01 2.214648661311498581e-02 -5.161589149295440215e-01 -3.348726249408699208e-03 0.000000000000000000e+00 -9.787102919478533891e-02 0.000000000000000000e+00 8.428012841376746056e-02 0.000000000000000000e+00 6.254881023543795715e-02 1.098718977876164127e+00 5.366078492838409986e+00 2.474062685330719713e+00 4.127849107810697582e+00 7.374776712942108237e-01
-1.865546218487394714e-01 5.015316745188785896e-01 3.352180704524509308e-02 -4.992858979757620608e-01 3.137612596442115875e-02 -4.884465547233851623e-01 2.220951709708249289e-02 -5.161681788700880347e-01 -3.351733052361349600e-03 0.000000000000000000e+00 -9.785877604996151558e-02 0.000000000000000000e+00 8.429100402955566618e-02 0.000000000000000000e+00 6.257293351547232874e-02 1.098955360141233628e+00 5.365949775113755038e+00 2.474093675065139664e+00 4.127873853258769543e+00 7.374942223922441586e-01
-1.915966386554621703e-01 5.015316734778604291e-01 3.352974739903570589e-02 -4.992882020073041160e-01 3.138060001183166914e-02 -4.884493155894574778e-01 2.221351526150783587e-02 -5.161582806820389502e-01 -3.345105760649526999e-03 0.000000000000000000e+00 -9.785277112971420277e-02 0.000000000000000000e+00 8.429306064705839596e-02 0.000000000000000000e+00 6.257045157648701006e-02 1.099035810783177025e+00 5.365923502064441131e+00 2.474055470668597767e+00 4.127875753033906747e+00 7.375650072365141918e-01
-1.966386554621848415e-01 5.015317427696962538e-01 3.342247282589262680e-02 -4.992907833648470572e-01 3.135016431516929325e-02 -4.884384046807850877e-01 2.226139483693390445e-02 -5.161815195161854053e-01 -3.360392173942326061e-03 0.000000000000000000e+00 -9.785145758482011180e-02 0.000000000000000000e+00 8.429949024494048926e-02 0.000000000000000000e+00 6.259808007501033167e-02 1.099157047552454136e+00 5.365853912475162524e+00 2.474139766406873608e+00 4.127887389862956447e+00 7.374710489245075440e-01
-2.016806722689075404e-01 3.329465038706719282e-01 7.030663612471937940e-02 -4.929563463956999070e-01 -2.509587894311338108e-02 -5.312664015223589331e-01 1.109259511023107624e-02 -5.467514919356412095e-01 4.052707065992255941e-03 0.000000000000000000e+00 1.108062239383066361e-01 0.000000000000000000e+00 1.501162221679720188e-01 0.000000000000000000e+00 2.262989938593579220e-01 1.223582800765816270e+00 5.374495313429518362e+00 2.761711838586648149e+00 4.047544410873994636e+00 9.062130588951609056e-01
-2.067226890756302393e-01 3.441182141514853576e-01 6.945751721414136770e-02 -5.264803179344810236e-01 1.896871530035445499e-03 -5.268993829414612140e-01 -9.025475978573573065e-05 -5.490954556905003336e-01 -2.008441392095620427e-03 0.000000000000000000e+00 1.087178368547158103e-01 0.000000000000000000e+00 1.406531934656600480e-01 0.000000000000000000e+00 1.482229158749972242e-01 1.232443243289364165e+00 5.371260300119129916e+00 2.792274954627416594e+00 4.054015256615189244e+00 8.853980379955151969e-01
-2.117647058823529105e-01 3.441181476907922976e-01 6.945151987263077642e-02 -5.264810074542155549e-01 1.898319262834793084e-03 -5.268997037371455638e-01 -8.835536153780062314e-05 -5.490952372830504302e-01 -2.009486638302991190e-03 0.000000000000000000e+00 1.087179698281806328e-01 0.000000000000000000e+00 1.406541213392678569e-01 0.000000000000000000e+00 1.482235663159600370e-01 1.232471705542702134e+00 5.371259728448587900e+00 2.792272193135187486e+00 4.054019480942341325e+00 8.854015020729509855e-01
-2.168067226890756094e-01 3.441141350583123981e-01 6.927239711775742825e-02 -5.265068459422225233e-01 1.954915670554361815e-03 -5.269199950129346277e-01 -2.516473595444610896e-05 -5.490780245745763288e-01 -2.046968663334128649e-03 0.000000000000000000e+00 1.087218746667267810e-01 0.000000000000000000e+00 1.406811348463189448e-01 0.000000000000000000e+00 1.482457722794814636e-01 1.233518537363715861e+00 5.371248508585638071e+00 2.792204286843541272e+00 4.054158734351965165e+00 8.855358839404717797e-01
-2.218487394957983083e-01 3.441023529263295688e-01 6.885942107463348394e-02 -5.266127909586848510e-01 2.168469798122545176e-03 -5.270240897449787187e-01 1.922832636361783605e-04 -5.489440970014667354e-01 -2.176639559611188730e-03 0.000000000000000000e+00 1.087322366482105507e-01 0.000000000000000000e+00 1.407777903171357481e-01 0.000000000000000000e+00 1.483303829917215488e-01 1.237128547037453119e+00 5.371232681305677659e+00 2.792050624866946773e+00 4.054641174393762704e+00 8.860382088063475381e-01
-2.268907563025209795e-01 3.403302552038108275e-01 6.979325618218421012e-02 -5.258163411965496303e-01 6.464372406603574941e-03 -5.271512678095908733e-01 5.534317216083808368e-03 -5.440305358799203406e-01 -6.216142012860238070e-03 0.000000000000000000e+00 1.083564616593839514e-01 0.000000000000000000e+00 1.578391336017846702e-01 0.000000000000000000e+00 1.624689381594575655e-01 1.261097242807101004e+00 5.372379875915724412e+00 2.789945390377264189e+00 4.055956392446078418e+00 8.880198480782213188e-01
-2.319327731092436784e-01 3.403297752931167541e-01 6.978737537184032114e-02 -5.258165014517471869e-01 6.465793695815588368e-03 -5.271517016624950314e-01 5.535298427001001526e-03 -5.440309211943187284e-01 -6.217108767912757523e-03 0.000000000000000000e+00 1.083565261066019997e-01 0.000000000000000000e+00 1.578397444248352821e-01 0.000000000000000000e+00 1.624694701326624413e-01 1.261122115445431735e+00 5.372379690443366052e+00 2.789943856412522738e+00 4.055959526114505387e+00 8.880238351351210646e-01
-2.369747899159663496e-01 3.403237909862394384e-01 6.969052367440037310e-02 -5.258243548439631709e-01 6.493418942495042014e-03 -5.271614966011735071e-01 5.559258092484998040e-03 -5.440303277747062793e-01 -6.235431591137897793e-03 0.000000000000000000e+00 1.083579708695435045e-01 0.000000000000000000e+00 1.578497246314095881e-01 0.000000000000000000e+00 1.624790964742246491e-01 1.261591054846390003e+00 5.372376222556216163e+00 2.789917902770660429e+00 4.056020314381793668e+00 8.880970452278482696e-01
-2.420168067226890485e-01 3.305165717025040362e-01 7.329260597766515395e-02 -5.234337661423051902e-01 7.354907138858132395e-03 -5.247096104793609328e-01 5.352774505139648240e-03 -5.432615704652452582e-01 -9.586923408869713059e-03 0.000000000000000000e+00 1.093188917202111143e-01 0.000000000000000000e+00 1.783316923809134535e-01 0.000000000000000000e+00 1.801995638695977620e-01 1.282327113067998736e+00 5.371126531778648072e+00 2.789381632789865506e+00 4.060095689027427568e+00 8.898178836568221284e-01
-2.470588235294117474e-01 3.305161684986998027e-01 7.328482040423968391e-02 -5.234344523583829289e-01 7.356767732218962713e-03 -5.247104406372588015e-01 5.354575814890171273e-03 -5.432616089983248742e-01 -9.588110298318436309e-03 0.000000000000000000e+00 1.093192480744068634e-01 0.000000000000000000e+00 1.783320024321878305e-01 0.000000000000000000e+00 1.801997794326304081e-01 1.282355359183224630e+00 5.371125928021682761e+00 2.789378506803961155e+00 4.060101098324795821e+00 8.898246190158930480e-01
-2.521008403361344463e-01 3.305041553987159153e-01 7.303575700682223004e-02 -5.234672571329460622e-01 7.435758008764134161e-03 -5.247455905784038643e-01 5.432809695136580491e-03 -5.432434467492033292e-01 -9.635197336212189892e-03 0.000000000000000000e+00 1.093291528282268887e-01 0.000000000000000000e+00 1.783502472223146007e-01 0.000000000000000000e+00 1.802167009035053613e-01 1.283589584367443637e+00 5.371112950720931423e+00 2.789295837797499900e+00 4.060304522432210739e+00 8.900758133903117209e-01
-2.571428571428571175e-01 3.137363965429153523e-01 7.841572939013516375e-02 -5.171921857091630326e-01 4.136360117268767997e-03 -5.218331508689658671e-01 5.061970065567230302e-03 -5.413278022789455024e-01 -8.729224792601063612e-03 0.000000000000000000e+00 1.216431718355169972e-01 0.000000000000000000e+00 2.049288235214015708e-01 0.000000000000000000e+00 2.016227642840871248e-01 1.302743835525821847e+00 5.370646766006225370e+00 2.776392432936851229e+00 4.066546395396770208e+00 8.984682961484118380e-01
-2.621848739495797886e-01 3.137362113290798060e-01 7.840908549552488838e-02 -5.171927392919042354e-01 4.138221657902869423e-03 -5.218336742710777409e-01 5.063691650351260197e-03 -5.413279273930778901e-01 -8.730234717012121462e-03 0.000000000000000000e+00 1.216433128140972098e-01 0.000000000000000000e+00 2.049290903258094709e-01 0.000000000000000000e+00 2.016232168941790859e-01 1.302770106622037183e+00 5.370646151894261422e+00 2.776390097044000971e+00 4.066550835607998238e+00 8.984728065800224872e-01
-2.672268907563025153e-01 3.137306019930320433e-01 7.822053621252686439e-02 -5.172147586320361423e-01 4.200923768404959090e-03 -5.218548621341905225e-01 5.123237283681352817e-03 -5.413193781327606535e-01 -8.763908508615914084e-03 0.000000000000000000e+00 1.216469624156064078e-01 0.000000000000000000e+00 2.049418531828329504e-01 0.000000000000000000e+00 2.016400182754786163e-01 1.303725497700397362e+00 5.370631742494532013e+00 2.776330009632157036e+00 4.066699187735311583e+00 8.986404174315946181e-01
-2.722689075630251865e-01 3.104109764514277892e-01 7.850120494894698153e-02 -5.169472703806911040e-01 7.005354124125973483e-03 -5.213011983458406551e-01 7.537213340561641460e-03 -5.382250166531724611e-01 -1.119894022022933748e-02 0.000000000000000000e+00 1.206047531154484792e-01 0.000000000000000000e+00 2.134276973080002360e-01 0.000000000000000000e+00 2.111821167778429598e-01 1.322418675782453201e+00 5.370429304062896314e+00 2.776561691158418999e+00 4.068518499022782287e+00 9.006747016690834773e-01
-2.773109243697478576e-01 3.104106575494757214e-01 7.849528905381293609e-02 -5.169478911780203134e-01 7.006602279056137368e-03 -5.213015875568508539e-01 7.538720921646015205e-03 -5.382251051871672631e-01 -1.119992571551119143e-02 0.000000000000000000e+00 1.206048900664802304e-01 0.000000000000000000e+00 2.134280733412866615e-01 0.000000000000000000e+00 2.111824588348825693e-01 1.322443844364200816e+00 5.370429175370254882e+00 2.776559391000396282e+00 4.068522906552053620e+00 9.006797074379612189e-01
-2.823529411764705843e-01 3.104035630908038024e-01 7.833625485397134602e-02 -5.169676301892178749e-01 7.052500418409842972e-03 -5.213177716246425453e-01 7.587949651978625684e-03 -5.382186088194036433e-01 -1.122952245849231749e-02 0.000000000000000000e+00 1.206079949744034430e-01 0.000000000000000000e+00 2.134406019240529806e-01 0.000000000000000000e+00 2.111950699548631183e-01 1.323227732264282697e+00 5.370422561074267520e+00 2.776501442109015727e+00 4.068656975916664642e+00 9.008374912428656067e-01
-2.873949579831932555e-01 2.972300919537006481e-01 8.237381649136772677e-02 -5.121047418900985804e-01 4.620820354824137395e-03 -5.181158333339613842e-01 6.903270294561864029e-03 -5.371911208782608194e-01 -1.197170232634979341e-02 0.000000000000000000e+00 1.268304185654640648e-01 0.000000000000000000e+00 2.314669285915892383e-01 0.000000000000000000e+00 2.285507486990270565e-01 1.342564257349763812e+00 5.370741604421553461e+00 2.772023165255644184e+00 4.072006461231824304e+00 9.062073700487192074e-01
-2.924369747899159266e-01 2.972299244831191345e-01 8.236683624380404523e-02 -5.121051921788455363e-01 4.623181082877478830e-03 -5.181166005764350491e-01 6.905214407580993058e-03 -5.371910969309784400e-01 -1.197281068557060763e-02 0.000000000000000000e+00 1.268306597035514238e-01 0.000000000000000000e+00 2.314674420245634856e-01 0.000000000000000000e+00 2.285512215205374176e-01 1.342587519934802964e+00 5.370740495228091049e+00 2.772019584915395907e+00 4.072010349990770273e+00 9.062146733918871044e-01
-2.974789915966385978e-01 2.972246048946923791e-01 8.215996713398207585e-02 -5.121274457195653662e-01 4.699882662841116908e-03 -5.181427610845233955e-01 6.975335527290856853e-03 -5.371792193364458567e-01 -1.201027745400262345e-02 0.000000000000000000e+00 1.268363108151745466e-01 0.000000000000000000e+00 2.314854540281879314e-01 0.000000000000000000e+00 2.285691353406960336e-01 1.343523361605998945e+00 5.370714445740045306e+00 2.771926480505958690e+00 4.072174438690880471e+00 9.064587680424726068e-01
-3.025210084033613245e-01 2.936431426731165861e-01 8.212930728024336879e-02 -5.115246663608151723e-01 6.579935334521960777e-03 -5.174507564656001257e-01 9.136731811014741841e-03 -5.340887706494746867e-01 -1.374527154516899143e-02 0.000000000000000000e+00 1.267529388604424767e-01 0.000000000000000000e+00 2.404577795518466343e-01 0.000000000000000000e+00 2.368235546329566787e-01 1.361876962008668590e+00 5.371706182407269381e+00 2.774679407017963229e+00 4.072508172406223537e+00 9.081914607524266270e-01
-3.075630252100839956e-01 2.936428948128250171e-01 8.212444224578276109e-02 -5.115253855347001721e-01 6.581389932223486762e-03 -5.174514009082155086e-01 9.138071372197584599e-03 -5.340886281180825534e-01 -1.374713338938645009e-02 0.000000000000000000e+00 1.267527108983740325e-01 0.000000000000000000e+00 2.404579202863517118e-01 0.000000000000000000e+00 2.368237974138643898e-01 1.361899121082100317e+00 5.371705149844466121e+00 2.774674024177919751e+00 4.072516173980185172e+00 9.081991491765137869e-01
-3.126050420168066668e-01 2.936424740366284647e-01 8.210296662191464423e-02 -5.115258700687885796e-01 6.587156434744998942e-03 -5.174527289827620669e-01 9.144935134225040674e-03 -5.340888662307811119e-01 -1.374329560213878240e-02 0.000000000000000000e+00 1.267544479277189218e-01 0.000000000000000000e+00 2.404602033025153573e-01 0.000000000000000000e+00 2.368257890085082862e-01 1.361980385774356428e+00 5.371702029161681935e+00 2.774685748858392476e+00 4.072511783199344038e+00 9.082033628454119212e-01
-3.176470588235293935e-01 2.937061406264838137e-01 7.935502673942604335e-02 -5.131074230500802802e-01 9.154396687199965743e-03 -5.196085605914086969e-01 1.244170855390594466e-02 -5.295113173669285800e-01 -1.216057190115042361e-02 0.000000000000000000e+00 1.278669687277044220e-01 0.000000000000000000e+00 2.436102676213766360e-01 0.000000000000000000e+00 2.396586698911031266e-01 1.382380217502291231e+00 5.370979895277856464e+00 2.779257595458529018e+00 4.071545200846484747e+00 9.088937818741806840e-01
-3.226890756302520646e-01 2.895290576704828700e-01 8.089689203218232427e-02 -5.122580387284280112e-01 8.613802806625658892e-03 -5.185520263122609386e-01 1.169429312164907420e-02 -5.306681496430553091e-01 -1.412483137241907216e-02 0.000000000000000000e+00 1.247564938974124599e-01 0.000000000000000000e+00 2.487831390457833913e-01 0.000000000000000000e+00 2.460946925676995301e-01 1.389445332668169497e+00 5.373355275074874093e+00 2.785846603407659217e+00 4.070693203387267367e+00 9.083746472174270004e-01
-3.277310924369747358e-01 2.901438849466296266e-01 7.806076228081697266e-02 -5.129203356125101587e-01 8.883315106625001498e-03 -5.205732393930894153e-01 1.359914298216418141e-02 -5.272302888170177226e-01 -1.003414587050268855e-02 0.000000000000000000e+00 1.275751673356121108e-01 0.000000000000000000e+00 2.515273613472578940e-01 0.000000000000000000e+00 2.473597970652280098e-01 1.396893828389996095e+00 5.374286473576542988e+00 2.793332101674044665e+00 4.067776802845449069e+00 9.064815878319272269e-01
-3.327731092436974625e-01 2.901437335664814321e-01 7.805078684049852888e-02 -5.129207004651610280e-01 8.885623780263710025e-03 -5.205737157494226830e-01 1.360248310282157792e-02 -5.272302430421236252e-01 -1.003272285958563964e-02 0.000000000000000000e+00 1.275760950692123585e-01 0.000000000000000000e+00 2.515285914867688155e-01 0.000000000000000000e+00 2.473606941155436223e-01 1.396927561987764799e+00 5.374286075963607523e+00 2.793337760076793241e+00 4.067775598065347609e+00 9.064817563042324444e-01
-3.378151260504201336e-01 2.901434384401129774e-01 7.805053110742381228e-02 -5.129221816350577612e-01 8.886320607147273065e-03 -5.205749808407925672e-01 1.360148008381807487e-02 -5.272297373637754303e-01 -1.004020052752439135e-02 0.000000000000000000e+00 1.275746419972558221e-01 0.000000000000000000e+00 2.515275774471097958e-01 0.000000000000000000e+00 2.473598764138031647e-01 1.396941784346964699e+00 5.374285939532359890e+00 2.793316107467414877e+00 4.067793158316672653e+00 9.065024334364041314e-01
-3.428571428571428048e-01 2.851750699246720089e-01 7.822917063908792212e-02 -5.113685971397982089e-01 8.277949148620190531e-03 -5.211712070311163014e-01 1.490031867052329755e-02 -5.262917394319276410e-01 -1.121549547024246370e-02 0.000000000000000000e+00 1.264453287068229570e-01 0.000000000000000000e+00 2.614390467244826488e-01 0.000000000000000000e+00 2.539429770758837024e-01 1.416318650680026936e+00 5.376974899815238906e+00 2.802209788434015358e+00 4.066759283138286385e+00 9.064554544188090368e-01
-3.478991596638655315e-01 2.851749496046742660e-01 7.822153776026470606e-02 -5.113693524093516629e-01 8.280068530127304705e-03 -5.211718891358452233e-01 1.490269845597881268e-02 -5.262915046634035754e-01 -1.121634344518636535e-02 0.000000000000000000e+00 1.264457749471724901e-01 0.000000000000000000e+00 2.614395312761412793e-01 0.000000000000000000e+00 2.539434627981179138e-01 1.416347021778063375e+00 5.376973963304003234e+00 2.802207739062126279e+00 4.066764642043013467e+00 9.064620645020280421e-01
-3.529411764705882026e-01 2.851694415906356195e-01 7.789381506500166197e-02 -5.114132627682841381e-01 8.397884902731000620e-03 -5.212144374144673797e-01 1.502694932190607076e-02 -5.262584440484056048e-01 -1.126904452077730906e-02 0.000000000000000000e+00 1.264623068887409940e-01 0.000000000000000000e+00 2.614685258442195903e-01 0.000000000000000000e+00 2.539731193778188567e-01 1.417955270588619809e+00 5.376936848105256850e+00 2.802129339139755260e+00 4.067069288867526389e+00 9.068477591790928827e-01
-3.579831932773108738e-01 2.827270659089126115e-01 7.774941161546825019e-02 -5.108546436236957033e-01 1.019064522409069383e-02 -5.205336789337385861e-01 1.674781821220104258e-02 -5.239273493574321261e-01 -1.378807142599076940e-02 0.000000000000000000e+00 1.239403008433992703e-01 0.000000000000000000e+00 2.687736934547212964e-01 0.000000000000000000e+00 2.603025908555797185e-01 1.437739705822798086e+00 5.377189393024575104e+00 2.804890436107119189e+00 4.068041155051265179e+00 9.082890163050253429e-01
-3.630252100840335450e-01 2.827268396540169593e-01 7.774275183808171397e-02 -5.108553551738934662e-01 1.019204260850026245e-02 -5.205341709588369170e-01 1.674945881726436214e-02 -5.239273655556268006e-01 -1.378923310375592369e-02 0.000000000000000000e+00 1.239405076062701783e-01 0.000000000000000000e+00 2.687740210301220456e-01 0.000000000000000000e+00 2.603029180919778085e-01 1.437762246726584259e+00 5.377188595516865455e+00 2.804887240469177367e+00 4.068046409248607276e+00 9.082952365570631237e-01
-3.680672268907562716e-01 2.827199748608968943e-01 7.750418901176460429e-02 -5.108859295102183840e-01 1.026306959653023113e-02 -5.205599979348187745e-01 1.682532458089047028e-02 -5.239141108534677294e-01 -1.383647038550402802e-02 0.000000000000000000e+00 1.239474911045800598e-01 0.000000000000000000e+00 2.687909266622802718e-01 0.000000000000000000e+00 2.603204149725539263e-01 1.438805213431366914e+00 5.377161979790479940e+00 2.804790716888149404e+00 4.068278682658409195e+00 9.085790664791814075e-01
-3.731092436974789428e-01 2.780805468333126806e-01 7.827086566857154037e-02 -5.094360847485969179e-01 1.034212652057338484e-02 -5.188485236596630523e-01 1.668510839001784499e-02 -5.233658514516783544e-01 -1.626656719974922324e-02 0.000000000000000000e+00 1.217672990377418885e-01 0.000000000000000000e+00 2.770629284522094782e-01 0.000000000000000000e+00 2.686538922970242438e-01 1.457700238513652824e+00 5.378157078650876777e+00 2.810003327048341770e+00 4.069977356637162202e+00 9.094768114577517215e-01
-3.781512605042016140e-01 2.780803166017423722e-01 7.826355023171731318e-02 -5.094366688070088856e-01 1.034428982031234366e-02 -5.188494919067542233e-01 1.668683571741034349e-02 -5.233656658692662500e-01 -1.626787645013979752e-02 0.000000000000000000e+00 1.217676978612014238e-01 0.000000000000000000e+00 2.770632426228125667e-01 0.000000000000000000e+00 2.686541577953692750e-01 1.457725730917219353e+00 5.378156566012080475e+00 2.810000017202540334e+00 4.069983258269012971e+00 9.094849380305419784e-01
-3.831932773109243406e-01 2.775638911910505713e-01 7.776378928109482780e-02 -5.099561311710854028e-01 1.198688117585803084e-02 -5.193338256585281476e-01 1.831333720973277526e-02 -5.216895310942869513e-01 -1.751920638269659561e-02 0.000000000000000000e+00 1.217303566384418528e-01 0.000000000000000000e+00 2.789282525974302596e-01 0.000000000000000000e+00 2.699886312448954717e-01 1.469625478553816311e+00 5.377734522409995499e+00 2.808627375085781530e+00 4.070816072163428778e+00 9.110917028553471297e-01
-3.882352941176470118e-01 2.775635786302711461e-01 7.775723190119586403e-02 -5.099566706049537546e-01 1.198853340549807002e-02 -5.193342715002819965e-01 1.831506199601845922e-02 -5.216895276269516435e-01 -1.752034648079337648e-02 0.000000000000000000e+00 1.217304570556542731e-01 0.000000000000000000e+00 2.789289462877918013e-01 0.000000000000000000e+00 2.699892249345872131e-01 1.469648070493519976e+00 5.377733986695389490e+00 2.808624663258105780e+00 4.070822074472099317e+00 9.110990146057360572e-01
-3.932773109243696830e-01 2.775545972798806327e-01 7.751018277035368054e-02 -5.099850427207838210e-01 1.206752561030765246e-02 -5.193596493283583193e-01 1.839631307167085075e-02 -5.216749058382148529e-01 -1.756997380929217756e-02 0.000000000000000000e+00 1.217354667091075510e-01 0.000000000000000000e+00 2.789554065302669028e-01 0.000000000000000000e+00 2.700140302058414155e-01 1.470723312473990685e+00 5.377711954344457368e+00 2.808534108103954097e+00 4.071086018791875816e+00 9.114246905836422830e-01
-3.983193277310924096e-01 2.710765457108940679e-01 7.898965909883069736e-02 -5.072844033874857050e-01 1.164244376946345881e-02 -5.160407737411637497e-01 1.747938767707128346e-02 -5.215056454638394845e-01 -2.097153314778376840e-02 0.000000000000000000e+00 1.181526593597020114e-01 0.000000000000000000e+00 2.910116571525871443e-01 0.000000000000000000e+00 2.802678175476731592e-01 1.490787245117808357e+00 5.378678522652988292e+00 2.814738425055424376e+00 4.072352107484673134e+00 9.128920996274226818e-01
-4.033613445378150808e-01 2.710763239815092152e-01 7.898300572659976149e-02 -5.072849996896146019e-01 1.164399125913706534e-02 -5.160413208482166336e-01 1.748116379135575618e-02 -5.215057441231309987e-01 -2.097250612214469900e-02 0.000000000000000000e+00 1.181531103902414698e-01 0.000000000000000000e+00 2.910119315373460025e-01 0.000000000000000000e+00 2.802680650681597663e-01 1.490809125064041840e+00 5.378677471870142668e+00 2.814734736069584020e+00 4.072358528969364677e+00 9.128994041655336122e-01
-4.084033613445377520e-01 2.708178055761134573e-01 7.835333581145870196e-02 -5.077384502862315463e-01 1.280041350030210710e-02 -5.164853269423255178e-01 1.865100638837890318e-02 -5.202409766534409341e-01 -2.180597493138560286e-02 0.000000000000000000e+00 1.183244922235178187e-01 0.000000000000000000e+00 2.920256845624879527e-01 0.000000000000000000e+00 2.812981531239233668e-01 1.502514340162302897e+00 5.378353176410474390e+00 2.814152307936342190e+00 4.073233005125655559e+00 9.143770049864612393e-01
-4.134453781512604786e-01 2.708174736863731558e-01 7.834534207320967281e-02 -5.077391879485946280e-01 1.280214711372611516e-02 -5.164858907891337614e-01 1.865292060853186717e-02 -5.202408998912905203e-01 -2.180742002428370102e-02 0.000000000000000000e+00 1.183246416633220582e-01 0.000000000000000000e+00 2.920263996082658742e-01 0.000000000000000000e+00 2.812989532842175566e-01 1.502536804364952072e+00 5.378352124757701525e+00 2.814147790362028001e+00 4.073239478229392141e+00 9.143855384195086478e-01
-4.184873949579831498e-01 2.644609642715044506e-01 7.981116676642319163e-02 -5.049352598687172344e-01 1.205316392361070917e-02 -5.126691533482877761e-01 1.716117915512956754e-02 -5.203310722807478195e-01 -2.442944065685379376e-02 0.000000000000000000e+00 1.160204870856700876e-01 0.000000000000000000e+00 3.024400532817636544e-01 0.000000000000000000e+00 2.910080060375173083e-01 1.517550691749251612e+00 5.378759816123481308e+00 2.818873989609288699e+00 4.074474847935856126e+00 9.157423633400451068e-01
-4.235294117647058210e-01 2.644607593151001024e-01 7.980459193575108190e-02 -5.049359069848282644e-01 1.205475392579403657e-02 -5.126698024993462388e-01 1.716289249146348700e-02 -5.203310664806497510e-01 -2.443043768374821359e-02 0.000000000000000000e+00 1.160209785733948562e-01 0.000000000000000000e+00 3.024402572723576821e-01 0.000000000000000000e+00 2.910081930566579822e-01 1.517572759687088046e+00 5.378758955647102269e+00 2.818870398954814949e+00 4.074481757182069508e+00 9.157505143409709891e-01
-4.285714285714285476e-01 2.640589408160186613e-01 7.920860054096232061e-02 -5.053716355047354059e-01 1.327303628627731977e-02 -5.130315199195032427e-01 1.831769137253759852e-02 -5.190095922148600938e-01 -2.518611118731576073e-02 0.000000000000000000e+00 1.162994181463012228e-01 0.000000000000000000e+00 3.035638669326310435e-01 0.000000000000000000e+00 2.920901291308397041e-01 1.528713980487826030e+00 5.378643489487927809e+00 2.818095646561145085e+00 4.075754981378701736e+00 9.169724577081791450e-01
-4.336134453781512188e-01 2.640586497153686318e-01 7.920157028949008360e-02 -5.053722913214087065e-01 1.327471487531451180e-02 -5.130320495184240714e-01 1.831945097005390627e-02 -5.190095011726587604e-01 -2.518736890708785092e-02 0.000000000000000000e+00 1.162996252806930142e-01 0.000000000000000000e+00 3.035644850759969815e-01 0.000000000000000000e+00 2.920907678378136252e-01 1.528735284616797419e+00 5.378642675131124484e+00 2.818091747992745866e+00 4.075761831474488339e+00 9.169808193352259051e-01
-4.386554621848738900e-01 2.583330881697558645e-01 8.038774544320383131e-02 -5.024135591657347133e-01 1.243142012822777073e-02 -5.095852369094278078e-01 1.712668101571619000e-02 -5.189100690701689000e-01 -2.763939999210056689e-02 0.000000000000000000e+00 1.141358139058271381e-01 0.000000000000000000e+00 3.124627213983416363e-01 0.000000000000000000e+00 3.015486863508323179e-01 1.543133901402218289e+00 5.378753747446396893e+00 2.822720241720400480e+00 4.076888222485917090e+00 9.185709221662157198e-01
-4.436974789915966166e-01 2.583328883864334236e-01 8.038094842406154350e-02 -5.024142829953867073e-01 1.243287350955544525e-02 -5.095858449440107130e-01 1.712829344642518431e-02 -5.189100933047078312e-01 -2.764042716264913588e-02 0.000000000000000000e+00 1.141363206313449619e-01 0.000000000000000000e+00 3.124629021078945135e-01 0.000000000000000000e+00 3.015488280209420169e-01 1.543154928995449149e+00 5.378753332934447684e+00 2.822715988090185757e+00 4.076895236884800156e+00 9.185794454861345715e-01
-4.487394957983192878e-01 2.577075646759883210e-01 7.975518507450188310e-02 -5.026652611456091657e-01 1.345177279030240584e-02 -5.098276064333752133e-01 1.816522000249450736e-02 -5.175872008686033254e-01 -2.855427594246402398e-02 0.000000000000000000e+00 1.145707759588157904e-01 0.000000000000000000e+00 3.140026842048589950e-01 0.000000000000000000e+00 3.028416009573519085e-01 1.557924679335404905e+00 5.378967533050867722e+00 2.822350516790600228e+00 4.077769990484278573e+00 9.200624500860877797e-01
-4.537815126050419590e-01 2.577072724176358021e-01 7.974832922632710264e-02 -5.026658523674711887e-01 1.345327706450951191e-02 -5.098280459210811077e-01 1.816684232551886088e-02 -5.175872780371594262e-01 -2.855547204496242455e-02 0.000000000000000000e+00 1.145709957186755168e-01 0.000000000000000000e+00 3.140032060296630290e-01 0.000000000000000000e+00 3.028420744922912800e-01 1.557947110412843506e+00 5.378967017936594708e+00 2.822346730087582856e+00 4.077776978953005838e+00 9.200711717336365059e-01
-4.588235294117646301e-01 2.522476047407979927e-01 8.087936283246072167e-02 -4.995587008655547612e-01 1.222286770116146407e-02 -5.063167209137547919e-01 1.688058663690187103e-02 -5.179474667542343091e-01 -3.112552097961760258e-02 0.000000000000000000e+00 1.123522932362977511e-01 0.000000000000000000e+00 3.223384830206134644e-01 0.000000000000000000e+00 3.109935642614682361e-01 1.574073720262875620e+00 5.380244407038609289e+00 2.827181402689727729e+00 4.078869448669094844e+00 9.215566153515019066e-01
-4.638655462184873568e-01 2.522474376598143331e-01 8.087226410631186135e-02 -4.995595919312961763e-01 1.222457546932726943e-02 -5.063173318595644012e-01 1.688253367011922912e-02 -5.179473352971921685e-01 -3.112670950019864879e-02 0.000000000000000000e+00 1.123528366341168955e-01 0.000000000000000000e+00 3.223387376212815680e-01 0.000000000000000000e+00 3.109938840510266256e-01 1.574094662879383044e+00 5.380242918460632850e+00 2.827176576088953119e+00 4.078877226257710653e+00 9.215668104489315171e-01
-4.689075630252100280e-01 2.518672006623767778e-01 8.015780117298190732e-02 -4.998984503737921581e-01 1.341106377735314277e-02 -5.066015169558820697e-01 1.801641703164043318e-02 -5.165124834049945601e-01 -3.201514373495792376e-02 0.000000000000000000e+00 1.125944038866848601e-01 0.000000000000000000e+00 3.236373058154031201e-01 0.000000000000000000e+00 3.124204732465177825e-01 1.587001728420098345e+00 5.380164630387653801e+00 2.826999859334411891e+00 4.079736124352676185e+00 9.229836942944783518e-01
-4.739495798319326991e-01 2.518669453909337386e-01 8.015076720439864855e-02 -4.998990363462247344e-01 1.341271228108690226e-02 -5.066020833564076620e-01 1.801809697804123908e-02 -5.165124343232256887e-01 -3.201639985278974948e-02 0.000000000000000000e+00 1.125945770110523964e-01 0.000000000000000000e+00 3.236378848548046028e-01 0.000000000000000000e+00 3.124211133599922863e-01 1.587023010497756736e+00 5.380164021695621912e+00 2.826995959150745641e+00 4.079743659793328092e+00 9.229930573171191144e-01
-4.789915966386554258e-01 2.510902184502395440e-01 7.937307467278588435e-02 -4.997443743756621592e-01 1.458327905296259545e-02 -5.065428746691859052e-01 1.920355417037342485e-02 -5.149903215258034850e-01 -3.378200881194275834e-02 0.000000000000000000e+00 1.118799802856410702e-01 0.000000000000000000e+00 3.262588941522406305e-01 0.000000000000000000e+00 3.151999086670347894e-01 1.604669986949978977e+00 5.380482367216867345e+00 2.828489144516777909e+00 4.080333852882068513e+00 9.243486991642710926e-01
-4.840336134453780970e-01 2.510899213346399761e-01 7.936952216524296999e-02 -4.997447708905191632e-01 1.458328973537886299e-02 -5.065426365633856065e-01 1.920454739609952013e-02 -5.149906283121903350e-01 -3.378263265873569787e-02 0.000000000000000000e+00 1.118796822033721050e-01 0.000000000000000000e+00 3.262594748777777331e-01 0.000000000000000000e+00 3.152005388285123999e-01 1.604677486517191998e+00 5.380480658863951327e+00 2.828485226078335302e+00 4.080342758710394868e+00 9.243556455190760079e-01
-4.890756302521007681e-01 2.510868666554953443e-01 7.928673065369826189e-02 -4.997538440530463477e-01 1.459770594855659166e-02 -5.065462200006745075e-01 1.922729819414661923e-02 -5.149918195032738844e-01 -3.379822646234549588e-02 0.000000000000000000e+00 1.118787374393866302e-01 0.000000000000000000e+00 3.262673423305100240e-01 0.000000000000000000e+00 3.152091073445888458e-01 1.604921129429330628e+00 5.380460364512663851e+00 2.828422264790837914e+00 4.080480637962466517e+00 9.244922700840003671e-01
-4.941176470588234948e-01 2.458611274959951465e-01 8.025769079850825216e-02 -4.953780907199672456e-01 1.313365100104018322e-02 -5.018920624485766480e-01 1.768552917217468268e-02 -5.158833949511452133e-01 -3.861266672161093455e-02 0.000000000000000000e+00 1.062872959797867972e-01 0.000000000000000000e+00 3.363670599697318186e-01 0.000000000000000000e+00 3.257532449163925703e-01 1.627210605466595128e+00 5.382010300063892139e+00 2.836981222583003337e+00 4.082113120973323461e+00 9.264984633493192900e-01
-4.991596638655461660e-01 2.458608924752997416e-01 8.025113536626463095e-02 -4.953786208374983957e-01 1.313501141312064385e-02 -5.018925200089597860e-01 1.768695120920962816e-02 -5.158836403633253465e-01 -3.861354692922203125e-02 0.000000000000000000e+00 1.062877806341189085e-01 0.000000000000000000e+00 3.363673155449223851e-01 0.000000000000000000e+00 3.257535009628653166e-01 1.627227961341236595e+00 5.382009405562333981e+00 2.836976269472805789e+00 4.082119578229804979e+00 9.265075355505915100e-01
-5.042016806722688926e-01 2.455859435579092753e-01 7.955998088519571076e-02 -4.956657956221813266e-01 1.395347056451823504e-02 -5.021496385122218298e-01 1.857456749277162575e-02 -5.149079800401145102e-01 -3.937934038195166353e-02 0.000000000000000000e+00 1.065424318749874227e-01 0.000000000000000000e+00 3.372112537540525867e-01 0.000000000000000000e+00 3.265565060425622002e-01 1.640331873822115316e+00 5.381959162640643335e+00 2.836975125737993597e+00 4.082773379933030355e+00 9.277977502960970124e-01
-5.092436974789915638e-01 2.455856384673781867e-01 7.955238902829214753e-02 -4.956663377756560518e-01 1.395538225303043917e-02 -5.021504931730418342e-01 1.857605418848702616e-02 -5.149077789927146709e-01 -3.938089858242359298e-02 0.000000000000000000e+00 1.065426948114023969e-01 0.000000000000000000e+00 3.372119524607912200e-01 0.000000000000000000e+00 3.265572124295574863e-01 1.640352494051084076e+00 5.381958222613653753e+00 2.836969430895030619e+00 4.082782107931866911e+00 9.278094637379600274e-01
-5.142857142857142350e-01 2.315542190182678095e-01 8.313448654835434160e-02 -4.883476089856627622e-01 1.122130490305575656e-02 -4.944307384474183054e-01 1.574148878907597957e-02 -5.129279937071655748e-01 -3.939615849397611058e-02 0.000000000000000000e+00 1.120625535585131893e-01 0.000000000000000000e+00 3.514840158874813492e-01 0.000000000000000000e+00 3.414441983569544425e-01 1.656325846158100745e+00 5.382435927243868434e+00 2.835959937598130143e+00 4.085440204691257904e+00 9.313201419118174451e-01
-5.193277310924369061e-01 2.315541782694872097e-01 8.312779615536992905e-02 -4.883480965376977845e-01 1.122321293501058956e-02 -4.944314588158055246e-01 1.574349411334572194e-02 -5.129281405730115040e-01 -3.939700694164850747e-02 0.000000000000000000e+00 1.120628942707648235e-01 0.000000000000000000e+00 3.514843243898745362e-01 0.000000000000000000e+00 3.414444200344560199e-01 1.656349505439788317e+00 5.382433144101702815e+00 2.835956048293289733e+00 4.085451135729450733e+00 9.313317785685584216e-01
-5.243697478991595773e-01 2.314547287293396982e-01 8.236521451136921690e-02 -4.884927432949419113e-01 1.221697043665636098e-02 -4.946297877418736610e-01 1.673207463260034666e-02 -5.118521101531611217e-01 -4.056161677569645324e-02 0.000000000000000000e+00 1.118473544982670626e-01 0.000000000000000000e+00 3.525974404815774843e-01 0.000000000000000000e+00 3.425742326638498980e-01 1.671201010679319809e+00 5.381926593072964060e+00 2.836436095067978336e+00 4.086035582906959007e+00 9.327146697850995372e-01
-5.294117647058822484e-01 2.314546192755805865e-01 8.235825695682888470e-02 -4.884933925735309712e-01 1.221859556782216479e-02 -4.946303472288930414e-01 1.673380216825181427e-02 -5.118520509290807041e-01 -4.056306573627513345e-02 0.000000000000000000e+00 1.118473907201976841e-01 0.000000000000000000e+00 3.525980047036874065e-01 0.000000000000000000e+00 3.425748421356248352e-01 1.671222744262528037e+00 5.381925353426526115e+00 2.836431165569817558e+00 4.086044989690996942e+00 9.327265907692857683e-01
-5.344537815126050306e-01 2.300031845101243311e-01 8.201320783485274712e-02 -4.861745925204385421e-01 1.182987547478783590e-02 -4.924155576380528920e-01 1.648753426189734916e-02 -5.121795821563500661e-01 -4.411079501704519290e-02 0.000000000000000000e+00 1.076158270411309154e-01 0.000000000000000000e+00 3.576073865231910731e-01 0.000000000000000000e+00 3.474896634093254111e-01 1.689295693848974933e+00 5.383376170569487584e+00 2.842935687011513224e+00 4.086447847528337007e+00 9.338535667825798026e-01
-5.394957983193277018e-01 2.300030784489507651e-01 8.200665931716201451e-02 -4.861757134600351860e-01 1.183117583852932517e-02 -4.924162076870221560e-01 1.648948266261568776e-02 -5.121793166259209773e-01 -4.411229340917135339e-02 0.000000000000000000e+00 1.076160797273444242e-01 0.000000000000000000e+00 3.576076353545150077e-01 0.000000000000000000e+00 3.474899374950299880e-01 1.689316169997671535e+00 5.383374417326508343e+00 2.842929984667599719e+00 4.086462202730270832e+00 9.338689169167999626e-01
-5.445378151260503730e-01 2.278574968309110549e-01 8.188448948182253107e-02 -4.841436158290923220e-01 1.165789703048354144e-02 -4.900723221092364024e-01 1.621816487885552327e-02 -5.119825561880044784e-01 -4.691173221094906143e-02 0.000000000000000000e+00 1.053411717499134065e-01 0.000000000000000000e+00 3.623031477005494438e-01 0.000000000000000000e+00 3.519764194027772963e-01 1.707989847872528166e+00 5.384034249923667304e+00 2.846905177436430456e+00 4.087596944063061066e+00 9.355716395606632485e-01
-5.495798319327730441e-01 2.278574006159346521e-01 8.187792337028920731e-02 -4.841445565596994016e-01 1.165937058622002961e-02 -4.900731425938237296e-01 1.621986751975127913e-02 -5.119822512790918045e-01 -4.691314781489028252e-02 0.000000000000000000e+00 1.053415120045508302e-01 0.000000000000000000e+00 3.623034178346735135e-01 0.000000000000000000e+00 3.519767097391971467e-01 1.708007987629610813e+00 5.384032786968048434e+00 2.846899296173990734e+00 4.087610260163593523e+00 9.355854968453461984e-01
-5.546218487394957153e-01 2.276534299763327274e-01 8.117850966580114624e-02 -4.843627077952672999e-01 1.257235345966958330e-02 -4.902183327960780712e-01 1.709802889023971997e-02 -5.109087839415239474e-01 -4.802221591467325384e-02 0.000000000000000000e+00 1.052583391610746322e-01 0.000000000000000000e+00 3.633795476197630991e-01 0.000000000000000000e+00 3.530842302791775134e-01 1.722755840003678207e+00 5.384026696055224548e+00 2.847206518674447295e+00 4.088599688850329983e+00 9.368917668931683318e-01
-5.596638655462183864e-01 2.276532787870432228e-01 8.117208327274472168e-02 -4.843634494316699235e-01 1.257376837509134940e-02 -4.902189068292168717e-01 1.709951153421735912e-02 -5.109085323971584991e-01 -4.802372764173082342e-02 0.000000000000000000e+00 1.052583993983820382e-01 0.000000000000000000e+00 3.633802064550060718e-01 0.000000000000000000e+00 3.530848489294894921e-01 1.722774846973094576e+00 5.384026485062061163e+00 2.847200787723136894e+00 4.088612163936051758e+00 9.369041705653892160e-01
-5.647058823529411686e-01 2.239152788915932668e-01 8.155962013818153500e-02 -4.803010140538466755e-01 1.159776202497716027e-02 -4.855594813844065216e-01 1.576043664121498655e-02 -5.112274758630934723e-01 -5.214818893476361877e-02 0.000000000000000000e+00 1.013627369776872872e-01 0.000000000000000000e+00 3.710559758689636056e-01 0.000000000000000000e+00 3.603893262316971713e-01 1.744141677963519266e+00 5.385204167310824630e+00 2.853847101034379996e+00 4.090478574134691847e+00 9.388559055184669822e-01
-5.697478991596638398e-01 2.239151863670112430e-01 8.155224185690357341e-02 -4.803018910612729120e-01 1.159921452372049237e-02 -4.855602991896731391e-01 1.576204111610307601e-02 -5.112272927203979078e-01 -5.214953202220729694e-02 0.000000000000000000e+00 1.013632195713073947e-01 0.000000000000000000e+00 3.710563143249237528e-01 0.000000000000000000e+00 3.603896671386026540e-01 1.744158969431829354e+00 5.385202756557790238e+00 2.853839625677759173e+00 4.090489202374361533e+00 9.388693546277555591e-01
-5.747899159663865110e-01 2.191513896080522494e-01 8.198479220777947496e-02 -4.770371112429495630e-01 1.120370986920192491e-02 -4.819612621006033604e-01 1.513981864946307467e-02 -5.099762220727803719e-01 -5.405246180948755641e-02 0.000000000000000000e+00 1.014867910009856766e-01 0.000000000000000000e+00 3.765952969576291109e-01 0.000000000000000000e+00 3.673955855982294350e-01 1.767282883521506642e+00 5.385747610332336066e+00 2.856386981035646588e+00 4.092146638036579631e+00 9.410249665749362835e-01
-5.798319327731091821e-01 2.191513327108151055e-01 8.197776124018898991e-02 -4.770378821923182411e-01 1.120504854015310324e-02 -4.819619566583218662e-01 1.514132942892282632e-02 -5.099763232005956048e-01 -5.405356678913807167e-02 0.000000000000000000e+00 1.014871757669383173e-01 0.000000000000000000e+00 3.765955289615989798e-01 0.000000000000000000e+00 3.673957663729660039e-01 1.767299753383748007e+00 5.385746106656244869e+00 2.856379664351992531e+00 4.092157632425671210e+00 9.410377835825107784e-01
-5.848739495798318533e-01 2.190520059528131558e-01 8.123290540577193797e-02 -4.773136293959117094e-01 1.199685112206464246e-02 -4.821914021243982607e-01 1.587775572964068849e-02 -5.091325216268398623e-01 -5.488733483032935678e-02 0.000000000000000000e+00 1.015692353768533895e-01 0.000000000000000000e+00 3.773154952776501259e-01 0.000000000000000000e+00 3.680956169707891301e-01 1.782353473960795132e+00 5.385710442770030859e+00 2.856674196992635473e+00 4.093021672980083459e+00 9.423000091797889555e-01
-5.899159663865545244e-01 2.190518952164802746e-01 8.122554264766299048e-02 -4.773144394504484356e-01 1.199844388236335352e-02 -4.821920700353810596e-01 1.587944624232318427e-02 -5.091323434175371032e-01 -5.488888152856589986e-02 0.000000000000000000e+00 1.015694334532123433e-01 0.000000000000000000e+00 3.773160666890147397e-01 0.000000000000000000e+00 3.680962133738087116e-01 1.782376424240689872e+00 5.385709040940562353e+00 2.856667838540289495e+00 4.093032850252270372e+00 9.423135929741728312e-01
-5.949579831932771956e-01 2.165630421746941869e-01 8.107919916679681704e-02 -4.745730068813662217e-01 1.163388842594178206e-02 -4.785801635737006454e-01 1.497537017663791610e-02 -5.092835821027738019e-01 -5.870425479415328218e-02 0.000000000000000000e+00 9.835465769237682065e-02 0.000000000000000000e+00 3.827027094669863683e-01 0.000000000000000000e+00 3.737672934654028278e-01 1.808584658510457244e+00 5.386606997128360774e+00 2.862948176874105410e+00 4.094493834859796344e+00 9.439900279565236474e-01
-5.999999999999999778e-01 2.165629428772281873e-01 8.107223927859347201e-02 -4.745736143884114466e-01 1.163521240290427139e-02 -4.785807413885185824e-01 1.497681013527304462e-02 -5.092837564388940086e-01 -5.870537727739010697e-02 0.000000000000000000e+00 9.835495671964999964e-02 0.000000000000000000e+00 3.827030441604922784e-01 0.000000000000000000e+00 3.737676441902358926e-01 1.808601008283685196e+00 5.386605544690922898e+00 2.862940899470298728e+00 4.094505071700261567e+00 9.440025723339393604e-01
