0.000000000000000000e+00 -3.223513717572018544e-02 -3.237466512173987898e-02 -3.237567991991023575e-02 -1.939709644347406003e-01
-5.042016806722688510e-03 -3.220755721132528143e-02 -3.235002720131586323e-02 -3.235201725812202750e-02 -1.938192033415263582e-01
-1.008403361344537702e-02 -3.218128381103059488e-02 -3.232712365153317391e-02 -3.232961807203847682e-02 -1.936760510692044912e-01
-1.512605042016806553e-02 -3.215636179736312134e-02 -3.230580769218983211e-02 -3.230853768482919858e-02 -1.935414143487642902e-01
-2.016806722689075404e-02 -3.213279085423481618e-02 -3.228596044575438723e-02 -3.228879762998979747e-02 -1.934150978599579740e-01
-2.521008403361344255e-02 -3.210519206229467404e-02 -3.226938592219830149e-02 -3.227200686667631990e-02 -1.932931697023385631e-01
-3.025210084033613106e-02 -3.215016880372428831e-02 -3.231205017678684399e-02 -3.231598549806566356e-02 -1.935564089571535917e-01
0.000000000000000000e+00 -3.223513717572018544e-02 -3.237466512173987898e-02 -3.237567991991023575e-02 -1.939709644347406003e-01
-5.042016806722688510e-03 -3.220755721132528143e-02 -3.235002720131586323e-02 -3.235201725812202750e-02 -1.938192033415263582e-01
-1.008403361344537702e-02 -3.218128381103059488e-02 -3.232712365153317391e-02 -3.232961807203847682e-02 -1.936760510692044912e-01
-1.512605042016806553e-02 -3.215636179736312134e-02 -3.230580769218983211e-02 -3.230853768482919858e-02 -1.935414143487642902e-01
-2.016806722689075404e-02 -3.213279085423481618e-02 -3.228596044575438723e-02 -3.228879762998979747e-02 -1.934150978599579740e-01
-2.521008403361344255e-02 -3.210519206229467404e-02 -3.226938592219830149e-02 -3.227200686667631990e-02 -1.932931697023385631e-01
-3.025210084033613106e-02 -3.215016880372428831e-02 -3.231205017678684399e-02 -3.231598549806566356e-02 -1.935564089571535917e-01
-3.529411764705882304e-02 -3.213331810292369140e-02 -3.229460295236456779e-02 -3.230000750202245002e-02 -1.934558571146214323e-01
-4.033613445378150808e-02 -3.211657058176915075e-02 -3.227901796505799892e-02 -3.228424622000573840e-02 -1.933596695336657900e-01
-4.537815126050419312e-02 -3.210104923223328077e-02 -3.226423082909768425e-02 -3.226953947392355304e-02 -1.932696390705090361e-01
-5.042016806722688510e-02 -3.208603948042881848e-02 -3.225028570218563262e-02 -3.225638482421869929e-02 -1.931854200136662869e-01
-5.546218487394957708e-02 -3.209904810259540942e-02 -3.223693398913697605e-02 -3.224300147070588429e-02 -1.931579671248765118e-01
-6.050420168067226212e-02 -3.208520844683841050e-02 -3.222527941839348903e-02 -3.223101165562003434e-02 -1.930829990417038677e-01
-6.554621848739494716e-02 -3.207207741180478910e-02 -3.221440010358527645e-02 -3.222002980758108953e-02 -1.930130146459423379e-01
-7.058823529411764608e-02 -3.205894223584338648e-02 -3.220469556796656807e-02 -3.220965665483482843e-02 -1.929465889172895521e-01
-7.563025210084033112e-02 -3.204742364262243293e-02 -3.219532963696782046e-02 -3.219910822753643126e-02 -1.928837230142533554e-01
-8.067226890756301616e-02 -3.203577618751929368e-02 -3.218665347031456070e-02 -3.219072551841285074e-02 -1.928263103524934241e-01
-8.571428571428570120e-02 -3.202308382966996547e-02 -3.217839042332737431e-02 -3.218331601633809408e-02 -1.927695805386708539e-01
-9.075630252100838624e-02 -3.201117140448725418e-02 -3.217110977708149966e-02 -3.217604936003471555e-02 -1.927166610832069527e-01
-9.579831932773108516e-02 -3.200047935151609235e-02 -3.216585938729920463e-02 -3.216775499942033101e-02 -1.926681874764712421e-01
-1.008403361344537702e-01 -3.199048742686823321e-02 -3.215730648320942742e-02 -3.216240552367770344e-02 -1.926203988675107559e-01
-1.058823529411764552e-01 -3.197854551355390484e-02 -3.215158002280410487e-02 -3.215683835513416522e-02 -1.925739277829843499e-01
-1.109243697478991542e-01 -3.196592052462710748e-02 -3.214664621783214216e-02 -3.215219859508638978e-02 -1.925295306750912649e-01
-1.159663865546218392e-01 -3.195196393544409014e-02 -3.214245961956850584e-02 -3.214871587434230821e-02 -1.924862788587098361e-01
-1.210084033613445242e-01 -3.193805504094909820e-02 -3.213831548510560909e-02 -3.214555952340823058e-02 -1.924438600989258619e-01
-1.260504201680672232e-01 -3.192450600043055670e-02 -3.213489302199011577e-02 -3.214256678003231393e-02 -1.924039316049059312e-01
-1.310924369747898943e-01 -3.191074806034636946e-02 -3.213159576748403357e-02 -3.213856240215360455e-02 -1.923618124599680013e-01
-1.361344537815125932e-01 -3.189696536143368094e-02 -3.213045940761477537e-02 -3.213755801857513805e-02 -1.923299655752471748e-01
-1.411764705882352922e-01 -3.188509689926358193e-02 -3.213173725216467158e-02 -3.213489844282051838e-02 -1.923034651884975577e-01
-1.462184873949579633e-01 -3.187193572706330941e-02 -3.213034073449154426e-02 -3.213316352188729658e-02 -1.922708799668843282e-01
-1.512605042016806622e-01 -3.185602501505593181e-02 -3.212763165377114510e-02 -3.213540162277941925e-02 -1.922381165832129923e-01
-1.563025210084033334e-01 -3.184156357570015750e-02 -3.212731487071412290e-02 -3.213492091252180549e-02 -1.922075987178721856e-01
-1.613445378151260323e-01 -3.182609728824412065e-02 -3.212753952443776068e-02 -3.213533158624365393e-02 -1.921779367978510566e-01
-1.663865546218487312e-01 -3.180959973245987837e-02 -3.212842726544052480e-02 -3.213650811156179565e-02 -1.921490702189243838e-01
-1.714285714285714024e-01 -3.179213418413302100e-02 -3.212995231630366710e-02 -3.213839263431163967e-02 -1.921209582694966556e-01
-1.764705882352941013e-01 -3.177369811665069210e-02 -3.213218867727345163e-02 -3.214083655084847696e-02 -1.920934466895452553e-01
-1.815126050420167725e-01 -3.175422051626866637e-02 -3.213505338688699142e-02 -3.214435828473267281e-02 -1.920672643757766473e-01
-1.865546218487394714e-01 -3.173380921816798539e-02 -3.213863002535866098e-02 -3.214856634208596714e-02 -1.920420111712252131e-01
-1.915966386554621703e-01 -3.171214708811224969e-02 -3.214265397340800023e-02 -3.215383880833150299e-02 -1.920172797397035058e-01
-1.966386554621848415e-01 -3.168874864041718031e-02 -3.214772845652077299e-02 -3.216018826832231503e-02 -1.919933307305205505e-01
-2.016806722689075404e-01 -3.166353889308783087e-02 -3.215380492328306916e-02 -3.216767497451709229e-02 -1.919700375817759708e-01
-2.067226890756302393e-01 -3.163615235042332996e-02 -3.216110352492313612e-02 -3.217642138168726185e-02 -1.919473545140674142e-01
-2.117647058823529105e-01 -3.160601284439779057e-02 -3.216997945127681585e-02 -3.218649067961608379e-02 -1.919249659505813943e-01
-2.168067226890756094e-01 -3.157313688411344382e-02 -3.217899701836913345e-02 -3.219898783765791361e-02 -1.919022434802810095e-01
-2.218487394957983083e-01 -3.153974653605027406e-02 -3.219091864943335324e-02 -3.221139140542117474e-02 -1.918841131818095902e-01
-2.268907563025209795e-01 -3.149976771658231228e-02 -3.220385519093772048e-02 -3.222860617609202977e-02 -1.918644581672241112e-01
-2.319327731092436784e-01 -3.145532366792294643e-02 -3.221759922894143480e-02 -3.224850929516327042e-02 -1.918428643840552894e-01
-2.369747899159663496e-01 -3.140520919960205354e-02 -3.223796196092693772e-02 -3.226906396285395690e-02 -1.918244702467658824e-01
-2.420168067226890485e-01 -3.134597521618258387e-02 -3.225669127462198194e-02 -3.230005379875633409e-02 -1.918054405791217998e-01
-2.470588235294117474e-01 -3.128046005499511562e-02 -3.228245078687506930e-02 -3.233164656995914099e-02 -1.917891148236586241e-01
-2.521008403361344463e-01 -3.120409826558025873e-02 -3.231254521666680757e-02 -3.236977941929483626e-02 -1.917728458030838190e-01
-2.571428571428571175e-01 -3.111230091127951958e-02 -3.232375365207769413e-02 -3.238814153059044881e-02 -1.917551129552602929e-01
-2.621848739495797886e-01 -3.100922765702564601e-02 -3.236533655482361910e-02 -3.244191154197385851e-02 -1.917455700514231198e-01
-2.672268907563025153e-01 -3.088716535630872673e-02 -3.241492734881274568e-02 -3.250677874073710366e-02 -1.917368773689402395e-01
-2.722689075630251865e-01 -3.074239993200424126e-02 -3.247465466422880948e-02 -3.258481535701022308e-02 -1.917298699649419291e-01
-2.773109243697478576e-01 -3.056780892364771227e-02 -3.254793662109053271e-02 -3.268232195648837490e-02 -1.917299224560673199e-01
-2.823529411764705843e-01 -3.035883464259059306e-02 -3.263428285547138180e-02 -3.279771210669939208e-02 -1.917241891266520393e-01
-2.873949579831932555e-01 -3.010930574401182030e-02 -3.273432179405875997e-02 -3.293790830216050680e-02 -1.917160259708024506e-01
-2.924369747899159266e-01 -2.980520684530806388e-02 -3.285843196569591951e-02 -3.310637140336370604e-02 -1.917052084380534427e-01
-2.974789915966385978e-01 -2.944366390258740945e-02 -3.300244394956336480e-02 -3.331057546032573785e-02 -1.916927616033962112e-01
-3.025210084033613245e-01 -2.900718527977240446e-02 -3.316882317375874356e-02 -3.356013095600917512e-02 -1.916693636150809121e-01
-3.075630252100839956e-01 -2.848872538135865939e-02 -3.335391164712281364e-02 -3.385806965360602105e-02 -1.916204721851154646e-01
-3.126050420168066668e-01 -2.787807104504896188e-02 -3.355153818829556545e-02 -3.421096851844920156e-02 -1.915284386922125048e-01
-3.176470588235293935e-01 -2.717016578804950372e-02 -3.374769878125434552e-02 -3.462057207952712323e-02 -1.913601804810986518e-01
-3.226890756302520646e-01 -2.644428121368208595e-02 -3.371167421891516774e-02 -3.505231693983682645e-02 -1.910732909611821961e-01
-3.277310924369747358e-01 -2.545322462606528641e-02 -3.393583105386745874e-02 -3.551332489169631290e-02 -1.906612998029106332e-01
-3.327731092436974625e-01 -2.434795476387803526e-02 -3.386803785583926418e-02 -3.599031325484294830e-02 -1.901922423177933585e-01
-3.378151260504201336e-01 -1.482682165180153680e-02 -1.687425081262523829e-02 -2.317297314431605859e-02 -2.390665337602589369e-01
-3.428571428571428048e-01 -1.394211591996465105e-02 -2.575898507323384767e-02 -3.469800180903254150e-02 -2.271387636435795443e-01
-3.478991596638655315e-01 -1.459606567148522341e-02 -2.507513784763544182e-02 -3.343662149705453612e-02 -2.311563196057692671e-01
-3.529411764705882026e-01 -1.508665962544003189e-02 -2.441653028088390867e-02 -3.240947845107846476e-02 -2.346723108400493307e-01
-3.579831932773108738e-01 -1.543551279077538807e-02 -2.380160431085636547e-02 -3.157432694952445190e-02 -2.378214736717180755e-01
-3.630252100840335450e-01 -1.566688377011676847e-02 -2.322849240247696484e-02 -3.088740987128574950e-02 -2.407216371775364183e-01
-3.680672268907562716e-01 -1.580253270272269361e-02 -2.268823504010917397e-02 -3.030935800525682428e-02 -2.434635273066307892e-01
-3.731092436974789428e-01 -1.586014521318429224e-02 -2.217107819174304884e-02 -2.980780109357046570e-02 -2.461125070932241310e-01
-3.781512605042016140e-01 -1.585344598313095585e-02 -2.166881910165546765e-02 -2.935759140692190822e-02 -2.487139858594306641e-01
-3.831932773109243406e-01 -1.579288378092978326e-02 -2.117529343615347573e-02 -2.893987122834829409e-02 -2.512988675482820122e-01
-3.882352941176470118e-01 -1.568638316652079534e-02 -2.068614587830039375e-02 -2.854080383431406576e-02 -2.538879240295074391e-01
-3.932773109243696830e-01 -1.553998663523337154e-02 -2.019841321554382077e-02 -2.815036638316396542e-02 -2.564949998975165069e-01
-3.983193277310924096e-01 -1.535842442305570404e-02 -1.971013043028925840e-02 -2.776122304090440987e-02 -2.591293804387372335e-01
-4.033613445378150808e-01 -1.514539297869631207e-02 -1.922008363614680082e-02 -2.736814564787850429e-02 -2.617970753037939802e-01
-4.084033613445377520e-01 -1.490364272252444819e-02 -1.872746913455049927e-02 -2.696770823332325998e-02 -2.645017374531977161e-01
-4.134453781512604786e-01 -1.463549237996748277e-02 -1.823164322276607519e-02 -2.655723691555831809e-02 -2.672460542077867984e-01
-4.184873949579831498e-01 -1.434288520911321599e-02 -1.773227663014287706e-02 -2.613477807059682786e-02 -2.700316825492999895e-01
-4.235294117647058210e-01 -1.402745152848399596e-02 -1.722917208730122621e-02 -2.569892365944531284e-02 -2.728596630691043079e-01
-4.285714285714285476e-01 -1.369058585887760783e-02 -1.672222151004978952e-02 -2.524866069227803267e-02 -2.757306316525195977e-01
-4.336134453781512188e-01 -1.333350508788668475e-02 -1.621137981460949937e-02 -2.478326642287166648e-02 -2.786449592819865706e-01
-4.386554621848738900e-01 -1.295729331455925011e-02 -1.569664962774710432e-02 -2.430223584279842669e-02 -2.816028436019404335e-01
-4.436974789915966166e-01 -1.256292163785047676e-02 -1.517806743553392311e-02 -2.380528999410054872e-02 -2.846043258674978982e-01
-4.487394957983192878e-01 -1.214956850824701687e-02 -1.465589006835489767e-02 -2.329262707145865821e-02 -2.876479028003330329e-01
-4.537815126050419590e-01 -1.172171155452515420e-02 -1.412986633946606424e-02 -2.276318094978936613e-02 -2.907368456088814668e-01
-4.588235294117646301e-01 -1.127835933964267158e-02 -1.360035018817196649e-02 -2.221746939359097242e-02 -2.938692685677460892e-01
-4.638655462184873568e-01 -1.082037329143369607e-02 -1.306754766198203743e-02 -2.165559811323420486e-02 -2.970450233504583482e-01
-4.689075630252100280e-01 -1.034864452224610980e-02 -1.253172190635989426e-02 -2.107775976345708027e-02 -3.002639116584010504e-01
-4.739495798319326991e-01 -9.864096657406491372e-03 -1.199317049257690899e-02 -2.048420599893429825e-02 -3.035257152148623239e-01
-4.789915966386554258e-01 -9.367523864261474015e-03 -1.145200134104398630e-02 -1.987508189190536831e-02 -3.068304366917231629e-01
-4.840336134453780970e-01 -8.857873509191429087e-03 -1.090607816129245816e-02 -1.924900659899630301e-02 -3.101804569213733043e-01
-4.890756302521007681e-01 -8.335945259442962760e-03 -1.035623859098684131e-02 -1.860640383810670956e-02 -3.135754541683756225e-01
-4.941176470588234948e-01 -7.803411340781461758e-03 -9.804419159390469554e-03 -1.795045317596328724e-02 -3.170122487923074939e-01
-4.991596638655461660e-01 -7.261416394936806920e-03 -9.251235639366955227e-03 -1.728182249912543766e-02 -3.204903460404017190e-01
-5.042016806722688926e-01 -6.711008623154422238e-03 -8.697156829630230124e-03 -1.660097642422636230e-02 -3.240095608843993613e-01
-5.092436974789915638e-01 -6.153691189009831419e-03 -8.143209685907584414e-03 -1.590916748889716417e-02 -3.275687384825335391e-01
-5.142857142857142350e-01 -5.591581033069049217e-03 -7.590844329277161330e-03 -1.520843422225007409e-02 -3.311657723963744582e-01
-5.193277310924369061e-01 -5.025336226616796548e-03 -7.039644158112471316e-03 -1.449847334135839078e-02 -3.348012920649153790e-01
-5.243697478991595773e-01 -4.455033823488210518e-03 -6.488979316588514706e-03 -1.377844806709747558e-02 -3.384765991228703697e-01
-5.294117647058822484e-01 -3.880922273327263791e-03 -5.938667696163855633e-03 -1.304861836459264741e-02 -3.421919818211957565e-01
-5.344537815126050306e-01 -3.304763864336938018e-03 -5.390293840689673252e-03 -1.231138382620443686e-02 -3.459452140439029932e-01
-5.394957983193277018e-01 -2.727799191693900272e-03 -4.844644943278107047e-03 -1.156826148475815705e-02 -3.497349754164002511e-01
-5.445378151260503730e-01 -2.151105914387252058e-03 -4.302236908174550400e-03 -1.082035673753347672e-02 -3.535605546302388880e-01
-5.495798319327730441e-01 -1.575721067374713210e-03 -3.763716354995785222e-03 -1.006909082256246882e-02 -3.574207316259285228e-01
-5.546218487394957153e-01 -1.002553929082462434e-03 -3.228594721401694019e-03 -9.315065492255190580e-03 -3.613147285679505494e-01
-5.596638655462183864e-01 -4.336416660169800825e-04 -2.699856336968549462e-03 -8.563136592697815144e-03 -3.652387609510222566e-01
-5.647058823529411686e-01 1.308797484712129373e-04 -2.176042275119991452e-03 -7.808894828704276460e-03 -3.691956143403841706e-01
-5.697478991596638398e-01 6.905972885849305173e-04 -1.660612497783700656e-03 -7.062661502212512488e-03 -3.731795323274613718e-01
-5.747899159663865110e-01 1.243496648966800839e-03 -1.152002344072098131e-03 -6.319448654868978568e-03 -3.771918371126461444e-01
-5.798319327731091821e-01 1.788638278428325698e-03 -6.509222649214919292e-04 -5.580633208749071622e-03 -3.812311444030344054e-01
-5.848739495798318533e-01 2.325173656205228000e-03 -1.579469806171437832e-04 -4.847469826414979067e-03 -3.852961156564391754e-01
-5.899159663865545244e-01 2.852323664801063516e-03 3.264234360425108026e-04 -4.121141767164453532e-03 -3.893854062503364633e-01
-5.949579831932771956e-01 3.369359243799525429e-03 8.017465308309009277e-04 -3.402735239444593541e-03 -3.934978277730937779e-01
-5.999999999999999778e-01 3.875853085764892000e-03 1.267535906806330302e-03 -2.694543743606698984e-03 -3.976314587043062176e-01
