0.000000000000000000e+00 -1.319940472087818319e-02 -1.321270636104842494e-02 -9.648716472247642617e-02 -2.457985516088060651e-01
-5.042016806722688510e-03 -1.443785685915808560e-02 -1.444466951870329065e-02 -9.475301040266763397e-02 -2.472710735610580413e-01
-1.008403361344537702e-02 -1.551346556138429728e-02 -1.551178149841156428e-02 -9.312034916133642148e-02 -2.482911924422645522e-01
-1.512605042016806553e-02 -1.637013341567651256e-02 -1.636074770239271531e-02 -9.174320507620556397e-02 -2.489481723885495768e-01
-2.016806722689075404e-02 -1.700756080314922217e-02 -1.699774984111713377e-02 -9.066086046912784357e-02 -2.493323422267884060e-01
-2.521008403361344255e-02 -1.745467835950537117e-02 -1.744110946556612363e-02 -8.988374889042986815e-02 -2.495590734310026981e-01
-3.025210084033613106e-02 -1.775592295121387540e-02 -1.773828643005093478e-02 -8.934822197901817753e-02 -2.496848627205659754e-01
-3.529411764705882304e-02 -1.795174862506111052e-02 -1.793037012739479366e-02 -8.899365739678091747e-02 -2.497515522984736502e-01
-4.033613445378150808e-02 -1.807523872513080304e-02 -1.805015700093075964e-02 -8.876620126245363118e-02 -2.497831939770303877e-01
-4.537815126050419312e-02 -1.814480212713140070e-02 -1.811436911405674144e-02 -8.861261686569116280e-02 -2.497961867254982204e-01
-5.042016806722688510e-02 -1.818805666986784975e-02 -1.815409241923513634e-02 -8.852841462691017627e-02 -2.498010506268652231e-01
-5.546218487394957708e-02 -1.820967536917507054e-02 -1.817373207567333365e-02 -8.848196160089893958e-02 -2.497984939736992149e-01
-6.050420168067226212e-02 -1.821832421119050013e-02 -1.817992201133963870e-02 -8.845897967471322287e-02 -2.497906190428240414e-01
-6.554621848739494716e-02 -1.821838130580669124e-02 -1.817786755321884953e-02 -8.845053203408265174e-02 -2.497787508558445835e-01
-7.058823529411764608e-02 -1.821283877691157876e-02 -1.817085822398024561e-02 -8.845100772301389691e-02 -2.497642940186082516e-01
-7.563025210084033112e-02 -1.820393294198602296e-02 -1.816117322678179394e-02 -8.845578326484121456e-02 -2.497470694825030257e-01
-8.067226890756301616e-02 -1.819195112591865879e-02 -1.814443975731376557e-02 -8.846683225068513456e-02 -2.497234216685919883e-01
-8.571428571428570120e-02 -1.815778178700496251e-02 -1.810210316963764554e-02 -8.843899796942285285e-02 -2.496995336853131686e-01
-9.075630252100838624e-02 -1.814274182418861014e-02 -1.808571325974037830e-02 -8.845045421410827058e-02 -2.496908989092093967e-01
-9.579831932773108516e-02 -1.812669786866800969e-02 -1.806837511501499169e-02 -8.846114688827783068e-02 -2.496795329063080382e-01
-1.008403361344537702e-01 -1.810943507934309124e-02 -1.805032207862265065e-02 -8.846989379530191544e-02 -2.496636065377634828e-01
-1.058823529411764552e-01 -1.804157632521922322e-02 -1.797000939415439522e-02 -8.841296376955483372e-02 -2.496501616758956266e-01
-1.109243697478991542e-01 -1.802071094780385158e-02 -1.794887672761905084e-02 -8.842251780444611298e-02 -2.496656792495390853e-01
-1.159663865546218392e-01 -1.788320611778146038e-02 -1.778804825927789157e-02 -8.835294571999785518e-02 -2.496917255467091812e-01
-1.210084033613445242e-01 -1.763737128266944232e-02 -1.754036354177169327e-02 -8.814965491075189841e-02 -2.499295862883246233e-01
-1.260504201680672232e-01 -1.760950598819708418e-02 -1.751389986073166941e-02 -8.817022864051299313e-02 -2.501946176733075289e-01
-1.310924369747898943e-01 -1.757926061933731340e-02 -1.748558875171455501e-02 -8.818742089477334123e-02 -2.504780182670733324e-01
-1.361344537815125932e-01 -1.754643605480929458e-02 -1.745527807393254527e-02 -8.820049592164656838e-02 -2.507808792074246451e-01
-1.411764705882352922e-01 -1.739673688658712608e-02 -1.730925808367929711e-02 -8.813122452995172940e-02 -2.511171191216838849e-01
-1.462184873949579633e-01 -1.735801257636318540e-02 -1.727424160804529041e-02 -8.814012528589233730e-02 -2.515420463289871900e-01
-1.512605042016806622e-01 -1.731547304699172438e-02 -1.723599156327099494e-02 -8.814341091078918555e-02 -2.519962894187590674e-01
-1.563025210084033334e-01 -1.726993359259121341e-02 -1.719540369874343611e-02 -8.813816433562819685e-02 -2.524806524481770231e-01
-1.613445378151260323e-01 -1.722097997577324083e-02 -1.715206241218916391e-02 -8.812347696099157024e-02 -2.529984119376640361e-01
-1.663865546218487312e-01 -1.716873999829087241e-02 -1.710609416165387656e-02 -8.809840743984120870e-02 -2.535445627466645924e-01
-1.714285714285714024e-01 -1.705195693068502910e-02 -1.699606286657787124e-02 -8.803975895335096336e-02 -2.541585563389944791e-01
-1.764705882352941013e-01 -1.699297709025731837e-02 -1.694417020927844325e-02 -8.799489793319745234e-02 -2.548092233076885149e-01
-1.815126050420167725e-01 -1.693028860046258757e-02 -1.688926940944959765e-02 -8.793735158359029802e-02 -2.554918712890357213e-01
-1.865546218487394714e-01 -1.686386161823607774e-02 -1.683119075520570634e-02 -8.786698644146605230e-02 -2.562051220954553732e-01
-1.915966386554621703e-01 -1.675829030058769570e-02 -1.673438040471688509e-02 -8.777838099283874485e-02 -2.569521913753874953e-01
-1.966386554621848415e-01 -1.668508151574315049e-02 -1.667043557851581592e-02 -8.768434774364902706e-02 -2.577444637402405703e-01
-2.016806722689075404e-01 -1.660822996431022061e-02 -1.660322851980197342e-02 -8.757847382893493848e-02 -2.585636811390333856e-01
-2.067226890756302393e-01 -1.652774645872901252e-02 -1.653273988666742814e-02 -8.746162348278502252e-02 -2.594083182773552210e-01
-2.117647058823529105e-01 -1.644364168095840961e-02 -1.645896407507528580e-02 -8.733475611931325322e-02 -2.602771039862752378e-01
-2.168067226890756094e-01 -1.633921329674747208e-02 -1.636405984076204356e-02 -8.719404473809676259e-02 -2.611776898796520086e-01
-2.218487394957983083e-01 -1.624932251467362324e-02 -1.628324865004148261e-02 -8.704822875469171717e-02 -2.621065833350382235e-01
-2.268907563025209795e-01 -1.615564703267746011e-02 -1.619930753676778259e-02 -8.689588887011230611e-02 -2.630566691018204617e-01
-2.319327731092436784e-01 -1.605826459156399835e-02 -1.611234349430200330e-02 -8.673686871221024386e-02 -2.640286736834012715e-01
-2.369747899159663496e-01 -1.594770351627159202e-02 -1.601279975386182483e-02 -8.657043489659101143e-02 -2.650253448782546872e-01
-2.420168067226890485e-01 -1.584080070036560789e-02 -1.591903180188812550e-02 -8.639485552373540878e-02 -2.660557769622596269e-01
-2.470588235294117474e-01 -1.573041082366083421e-02 -1.582189723389627878e-02 -8.621129882115929899e-02 -2.671107507957255489e-01
-2.521008403361344463e-01 -1.561637103785945557e-02 -1.572135275566865359e-02 -8.601955065524619082e-02 -2.681909706495390067e-01
-2.571428571428571175e-01 -1.549476958395453255e-02 -1.561370044326117201e-02 -8.581905316897549263e-02 -2.692971697971484057e-01
-2.621848739495797886e-01 -1.537406226240728598e-02 -1.550734507043901797e-02 -8.561016931088487325e-02 -2.704310899572374138e-01
-2.672268907563025153e-01 -1.525132580823219952e-02 -1.539972760899777603e-02 -8.539367211766081545e-02 -2.715873445675828779e-01
-2.722689075630251865e-01 -1.512808922590834666e-02 -1.529287347806259495e-02 -8.517119008664199298e-02 -2.727593006368711492e-01
-2.773109243697478576e-01 -1.500639864377800378e-02 -1.518857379798553044e-02 -8.494350470248476781e-02 -2.739507078560545761e-01
-2.823529411764705843e-01 -1.488185048187065998e-02 -1.508194003039399142e-02 -8.470880834035211804e-02 -2.751665427183798140e-01
-2.873949579831932555e-01 -1.475226309989499836e-02 -1.497063985546528107e-02 -8.446559557090789483e-02 -2.764110409766993293e-01
-2.924369747899159266e-01 -1.461766221772821568e-02 -1.485462494462990585e-02 -8.421366583903927561e-02 -2.776855914802082714e-01
-2.974789915966385978e-01 -1.447779293450269546e-02 -1.473364648580144549e-02 -8.395267690143520811e-02 -2.789907540888801329e-01
-3.025210084033613245e-01 -1.433242533977585435e-02 -1.460754973297379369e-02 -8.368183998778984389e-02 -2.803265752655392795e-01
-3.075630252100839956e-01 -1.418164869948406424e-02 -1.447644530160279754e-02 -8.340051699397141305e-02 -2.816933591637327816e-01
-3.126050420168066668e-01 -1.402578361649008468e-02 -1.434068495049831832e-02 -8.310891166642624117e-02 -2.830903619098907309e-01
-3.176470588235293935e-01 -1.386498899871753746e-02 -1.420043844428848026e-02 -8.280684893664394530e-02 -2.845174130116060462e-01
-3.226890756302520646e-01 -1.368789885998251965e-02 -1.404170367666585789e-02 -8.247539255018745963e-02 -2.860061345446360259e-01
-3.277310924369747358e-01 -1.351012439834598650e-02 -1.388242871762106895e-02 -8.214113404650746908e-02 -2.875141905418853727e-01
-3.327731092436974625e-01 -1.333075133384736301e-02 -1.372175887755506911e-02 -8.179995375555268455e-02 -2.890456402751334086e-01
-3.378151260504201336e-01 -1.314886156908172919e-02 -1.355874139011439827e-02 -8.144939402438955423e-02 -2.906033424372638230e-01
-3.428571428571428048e-01 -1.296363573177989302e-02 -1.339238149151972083e-02 -8.108808918036750080e-02 -2.921892457356309869e-01
-3.478991596638655315e-01 -1.277492228623915496e-02 -1.322263567733380184e-02 -8.071614195347553977e-02 -2.938034170508527221e-01
-3.529411764705882026e-01 -1.258237708903987145e-02 -1.304911554449978209e-02 -8.033340734944523220e-02 -2.954463546866757384e-01
-3.579831932773108738e-01 -1.238575491943347436e-02 -1.287153015651965396e-02 -7.993991022062116314e-02 -2.971183235034293713e-01
-3.630252100840335450e-01 -1.218487420901680739e-02 -1.268965086202642270e-02 -7.953572413847496969e-02 -2.988194781487771290e-01
-3.680672268907562716e-01 -1.197959506879107093e-02 -1.250329034921945567e-02 -7.912092353435049019e-02 -3.005499199157807277e-01
-3.731092436974789428e-01 -1.176977804457493212e-02 -1.231226316905528924e-02 -7.869479372928744887e-02 -3.023101531985372681e-01
-3.781512605042016140e-01 -1.155539102186011260e-02 -1.211650746159837269e-02 -7.825853795812916236e-02 -3.040995611146320443e-01
-3.831932773109243406e-01 -1.133633202519278814e-02 -1.191586957607129044e-02 -7.781192937392084064e-02 -3.059183549993323425e-01
-3.882352941176470118e-01 -1.111251541727244913e-02 -1.171021524057716881e-02 -7.735487909023582020e-02 -3.077666502761998157e-01
-3.932773109243696830e-01 -1.088386357159302001e-02 -1.149942039351987966e-02 -7.688734149728071454e-02 -3.096445279732549238e-01
-3.983193277310924096e-01 -1.065030244292136490e-02 -1.128336632451306006e-02 -7.640927768067677650e-02 -3.115520594434944002e-01
-4.033613445378150808e-01 -1.041175900875486275e-02 -1.106193692566898902e-02 -7.592064180494524639e-02 -3.134893165275314808e-01
-4.084033613445377520e-01 -1.016815965876847160e-02 -1.083501701843623752e-02 -7.542137616507849085e-02 -3.154563760975398479e-01
-4.134453781512604786e-01 -9.919429103858958333e-03 -1.060249126340555639e-02 -7.491140933003302693e-02 -3.174533224676354126e-01
-4.184873949579831498e-01 -9.665489596956594598e-03 -1.036424341130618917e-02 -7.439065531142188825e-02 -3.194802489918040500e-01
-4.235294117647058210e-01 -9.406260358250225981e-03 -1.012015577114079926e-02 -7.385901304597890238e-02 -3.215372593378027499e-01
-4.285714285714285476e-01 -9.141621713055938028e-03 -9.870218616276555876e-03 -7.331643295971101981e-02 -3.236248137630480803e-01
-4.336134453781512188e-01 -8.871539122972893487e-03 -9.614093686026441155e-03 -7.276265028479658725e-02 -3.257424354133605093e-01
-4.386554621848738900e-01 -8.595861033452334432e-03 -9.351783228204131604e-03 -7.219758238409336448e-02 -3.278905948486289801e-01
-4.436974789915966166e-01 -8.314610525151137910e-03 -9.083074979944590760e-03 -7.162106518231083074e-02 -3.300691429937350208e-01
-4.487394957983192878e-01 -8.027563040035622099e-03 -8.807955942769823271e-03 -7.103293655081105440e-02 -3.322786691615694510e-01
-4.537815126050419590e-01 -7.734682255677173546e-03 -8.526242982931407990e-03 -7.043295040034888710e-02 -3.345191051485290057e-01
-4.588235294117646301e-01 -7.435839459897651722e-03 -8.237805513286539094e-03 -6.982091854889335703e-02 -3.367907113577412459e-01
-4.638655462184873568e-01 -7.130921245955014302e-03 -7.942506783794024694e-03 -6.919661027522863717e-02 -3.390937101308597046e-01
-4.689075630252100280e-01 -6.819809773810125812e-03 -7.640207130926911228e-03 -6.855977806714255718e-02 -3.414283421991548551e-01
-4.739495798319326991e-01 -6.502382599025260078e-03 -7.330763882515151791e-03 -6.791015810942643838e-02 -3.437948676120213820e-01
-4.789915966386554258e-01 -6.178512739721796557e-03 -7.014031581232262405e-03 -6.724747117465791624e-02 -3.461935664408437585e-01
-4.840336134453780970e-01 -5.848069089515558171e-03 -6.689862532815333065e-03 -6.657142379843060398e-02 -3.486247392266114686e-01
-4.890756302521007681e-01 -5.510917077746577131e-03 -6.358107594198958261e-03 -6.588170863785554332e-02 -3.510887067162488107e-01
-4.941176470588234948e-01 -5.166919382019130591e-03 -6.018616532427887439e-03 -6.517800999398837281e-02 -3.535858124201375907e-01
-4.991596638655461660e-01 -4.815936654310263784e-03 -5.671239220173758359e-03 -6.445999914235021888e-02 -3.561164189083411147e-01
-5.042016806722688926e-01 -4.457488913664455626e-03 -5.315502668411181166e-03 -6.372628839397881384e-02 -3.586813946793707686e-01
-5.092436974789915638e-01 -4.091884000098407019e-03 -4.951716203337774673e-03 -6.297834678145580733e-02 -3.612803663976991153e-01
-5.142857142857142350e-01 -3.718916775851763973e-03 -4.579661040756751768e-03 -6.221519065781659641e-02 -3.639139927711018685e-01
-5.193277310924369061e-01 -3.338428789239503234e-03 -4.199173341741770787e-03 -6.143636524925863429e-02 -3.665827649001806021e-01
-5.243697478991595773e-01 -2.950273764080892525e-03 -3.810104630402648407e-03 -6.064151584311447407e-02 -3.692871590965136619e-01
-5.294117647058822484e-01 -2.554311999401974020e-03 -3.412315119828409314e-03 -5.983031300191957863e-02 -3.720276635890854555e-01
-5.344537815126050306e-01 -2.150410346974996646e-03 -3.005673466132034819e-03 -5.900244323068965652e-02 -3.748047822017873676e-01
-5.394957983193277018e-01 -1.738443409000477689e-03 -2.590057929420524260e-03 -5.815761175638178848e-02 -3.776190336699142280e-01
-5.445378151260503730e-01 -1.318295162253453438e-03 -2.165358004443729712e-03 -5.729554783515134614e-02 -3.804709498733067630e-01
-5.495798319327730441e-01 -8.900234590987624646e-04 -1.731573958714988613e-03 -5.641658406735668846e-02 -3.833614522394435120e-01
-5.546218487394957153e-01 -4.531968298288128723e-04 -1.288428617178120775e-03 -5.551950022460014345e-02 -3.862904447472573777e-01
-5.596638655462183864e-01 -7.910586416533005620e-06 -8.359483482577557360e-04 -5.460459605427829544e-02 -3.892587537548587440e-01
-5.647058823529411686e-01 4.458594743754395930e-04 -3.740949649878306366e-04 -5.367178625113281504e-02 -3.922668683701505676e-01
-5.697478991596638398e-01 9.082197537466116070e-04 9.716619845277440722e-05 -5.272097822041121179e-02 -3.953154802806170265e-01
-5.747899159663865110e-01 1.379143341330603531e-03 5.778229422870528268e-04 -5.175221845376910823e-02 -3.984050665475229458e-01
-5.798319327731091821e-01 1.858618140560765533e-03 1.067838374198239659e-03 -5.076560651135283986e-02 -4.015361398371845580e-01
-5.848739495798318533e-01 2.346591343649217024e-03 1.567141974180253153e-03 -4.976133427714585222e-02 -4.047092196899781946e-01
-5.899159663865545244e-01 2.837832964982819547e-03 2.070998897197315683e-03 -4.874260604698428534e-02 -4.079222621219006362e-01
-5.949579831932771956e-01 3.338634058440695471e-03 2.585132644280903336e-03 -4.769799203751844130e-02 -4.111806190297595531e-01
-5.999999999999999778e-01 3.848504478013700224e-03 3.108987539643321037e-03 -4.663458311793284433e-02 -4.144831470565271125e-01
