0.000000000000000000e+00 -1.775391738635548333e-02 -1.778270480270666837e-02 -7.884152890452920948e-02 -2.287563021871827362e-01
-5.042016806722688510e-03 -1.892323586739790703e-02 -1.894800268724000994e-02 -7.698302399993810219e-02 -2.297085251091520175e-01
-1.008403361344537702e-02 -1.979093662714738119e-02 -1.981425177666877938e-02 -7.552260927521729783e-02 -2.302555953580669446e-01
-1.512605042016806553e-02 -2.037834530096436017e-02 -2.039998829559639543e-02 -7.449907745898701195e-02 -2.305548221110955420e-01
-2.016806722689075404e-02 -2.075699933639421624e-02 -2.077758268006407727e-02 -7.382119597067809957e-02 -2.307115559742727862e-01
-2.521008403361344255e-02 -2.099124936838833375e-02 -2.100963398199645615e-02 -7.339313472965261487e-02 -2.307880361600748165e-01
-3.025210084033613106e-02 -2.112836359373081174e-02 -2.114496853667020143e-02 -7.313613683936570631e-02 -2.308189379395334528e-01
-3.529411764705882304e-02 -2.120364340172417594e-02 -2.121582317472387944e-02 -7.299358508096148723e-02 -2.308261033148190644e-01
-4.033613445378150808e-02 -2.123684415253030214e-02 -2.124559754735794864e-02 -7.292554816364774095e-02 -2.308159797270719904e-01
-4.537815126050419312e-02 -2.124323933495429056e-02 -2.124931113749763123e-02 -7.290630678457749037e-02 -2.307977145140588382e-01
-5.042016806722688510e-02 -2.123314803441195275e-02 -2.123583293319085755e-02 -7.291824013524730863e-02 -2.307744422057002309e-01
-5.546218487394957708e-02 -2.121232553856518960e-02 -2.121203455854166892e-02 -7.294980846110270256e-02 -2.307483371164191222e-01
-6.050420168067226212e-02 -2.117832358452945846e-02 -2.117247988458334507e-02 -7.297891704900824617e-02 -2.307191487005842423e-01
-6.554621848739494716e-02 -2.114607433838709694e-02 -2.113592260170357034e-02 -7.303242111420699123e-02 -2.306964015386468447e-01
-7.058823529411764608e-02 -2.110935790758125541e-02 -2.109828993709529990e-02 -7.309038813372217835e-02 -2.306719253658653934e-01
-7.563025210084033112e-02 -2.107118933665557553e-02 -2.105808690557323809e-02 -7.315135285151826150e-02 -2.306462717457025691e-01
-8.067226890756301616e-02 -2.105527389796818180e-02 -2.105047170850627564e-02 -7.315285399908943997e-02 -2.306116078308272643e-01
-8.571428571428570120e-02 -2.101483916370182684e-02 -2.100610390887721474e-02 -7.321859231106628285e-02 -2.305845223220274465e-01
-9.075630252100838624e-02 -2.097083985758091407e-02 -2.096308297654828415e-02 -7.328409204935258658e-02 -2.305534056548734501e-01
-9.579831932773108516e-02 -2.092691718044706328e-02 -2.091996460569841079e-02 -7.334807244440116891e-02 -2.305204301080885088e-01
-1.008403361344537702e-01 -2.088315483975246648e-02 -2.087602935664542581e-02 -7.341062989323376975e-02 -2.304847291221081285e-01
-1.058823529411764552e-01 -2.080822935625988718e-02 -2.079298026014858580e-02 -7.344344329831054008e-02 -2.304645386152252839e-01
-1.109243697478991542e-01 -2.076100054174084830e-02 -2.074522090315795292e-02 -7.350539522121557479e-02 -2.304400429123810434e-01
-1.159663865546218392e-01 -2.071273888999965521e-02 -2.069699334092276258e-02 -7.356420432854612890e-02 -2.304107913268507724e-01
-1.210084033613445242e-01 -2.059585181731387465e-02 -2.056318121099660889e-02 -7.357105529808760647e-02 -2.303829169439526592e-01
-1.260504201680672232e-01 -2.054281738756950221e-02 -2.051221255615210196e-02 -7.362790192164503367e-02 -2.303911298967663557e-01
-1.310924369747898943e-01 -2.004271865814549747e-02 -1.997685057535162484e-02 -7.348151951107856350e-02 -2.304709614189217604e-01
-1.361344537815125932e-01 -1.998041209051825903e-02 -1.991910807168227604e-02 -7.355352683269242298e-02 -2.307757102482108913e-01
-1.411764705882352922e-01 -1.991530412258745927e-02 -1.985943559449615189e-02 -7.361919843979512768e-02 -2.311052001118761023e-01
-1.462184873949579633e-01 -1.984724919162315221e-02 -1.979771708279953399e-02 -7.367702038690659982e-02 -2.314607483679574362e-01
-1.512605042016806622e-01 -1.962869619716648556e-02 -1.958670170898466414e-02 -7.367564195006778838e-02 -2.318446751010428686e-01
-1.563025210084033334e-01 -1.955385026040942428e-02 -1.951993733636702560e-02 -7.372059688768886621e-02 -2.323567664704224711e-01
-1.613445378151260323e-01 -1.947574236003898895e-02 -1.945083643901306114e-02 -7.375223153576583590e-02 -2.329073022526797765e-01
-1.663865546218487312e-01 -1.939431664246303588e-02 -1.937930915409176100e-02 -7.376865101699800475e-02 -2.334964621552362007e-01
-1.714285714285714024e-01 -1.930898143902722019e-02 -1.930455602322409328e-02 -7.376929783603441981e-02 -2.341236355091285692e-01
-1.764705882352941013e-01 -1.914273080046069789e-02 -1.914930323404751347e-02 -7.374184626356505845e-02 -2.348089478936595809e-01
-1.815126050420167725e-01 -1.905176216010869353e-02 -1.907008894335968097e-02 -7.370853749643814512e-02 -2.355612180671881883e-01
-1.865546218487394714e-01 -1.895768478306409516e-02 -1.898833910883438239e-02 -7.365568666562138933e-02 -2.363493208905177723e-01
-1.915966386554621703e-01 -1.886045447651394855e-02 -1.890390274072171681e-02 -7.358394038060749043e-02 -2.371700967593636245e-01
-1.966386554621848415e-01 -1.871551823345743437e-02 -1.877237682835707078e-02 -7.349732271855359544e-02 -2.380254380510803958e-01
-2.016806722689075404e-01 -1.861281867991758376e-02 -1.868322252698494459e-02 -7.339370831226083025e-02 -2.389298542737932352e-01
-2.067226890756302393e-01 -1.850688551969775428e-02 -1.859108880535202332e-02 -7.327635431330116467e-02 -2.398591864622949266e-01
-2.117647058823529105e-01 -1.839762890570808065e-02 -1.849584085876143300e-02 -7.314749454046362565e-02 -2.408113937945697003e-01
-2.168067226890756094e-01 -1.828491730813648283e-02 -1.839735798385599280e-02 -7.300915682525410677e-02 -2.417852472309361955e-01
-2.218487394957983083e-01 -1.814720797750076983e-02 -1.827442470116814877e-02 -7.286516358085422251e-02 -2.427934577928244630e-01
-2.268907563025209795e-01 -1.802800724444560132e-02 -1.817006875516405037e-02 -7.271240094375500118e-02 -2.438240789624116223e-01
-2.319327731092436784e-01 -1.790501616835088808e-02 -1.806226806797283854e-02 -7.255324941618575274e-02 -2.448770610966873595e-01
-2.369747899159663496e-01 -1.777605977304623497e-02 -1.794737312222868461e-02 -7.238540372698284986e-02 -2.459616780998853114e-01
-2.420168067226890485e-01 -1.763173507492429154e-02 -1.781824482295282785e-02 -7.221330253502614149e-02 -2.470774325246046232e-01
-2.470588235294117474e-01 -1.749383817889029608e-02 -1.769587237424447013e-02 -7.203064552634333428e-02 -2.482214046374025540e-01
-2.521008403361344463e-01 -1.735210496707300515e-02 -1.757027527351270879e-02 -7.184023983843410011e-02 -2.493910972349287491e-01
-2.571428571428571175e-01 -1.720313771241916562e-02 -1.743852333328213891e-02 -7.164382888546411143e-02 -2.505849017326908790e-01
-2.621848739495797886e-01 -1.706169813703889773e-02 -1.731535232855517525e-02 -7.144076711446922801e-02 -2.517945248695554472e-01
-2.672268907563025153e-01 -1.692444259760198313e-02 -1.719803052627830522e-02 -7.123454682129173876e-02 -2.530134060243137695e-01
-2.722689075630251865e-01 -1.678277113682489358e-02 -1.707752880628195247e-02 -7.102388012938286310e-02 -2.542557628366894362e-01
-2.773109243697478576e-01 -1.663756713271482418e-02 -1.695382973964104645e-02 -7.080639264364205210e-02 -2.555286011400794699e-01
-2.823529411764705843e-01 -1.648427032076721713e-02 -1.682250110393359796e-02 -7.058113725639995895e-02 -2.568355444916647912e-01
-2.873949579831932555e-01 -1.632388879837230050e-02 -1.668437683617453315e-02 -7.034687597471105114e-02 -2.581776543809316538e-01
-2.924369747899159266e-01 -1.615659714607479633e-02 -1.653956340867520497e-02 -7.010258111271951142e-02 -2.595552242657134245e-01
-2.974789915966385978e-01 -1.598263406866297018e-02 -1.638842515744889580e-02 -6.984838350815210373e-02 -2.609666879571478360e-01
-3.025210084033613245e-01 -1.578278861985571782e-02 -1.620881252250471610e-02 -6.956456701633190187e-02 -2.624579158803498347e-01
-3.075630252100839956e-01 -1.558466235419428587e-02 -1.603101951043110415e-02 -6.927766172527589916e-02 -2.639655310051895465e-01
-3.126050420168066668e-01 -1.538597858887509606e-02 -1.585280323364228125e-02 -6.898348705420340177e-02 -2.654961831305884257e-01
-3.176470588235293935e-01 -1.518523616811044696e-02 -1.567265741752240510e-02 -6.867998906907904488e-02 -2.670535359547850929e-01
-3.226890756302520646e-01 -1.498143806972684552e-02 -1.548955872598499137e-02 -6.836629934389532037e-02 -2.686395734185804685e-01
-3.277310924369747358e-01 -1.477391405269294807e-02 -1.530279927361173631e-02 -6.804215070360394857e-02 -2.702553595195431591e-01
-3.327731092436974625e-01 -1.456220569707953119e-02 -1.511187703652449102e-02 -6.770754810547888192e-02 -2.719014651963331808e-01
-3.378151260504201336e-01 -1.434585217366734881e-02 -1.491620369654573890e-02 -6.736237382857898637e-02 -2.735785151981152685e-01
-3.428571428571428048e-01 -1.412482254813881254e-02 -1.471579362568318020e-02 -6.700702336010341820e-02 -2.752862448249887573e-01
-3.478991596638655315e-01 -1.389892273073692515e-02 -1.451040967297112169e-02 -6.664157675525894664e-02 -2.770248046996078295e-01
-3.529411764705882026e-01 -1.366799926541822224e-02 -1.429984700341256458e-02 -6.626610289824429179e-02 -2.787942996408488971e-01
-3.579831932773108738e-01 -1.343193064786255345e-02 -1.408393426122347622e-02 -6.588066016973144479e-02 -2.805947965717883186e-01
-3.630252100840335450e-01 -1.319061439546558370e-02 -1.386251993909547349e-02 -6.548528578681787893e-02 -2.824263478165184860e-01
-3.680672268907562716e-01 -1.294395941027882101e-02 -1.363546520571914944e-02 -6.507999531806399340e-02 -2.842890005638044060e-01
-3.731092436974789428e-01 -1.269188091866982511e-02 -1.340263909633428174e-02 -6.466478382818827142e-02 -2.861828022525287896e-01
-3.781512605042016140e-01 -1.243443677775252221e-02 -1.316412395455741728e-02 -6.423863948699037874e-02 -2.881081465658094087e-01
-3.831932773109243406e-01 -1.217138996282403872e-02 -1.291958368527468780e-02 -6.380301032757727808e-02 -2.900645058329687220e-01
-3.882352941176470118e-01 -1.190265492722415892e-02 -1.266888397299441131e-02 -6.335753168973318195e-02 -2.920521067712995023e-01
-3.932773109243696830e-01 -1.162814922881439186e-02 -1.241189906095288044e-02 -6.290201354031771386e-02 -2.940710795339197547e-01
-3.983193277310924096e-01 -1.134778840450682488e-02 -1.214850468585070876e-02 -6.243631800414444627e-02 -2.961215282601785681e-01
-4.033613445378150808e-01 -1.106148409354136553e-02 -1.187857529237491827e-02 -6.196031386216029058e-02 -2.982035570823169945e-01
-4.084033613445377520e-01 -1.076914335186640592e-02 -1.160198292314175428e-02 -6.147385986075953879e-02 -3.003172799001939675e-01
-4.134453781512604786e-01 -1.047066839200578962e-02 -1.131859675536398338e-02 -6.097679854343539263e-02 -3.024628244067936733e-01
-4.184873949579831498e-01 -1.016595648068906003e-02 -1.102828289437935566e-02 -6.046895388017326650e-02 -3.046403341239076745e-01
-4.235294117647058210e-01 -9.854818443161881755e-03 -1.073110178128829084e-02 -5.995020316969365548e-02 -3.068505830460890316e-01
-4.285714285714285476e-01 -9.537284774647460800e-03 -1.042651669434524649e-02 -5.942018719076488931e-02 -3.090926072218476151e-01
-4.336134453781512188e-01 -9.213180167948248692e-03 -1.011458333800357642e-02 -5.887873987178675328e-02 -3.113671181050973180e-01
-4.386554621848738900e-01 -8.882381970299484814e-03 -9.795155001815606527e-03 -5.832560651779854222e-02 -3.136743342524027089e-01
-4.436974789915966166e-01 -8.544724309714502378e-03 -9.468084809741292990e-03 -5.776051502155764295e-02 -3.160145782374080281e-01
-4.487394957983192878e-01 -8.200176996594605444e-03 -9.133174497033203637e-03 -5.718317152621830990e-02 -3.183878202443739536e-01
-4.537815126050419590e-01 -7.848145737456528950e-03 -8.789897248643787492e-03 -5.659287025740211696e-02 -3.207950525670883457e-01
-4.588235294117646301e-01 -7.488975725660355735e-03 -8.438660948415659113e-03 -5.599003660113360814e-02 -3.232359296808117732e-01
-4.638655462184873568e-01 -7.122547104025407985e-03 -8.079250515774271876e-03 -5.537397651021695039e-02 -3.257108110045041638e-01
-4.689075630252100280e-01 -6.748660061964951475e-03 -7.711487193790302758e-03 -5.474430186779995211e-02 -3.282201451455658558e-01
-4.739495798319326991e-01 -6.367154464790033587e-03 -7.335195703572331555e-03 -5.410062851514819970e-02 -3.307643273942993400e-01
-4.789915966386554258e-01 -5.977872597310611089e-03 -6.950204222801402085e-03 -5.344257183569197517e-02 -3.333437719062805060e-01
-4.840336134453780970e-01 -5.580658907549378156e-03 -6.556344352568944933e-03 -5.276974107143111992e-02 -3.359589157381748237e-01
-4.890756302521007681e-01 -5.175361022323975851e-03 -6.153452286452852985e-03 -5.208174088747752339e-02 -3.386102194195126924e-01
-4.941176470588234948e-01 -4.761831154430953492e-03 -5.741370230936896323e-03 -5.137817453974202753e-02 -3.412981666799052571e-01
-4.991596638655461660e-01 -4.339927579494940249e-03 -5.319947818251222205e-03 -5.065864776951316262e-02 -3.440232638781379748e-01
-5.042016806722688926e-01 -3.909516191388758173e-03 -4.889043591591859736e-03 -4.992277344253975846e-02 -3.467860391282830967e-01
-5.092436974789915638e-01 -3.470472216962748168e-03 -4.448526772025928819e-03 -4.917017664347824585e-02 -3.495870414251562308e-01
-5.142857142857142350e-01 -3.022682359233401766e-03 -3.998278997544815923e-03 -4.840050194687520180e-02 -3.524268373294224821e-01
-5.193277310924369061e-01 -2.566046944331920165e-03 -3.538197106777191125e-03 -4.761341810546955433e-02 -3.553060111671605958e-01
-5.243697478991595773e-01 -2.100482696669018351e-03 -3.068195526307475589e-03 -4.680862674610244967e-02 -3.582251606417872214e-01
-5.294117647058822484e-01 -1.626094836499031955e-03 -2.588284694765845707e-03 -4.598617838986933382e-02 -3.611851366085151449e-01
-5.344537815126050306e-01 -1.142493318993587905e-03 -2.098277259728732400e-03 -4.514533775969579998e-02 -3.641861800685004535e-01
-5.394957983193277018e-01 -6.498372585257874805e-04 -1.598224957999535472e-03 -4.428618482725172473e-02 -3.672290404207114722e-01
-5.445378151260503730e-01 -1.481404685251303151e-04 -1.088145224972564881e-03 -4.340863637691146776e-02 -3.703143300947215333e-01
-5.495798319327730441e-01 3.625490277983306822e-04 -5.680915136058084427e-04 -4.251268694777460971e-02 -3.734426514960064725e-01
-5.546218487394957153e-01 8.821445450248277488e-04 -3.815788359382341456e-05 -4.159841968294177711e-02 -3.766145898419012150e-01
-5.596638655462183864e-01 1.407749829886753524e-03 4.989970618606364523e-04 -4.066835014343597732e-02 -3.798290411350825346e-01
-5.647058823529411686e-01 1.937845345673088132e-03 1.042097585256721633e-03 -3.971866370222081055e-02 -3.830869693364543083e-01
-5.697478991596638398e-01 2.478325894162172228e-03 1.596492872192775171e-03 -3.874310242028256024e-02 -3.863929744286537238e-01
-5.747899159663865110e-01 3.028105647635041201e-03 2.160990305637378907e-03 -3.774933878088695960e-02 -3.897453891275107773e-01
-5.798319327731091821e-01 3.586739809752445031e-03 2.735090137385057674e-03 -3.673926664524666125e-02 -3.931442714626314228e-01
-5.848739495798318533e-01 4.153889781890175888e-03 3.318403806571424385e-03 -3.571396644479937765e-02 -3.965898589073478253e-01
-5.899159663865545244e-01 4.729192610959225170e-03 3.910514401665623856e-03 -3.467456294071508821e-02 -4.000823780495763038e-01
-5.949579831932771956e-01 5.311992242536135896e-03 4.510729899429759618e-03 -3.362288876268952620e-02 -4.036217421603219835e-01
-5.999999999999999778e-01 5.902952122141514289e-03 5.119666470992624389e-03 -3.255670814012067565e-02 -4.072090436756775622e-01
