0.000000000000000000e+00 -2.738701126880110692e+00 -2.928257348538442439e+00 -3.792953236368055148e+00 -5.450220267749327441e+00 -7.397978302116890781e+00
-5.042016806722688510e-03 -2.740182444950340024e+00 -2.925690716844693284e+00 -3.754274067449873353e+00 -5.423523145230107367e+00 -7.477929625801293945e+00
-1.008403361344537702e-02 -2.740304504780791017e+00 -2.930173089478916637e+00 -3.759486215027531220e+00 -5.476687787997841284e+00 -7.543477113310129489e+00
-1.512605042016806553e-02 -2.740080245796196579e+00 -2.933419214518487639e+00 -3.775315462763707774e+00 -5.518701854563352605e+00 -7.582005520854979252e+00
-2.016806722689075404e-02 -2.741639200271471122e+00 -2.935377941581589489e+00 -3.807529048435355445e+00 -5.569625542033608490e+00 -7.607375140317279794e+00
-2.521008403361344255e-02 -2.741109241564631649e+00 -2.936877121321647799e+00 -3.832402000204263803e+00 -5.593024635714672677e+00 -7.611040153414756482e+00
-3.025210084033613106e-02 -2.743663226209925643e+00 -2.941657638104068884e+00 -3.851797368868474791e+00 -5.597540784920347789e+00 -7.606623700670671617e+00
-3.529411764705882304e-02 -2.743963816577504655e+00 -2.945532727966097664e+00 -3.884131803483949597e+00 -5.611762596236865797e+00 -7.596748806325786418e+00
-4.033613445378150808e-02 -2.744837845949279487e+00 -2.944544961942800132e+00 -3.841712523355692799e+00 -5.590784728437452777e+00 -7.632106995362787139e+00
-4.537815126050419312e-02 -2.745684029117527736e+00 -2.946090037332769196e+00 -3.849265320590905759e+00 -5.591457818301110549e+00 -7.633446464562130274e+00
-5.042016806722688510e-02 -2.745735782284299376e+00 -2.947510771661682849e+00 -3.861050202044868040e+00 -5.594886926268398675e+00 -7.633128223295909898e+00
-5.546218487394957708e-02 -2.745537288787038843e+00 -2.949391644306017302e+00 -3.882155154362691984e+00 -5.603109393326914933e+00 -7.628624236770995104e+00
-6.050420168067226212e-02 -2.742740206688279336e+00 -2.955738751446565171e+00 -3.901477007182954093e+00 -5.591688327928035385e+00 -7.576829954046300664e+00
-6.554621848739494716e-02 -2.739591083399380622e+00 -2.949967697932585953e+00 -3.860200105871944398e+00 -5.568139050829072900e+00 -7.595928582554596353e+00
-7.058823529411764608e-02 -2.742484430596906275e+00 -2.951165571251500364e+00 -3.885174863368027420e+00 -5.575430880151777124e+00 -7.583339607709328689e+00
-7.563025210084033112e-02 -2.742395927048792093e+00 -2.953966997670687711e+00 -3.910445916979846892e+00 -5.587416503310377536e+00 -7.581398392428267741e+00
-8.067226890756301616e-02 -2.742135701353643373e+00 -2.957103771298443373e+00 -3.936355559819289862e+00 -5.597868998544896613e+00 -7.579055454376126377e+00
-8.571428571428570120e-02 -2.737109861080085249e+00 -2.958425521272147307e+00 -3.927109536937734457e+00 -5.594703038571089415e+00 -7.591702109851575564e+00
-9.075630252100838624e-02 -2.741350653009232641e+00 -2.961236833437110860e+00 -3.958295960704029337e+00 -5.600636667134684998e+00 -7.585870142977777952e+00
-9.579831932773108516e-02 -2.739374951304360373e+00 -2.963852598215776180e+00 -3.976831426268577996e+00 -5.606365079229533421e+00 -7.586562536819007718e+00
-1.008403361344537702e-01 -2.738391830114563774e+00 -2.965371155595858177e+00 -3.985644706670918858e+00 -5.607933386452565117e+00 -7.589462673812291449e+00
-1.058823529411764552e-01 -2.739680056903406324e+00 -2.969366495564715436e+00 -3.901103205350134218e+00 -5.451190947329570768e+00 -7.380239791710002883e+00
-1.109243697478991542e-01 -2.739779252386937536e+00 -2.972720641672130792e+00 -3.920482956684730347e+00 -5.457578506597448254e+00 -7.379930306885896130e+00
-1.159663865546218392e-01 -2.735429448277718389e+00 -2.985697858551070727e+00 -3.972204663371300626e+00 -5.470326020705405412e+00 -7.371895678107708960e+00
-1.210084033613445242e-01 -2.736179042929537619e+00 -2.982852881740591044e+00 -3.960762649234048638e+00 -5.166967679428752902e+00 -6.773883267730701263e+00
-1.260504201680672232e-01 -2.731305164357728188e+00 -3.006088055765129496e+00 -4.018355313942858942e+00 -5.185815354126225962e+00 -6.761832483488100287e+00
-1.310924369747898943e-01 -2.808141699910308819e+00 -2.869553511015637604e+00 -3.008967648360328706e+00 -3.158260522322052122e+00 -3.299741843763635440e+00
-1.361344537815125932e-01 -2.810155258824425850e+00 -2.869492579034429891e+00 -3.008187686435848995e+00 -3.158073287011968322e+00 -3.298504751773648991e+00
-1.411764705882352922e-01 -2.814318984504864840e+00 -2.869625796820802321e+00 -3.006935566803187410e+00 -3.158329968257792775e+00 -3.296952123980591676e+00
-1.462184873949579633e-01 -2.820660804666359933e+00 -2.869936151004497393e+00 -3.005053404681903295e+00 -3.159339447021167313e+00 -3.294655724224151871e+00
-1.512605042016806622e-01 -2.798049983321344580e+00 -2.824647256511539251e+00 -2.882610821747183305e+00 -2.946323785829840780e+00 -2.996256541656744155e+00
-1.563025210084033334e-01 -2.824890970287702530e+00 -2.826415983402979393e+00 -2.879086274114039945e+00 -2.949986488509987570e+00 -2.991806649853179678e+00
-1.613445378151260323e-01 -2.844517750283152679e+00 -2.826218829343386751e+00 -2.878330376917751288e+00 -2.950779227999733578e+00 -2.989522558746733782e+00
-1.663865546218487312e-01 -2.812067797032184568e+00 -2.819971153692530041e+00 -2.888731079912135069e+00 -2.940896264983337893e+00 -2.996243261489468956e+00
-1.714285714285714024e-01 -2.813872834441841331e+00 -2.819515360076119581e+00 -2.889131340278230375e+00 -2.940104893098232530e+00 -2.995861670677713029e+00
-1.764705882352941013e-01 -2.773353437260900112e+00 -2.796107325117643150e+00 -2.842927359767842166e+00 -2.883992759165298292e+00 -2.927809457629156231e+00
-1.815126050420167725e-01 -2.773214060899743316e+00 -2.796010565368075351e+00 -2.842609327322547230e+00 -2.883505073052643475e+00 -2.927176556136489083e+00
-1.865546218487394714e-01 -2.772845171223568883e+00 -2.795936869309913586e+00 -2.842304172419902297e+00 -2.883035801223450711e+00 -2.926570065709482193e+00
-1.915966386554621703e-01 -2.772454559061477752e+00 -2.795857210042091534e+00 -2.842007565252918866e+00 -2.882577397931442853e+00 -2.925978871020439520e+00
-1.966386554621848415e-01 -2.767862611003582440e+00 -2.786271571489247645e+00 -2.828769297751924316e+00 -2.866435925115004668e+00 -2.906906799512446238e+00
-2.016806722689075404e-01 -2.767435116012140206e+00 -2.786203468035104436e+00 -2.828407052200780036e+00 -2.865918963077940695e+00 -2.906229594619209600e+00
-2.067226890756302393e-01 -2.767008087900536761e+00 -2.786119183885070516e+00 -2.828036311247875911e+00 -2.865390665043620277e+00 -2.905538716734273219e+00
-2.117647058823529105e-01 -2.766572409472368044e+00 -2.786016668908651628e+00 -2.827652439910209647e+00 -2.864844875898749699e+00 -2.904826019595499798e+00
-2.168067226890756094e-01 -2.766122255535335306e+00 -2.785894840779535198e+00 -2.827252284228149559e+00 -2.864277413917050374e+00 -2.904085951255190423e+00
-2.218487394957983083e-01 -2.762276383046792905e+00 -2.783034000748723980e+00 -2.823304182784434513e+00 -2.860063328633367430e+00 -2.898887328849885758e+00
-2.268907563025209795e-01 -2.761943126057948117e+00 -2.782864904095279535e+00 -2.822820129271487399e+00 -2.859384365133540662e+00 -2.898002123193060164e+00
-2.319327731092436784e-01 -2.761593855251889718e+00 -2.782678751641745052e+00 -2.822320200830921610e+00 -2.858684302126868193e+00 -2.897090131989170203e+00
-2.369747899159663496e-01 -2.761215913674484046e+00 -2.782463852716412944e+00 -2.821781611323023853e+00 -2.857931621709530745e+00 -2.896110373936962024e+00
-2.420168067226890485e-01 -2.756925035936311996e+00 -2.781947017994216509e+00 -2.819994749564705305e+00 -2.856005829431318421e+00 -2.893605777302165283e+00
-2.470588235294117474e-01 -2.756691315827088040e+00 -2.781693839660911216e+00 -2.819415192641576251e+00 -2.855196161487244755e+00 -2.892553470172754881e+00
-2.521008403361344463e-01 -2.756452869825249952e+00 -2.781433359654683191e+00 -2.818832327172416274e+00 -2.854382923361535873e+00 -2.891497028568382088e+00
-2.571428571428571175e-01 -2.753269050612245916e+00 -2.781594272946950053e+00 -2.817918899870289984e+00 -2.853363848911654621e+00 -2.890153479986993013e+00
-2.621848739495797886e-01 -2.753158627772552158e+00 -2.781343216140657937e+00 -2.817384493947641122e+00 -2.852617046725225869e+00 -2.889184429543392607e+00
-2.672268907563025153e-01 -2.753063324659939415e+00 -2.781122598979234528e+00 -2.816910616233649467e+00 -2.851955053199282553e+00 -2.888325645905004624e+00
-2.722689075630251865e-01 -2.750697646200908952e+00 -2.781340099228968299e+00 -2.816353314635121841e+00 -2.851291479244349336e+00 -2.887454847245800593e+00
-2.773109243697478576e-01 -2.750663432142895104e+00 -2.781094314391153954e+00 -2.815861700038399640e+00 -2.850605082765428122e+00 -2.886565224876562308e+00
-2.823529411764705843e-01 -2.748824837482229277e+00 -2.781129009384933681e+00 -2.815316223356803427e+00 -2.849893123444568133e+00 -2.885639162814305880e+00
-2.873949579831932555e-01 -2.745494044520665256e+00 -2.781137903454889315e+00 -2.814754199273857616e+00 -2.849136405574235642e+00 -2.884657858123506724e+00
-2.924369747899159266e-01 -2.745541926455665749e+00 -2.780812654754773128e+00 -2.814167429448734215e+00 -2.848319256609730399e+00 -2.883600009694336830e+00
-2.974789915966385978e-01 -2.744514081538676820e+00 -2.780492976110606307e+00 -2.813558381501859440e+00 -2.847472653627135308e+00 -2.882504387919454292e+00
-3.025210084033613245e-01 -2.744598969186892390e+00 -2.780058025947187872e+00 -2.812799493710525400e+00 -2.846419041651130133e+00 -2.881141400612486692e+00
-3.075630252100839956e-01 -2.744688401198828842e+00 -2.779640029851517369e+00 -2.812073583068079419e+00 -2.845412200607937425e+00 -2.879839374297869625e+00
-3.126050420168066668e-01 -2.744782770230019597e+00 -2.779232962905399340e+00 -2.811370011720085493e+00 -2.844437256244514156e+00 -2.878579015492094939e+00
-3.176470588235293935e-01 -2.744881507920530872e+00 -2.778831547510208111e+00 -2.810679929673684629e+00 -2.843481886369029432e+00 -2.877344357609886938e+00
-3.226890756302520646e-01 -2.744983627594620224e+00 -2.778431362138209071e+00 -2.809996168749472112e+00 -2.842536136000840763e+00 -2.876122512827986366e+00
-3.277310924369747358e-01 -2.745088018530169816e+00 -2.778028809424970547e+00 -2.809313035115992285e+00 -2.841592109721604587e+00 -2.874903268345679219e+00
-3.327731092436974625e-01 -2.745193581547081596e+00 -2.777621003531083765e+00 -2.808626045734427645e+00 -2.840643596324150089e+00 -2.873678597241313692e+00
-3.378151260504201336e-01 -2.745299240374847294e+00 -2.777204904109661143e+00 -2.807930479569929361e+00 -2.839684064545004549e+00 -2.872440068467863483e+00
-3.428571428571428048e-01 -2.745404130675973331e+00 -2.776779684951252936e+00 -2.807225207009985013e+00 -2.838711940216684937e+00 -2.871185656322327251e+00
-3.478991596638655315e-01 -2.745507332494055763e+00 -2.776343767875606439e+00 -2.806507868739976708e+00 -2.837723954866923748e+00 -2.869911152158452605e+00
-3.529411764705882026e-01 -2.745607930767736793e+00 -2.775895766707901391e+00 -2.805776410814560862e+00 -2.836717263127007449e+00 -2.868612898024771152e+00
-3.579831932773108738e-01 -2.745705031169844546e+00 -2.775434509393508442e+00 -2.805029113126569662e+00 -2.835689480996587353e+00 -2.867287835390936124e+00
-3.630252100840335450e-01 -2.745797746670017858e+00 -2.774958979318190799e+00 -2.804264492790820018e+00 -2.834638552245046572e+00 -2.865933332306224823e+00
-3.680672268907562716e-01 -2.745885189307720076e+00 -2.774468282363315552e+00 -2.803481249353186655e+00 -2.833562672673951788e+00 -2.864547085387217251e+00
-3.731092436974789428e-01 -2.745966464078531732e+00 -2.773961624100331758e+00 -2.802678226550603391e+00 -2.832460237332087960e+00 -2.863127051524441136e+00
-3.781512605042016140e-01 -2.746041942132504854e+00 -2.773440565819881076e+00 -2.801857868476368640e+00 -2.831334587017027893e+00 -2.861677559022246964e+00
-3.831932773109243406e-01 -2.746109070031145905e+00 -2.772901646008241627e+00 -2.801014910565610361e+00 -2.830178474121558096e+00 -2.860189302983877635e+00
-3.882352941176470118e-01 -2.746167100014174522e+00 -2.772344555823830436e+00 -2.800148894661274479e+00 -2.828991256430000600e+00 -2.858661490842162589e+00
-3.932773109243696830e-01 -2.746215155071299652e+00 -2.771768897433904311e+00 -2.799259212499637606e+00 -2.827772086551111119e+00 -2.857093068523595569e+00
-3.983193277310924096e-01 -2.746252304691472190e+00 -2.771174280088815944e+00 -2.798345248211257186e+00 -2.826520107992198216e+00 -2.855482973107530409e+00
-4.033613445378150808e-01 -2.746277594073943895e+00 -2.770560355689223986e+00 -2.797406430294072877e+00 -2.825234526815682656e+00 -2.853830225057842895e+00
-4.084033613445377520e-01 -2.746290056446100358e+00 -2.769926832501969027e+00 -2.796442250876237878e+00 -2.823914638358494322e+00 -2.852133962511849585e+00
-4.134453781512604786e-01 -2.746288719452784299e+00 -2.769273481135401838e+00 -2.795452273458880477e+00 -2.822559838139752753e+00 -2.850393455168370949e+00
-4.184873949579831498e-01 -2.746272609571231538e+00 -2.768600137760729218e+00 -2.794436136657305170e+00 -2.821169627287124726e+00 -2.848608111084892869e+00
-4.235294117647058210e-01 -2.746240755935777322e+00 -2.767906706291631824e+00 -2.793393556555312074e+00 -2.819743616070444769e+00 -2.846777481004691968e+00
-4.285714285714285476e-01 -2.746192194068354464e+00 -2.767193160113840644e+00 -2.792324328590717553e+00 -2.818281526798340320e+00 -2.844901261829057226e+00
-4.336134453781512188e-01 -2.746125969727786664e+00 -2.766459543571254454e+00 -2.791228329315573742e+00 -2.816783196542818057e+00 -2.842979299831247531e+00
-4.386554621848738900e-01 -2.746041143000713003e+00 -2.765705973291679332e+00 -2.790105518180286737e+00 -2.815248579888512293e+00 -2.841011593863548068e+00
-4.436974789915966166e-01 -2.745936793623675154e+00 -2.764932639643665091e+00 -2.788955939310569399e+00 -2.813677751691269435e+00 -2.838998298536747011e+00
-4.487394957983192878e-01 -2.745812011797643670e+00 -2.764139803272891882e+00 -2.787779721572668290e+00 -2.812070907044719181e+00 -2.836939723783970191e+00
-4.537815126050419590e-01 -2.745663452149236239e+00 -2.763319129362602933e+00 -2.786576681711464776e+00 -2.810425899236066893e+00 -2.834833230272020277e+00
-4.588235294117646301e-01 -2.745593129323629977e+00 -2.762465560846000479e+00 -2.785338508199272756e+00 -2.808735692360577740e+00 -2.832669774092571480e+00
-4.638655462184873568e-01 -2.745396893503329050e+00 -2.761613636590391607e+00 -2.784084020423327477e+00 -2.807022771695466545e+00 -2.830478279107523587e+00
-4.689075630252100280e-01 -2.745178206647930885e+00 -2.760744676300265432e+00 -2.782804832474354395e+00 -2.805276581674934988e+00 -2.828245272252181586e+00
-4.739495798319326991e-01 -2.744936352776984556e+00 -2.759859196345857857e+00 -2.781501345311930162e+00 -2.803497728014749502e+00 -2.825971587995387058e+00
-4.789915966386554258e-01 -2.744670583682857323e+00 -2.758957805513620798e+00 -2.780174071179023709e+00 -2.801686974828064614e+00 -2.823658262019752119e+00
-4.840336134453780970e-01 -2.744380154360790858e+00 -2.758041205927798334e+00 -2.778823637891396636e+00 -2.799845250536579844e+00 -2.821306538078929727e+00
-4.890756302521007681e-01 -2.744064353328398376e+00 -2.757110190848726994e+00 -2.777450790890561905e+00 -2.797973650313384297e+00 -2.818917870399825887e+00
-4.941176470588234948e-01 -2.743722530868580645e+00 -2.756165639661286804e+00 -2.776056393802631472e+00 -2.796073435982094679e+00 -2.816493922843383846e+00
-4.991596638655461660e-01 -2.743354126901865087e+00 -2.755208510295019675e+00 -2.774641427832952534e+00 -2.794146033760837700e+00 -2.814036565350710006e+00
-5.042016806722688926e-01 -2.742958699501357955e+00 -2.754239830135795764e+00 -2.773206991104914199e+00 -2.792193031365786116e+00 -2.811547869630579122e+00
-5.092436974789915638e-01 -2.742535952756462336e+00 -2.753260686862883500e+00 -2.771754298833871921e+00 -2.790216175813803989e+00 -2.809030105802258870e+00
-5.142857142857142350e-01 -2.742085769946790208e+00 -2.752272219197356318e+00 -2.770284684082374049e+00 -2.788217371639282405e+00 -2.806485739631808585e+00
-5.193277310924369061e-01 -2.741608230965754789e+00 -2.751275611401883481e+00 -2.768799599702882919e+00 -2.786198681022432844e+00 -2.803917432218774319e+00
-5.243697478991595773e-01 -2.741103638268198139e+00 -2.750272088219962718e+00 -2.767300619663140004e+00 -2.784162323145684681e+00 -2.801328038720005686e+00
-5.294117647058822484e-01 -2.740572529284297065e+00 -2.749262913585997392e+00 -2.765789440371125618e+00 -2.782110674241577097e+00 -2.798720607920765602e+00
-5.344537815126050306e-01 -2.740015683588028050e+00 -2.748249391578266643e+00 -2.764267881366545776e+00 -2.780046267382409564e+00 -2.796098381439211966e+00
-5.394957983193277018e-01 -2.739434124120055269e+00 -2.747232869059211602e+00 -2.762737885381849612e+00 -2.777971791956864056e+00 -2.793464792495904625e+00
-5.445378151260503730e-01 -2.738829113975211893e+00 -2.746214738936828326e+00 -2.761201517778127723e+00 -2.775890092633975126e+00 -2.790823464014875466e+00
-5.495798319327730441e-01 -2.738202150373307386e+00 -2.745196442976112650e+00 -2.759660965346554029e+00 -2.773804167555917743e+00 -2.788178205758680139e+00
-5.546218487394957153e-01 -2.737554957021067548e+00 -2.744179473337300390e+00 -2.758118534390496812e+00 -2.771717165441725417e+00 -2.785533010126889586e+00
-5.596638655462183864e-01 -2.736885979758985954e+00 -2.743161373555093707e+00 -2.756577778578679361e+00 -2.769632348382836895e+00 -2.782892167194626509e+00
-5.647058823529411686e-01 -2.736232087965903226e+00 -2.742173784057787778e+00 -2.755072539418290667e+00 -2.767598435085822928e+00 -2.780317017083187459e+00
-5.697478991596638398e-01 -2.735551602186989673e+00 -2.741189748420465033e+00 -2.753568388332468420e+00 -2.765567787148293100e+00 -2.777747306721717990e+00
-5.747899159663865110e-01 -2.734856800325892401e+00 -2.740209555533351438e+00 -2.752066722048263969e+00 -2.763541929267470110e+00 -2.775184983042280784e+00
-5.798319327731091821e-01 -2.734150180332389990e+00 -2.739234885837196209e+00 -2.750570298091405075e+00 -2.761524570272038126e+00 -2.772634719683599869e+00
-5.848739495798318533e-01 -2.733434330001454526e+00 -2.738267373240565572e+00 -2.749081849847374137e+00 -2.759519370773714897e+00 -2.770101120428131836e+00
-5.899159663865545244e-01 -2.732711921608143690e+00 -2.737308602195345220e+00 -2.747604073192230878e+00 -2.757529926282951571e+00 -2.767588698185262430e+00
-5.949579831932771956e-01 -2.731986150099916522e+00 -2.736360636806200564e+00 -2.746140445981793299e+00 -2.755560869509853017e+00 -2.765103266482089595e+00
-5.999999999999999778e-01 -2.731257591179057087e+00 -2.735422744917451965e+00 -2.744690048127975679e+00 -2.753610915891691491e+00 -2.762643163944554114e+00
