0.000000000000000000e+00 -2.743615318007408987e+00 -2.968578520490860573e+00 -4.005249040234088120e+00 -6.030926261352956175e+00 -7.694894366039648936e+00
-5.042016806722688510e-03 -2.743906559400152378e+00 -2.965990033487167388e+00 -3.978452484824126056e+00 -6.026353362441786210e+00 -7.692870850116765524e+00
-1.008403361344537702e-02 -2.743982940930503212e+00 -2.964174806924666061e+00 -3.958776066160849094e+00 -6.018066049062043454e+00 -7.690448587057698404e+00
-1.512605042016806553e-02 -2.744069385728946209e+00 -2.962636453764699418e+00 -3.942511682552208629e+00 -6.008025670513367444e+00 -7.686992685901002709e+00
-2.016806722689075404e-02 -2.744148799132253291e+00 -2.961325434945275781e+00 -3.928528973489933573e+00 -5.997259179886099467e+00 -7.683358332796606405e+00
-2.521008403361344255e-02 -2.744626458230210897e+00 -2.960446176910482396e+00 -3.914269255587056406e+00 -5.984551863503235758e+00 -7.679824216281007310e+00
-3.025210084033613106e-02 -2.744699012990642117e+00 -2.959457048632755161e+00 -3.904490669306336148e+00 -5.973881231034098960e+00 -7.675921153708176625e+00
0.000000000000000000e+00 -2.743615318007408987e+00 -2.968578520490860573e+00 -4.005249040234088120e+00 -6.030926261352956175e+00 -7.694894366039648936e+00
-5.042016806722688510e-03 -2.743906559400152378e+00 -2.965990033487167388e+00 -3.978452484824126056e+00 -6.026353362441786210e+00 -7.692870850116765524e+00
-1.008403361344537702e-02 -2.743982940930503212e+00 -2.964174806924666061e+00 -3.958776066160849094e+00 -6.018066049062043454e+00 -7.690448587057698404e+00
-1.512605042016806553e-02 -2.744069385728946209e+00 -2.962636453764699418e+00 -3.942511682552208629e+00 -6.008025670513367444e+00 -7.686992685901002709e+00
-2.016806722689075404e-02 -2.744148799132253291e+00 -2.961325434945275781e+00 -3.928528973489933573e+00 -5.997259179886099467e+00 -7.683358332796606405e+00
-2.521008403361344255e-02 -2.744626458230210897e+00 -2.960446176910482396e+00 -3.914269255587056406e+00 -5.984551863503235758e+00 -7.679824216281007310e+00
-3.025210084033613106e-02 -2.744699012990642117e+00 -2.959457048632755161e+00 -3.904490669306336148e+00 -5.973881231034098960e+00 -7.675921153708176625e+00
-3.529411764705882304e-02 -2.747222394410078650e+00 -2.961670748210735393e+00 -3.928112592621984422e+00 -5.923465887604231206e+00 -7.608854784731176046e+00
-4.033613445378150808e-02 -2.747179567679974621e+00 -2.967025139296586289e+00 -3.987821771767305012e+00 -5.900961258217998662e+00 -7.642103238596360981e+00
-4.537815126050419312e-02 -2.744069536880767490e+00 -2.964510394411577821e+00 -3.985067531506085281e+00 -5.923833445935777320e+00 -7.667893546064323829e+00
-5.042016806722688510e-02 -2.744353720716791400e+00 -2.963805658380467722e+00 -3.978432511655807247e+00 -5.915423599527378506e+00 -7.659062713708678416e+00
-5.546218487394957708e-02 -2.744609066647746953e+00 -2.963167178325273099e+00 -3.972411517356840172e+00 -5.907573183315020238e+00 -7.650932578189914679e+00
-6.050420168067226212e-02 -2.744065037790277994e+00 -2.962373448701339562e+00 -3.962365948388864911e+00 -5.903784764904290938e+00 -7.648554024360765702e+00
-6.554621848739494716e-02 -2.744583523830148586e+00 -2.961895247743030701e+00 -3.958148025052761643e+00 -5.894828779666982044e+00 -7.638755569387597255e+00
-7.058823529411764608e-02 -2.745045120517809689e+00 -2.961503301455854942e+00 -3.954298426142987655e+00 -5.886586931377149945e+00 -7.629928318696570066e+00
-7.563025210084033112e-02 -2.745460670419556770e+00 -2.961176689295455411e+00 -3.950769888294082044e+00 -5.878966499739325613e+00 -7.621904724697901479e+00
-8.067226890756301616e-02 -2.745838190407000390e+00 -2.960900599749324513e+00 -3.947528444930504143e+00 -5.871890341427491222e+00 -7.614554283594317852e+00
-8.571428571428570120e-02 -2.746183560291253656e+00 -2.960663996644514295e+00 -3.944547707948773851e+00 -5.865294201459101409e+00 -7.607774870711929260e+00
-9.075630252100838624e-02 -2.746501034597393254e+00 -2.960458225156576084e+00 -3.941806081215605939e+00 -5.859124407778375954e+00 -7.601485958409719856e+00
-9.579831932773108516e-02 -2.750319524835831420e+00 -2.964338085554139468e+00 -3.934188450108058177e+00 -5.852722664963882160e+00 -7.590034409178677777e+00
-1.008403361344537702e-01 -2.750442459745528812e+00 -2.963990256664320810e+00 -3.932076774816750664e+00 -5.847653126207032592e+00 -7.585339526505677554e+00
-1.058823529411764552e-01 -2.750549664277270878e+00 -2.963636034280246356e+00 -3.930239339462908266e+00 -5.842812931482959549e+00 -7.580899418353464370e+00
-1.109243697478991542e-01 -2.750640203646785409e+00 -2.963270309567622274e+00 -3.928663817630670518e+00 -5.838178727224454079e+00 -7.576687204490023753e+00
-1.159663865546218392e-01 -2.750712546356132826e+00 -2.962887787506424342e+00 -3.927338005884122740e+00 -5.833732555640007256e+00 -7.572678199805816135e+00
-1.210084033613445242e-01 -2.750764610363206408e+00 -2.962483134572743815e+00 -3.926248679926415353e+00 -5.829462092599396961e+00 -7.568849028547833591e+00
-1.260504201680672232e-01 -2.750793813814388145e+00 -2.962051182032595875e+00 -3.925380314791143910e+00 -5.825361020573811111e+00 -7.565177007809784193e+00
-1.310924369747898943e-01 -2.750797137837663442e+00 -2.961587200615488413e+00 -3.924713710231673147e+00 -5.821429420372889574e+00 -7.561639902287887516e+00
-1.361344537815125932e-01 -2.750771207881543834e+00 -2.961087258745201289e+00 -3.924224606845854169e+00 -5.817674019487589554e+00 -7.558216194607428662e+00
-1.411764705882352922e-01 -2.750712398206596632e+00 -2.960548669344241990e+00 -3.923882433405110781e+00 -5.814108080973087844e+00 -7.554886029705307315e+00
-1.462184873949579633e-01 -2.750616961475129241e+00 -2.959970521151916945e+00 -3.923649378012297628e+00 -5.810750682292402658e+00 -7.551632955683329484e+00
-1.512605042016806622e-01 -2.750481181545852749e+00 -2.959354276223816527e+00 -3.923480016895991351e+00 -5.807625137264751380e+00 -7.548446470879148329e+00
-1.563025210084033334e-01 -2.750301543283564687e+00 -2.958704399749655156e+00 -3.923321744036728731e+00 -5.804756390488123863e+00 -7.545325183000143099e+00
-1.613445378151260323e-01 -2.750074908140837326e+00 -2.958028967069225690e+00 -3.923116219640110813e+00 -5.802167380412106112e+00 -7.542280096670880951e+00
-1.663865546218487312e-01 -2.749798680697290720e+00 -2.957340191260930506e+00 -3.922801973930156727e+00 -5.799874629986810248e+00 -7.539337238476425895e+00
-1.714285714285714024e-01 -2.749470948400118520e+00 -2.956654772489437644e+00 -3.922318198534874956e+00 -5.797883629260819127e+00 -7.536538590776619806e+00
-1.764705882352941013e-01 -2.749090577312119699e+00 -2.955994008038631993e+00 -3.921609624762413482e+00 -5.796184850466029381e+00 -7.533940298662273882e+00
-1.815126050420167725e-01 -2.748657249347068454e+00 -2.955383591442106717e+00 -3.920632286491250618e+00 -5.794751369061495794e+00 -7.531607447673147604e+00
-1.865546218487394714e-01 -2.748171432056290442e+00 -2.954853061909668455e+00 -3.919359895299908025e+00 -5.793538984190726104e+00 -7.529605450823511070e+00
-1.915966386554621703e-01 -2.747634279080121367e+00 -2.954434906734091815e+00 -3.917790552928878345e+00 -5.792489432501378488e+00 -7.527989126023058475e+00
-1.966386554621848415e-01 -2.747047465638176256e+00 -2.954163366908359567e+00 -3.915953568139891594e+00 -5.791536875905865855e+00 -7.526791666813686277e+00
-2.016806722689075404e-01 -2.746412968696014811e+00 -2.954073045399606467e+00 -3.913916213890967111e+00 -5.790617481652542864e+00 -7.526016584446599822e+00
-2.067226890756302393e-01 -2.745732802099280612e+00 -2.954197459279279236e+00 -3.911790316495895148e+00 -5.789681780840116865e+00 -7.525636096195169600e+00
-2.117647058823529105e-01 -2.745008716300678664e+00 -2.954567705768203822e+00 -3.909738585050783755e+00 -5.788709687289402162e+00 -7.525599352252299923e+00
-2.168067226890756094e-01 -2.744241866249532702e+00 -2.955211420755594176e+00 -3.907980552627477788e+00 -5.787728582287342327e+00 -7.525853666804889208e+00
-2.218487394957983083e-01 -2.743432446960872184e+00 -2.956152196251929265e+00 -3.906797908789192864e+00 -5.786835611547968661e+00 -7.526382221386515248e+00
-2.268907563025209795e-01 -2.742579291843671996e+00 -2.957409582302676920e+00 -3.906538833155623003e+00 -5.786226075539413927e+00 -7.527263403271118314e+00
-2.319327731092436784e-01 -2.728391927660295480e+00 -2.995323534341760130e+00 -4.081446989235590905e+00 -5.953219742938295589e+00 -7.922888951938127811e+00
-2.369747899159663496e-01 -2.728296834097848844e+00 -2.995345166541306892e+00 -4.081387752725303741e+00 -5.951725234531558328e+00 -7.923753925337464032e+00
-2.420168067226890485e-01 -2.728359869351735245e+00 -2.995527602038662085e+00 -4.081873744135433135e+00 -5.948619243835059578e+00 -7.922810377377615509e+00
-2.470588235294117474e-01 -2.728249290821163076e+00 -2.995565243481826734e+00 -4.082011743772288703e+00 -5.947074750679412602e+00 -7.924028157802553984e+00
-2.521008403361344463e-01 -2.728130412971534469e+00 -2.995610305106997551e+00 -4.082214421019592088e+00 -5.945473003871595274e+00 -7.925330428326182286e+00
-2.571428571428571175e-01 -2.732168854882199405e+00 -2.977365237566152789e+00 -3.927963821845291026e+00 -5.799848775303831694e+00 -7.573081700289039375e+00
-2.621848739495797886e-01 -2.730644173291900678e+00 -2.980909002396698870e+00 -3.948758760386619215e+00 -5.821957884726761456e+00 -7.619034137315560784e+00
-2.672268907563025153e-01 -2.749596837213795997e+00 -2.959979253573936209e+00 -3.892890778773416383e+00 -5.745528644026332010e+00 -7.484775882172513661e+00
-2.722689075630251865e-01 -2.747238280340567496e+00 -2.953744962817809849e+00 -3.905723113516919920e+00 -5.743228437981379386e+00 -7.466031183181323527e+00
-2.773109243697478576e-01 -2.746201825182716938e+00 -2.953759627852539982e+00 -3.905974778119201130e+00 -5.742730184722102393e+00 -7.466348698762685920e+00
-2.823529411764705843e-01 -2.744833377794379636e+00 -2.954485576119322499e+00 -3.906123787753343901e+00 -5.741879491986900952e+00 -7.469299536459792499e+00
-2.873949579831932555e-01 -2.742709705182885482e+00 -2.959034726582592256e+00 -3.910217329315356594e+00 -5.740252621737230498e+00 -7.480473091586523182e+00
-2.924369747899159266e-01 -2.743189064183873871e+00 -2.960289040519819892e+00 -3.917530688197358835e+00 -5.735005573597428352e+00 -7.482202663413476174e+00
-2.974789915966385978e-01 -2.744464057651514466e+00 -2.961851068990260405e+00 -3.926320784052121926e+00 -5.726937234203917093e+00 -7.487107300406202981e+00
-3.025210084033613245e-01 -2.748997281019772476e+00 -2.964302950159435568e+00 -3.920582040719858608e+00 -5.718187498501123400e+00 -7.499619379417472587e+00
-3.075630252100839956e-01 -2.748063855420509682e+00 -2.967634608998492407e+00 -3.920365886064975491e+00 -5.711439401168607155e+00 -7.532887795322050550e+00
-3.126050420168066668e-01 -2.727006471578497848e+00 -2.985587937478858311e+00 -3.897065061457194890e+00 -5.766819454276568280e+00 -7.495461740732763722e+00
-3.176470588235293935e-01 -2.743847180443831579e+00 -3.012599693216848173e+00 -3.996724970348598749e+00 -5.777546855905720591e+00 -7.552804751711796882e+00
-3.226890756302520646e-01 -2.740894901510270376e+00 -2.965575708269582389e+00 -3.809152862079479451e+00 -5.589488433721672145e+00 -7.240295824912335476e+00
-3.277310924369747358e-01 -2.744232157810407191e+00 -2.946137627032852979e+00 -3.333555707891076914e+00 -3.936978370668540617e+00 -5.007152431089422429e+00
-3.327731092436974625e-01 -2.731144303254250616e+00 -2.929060292612563732e+00 -3.573263653190455358e+00 -4.709687889463679333e+00 -6.216141772536174059e+00
-3.378151260504201336e-01 -2.759946288043916063e+00 -2.802392320546172044e+00 -2.847439094149564198e+00 -2.894502992005458797e+00 -2.943729431002287011e+00
-3.428571428571428048e-01 -2.763507070254096032e+00 -2.819280824898563687e+00 -2.874513038971373557e+00 -2.932581814044215029e+00 -2.993913678868616035e+00
-3.478991596638655315e-01 -2.764324932907984422e+00 -2.820114165387757499e+00 -2.875747114473846011e+00 -2.934321233775979199e+00 -2.996218285965970729e+00
-3.529411764705882026e-01 -2.764908860991558637e+00 -2.820478580954347336e+00 -2.876248002525019221e+00 -2.935025372228280194e+00 -2.997151105876697752e+00
-3.579831932773108738e-01 -2.765297988141542262e+00 -2.820467873835783568e+00 -2.876164421354244993e+00 -2.934903751366423119e+00 -2.996989117034167815e+00
-3.630252100840335450e-01 -2.765526267555234341e+00 -2.820149954548080817e+00 -2.875603199011700362e+00 -2.934107324806662032e+00 -2.995932547651694478e+00
-3.680672268907562716e-01 -2.765622643659987556e+00 -2.819576181683842719e+00 -2.874644980077663448e+00 -2.932750402747093421e+00 -2.994133495261951161e+00
-3.731092436974789428e-01 -2.765611042743928216e+00 -2.818787090346439150e+00 -2.873353626356888846e+00 -2.930923764514027141e+00 -2.991713070538983832e+00
-3.781512605042016140e-01 -2.765510691807017807e+00 -2.817815747891814659e+00 -2.871781528882449308e+00 -2.928702049788909356e+00 -2.988771056435564066e+00
-3.831932773109243406e-01 -2.765336697764887663e+00 -2.816689710696536952e+00 -2.869972579915857303e+00 -2.926147883327039345e+00 -2.985391292274480968e+00
-3.882352941176470118e-01 -2.765100722113416953e+00 -2.815432221275962377e+00 -2.867963926364656135e+00 -2.923314307996512706e+00 -2.981644850189957729e+00
-3.932773109243696830e-01 -2.764811640378910695e+00 -2.814063016430536912e+00 -2.865787134335884279e+00 -2.920246407843190006e+00 -2.977592161256033876e+00
-3.983193277310924096e-01 -2.764476396765455313e+00 -2.812599465829889400e+00 -2.863469907730792130e+00 -2.916983724469535133e+00 -2.973286200941045010e+00
-4.033613445378150808e-01 -2.764100141168292168e+00 -2.811056375623055104e+00 -2.861035739343376516e+00 -2.913559767738012507e+00 -2.968771844450795783e+00
-4.084033613445377520e-01 -2.763686012929890357e+00 -2.809445087771445415e+00 -2.858502481361483660e+00 -2.910000021462834319e+00 -2.964083256496599095e+00
-4.134453781512604786e-01 -2.763236748911262808e+00 -2.807776296953222950e+00 -2.855886778898455436e+00 -2.906328195668332004e+00 -2.959252150939823522e+00
-4.184873949579831498e-01 -2.762754416587923423e+00 -2.806059461374563746e+00 -2.853203162446368069e+00 -2.902564958394407313e+00 -2.954306126646085495e+00
-4.235294117647058210e-01 -2.762240582465440131e+00 -2.804302900691226785e+00 -2.850464221852452074e+00 -2.898728191350497863e+00 -2.949269016588802028e+00
-4.285714285714285476e-01 -2.761696475903313797e+00 -2.802513994679564746e+00 -2.847680946049121697e+00 -2.894833477288568435e+00 -2.944161541431852491e+00
-4.336134453781512188e-01 -2.761123117669056271e+00 -2.800699345006558261e+00 -2.844863006527017735e+00 -2.890894506288874233e+00 -2.939001854747484099e+00
-4.386554621848738900e-01 -2.760521420991471686e+00 -2.798864906589769053e+00 -2.842018993058864851e+00 -2.886923412978078307e+00 -2.933805995769498409e+00
-4.436974789915966166e-01 -2.759892135682997072e+00 -2.797015941734958933e+00 -2.839156364167929159e+00 -2.882930714326238153e+00 -2.928587818437988322e+00
-4.487394957983192878e-01 -2.759236343258347990e+00 -2.795157597480304901e+00 -2.836282397677912570e+00 -2.878926638552882444e+00 -2.923360736744868404e+00
-4.537815126050419590e-01 -2.758555045232744085e+00 -2.793294457885588944e+00 -2.833403492673744584e+00 -2.874920154661420035e+00 -2.918136462134901965e+00
-4.588235294117646301e-01 -2.757849372971191482e+00 -2.791430807833067185e+00 -2.830525609844293022e+00 -2.870919588334888140e+00 -2.912925814970252603e+00
-4.638655462184873568e-01 -2.757120626084447856e+00 -2.789570707149638285e+00 -2.827654403928975047e+00 -2.866932806889145091e+00 -2.907738970461906547e+00
-4.689075630252100280e-01 -2.756370313026752950e+00 -2.787718061407173042e+00 -2.824795348244925730e+00 -2.862967392101590125e+00 -2.902585687439251938e+00
-4.739495798319326991e-01 -2.755600182851668301e+00 -2.785876588107067064e+00 -2.821953700753803584e+00 -2.859030592270977778e+00 -2.897475249377945428e+00
-4.789915966386554258e-01 -2.754812060248683636e+00 -2.784049028171195594e+00 -2.819133330184106612e+00 -2.855127696332012910e+00 -2.892414361039983284e+00
-4.840336134453780970e-01 -2.754005496974685219e+00 -2.782229424108185967e+00 -2.816325043361262548e+00 -2.851245900511030218e+00 -2.887386277934320233e+00
-4.890756302521007681e-01 -2.753185151991387691e+00 -2.780423744914938489e+00 -2.813538073379610704e+00 -2.847397882291302640e+00 -2.882407282906620960e+00
-4.941176470588234948e-01 -2.752350928395825402e+00 -2.778636437983420304e+00 -2.810778627046448541e+00 -2.843592142387458832e+00 -2.877488192083182295e+00
-4.991596638655461660e-01 -2.751505465208054169e+00 -2.776870938740997552e+00 -2.808051900421874247e+00 -2.839835712672337031e+00 -2.872637885362153476e+00
-5.042016806722688926e-01 -2.750850941357062318e+00 -2.775148396521800009e+00 -2.805406978680490049e+00 -2.836192138631775883e+00 -2.867938422796084463e+00
-5.092436974789915638e-01 -2.749983720368884388e+00 -2.773434402305190893e+00 -2.802758608724870815e+00 -2.832551587529235526e+00 -2.863247180598234465e+00
-5.142857142857142350e-01 -2.749113944659239195e+00 -2.771752855767710244e+00 -2.800159149717641682e+00 -2.828982095196122426e+00 -2.858652019393576715e+00
-5.193277310924369061e-01 -2.748244120533445134e+00 -2.770103832422623036e+00 -2.797609001024700781e+00 -2.825483969838951559e+00 -2.854153052629175846e+00
-5.243697478991595773e-01 -2.747376236773143354e+00 -2.768486611657186902e+00 -2.795107346663155745e+00 -2.822055852587604274e+00 -2.849748259383129589e+00
-5.294117647058822484e-01 -2.746511548400956126e+00 -2.766900410263907872e+00 -2.792653177706402090e+00 -2.818696136921557294e+00 -2.845435314179769914e+00
-5.344537815126050306e-01 -2.745653237824658532e+00 -2.765348753590108899e+00 -2.790252077452627155e+00 -2.815412242697846512e+00 -2.841223477394754671e+00
-5.394957983193277018e-01 -2.744768588343804439e+00 -2.763829311639077968e+00 -2.787905689513573648e+00 -2.812206282857881767e+00 -2.837115205517436234e+00
-5.445378151260503730e-01 -2.743931874757155942e+00 -2.762351959363159803e+00 -2.785617125921202586e+00 -2.809082081771928419e+00 -2.833115078977868517e+00
-5.495798319327730441e-01 -2.743107009615156411e+00 -2.760912047325716490e+00 -2.783386406418662418e+00 -2.806039544252011630e+00 -2.829222728840301126e+00
-5.546218487394957153e-01 -2.742293468518156807e+00 -2.759507223592663205e+00 -2.781210059904874576e+00 -2.803073709376358469e+00 -2.825431552075877928e+00
-5.596638655462183864e-01 -2.741494309935163187e+00 -2.758142218187428885e+00 -2.779095419897663177e+00 -2.800194354601885038e+00 -2.821753790831731390e+00
-5.647058823529411686e-01 -2.740712931601073432e+00 -2.756817025184364667e+00 -2.777043020870517243e+00 -2.797401938773690588e+00 -2.818189772056189479e+00
-5.697478991596638398e-01 -2.739946670003583939e+00 -2.755530259347346078e+00 -2.775050280971394390e+00 -2.794692775721959954e+00 -2.814734538783582263e+00
-5.747899159663865110e-01 -2.739199486439895193e+00 -2.754283183747513242e+00 -2.773119644518400762e+00 -2.792069941885805928e+00 -2.811391778466379332e+00
-5.798319327731091821e-01 -2.738472865210695328e+00 -2.753076176345073733e+00 -2.771251845874176389e+00 -2.789534223016086223e+00 -2.808162257178237198e+00
-5.848739495798318533e-01 -2.737768042205174890e+00 -2.751909126663838023e+00 -2.769446975722177573e+00 -2.787085535602940922e+00 -2.805045640986370437e+00
-5.899159663865545244e-01 -2.737086302301111385e+00 -2.750781395171090438e+00 -2.767704738827171163e+00 -2.784723271436269076e+00 -2.802040937938794940e+00
-5.949579831932771956e-01 -2.736430208480084225e+00 -2.749691050823245497e+00 -2.766024602514006059e+00 -2.782446465701839955e+00 -2.799146714949456882e+00
-5.999999999999999778e-01 -2.735809481362897699e+00 -2.748631278012715118e+00 -2.764405201535846235e+00 -2.780252822387508704e+00 -2.796359868318958330e+00
