0.000000000000000000e+00 -5.138702552059165778e-18 2.463631958839363333e-18 0.000000000000000000e+00 -6.964708559334397255e-18 -2.375753698511020011e-17 0.000000000000000000e+00 2.177777005113281735e-18 -7.215698471000976250e-18 0.000000000000000000e+00 1.065351368666489033e-19 9.681037154032196103e-19 7.946639896749382117e-20 0.000000000000000000e+00
-5.042016806722688510e-03 -1.960413583296684739e-17 -2.684734061306814836e-17 -5.551115123125782702e-17 -2.142746085350558705e-17 -2.164025638911866718e-17 -1.387778780781445676e-16 -6.414491073561411336e-19 -1.058774752848703245e-17 2.220446049250313081e-16 -9.937143671040509105e-19 -2.824848495513661746e-18 2.598638352546899277e-19 0.000000000000000000e+00
-1.008403361344537702e-02 7.168025884496955262e-19 3.536623160803407250e-18 5.551115123125782702e-17 -1.951349016144747985e-17 -8.663937547968204946e-18 -3.608224830031758756e-16 -1.031536101949378564e-19 -2.729110442239266192e-17 2.775557561562891351e-16 -1.139257732004611337e-18 5.099595317174954085e-18 -2.162741678675729763e-20 -5.551115123125782702e-17
-1.512605042016806553e-02 -1.377041809278079762e-17 -2.646305751517414217e-18 -1.110223024625156540e-16 -2.456931250194944013e-17 -7.391911363421794859e-18 4.440892098500626162e-16 9.419357161936604270e-19 2.557127973937723056e-18 -1.110223024625156540e-16 3.415450051856746698e-20 -3.481573206271774082e-19 -2.482634976075492663e-19 -2.775557561562891351e-17
-2.016806722689075404e-02 -2.211683665889321244e-18 6.131887189861958643e-18 0.000000000000000000e+00 1.753930189508475610e-17 4.450856598757661964e-18 -1.110223024625156540e-16 -3.690753888115649579e-18 1.592096021129628382e-17 -1.110223024625156540e-16 2.267304575004198050e-19 -1.906761501321013119e-18 1.358585931576273081e-19 0.000000000000000000e+00
-2.521008403361344255e-02 -3.070307080566407581e-18 -7.854917908191702410e-18 1.110223024625156540e-16 1.979062482308095241e-17 -1.192103429989175813e-17 -2.498001805406602216e-16 -1.093387831191198040e-18 8.700176065367677301e-18 1.942890293094023946e-16 -2.442892367693178930e-19 6.286975730725411401e-18 4.083479691186569670e-20 -1.387778780781445676e-16
-3.025210084033613106e-02 1.046278572320115468e-17 -6.044108548276350450e-18 -2.220446049250313081e-16 -6.010750923722166029e-18 -1.190829575905523590e-17 5.551115123125782702e-17 -1.375461937121915411e-18 -5.148427647569224296e-18 -5.551115123125782702e-17 -1.152839529396766545e-20 -2.175036823008358551e-18 -1.737243564327453058e-19 -2.775557561562891351e-17
-3.529411764705882304e-02 9.409155150987229603e-18 4.443502323645772217e-19 -5.551115123125782702e-17 -3.580430315675556266e-18 -1.644962348300947913e-17 2.775557561562891351e-17 1.562879013080701081e-18 2.850086465590274271e-17 2.220446049250313081e-16 1.914685800734295985e-18 -1.414768985757024191e-18 -1.284690010119225167e-19 0.000000000000000000e+00
-4.033613445378150808e-02 1.782693799371016106e-17 -3.474949245756359090e-18 -5.551115123125782702e-17 -2.859858781406363979e-18 -5.767809396296367186e-18 0.000000000000000000e+00 -3.220602543812712177e-19 9.894593733892219207e-18 -2.220446049250313081e-16 -8.996354412530159134e-19 -1.240711423210999553e-18 -1.343387769731504170e-19 5.551115123125782702e-17
-4.537815126050419312e-02 1.161387728360745308e-17 -2.369429142511941067e-18 -5.551115123125782702e-17 2.633475361657683521e-17 -9.404178313106323863e-19 -1.110223024625156540e-16 -4.256857738950114718e-19 -2.028366925477880473e-17 1.110223024625156540e-16 -9.625886088658962452e-19 1.391249202950895202e-18 -2.172909884177197744e-19 0.000000000000000000e+00
-5.042016806722688510e-02 3.830577949124821222e-18 -1.029940074958831946e-18 0.000000000000000000e+00 -1.057222278025571302e-17 8.655481641259053236e-18 5.551115123125782702e-17 -1.585584363981281764e-18 -8.038389418129266609e-18 0.000000000000000000e+00 -7.391069749874569227e-19 -3.881610292821127365e-18 6.104977017505523298e-20 -2.775557561562891351e-17
-5.546218487394957708e-02 -3.529025847343936180e-18 4.695953218429840877e-18 2.775557561562891351e-17 8.730618408721542335e-20 -2.254770658739526629e-18 -1.942890293094023946e-16 -9.823348242785657279e-20 1.257869061572727526e-17 1.110223024625156540e-16 -1.514012623190864604e-19 -1.130114695345038656e-18 -9.909419008678310999e-20 0.000000000000000000e+00
-6.050420168067226212e-02 3.221615021136702365e-18 1.257028756836384121e-18 -5.551115123125782702e-17 1.615571770292159128e-17 -3.031632682710189503e-17 1.665334536937734811e-16 -3.951674207588991333e-18 -9.802492692471372576e-18 -1.665334536937734811e-16 -1.240701054289364516e-18 -6.082793955844262272e-20 8.972239006385385668e-20 -8.326672684688674053e-17
-6.554621848739494716e-02 7.157207687269655641e-18 4.921206404288626837e-18 0.000000000000000000e+00 -1.672891805162748659e-17 1.148118384534471193e-17 0.000000000000000000e+00 3.002413444523896353e-18 -3.431608559527009257e-17 0.000000000000000000e+00 1.536062532426752731e-19 -1.820833173682527170e-18 -1.077752939508404659e-19 -2.775557561562891351e-17
-7.058823529411764608e-02 3.823811536280111499e-18 2.851748208886494731e-18 0.000000000000000000e+00 -2.495162551165467845e-17 -1.278851052385966628e-17 0.000000000000000000e+00 2.223385977020764700e-19 3.556570053514269248e-17 0.000000000000000000e+00 2.739568414512944460e-19 -2.868423419583313028e-18 1.677221160597989067e-19 -1.387778780781445676e-16
-7.563025210084033112e-02 -4.323324030697242323e-18 1.131870094686431005e-17 1.110223024625156540e-16 -6.647296246312111439e-18 1.267487849399235655e-17 0.000000000000000000e+00 -9.374980947916969267e-19 3.472817705687217228e-17 1.110223024625156540e-16 -5.827486286436608307e-19 1.224089225177975420e-18 1.504942446558031804e-19 -5.551115123125782702e-17
-8.067226890756301616e-02 1.806476067725985071e-17 -1.444094678595605188e-17 -2.775557561562891351e-17 2.178980069475710022e-17 8.680020914556938262e-18 5.551115123125782702e-17 -1.924349517798367705e-19 -2.034553976915090536e-17 -2.775557561562891351e-17 7.195414779338121845e-20 -2.529966385368055179e-18 6.129619926480147317e-20 0.000000000000000000e+00
-8.571428571428570120e-02 -9.713501787844816417e-18 -5.952478447854550243e-18 0.000000000000000000e+00 5.655888217019324113e-18 1.410508626672235044e-17 -4.440892098500626162e-16 2.410353309461366020e-18 2.120855275943673712e-17 5.551115123125782702e-16 5.773886281746633157e-19 2.783171076007807336e-18 9.056359789883359664e-21 0.000000000000000000e+00
-9.075630252100838624e-02 1.142993992078871965e-02 1.173865444697753252e-02 4.195605326482101938e-02 -9.652017312988538447e-03 -9.666253201244479065e-03 -4.260714846173305204e-02 1.142983679539737174e-02 1.170747653753477849e-02 4.202233601938279439e-02 -9.659084186750021769e-03 -9.664018467774888183e-03 -2.703362761720344955e-04 -4.265429923032112991e-02
-9.579831932773108516e-02 1.130256059908583618e-02 1.161931154555924037e-02 4.223874704457808438e-02 -9.404057753591620050e-03 -9.422883340295576393e-03 -4.292104373835856079e-02 1.130100380761748895e-02 1.158768433073537225e-02 4.230512444110784420e-02 -9.409398022032281622e-03 -9.418328700630976963e-03 -2.643777365885232960e-04 -4.296938250286316818e-02
-1.008403361344537702e-01 1.116596520358787564e-02 1.149083910884416554e-02 4.252012159848370110e-02 -9.136681296715529546e-03 -9.161257884085265840e-03 -4.323641551859874754e-02 1.116302657689791783e-02 1.145994001588088521e-02 4.258806491240976766e-02 -9.139439361484737179e-03 -9.154642708508482080e-03 -2.581454368829082030e-04 -4.328516645774371785e-02
-1.058823529411764552e-01 1.102052661087421156e-02 1.135334292528920527e-02 4.280428525174762022e-02 -8.848448558484850457e-03 -8.880635052888209008e-03 -4.355201371523675924e-02 1.101672457818816606e-02 1.132413257679975790e-02 4.287011714180666289e-02 -8.849414957548356470e-03 -8.871901341192370977e-03 -2.516577111951341086e-04 -4.360177091834105401e-02
-1.109243697478991542e-01 1.086757626769800644e-02 1.120842015372799753e-02 4.308760856337745526e-02 -8.538983853730763157e-03 -8.579714763208897560e-03 -4.386808088031318720e-02 1.086290200732682384e-02 1.118050147682719299e-02 4.315159956371505956e-02 -8.538236697076278039e-03 -8.569422097374762917e-03 -2.449113514133681316e-04 -4.391772575215824315e-02
-1.159663865546218392e-01 1.070809262258528606e-02 1.106089742845884315e-02 4.336731432596593883e-02 -8.207898636704910947e-03 -8.258101467342390811e-03 -4.418366715559671198e-02 1.070148580081140173e-02 1.102889623608756253e-02 4.343205407861278067e-02 -8.203789506675534388e-03 -8.245307229574970476e-03 -2.379046591171445622e-04 -4.423308311270576776e-02
-1.210084033613445242e-01 1.054068289324627296e-02 1.090163775984613614e-02 4.364838344776436618e-02 -7.851355953716242231e-03 -7.912518292284238808e-03 -4.449822944084982912e-02 1.053380317474679646e-02 1.087126845883427950e-02 4.371044244288363467e-02 -7.846188311017139594e-03 -7.898929534067084673e-03 -2.306144038123725086e-04 -4.454672414935884062e-02
-1.260504201680672232e-01 1.036583472580351190e-02 1.073294796577689211e-02 4.392799234246841378e-02 -7.467625814898220388e-03 -7.542498480524399695e-03 -4.481055694001537248e-02 1.035904761931856835e-02 1.070709678750353389e-02 4.398593535332190330e-02 -7.462231472406405386e-03 -7.528511132658332120e-03 -2.230404439459339754e-04 -4.485789850599092299e-02
-1.310924369747898943e-01 2.434425242754284860e-02 2.505717017630371829e-02 1.039518618991870369e-01 -1.697538296691425766e-02 -1.711757817981529248e-02 -1.062378046808996335e-01 2.432919268053079787e-02 2.500242028347417211e-02 1.040732906853238382e-01 -1.696258079261822593e-02 -1.709567985328396336e-02 -1.112058624274261595e-03 -1.063334976510695584e-01
-1.361344537815125932e-01 2.397753648914371233e-02 2.475228477471379251e-02 1.044479276103135457e-01 -1.601839638113295231e-02 -1.622541609527397566e-02 -1.068938169776833258e-01 2.392967346476568974e-02 2.466019371034328805e-02 1.046775123321342926e-01 -1.598623788932659190e-02 -1.615570060858095500e-02 -1.071782633913904948e-03 -1.070739706628828780e-01
-1.411764705882352922e-01 2.347147200067776010e-02 2.425871129030406081e-02 1.051149099839529255e-01 -1.483213359113705158e-02 -1.508402242566058565e-02 -1.076426671023584525e-01 2.342258715416044301e-02 2.417265392963854204e-02 1.053388232711977845e-01 -1.479564774829136842e-02 -1.501399167734972923e-02 -1.027613150932892407e-03 -1.078222986649435833e-01
-1.462184873949579633e-01 4.253004237126076226e-02 4.361219347187549056e-02 1.926372419167917682e-01 -2.535959278359285751e-02 -2.575086415228160577e-02 -1.977970076385616727e-01 4.244538230436493975e-02 4.345762236220108987e-02 1.930107813501093228e-01 -2.529331344718530397e-02 -2.567824861195661459e-02 -2.977740113032279704e-03 -1.980513598228625105e-01
-1.512605042016806622e-01 4.146172184744141564e-02 4.261218752060912107e-02 1.938637366310404786e-01 -2.275374868446198087e-02 -2.324821100707938001e-02 -1.991677765313490667e-01 4.138292417918254529e-02 4.243565390182035824e-02 1.942361261610616729e-01 -2.268592225043796970e-02 -2.318442778450489558e-02 -2.831710268592012216e-03 -1.994269694726503450e-01
-1.563025210084033334e-01 1.342794721276200087e-01 1.349016304452183013e-01 6.223388055028274968e-01 -6.878486531400924975e-02 -6.985927683744073968e-02 -6.437172396570768340e-01 1.342815667724303885e-01 1.349042848425507646e-01 6.223698583174059884e-01 -6.878585067499817796e-02 -6.986020310293210300e-02 -1.838324918436868433e-02 -6.436993143006379814e-01
-1.613445378151260323e-01 1.302532445865379751e-01 1.311623740284355022e-01 6.270475474133987426e-01 -5.846008316610826899e-02 -6.002754656261144461e-02 -6.489855317059278761e-01 1.302554704111665296e-01 1.311655132975940163e-01 6.270794954783504016e-01 -5.846107518664252212e-02 -6.002859311967208289e-02 -1.731240044700946626e-02 -6.489672082722880431e-01
-1.663865546218487312e-01 1.260136115718027972e-01 1.272479342116316359e-01 6.316961330576115197e-01 -4.726463542073557761e-02 -4.938917397636372747e-02 -6.539863313218915453e-01 1.260159854257092427e-01 1.272515938827782078e-01 6.317291859369216223e-01 -4.726567342111483161e-02 -4.939036187036814629e-02 -1.619736247152268188e-02 -6.539676945231875926e-01
-1.714285714285714024e-01 1.401578713171277857e-01 1.418114964490714835e-01 7.252348839929828594e-01 -4.148558566214975707e-02 -4.456351803508942777e-02 -7.526346314644106750e-01 1.401567208049474544e-01 1.418135866310786808e-01 7.252847219053563110e-01 -4.148428861107818222e-02 -4.456271043323509901e-02 -1.876344113508653794e-02 -7.526143567881523611e-01
-1.764705882352941013e-01 1.349015652178035818e-01 1.369655743832558781e-01 7.307358863709570995e-01 -2.656489373435411833e-02 -3.040762482110083431e-02 -7.579405730111287154e-01 1.349007244152512497e-01 1.369679279803519556e-01 7.307861124561136901e-01 -2.656373753212721775e-02 -3.040689817486667834e-02 -1.729598469910547179e-02 -7.579198523851502500e-01
-1.815126050420167725e-01 1.294729236323594046e-01 1.319756654793773354e-01 7.360337885840955163e-01 -1.072421523234028118e-02 -1.539035875470085371e-02 -7.625391881235532576e-01 1.294723752348856671e-01 1.319781269867065510e-01 7.360843798180141118e-01 -1.072315551673922243e-02 -1.538969926472445043e-02 -1.580026684448029503e-02 -7.625180536915334706e-01
-1.865546218487394714e-01 1.239523192952442232e-01 1.269064628800977146e-01 7.410755236010414526e-01 5.856600556307959768e-03 3.279548129385273514e-04 -7.662997295253447527e-01 1.239520568696114711e-01 1.269089715906717986e-01 7.411263894094041182e-01 5.857653972228489547e-03 3.283976388862852591e-04 -1.429623105304611390e-02 -7.662782205687524995e-01
-1.915966386554621703e-01 1.238492718050113184e-01 1.272343855972445648e-01 7.737723501465517684e-01 2.321192409422002945e-02 1.660331493696778904e-02 -7.993931924057141591e-01 1.238232738960242801e-01 1.272107983359030692e-01 7.738379502705901025e-01 2.323204286588499701e-02 1.662200322171348069e-02 -1.373371258291635269e-02 -7.994092925313291964e-01
-1.966386554621848415e-01 1.182048724502785947e-01 1.220465073529524713e-01 7.784078853872595793e-01 4.130354517490009147e-02 3.376281217211948849e-02 -8.014045870833823582e-01 1.181820234066998515e-01 1.220260068187732777e-01 7.784680351549868593e-01 4.132163237865503491e-02 3.377960715182505569e-02 -1.217863339441430451e-02 -8.014177490514182711e-01
-2.016806722689075404e-01 1.127853044823095008e-01 1.170837204119608566e-01 7.826412680541370293e-01 5.928982252092161731e-02 5.081008875908426398e-02 -8.023652679370125718e-01 1.127653783909472601e-01 1.170660851573930850e-01 7.826963719397520558e-01 5.930598851950662914e-02 5.082488544425500104e-02 -1.068839295865166988e-02 -8.023757466394031423e-01
-2.067226890756302393e-01 1.096289098438225640e-01 1.143046064260016675e-01 7.961794951430340994e-01 7.754150215853485018e-02 6.806634166527350538e-02 -8.132136384521770900e-01 1.096131516504296188e-01 1.142898535825996736e-01 7.962072594179038232e-01 7.755436795514289439e-02 6.807802595635147058e-02 -9.526175091343458412e-03 -8.132265414904004119e-01
-2.117647058823529105e-01 1.049329251963142251e-01 1.100250750588196991e-01 7.996693544206808779e-01 9.464061876495567793e-02 8.426024662574621571e-02 -8.123694231823158640e-01 1.049193103333782157e-01 1.100124651850995783e-01 7.996932901057390852e-01 9.465191593462979336e-02 8.427042371049300873e-02 -8.187156867844614869e-03 -8.123803856058634532e-01
-2.168067226890756094e-01 1.007313424931798318e-01 1.062190228829433813e-01 8.028086263952873836e-01 1.108420780378851778e-01 9.958449805323645043e-02 -8.108389081501428119e-01 1.007195764899316004e-01 1.062082489625815751e-01 8.028292780762750214e-01 1.108519766584042110e-01 9.959333942030149101e-02 -6.952574270062548273e-03 -8.108482217129288072e-01
-2.218487394957983083e-01 9.703782287121545669e-02 1.028999659905464464e-01 8.056499752563380801e-01 1.260749804666113083e-01 1.139674449931554201e-01 -8.087860889668644360e-01 9.702763628394558970e-02 1.028907516127646748e-01 8.056678386694782201e-01 1.260836527942769958e-01 1.139751225592895711e-01 -5.819280179252196879e-03 -8.087940195113065833e-01
-2.268907563025209795e-01 9.463036558783641250e-02 1.007747481882597662e-01 8.114098962224889355e-01 1.408329809028714963e-01 1.278889013282562548e-01 -8.101374547961284200e-01 9.457238442643958742e-02 1.007217491831338962e-01 8.115079509663596369e-01 1.408825253092337304e-01 1.279331521339595323e-01 -4.833947472350997622e-03 -8.101805165861615254e-01
-2.319327731092436784e-01 9.185630575796974173e-02 9.833419049414654500e-02 8.138094792056045357e-01 1.543360605750069559e-01 1.405833314688718361e-01 -8.073684848458242413e-01 9.180454673719738723e-02 9.828721551290220404e-02 8.138967145441675655e-01 1.543807043478519769e-01 1.406230013616113494e-01 -3.867662428070493992e-03 -8.074063254970356152e-01
-2.369747899159663496e-01 8.947791496607473971e-02 9.627651411498519551e-02 8.160471976427882135e-01 1.670867198192503844e-01 1.525352491272390087e-01 -8.043643650971593617e-01 8.943162951635963420e-02 9.623480483544100128e-02 8.161249735733020483e-01 1.671269805511818862e-01 1.525708389942084242e-01 -2.972153489811839473e-03 -8.043976980510880725e-01
-2.420168067226890485e-01 8.774117127330091637e-02 9.468660423825367434e-02 8.192379598910134453e-01 1.797872917614581900e-01 1.645842509918262198e-01 -8.023431116230813620e-01 8.770128319452580312e-02 9.465082996528274839e-02 8.193040715657776696e-01 1.798222583679975062e-01 1.646151198067046240e-01 -2.123676654699869961e-03 -8.023705755501692183e-01
-2.470588235294117474e-01 8.598010239122053089e-02 9.314188915435894778e-02 8.212984413412880436e-01 1.917629080604613123e-01 1.758687496019357421e-01 -7.987846378279270798e-01 8.594457049940193438e-02 9.311024041275678398e-02 8.213571343131568225e-01 1.917942926706590612e-01 1.758963231587850340e-01 -1.311331632819115250e-03 -7.988086996916242688e-01
-2.521008403361344463e-01 8.447880703160666471e-02 9.187584436691137446e-02 8.232368579323026125e-01 2.032447694805835647e-01 1.866310826157018821e-01 -7.950323702226473888e-01 8.444713494917774343e-02 9.184782052367859717e-02 8.232890182432834880e-01 2.032729459170256048e-01 1.866557212618001060e-01 -5.480672630793168585e-04 -7.950534775159276979e-01
-2.571428571428571175e-01 8.323365190179701778e-02 9.092354305431218919e-02 8.249643153927429529e-01 2.139603917533324795e-01 1.965539809762151535e-01 -7.911961238555250686e-01 8.320530828464971218e-02 9.089861840526725079e-02 8.250108858643260268e-01 2.139857817181443078e-01 1.965760843677208380e-01 1.496305902137886658e-04 -7.912147412135933644e-01
-2.621848739495797886e-01 8.235011474053920144e-02 9.040434221850689178e-02 8.266523894361498259e-01 2.238564154606923484e-01 2.055363909267367006e-01 -7.877465455576641018e-01 8.232517344809166249e-02 9.038249606340567621e-02 8.266931321233141894e-01 2.238789005603480653e-01 2.055559793610916286e-01 7.654227505852908382e-04 -7.877622881708177260e-01
-2.672268907563025153e-01 8.141622093450726072e-02 8.994496418226362311e-02 8.280595310406666520e-01 2.333876171977135039e-01 2.140296465772854317e-01 -7.838310672631927378e-01 8.139375737045519144e-02 8.992539169901034302e-02 8.280961743401044073e-01 2.334080052795955151e-01 2.140473432490039296e-01 1.348767488312654049e-03 -7.838450481849862372e-01
-2.722689075630251865e-01 8.062117317091507807e-02 8.962817107799704586e-02 8.295080224405757541e-01 2.429144881804474188e-01 2.224797733186809068e-01 -7.798380230625052700e-01 8.060125074580509752e-02 8.961089360609070242e-02 8.295403861273193957e-01 2.429326893132720544e-01 2.224955523180146832e-01 1.906886790742963727e-03 -7.798500444714200341e-01
-2.773109243697478576e-01 7.981740133454702513e-02 8.933575065596824349e-02 8.309824449536190594e-01 2.524853084586017316e-01 2.309293822571862054e-01 -7.755364021526190976e-01 7.979955838105683152e-02 8.932036667957755915e-02 8.310113722157306260e-01 2.525017166572872673e-01 2.309435527279051492e-01 2.453591212227093296e-03 -7.755469796947547234e-01
-2.823529411764705843e-01 7.911996199948873043e-02 8.914003999627104213e-02 8.324771282057860100e-01 2.621480507549491246e-01 2.394601019435064759e-01 -7.710053259278052407e-01 7.910415799900166745e-02 8.912649200095043578e-02 8.325026523985371574e-01 2.621626787741469511e-01 2.394727030965184134e-01 2.986393412019520445e-03 -7.710144320469515256e-01
-2.873949579831932555e-01 7.854032246582312582e-02 8.885893635558986259e-02 8.342847460366487056e-01 2.728544422546844150e-01 2.492795194277353243e-01 -7.657174803267638996e-01 7.852659887070725930e-02 8.884732013895926817e-02 8.343068367802023433e-01 2.728672488494954806e-01 2.492904879360296477e-01 3.578132875661263479e-03 -7.657251338127019080e-01
-2.924369747899159266e-01 7.818116769490714157e-02 8.877639154302954805e-02 8.359558967694327158e-01 2.830468763980844571e-01 2.586191776108002771e-01 -7.603352001896568346e-01 7.816915739754648484e-02 8.876632618901980631e-02 8.359751716687263690e-01 2.830581635124218010e-01 2.586287956163805801e-01 4.136681977157096249e-03 -7.603417222149443377e-01
-2.974789915966385978e-01 7.800575051820506089e-02 8.886035589982635430e-02 8.375084500845774160e-01 2.928655260003266703e-01 2.676064072714084974e-01 -7.548306981636018209e-01 7.799519641252339319e-02 8.885152446389732450e-02 8.375252347720072432e-01 2.928754694520565027e-01 2.676148731983894469e-01 4.666691318695698892e-03 -7.548362203291296701e-01
-3.025210084033613245e-01 7.797734780100713803e-02 8.907541647493341652e-02 8.389794379542044878e-01 3.024246728649695459e-01 2.763526144421676878e-01 -7.491735285733803762e-01 7.796811122078534106e-02 8.906775416522366706e-02 8.389940506464338421e-01 3.024334259720826146e-01 2.763600386610519655e-01 5.173963055766192184e-03 -7.491781990602918162e-01
-3.075630252100839956e-01 7.807659181330849074e-02 8.940242668911327351e-02 8.403921941261214279e-01 3.117883091246664851e-01 2.849212633459168309e-01 -7.433497547148102402e-01 7.806852515823606287e-02 8.939579502786254572e-02 8.404048828584252950e-01 3.117959978637924179e-01 2.849277620051809956e-01 5.662079854457270113e-03 -7.433536825793140013e-01
-3.126050420168066668e-01 7.829283515112774039e-02 8.983048647956008714e-02 8.417629201510243853e-01 3.209916331279867308e-01 2.933481279945935327e-01 -7.373558567090625626e-01 7.828580981772259584e-02 8.982476523945800984e-02 8.417739002249925440e-01 3.209983675589521690e-01 2.933538024175596504e-01 6.133463586123803594e-03 -7.373591355349492504e-01
-3.176470588235293935e-01 7.862041436797449767e-02 9.035335409607139767e-02 8.431030084505850564e-01 3.300538334870721235e-01 3.016536781053550942e-01 -7.311938915196172228e-01 7.861431629283641143e-02 9.034843716112926637e-02 8.431124704290229310e-01 3.300597116843420054e-01 3.016586183198528004e-01 6.589896852268726547e-03 -7.311966032601735499e-01
-3.226890756302520646e-01 7.905636493299011969e-02 9.096730108559177019e-02 8.444207203278017992e-01 3.389853746398715506e-01 3.098500601941553967e-01 -7.248686594251017024e-01 7.905109190091569316e-02 9.096309391874482508e-02 8.444288348514873421e-01 3.389904850255561763e-01 3.098543470354245821e-01 7.032820271511825566e-03 -7.248708767519055352e-01
-3.277310924369747358e-01 7.959919249408947683e-02 9.166996964517822033e-02 8.457222213589952187e-01 3.477920416552267580e-01 3.179449598276242184e-01 -7.183861060692291467e-01 7.959465238640925366e-02 9.166638760873374592e-02 8.457291422591590724e-01 3.477964644804988903e-01 3.179486662841304323e-01 7.463492074754209289e-03 -7.183878939141208342e-01
-3.327731092436974625e-01 8.024823095567368281e-02 9.245978352489012120e-02 8.470122320456919818e-01 3.564771395389941255e-01 3.259436900386980529e-01 -7.117524822603559231e-01 8.024434051096182574e-02 9.245675066609501669e-02 8.470180985179081024e-01 3.564809479049264596e-01 3.259468821891012835e-01 7.883072885471787555e-03 -7.117538989041847231e-01
-3.378151260504201336e-01 8.100331542230340687e-02 9.333565394412807192e-02 8.482944423160465597e-01 3.650426730290901034e-01 3.338503019603638600e-01 -7.049739332802700265e-01 8.099999928925942505e-02 9.333310204826469891e-02 8.482993805510617991e-01 3.650459336493497853e-01 3.338530396807815048e-01 8.292670723085860535e-03 -7.049750311706136641e-01
-3.428571428571428048e-01 8.186461890547240550e-02 9.429683754503438708e-02 8.495717778758119509e-01 3.734899763835910491e-01 3.416681699645944814e-01 -6.980563145721364604e-01 8.186180887425387187e-02 9.429470535452814939e-02 8.495759023532398757e-01 3.734927501935005889e-01 3.416705074983498180e-01 8.693365148886682270e-03 -6.980571409653590909e-01
-3.478991596638655315e-01 8.283372261198720943e-02 9.534366279138198341e-02 8.508457674181728603e-01 3.818195674197062961e-01 3.493999111361256737e-01 -6.910047876638982789e-01 8.283135679789513373e-02 9.534189525500136320e-02 8.508491822183524844e-01 3.818219102542615428e-01 3.494018976834477042e-01 9.086213292405850503e-03 -6.910053852194649737e-01
-3.529411764705882026e-01 8.391058426417580263e-02 9.647431653524057849e-02 8.521190479844620302e-01 3.900340294040665068e-01 3.570518271323880888e-01 -6.838223206185651826e-01 8.390860686436775462e-02 9.647286441796520950e-02 8.521218471724503196e-01 3.900359920976688710e-01 3.570535070294083013e-01 9.472318607346135594e-03 -6.838227276426338541e-01
-3.579831932773108738e-01 8.509506869134535190e-02 9.768915213998358160e-02 8.533930185435216753e-01 3.981328105773468407e-01 3.646234375359582169e-01 -6.765158643604611832e-01 8.509342937949364305e-02 9.768797137012580345e-02 8.533952871865604362e-01 3.981344394899844485e-01 3.646248507562400709e-01 9.852652419464157790e-03 -6.765161152610925654e-01
-3.630252100840335450e-01 8.638819116948263932e-02 9.898855238777630461e-02 8.546688424641611936e-01 4.061169110392096604e-01 3.721173244784738432e-01 -6.690897474052445171e-01 8.638684460458595504e-02 9.898760362268942126e-02 8.546706573255663519e-01 4.061182484291620542e-01 3.721185069537008006e-01 1.022827213673224364e-02 -6.690898729783599785e-01
-3.680672268907562716e-01 8.779117427293649245e-02 1.003730821029815562e-01 8.559473010643513513e-01 4.139872565855254871e-01 3.795360143311091172e-01 -6.615479197615704576e-01 8.779007969184826621e-02 1.003723303076681506e-01 8.559487312005574777e-01 4.139883409222132604e-01 3.795369982528925545e-01 1.060023309167892371e-02 -6.615479474308002539e-01
-3.731092436974789428e-01 8.930542216346819273e-02 1.018435015418964612e-01 8.572288315306173523e-01 4.217448205834914976e-01 3.868820412908774431e-01 -6.538938855300686637e-01 8.930454301783048721e-02 1.018429156125593843e-01 8.572299388093844730e-01 4.217456868218745214e-01 3.868828553809590676e-01 1.096959256010938792e-02 -6.538938395413147475e-01
-3.781512605042016140e-01 9.093251103725265294e-02 1.034007838328943468e-01 8.585135429197675583e-01 4.293906439551337106e-01 3.941579309354832916e-01 -6.461307119421598744e-01 9.093181466370724164e-02 1.034003362561719541e-01 8.585143824816691138e-01 4.293913237811761707e-01 3.941586006930677955e-01 1.133741020245025016e-02 -6.461306135243126691e-01
-3.831932773109243406e-01 9.267418254759612894e-02 1.050461239337379671e-01 8.598012234617983252e-01 4.369258471607891936e-01 4.013661920710473452e-01 -6.382610265484137679e-01 9.267363986674874432e-02 1.050457904775138895e-01 8.598018441363957098e-01 4.369263692111638453e-01 4.013667400011507458e-01 1.170474841218395456e-02 -6.382608940483027737e-01
-3.882352941176470118e-01 9.453233880099728981e-02 1.067809433136252817e-01 8.610913421314294602e-01 4.443516357504178060e-01 4.085093107797952983e-01 -6.302870087382737019e-01 9.453192404123075820e-02 1.067807027456765534e-01 8.610917868187857316e-01 4.443520258093595632e-01 4.085097566064393448e-01 1.207267251324099268e-02 -6.302868577377587211e-01
-3.932773109243696830e-01 9.650903802147911548e-02 1.086068924214824705e-01 8.623830462822965615e-01 4.516693010411387266e-01 4.155897441223059263e-01 -6.222103785708712476e-01 9.650872846426994389e-02 1.086067262526415333e-01 8.623833523097361731e-01 4.516695822171564179e-01 4.155901049901701283e-01 1.244225079463084742e-02 -6.222102219940108814e-01
-3.983193277310924096e-01 9.860649032961885108e-02 1.105258519356512592e-01 8.636751564455066310e-01 4.588802171066246882e-01 4.226099124921937067e-01 -6.140323844066092329e-01 9.860626607343057903e-02 1.105257441845285404e-01 8.636753559087845256e-01 4.588804099916424795e-01 4.226102031603011233e-01 1.281455438254998531e-02 -6.140322326247468210e-01
-4.033613445378150808e-01 1.008270533021433935e-01 1.125399332582190104e-01 8.649661589680576190e-01 4.659858348871712130e-01 4.295721902638078848e-01 -6.057537901341546460e-01 1.008268970424147093e-01 1.125398702347566449e-01 8.649662790653941391e-01 4.659859577006166820e-01 4.295724232945979382e-01 1.319065694937100394e-02 -6.057536510767634885e-01
-4.084033613445377520e-01 1.031732271042649918e-01 1.146514784487240590e-01 8.662541969111493545e-01 4.729876739395756369e-01 4.364788946180281903e-01 -5.973748624649352079e-01 1.031731239272534045e-01 1.146514485542859674e-01 8.662542602777066891e-01 4.729877426598280143e-01 4.364790805649738092e-01 1.357163425373617179e-02 -5.973747417438807217e-01
-4.134453781512604786e-01 1.056476490542551244e-01 1.168630596569047442e-01 8.675370594605846808e-01 4.798873121452273405e-01 4.433322725032278755e-01 -5.888953586189031864e-01 1.056475862428950946e-01 1.168630531985699883e-01 8.675370845101024742e-01 4.798873406308828971e-01 4.433324201000008458e-01 1.395856349978282299e-02 -5.888952596735768097e-01
-4.184873949579831498e-01 1.082579975201013178e-01 1.191765054515950412e-01 8.688135906451833756e-01 4.866846210421893471e-01 4.501337324153499853e-01 -5.803148160983503390e-01 1.082555611859924716e-01 1.191757592944702182e-01 8.688146617681531403e-01 4.866862010127673277e-01 4.501383295490707925e-01 1.435263500059522079e-02 -5.803112104887204747e-01
-4.235294117647058210e-01 1.109972351427979953e-01 1.215971610567946337e-01 8.700785635341626856e-01 4.933852075142632354e-01 4.568870974927132234e-01 -5.716314590769319137e-01 1.109955792873237868e-01 1.215969189841921150e-01 8.700789029845910072e-01 4.933859370740191208e-01 4.568911637951054150e-01 1.475478025481247527e-02 -5.716282947514890189e-01
-4.285714285714285476e-01 1.138734764100182706e-01 1.241270003827614626e-01 8.713292155225320634e-01 4.999884098523048048e-01 4.635932024943826280e-01 -5.628435897502066521e-01 1.138724565406441513e-01 1.241271441526185099e-01 8.713290595424525442e-01 4.999884560337100603e-01 4.635968155472266483e-01 1.516610105788208929e-02 -5.628409494056854090e-01
-4.336134453781512188e-01 1.168898145369594715e-01 1.267694737436499963e-01 8.725618283558228550e-01 5.064959212541235711e-01 4.702538606459841231e-01 -5.539488302156435617e-01 1.168892999709086056e-01 1.267698973965818154e-01 8.725613764550463891e-01 5.064954409143999081e-01 4.702570797354980736e-01 1.558766894852048161e-02 -5.539467675610374453e-01
-4.386554621848738900e-01 1.200494405826814936e-01 1.295282490250179164e-01 8.737722588712130145e-01 5.129094149436976835e-01 4.768707194265109917e-01 -5.449442451844764834e-01 1.200493139775600793e-01 1.295288584612780958e-01 8.737716736430007902e-01 5.129085548371375980e-01 4.768735853585431839e-01 1.602054998805589256e-02 -5.449427825172372675e-01
-4.436974789915966166e-01 1.233556324075473221e-01 1.324072053622812883e-01 8.749559208544371858e-01 5.192305221674956561e-01 4.834452354130560625e-01 -5.358263370623747024e-01 1.233557893464424793e-01 1.324079180069915873e-01 8.749553280675453903e-01 5.192294189765076506e-01 4.834477703838460649e-01 1.646580236985994289e-02 -5.358254628970251510e-01
-4.487394957983192878e-01 1.268117421187415494e-01 1.354104237703515068e-01 8.761077659223721614e-01 5.254608073561642945e-01 4.899786481997098209e-01 -5.265910425248967464e-01 1.268120907540912501e-01 1.354111683288999890e-01 8.761072549601639503e-01 5.254595876942371735e-01 4.899808557534839903e-01 1.692447351844585807e-02 -5.265907093480792778e-01
-4.537815126050419590e-01 1.304216035509820903e-01 1.385418844856648457e-01 8.772224261212745455e-01 5.316020074152694175e-01 4.964726256625177081e-01 -5.172337673820159853e-01 1.304216404661885376e-01 1.385428662147637213e-01 8.772219073739327966e-01 5.316005567926319619e-01 4.964738741493476271e-01 1.739761183300830849e-02 -5.172338711908959219e-01
-4.588235294117646301e-01 1.341874017826024668e-01 1.418066419862336613e-01 8.782934729800674356e-01 5.376549504638832300e-01 5.029264286216535984e-01 -5.077492483548428082e-01 1.341879083832208108e-01 1.418075138457571549e-01 8.782931811775722686e-01 5.376535676835187960e-01 5.029273910315634755e-01 1.788620052550361772e-02 -5.077496702180567256e-01
-4.638655462184873568e-01 1.381138726911575187e-01 1.452089333696642004e-01 8.793146594442702302e-01 5.436210367513816255e-01 5.093414063490311339e-01 -4.981316928712511416e-01 1.381143856226347555e-01 1.452096635410982106e-01 8.793145168132034950e-01 5.436198716396314357e-01 5.093419815773123638e-01 1.839124793538044617e-02 -4.981322970881684742e-01
-4.689075630252100280e-01 1.422040901788541867e-01 1.487534645813957390e-01 8.802788435725569238e-01 5.495012916293843253e-01 5.157176097082356581e-01 -4.883747787201649371e-01 1.422045621668849291e-01 1.487540274058873901e-01 8.802788080272413440e-01 5.495004329690863498e-01 5.157177308608438260e-01 1.891371736605588008e-02 -4.883753545470067570e-01
-4.739495798319326991e-01 1.464611062829156984e-01 1.524443537045046260e-01 8.811801670128471820e-01 5.552966137791797152e-01 5.220546704155742956e-01 -4.784720883228124055e-01 1.464615521502224404e-01 1.524448575505296388e-01 8.811801660483749021e-01 5.552961017212407757e-01 5.220541528477170568e-01 1.945426551184916211e-02 -4.784729713211012259e-01
-4.789915966386554258e-01 1.508891547728105909e-01 1.562878146484606712e-01 8.820068425198627216e-01 5.610072816385198724e-01 5.283524839297631948e-01 -4.684150516121300400e-01 1.508895310357191155e-01 1.562881718221407756e-01 8.820067618145158717e-01 5.610072909120401574e-01 5.283512955422587920e-01 2.001434851495246386e-02 -4.684153580752971613e-01
-4.840336134453780970e-01 1.554912149909229158e-01 1.602881351688878186e-01 8.827519403590973202e-01 5.666336972043573006e-01 5.346098698319984299e-01 -4.581961911404301979e-01 1.554914957526758734e-01 1.602883302155968526e-01 8.827516706708661287e-01 5.666341782117230164e-01 5.346079467021614962e-01 2.059452886764096685e-02 -4.581955656323900561e-01
-4.890756302521007681e-01 1.602705058748868372e-01 1.644503401401701259e-01 8.834061640619653710e-01 5.721758186241406863e-01 5.408254230477776980e-01 -4.478069420796252365e-01 1.602706855284404819e-01 1.644503963308536765e-01 8.834055798634407042e-01 5.721768653734542465e-01 5.408226275533691840e-01 2.119560535734651627e-02 -4.478050190322234725e-01
-4.941176470588234948e-01 1.652301562007983116e-01 1.687794935247607653e-01 8.839595641385917801e-01 5.776332977009841496e-01 5.469971405298439393e-01 -4.372383951881393394e-01 1.652302496900648898e-01 1.687794414107614827e-01 8.839585300584532623e-01 5.776349387371325639e-01 5.469933358627518949e-01 2.181831990755159212e-02 -4.372347491078662496e-01
-4.991596638655461660e-01 1.703731498838470804e-01 1.732806351284374990e-01 8.844015585149407332e-01 5.830053171189742978e-01 5.531224643736862845e-01 -4.264812288724497136e-01 1.703731829076025606e-01 1.732805189706788929e-01 8.843999345817417090e-01 5.830075819704636508e-01 5.531175035892091918e-01 2.246334428535766772e-02 -4.264754105320720523e-01
-5.042016806722688926e-01 1.757022716342800384e-01 1.779587265523412953e-01 8.847209316434614390e-01 5.882906035889414742e-01 5.591982226714125037e-01 -4.155258156893373855e-01 1.757022820129749696e-01 1.779586024764037155e-01 8.847185787680724722e-01 5.882935126525835612e-01 5.591919527042094051e-01 2.313127049353573897e-02 -4.155173487429815182e-01
-5.092436974789915638e-01 1.812200656868061532e-01 1.828185872500868725e-01 8.849058373045352033e-01 5.934873667920274043e-01 5.652206010453200147e-01 -4.043622797225198684e-01 1.812201030460681705e-01 1.828185227779314248e-01 8.849026225934056855e-01 5.934909316596834739e-01 5.652128655071891883e-01 2.382259913279354338e-02 -4.043506662594702483e-01
-5.142857142857142350e-01 1.869287885637432034e-01 1.878648313280206206e-01 8.849438103300318881e-01 5.985932556480030309e-01 5.711851131368180789e-01 -3.929805767781958670e-01 1.869289137825361213e-01 1.878649046170541570e-01 8.849396122051652602e-01 5.985974793879399458e-01 5.711757552512637393e-01 2.453772769030921133e-02 -3.929653038565908418e-01
-5.193277310924369061e-01 1.928303585260197073e-01 1.931018029394718227e-01 8.848217860166377458e-01 6.036053186541129323e-01 5.770865701857430530e-01 -3.813705909464555344e-01 1.928306428924243254e-01 1.931021016732391016e-01 8.848164989481834830e-01 6.036101960160581426e-01 5.770754357958042258e-01 2.527693843208042579e-02 -3.813511380934588857e-01
-5.243697478991595773e-01 1.988521711713691631e-01 1.984500947131650483e-01 8.844936330221089271e-01 6.084234238826522478e-01 5.828723633454460096e-01 -3.695877194471806626e-01 1.988526580549113965e-01 1.984507075867906201e-01 8.844871994611291921e-01 6.084298466000875871e-01 5.828592332097554118e-01 2.602716337095054011e-02 -3.695636023508935275e-01
-5.294117647058822484e-01 2.050809669970118931e-01 2.040138395572579366e-01 8.839750999776458951e-01 6.131949169386051723e-01 5.886392872504944140e-01 -3.573815999689984868e-01 2.050808887848770135e-01 2.040138062760594451e-01 8.839754448973137224e-01 6.131955179158660174e-01 5.886399531504006299e-01 2.680343031615676705e-02 -3.573828687978871099e-01
-5.344537815126050306e-01 2.115071317718845434e-01 2.097822862777150021e-01 8.832705180490788566e-01 6.178827925907495189e-01 5.943381671752206996e-01 -3.448838379141044297e-01 2.115070387123635376e-01 2.097822232186350166e-01 8.832709423640050517e-01 6.178832827077224144e-01 5.943390233662209088e-01 2.760445519575644574e-02 -3.448854571942019942e-01
-5.394957983193277018e-01 2.181403466866327912e-01 2.157684925448295488e-01 8.823559311205253497e-01 6.224693722803527063e-01 5.999482604451406020e-01 -3.321144137283270625e-01 2.181402311428023155e-01 2.157683923073499543e-01 8.823564417475019406e-01 6.224697514299688539e-01 5.999493072710473385e-01 2.843095790429368830e-02 -3.321164346614653429e-01
-5.445378151260503730e-01 2.249839287532812704e-01 2.219775314961986434e-01 8.812151456474909272e-01 6.269486998631639274e-01 6.054598715178671764e-01 -3.190686549313347387e-01 2.249837824888645810e-01 2.219773860160126899e-01 8.812157476392233901e-01 6.269489698011031509e-01 6.054611118935621095e-01 2.928310090193943574e-02 -3.190711279754999685e-01
-5.495798319327730441e-01 2.320439542319179815e-01 2.284163451126823563e-01 8.798318561042023367e-01 6.313171360295459777e-01 6.108658928437536995e-01 -3.057365828750614467e-01 2.320437685837828112e-01 2.284161459001874672e-01 8.798325523252518154e-01 6.313173001080016888e-01 6.108673314888272143e-01 3.016142755745823342e-02 -3.057395561901495307e-01
-5.546218487394957153e-01 2.393276635093443683e-01 2.350924314115590552e-01 8.781892049493961183e-01 6.355706464882240336e-01 6.161589942645103735e-01 -2.921100320801111594e-01 2.393274296175373350e-01 2.350921700602583708e-01 8.781899956533403273e-01 6.355707097750045165e-01 6.161606365356064874e-01 3.106665173643101407e-02 -2.921135499364443389e-01
-5.596638655462183864e-01 2.468192244858888884e-01 2.419917877990506172e-01 8.762679693390614810e-01 6.396831635462552068e-01 6.213135471739469340e-01 -2.782238354390800250e-01 2.468189457824375155e-01 2.419914469542283064e-01 8.762688389690929114e-01 6.396833590667455605e-01 6.213140802890703140e-01 3.199573564696046174e-02 -2.782278709620632506e-01
-5.647058823529411686e-01 2.545115307648704861e-01 2.491077302285915618e-01 8.740499926234361894e-01 6.436405767272089795e-01 6.263183163867519498e-01 -2.640773342728570672e-01 2.545111850731280323e-01 2.491073115574635732e-01 8.740509511367329232e-01 6.436406341715221746e-01 6.263192480349918378e-01 3.294683426072285426e-02 -2.640819838751642390e-01
-5.697478991596638398e-01 2.623911654121685588e-01 2.564285775511090937e-01 8.715181090751997761e-01 6.474256283768204945e-01 6.311593616999289225e-01 -2.496754722773653346e-01 2.623907458834230377e-01 2.564280752878884684e-01 8.715191492358480563e-01 6.474255635444482460e-01 6.311606776163153354e-01 3.391702607748739440e-02 -2.496807524914085030e-01
-5.747899159663865110e-01 2.704568590039314602e-01 2.639554986808166359e-01 8.686548074801077046e-01 6.510383508149192311e-01 6.358309419529111217e-01 -2.349849953248348555e-01 2.704563647454013564e-01 2.639548862797531092e-01 8.686559283507384599e-01 6.510377957499206003e-01 6.358329383035714599e-01 3.490400468100984810e-02 -2.349909071507551572e-01
-5.798319327731091821e-01 2.787381261372524066e-01 2.717182918932274927e-01 8.654376881165475321e-01 6.544749147180743964e-01 6.403415461038095557e-01 -2.199862035083097467e-01 2.787375468919050525e-01 2.717175883392495273e-01 8.654388712320103538e-01 6.544743401569149688e-01 6.403438580200554453e-01 3.591416468236606485e-02 -2.199927419579189025e-01
-5.848739495798318533e-01 2.871950523025976754e-01 2.796312512281841078e-01 8.618506518425693708e-01 6.576270347601669286e-01 6.446947535706550880e-01 -2.047626301778956437e-01 2.871943844867917428e-01 2.796304535021875148e-01 8.618518894107050077e-01 6.576264489469466623e-01 6.446973624613564491e-01 3.693456377432976362e-02 -2.047697804062020843e-01
-5.899159663865545244e-01 2.958094251033933642e-01 2.877443906302742382e-01 8.578860421240821488e-01 6.606047167689222954e-01 6.488433297916837983e-01 -1.891666010439610190e-01 2.958086375523601430e-01 2.877434476892908322e-01 8.578873273838660829e-01 6.606041279590347814e-01 6.488462237991136083e-01 3.796649389001598845e-02 -1.891743120683450075e-01
-5.949579831932771956e-01 3.045537746503639287e-01 2.960249800981922252e-01 8.535384056611726722e-01 6.633705155479919791e-01 6.527608006727302348e-01 -1.732951459259458316e-01 3.045528891022108997e-01 2.960239278186034828e-01 8.535397391380098453e-01 6.633699326919388906e-01 6.527639325597965891e-01 3.900467343132512504e-02 -1.733033416442951724e-01
-5.999999999999999778e-01 3.133889575970237873e-01 3.044371779029214631e-01 8.488090266914464221e-01 6.659030775002158231e-01 6.564198482580219096e-01 -1.572204944156997963e-01 3.133892417601777391e-01 3.044362246617114409e-01 8.488102627256112198e-01 6.659024304270984018e-01 6.564231319526268038e-01 4.004263710836734186e-02 -1.572295846386720652e-01
