0.000000000000000000e+00 2.338898963694315841e-18 5.699345349599570342e-18 0.000000000000000000e+00 -1.182064891238215994e-17 -5.570606308724005132e-18 -3.330669073875469621e-16 -1.291044261458895550e-18 -9.638813773539514386e-18 4.163336342344337027e-16 -6.124136246861200310e-19 1.114936902206424835e-18 2.129154602019873917e-19 -5.551115123125782702e-17
-5.042016806722688510e-03 5.538762196919991463e-18 -5.586937921954806545e-18 1.110223024625156540e-16 -1.130667236706340707e-17 -1.096139493347099823e-17 0.000000000000000000e+00 -7.981878663909021583e-19 4.133452719923922209e-19 8.326672684688674053e-17 -3.702451644681072772e-19 5.539475206667110907e-19 4.788057160280337561e-20 -8.326672684688674053e-17
-1.008403361344537702e-02 -1.381535751252969310e-17 5.067447437461596134e-18 -5.551115123125782702e-17 2.435278195003889190e-17 2.173650540585203427e-17 1.110223024625156540e-16 -3.123803345305220156e-19 1.168516589263353140e-17 -5.551115123125782702e-17 1.021078238758185260e-18 -8.071802371893132055e-19 -6.646740872185380948e-20 -5.551115123125782702e-17
-1.512605042016806553e-02 1.060705595177106521e-17 -7.215197520993781558e-18 0.000000000000000000e+00 -1.722049868247392136e-17 1.278272361093647898e-17 -2.220446049250313081e-16 -1.121469038401420571e-18 8.929369899151042391e-18 5.551115123125782702e-17 9.274049902214027433e-19 -9.154737883835684429e-20 -6.743794116602922251e-20 0.000000000000000000e+00
-2.016806722689075404e-02 2.303964557347592259e-17 -1.298609684705626025e-20 1.110223024625156540e-16 4.853692184649822138e-18 8.771827962536615054e-18 2.775557561562891351e-16 2.356877226032622371e-18 -3.072552050809297212e-17 -1.665334536937734811e-16 4.081556025947842882e-19 -2.648121162466194193e-18 5.252086690412460799e-20 0.000000000000000000e+00
-2.521008403361344255e-02 -2.909225636862024300e-18 1.097225244075062710e-17 -1.110223024625156540e-16 -8.173151412591691384e-18 3.195932483427144567e-17 -2.220446049250313081e-16 1.677877794634768665e-18 2.508675832011071439e-17 1.942890293094023946e-16 3.930602318751226008e-20 -3.920521865897058960e-19 9.018078453974267882e-20 -8.326672684688674053e-17
-3.025210084033613106e-02 -9.087609057879120131e-20 -5.822946942201616142e-18 2.775557561562891351e-17 3.051432190164675395e-17 1.360447398033549942e-17 5.551115123125782702e-17 3.117268188373742410e-18 -9.816653505239439930e-18 0.000000000000000000e+00 -9.811835295085795612e-19 -1.248895310024164701e-18 1.813172456265520769e-20 0.000000000000000000e+00
-3.529411764705882304e-02 -3.399153983098814289e-19 -8.744914481321308175e-19 0.000000000000000000e+00 8.824298857643817939e-18 -3.877654919988202842e-18 1.110223024625156540e-16 4.657181842997521942e-18 -1.684271417743773600e-18 -1.110223024625156540e-16 9.072997737383084759e-19 8.203505892335137052e-19 -8.192726673177094793e-20 0.000000000000000000e+00
-4.033613445378150808e-02 2.143471991441604889e-18 8.330726983011005848e-18 -5.551115123125782702e-17 3.364311957029813609e-17 -6.050109712608915353e-18 -1.942890293094023946e-16 5.228966174172939482e-19 -1.422662929598406363e-17 1.665334536937734811e-16 -2.479294084250847936e-19 5.019572959616399825e-19 -1.334795538803964985e-19 2.775557561562891351e-17
-4.537815126050419312e-02 6.763854621299622094e-18 -3.183765096503060624e-18 0.000000000000000000e+00 5.394690118313817464e-18 7.669460625172649665e-18 2.220446049250313081e-16 -6.129130384068971068e-19 -5.838128246195804800e-18 -1.665334536937734811e-16 2.283809381157905214e-19 3.041615701191430586e-18 -2.382914325133180604e-19 -1.665334536937734811e-16
-5.042016806722688510e-02 -1.311082653726467034e-18 2.377649042033374356e-18 0.000000000000000000e+00 -5.950748242695678982e-18 7.315151198184029376e-18 -5.551115123125782702e-17 -1.484673337759957037e-18 -1.639505578764397819e-17 2.775557561562891351e-17 9.775247058384628246e-19 2.088946649127160059e-18 -3.868197883347369976e-20 -8.326672684688674053e-17
-5.546218487394957708e-02 -3.026995940362557548e-18 -2.410981737150593626e-17 -5.551115123125782702e-17 2.501758909598789780e-17 1.640954450126119392e-17 1.110223024625156540e-16 -1.720482010005449247e-18 -3.081744793392895052e-17 -1.110223024625156540e-16 4.586015345474758348e-20 -2.100236181728055130e-18 -7.377095333959318827e-22 5.551115123125782702e-17
-6.050420168067226212e-02 -1.770810227731541956e-18 3.638145670464249712e-18 -1.387778780781445676e-16 1.549039303361330845e-17 -1.290812476758542881e-17 -2.775557561562891351e-17 -1.637910872509654380e-18 -1.348999467926680284e-17 2.775557561562891351e-17 -2.119546349854376537e-19 7.090643262732349746e-19 -3.144261958674514856e-19 -2.775557561562891351e-17
-6.554621848739494716e-02 -5.636307506394398651e-18 4.932228004904116596e-19 0.000000000000000000e+00 6.382659261238353773e-18 -3.875809582438674571e-18 2.220446049250313081e-16 6.508448844650654167e-19 2.285650110523811112e-18 -1.665334536937734811e-16 -5.758318744422151458e-19 -1.948929136860941176e-18 -4.726067377748172313e-20 5.551115123125782702e-17
-7.058823529411764608e-02 -9.551141648653664394e-18 -2.922081104386007795e-18 -5.551115123125782702e-17 2.253507193800565648e-18 -8.145613406709536964e-18 -3.330669073875469621e-16 -2.160305514745137271e-18 1.784312208713987310e-17 2.498001805406602216e-16 -3.117032911413071729e-19 -1.467986137924509141e-18 -2.423964702884776144e-19 2.775557561562891351e-17
-7.563025210084033112e-02 9.899017329585427932e-03 1.005868779963255480e-02 4.497211756132479810e-02 -7.867485791454600225e-03 -7.710198352409717432e-03 -4.557692005197369611e-02 9.895913205222039988e-03 1.003428755189877605e-02 4.501945417785291337e-02 -7.870541103284375839e-03 -7.706248721896192741e-03 -2.563476679297786286e-04 -4.560564511524228815e-02
-8.067226890756301616e-02 9.815605057475250070e-03 9.976253433712828703e-03 4.517086028579780921e-02 -7.671404110261211343e-03 -7.513273883103274535e-03 -4.579815674773002332e-02 9.811753048211781236e-03 9.952893246512604583e-03 4.521747897244390857e-02 -7.673663576865505723e-03 -7.511305295045138733e-03 -2.510160427071188847e-04 -4.582983459088396661e-02
-8.571428571428570120e-02 9.725047632187587554e-03 9.885577067437098867e-03 4.537358652269146697e-02 -7.458080974563810472e-03 -7.301110084313017917e-03 -4.602217690668375383e-02 9.721487635752487991e-03 9.865518806476151689e-03 4.541696384768412198e-02 -7.460906197089917959e-03 -7.300293862950292187e-03 -2.454734841183840114e-04 -4.605277471683760782e-02
-9.075630252100838624e-02 9.631252098497695979e-03 9.793077478039646788e-03 4.557237161836072414e-02 -7.231449616261176674e-03 -7.076725748959641557e-03 -4.624527893673849310e-02 9.626849538212448390e-03 9.774162547734343426e-03 4.561515285528119912e-02 -7.232994641436986394e-03 -7.074755242528859255e-03 -2.397725369099831826e-04 -4.627723567496119794e-02
-9.579831932773108516e-02 9.533080566012135798e-03 9.697096988135976356e-03 4.577015746107512828e-02 -6.988881115176892936e-03 -6.838352383078625044e-03 -4.646802124613458318e-02 9.527753326641819412e-03 9.678987946422433486e-03 4.581238649201085922e-02 -6.988846212412551037e-03 -6.834179435573053442e-03 -2.338942739805521202e-04 -4.650096518676799517e-02
-1.008403361344537702e-01 9.429261815900293053e-03 9.592001431248933438e-03 4.597090023957817184e-02 -6.727560839096356250e-03 -6.583966415462516944e-03 -4.669104531054857343e-02 9.424030687439816784e-03 9.580477675017025352e-03 4.600894996392934644e-02 -6.727458920696861161e-03 -6.577350701889556929e-03 -2.278170613453292927e-04 -4.672295833641887386e-02
-1.058823529411764552e-01 9.381377534004760321e-03 9.583030068280991298e-03 4.607075690453446559e-02 -6.524312964345990208e-03 -6.388586325093375748e-03 -4.685256060467210548e-02 9.363848590975779734e-03 9.540241239938723056e-03 4.615703614094185392e-02 -6.520852072689370740e-03 -6.372578535062436468e-03 -2.219706385080758026e-04 -4.691221582796883949e-02
-1.109243697478991542e-01 9.263165823630473139e-03 9.468350429891142159e-03 4.627825243995398186e-02 -6.215895336224391138e-03 -6.089743512007958492e-03 -4.708453777261009665e-02 9.244616361423096951e-03 9.426044556441916591e-03 4.636141725731338092e-02 -6.210029416839860962e-03 -6.069894940462842309e-03 -2.155083990267502242e-04 -4.714361034106548387e-02
-1.159663865546218392e-01 2.180876465394868124e-02 2.218315320567832566e-02 1.092904874510561009e-01 -1.414384446241338279e-02 -1.384285485648279780e-02 -1.113481823028319162e-01 2.176041783249936870e-02 2.209540373361794721e-02 1.094630965722215021e-01 -1.412195438236151651e-02 -1.378967466603865134e-02 -1.078442864946742904e-03 -1.114702139305780992e-01
-1.210084033613445242e-01 2.149901905606041094e-02 2.188302588109573843e-02 1.097645498947184273e-01 -1.329553152115908916e-02 -1.301481212236623233e-02 -1.118853660784668025e-01 2.144745424296884070e-02 2.179061357695145570e-02 1.099282179443523133e-01 -1.326746205828329035e-02 -1.296853801900858111e-02 -1.042616405434866134e-03 -1.120083272249491613e-01
-1.260504201680672232e-01 2.117517399737814388e-02 2.156360598248618227e-02 1.102382615546800837e-01 -1.238185247751128100e-02 -1.212857832192513682e-02 -1.124201984701757584e-01 2.112346069549194197e-02 2.147419241204615373e-02 1.103977900975356974e-01 -1.235064886200556641e-02 -1.208215931296228486e-02 -1.005600472236654018e-03 -1.125435413738949675e-01
-1.310924369747898943e-01 3.861928515459875366e-02 3.903571582365877174e-02 2.014976167370451376e-01 -2.138548498403725767e-02 -2.089876057987418573e-02 -2.059608567620990760e-01 3.853996126135487282e-02 3.889946674308096541e-02 2.017887282631967427e-01 -2.133664345860937853e-02 -2.084555831339430718e-02 -2.933243442054335719e-03 -2.061293007131452526e-01
-1.361344537815125932e-01 3.793884168227891485e-02 3.837147727772008410e-02 2.023753437241414266e-01 -1.940939833452296967e-02 -1.899509568967883491e-02 -2.069492286680365556e-01 3.786084752021037086e-02 3.824207200447716365e-02 2.026598975109147049e-01 -1.935713476945791559e-02 -1.894036793261411056e-02 -2.812880187057610094e-03 -2.071196080435250553e-01
-1.411764705882352922e-01 1.238761187789850227e-01 1.230248694976714269e-01 6.460575946754995025e-01 -6.022656986869440177e-02 -5.867592102373959950e-02 -6.645743324191454304e-01 1.238779427055380078e-01 1.230270818682895062e-01 6.460889625772180400e-01 -6.022741194675086673e-02 -5.867659934455238951e-02 -1.838929280403322000e-02 -6.645561954269477711e-01
-1.462184873949579633e-01 1.212997697034326056e-01 1.206203704766772716e-01 6.494757073410524217e-01 -5.254288125516722030e-02 -5.130216764995809697e-02 -6.684781095771223924e-01 1.213016264945543238e-01 1.206228733591734048e-01 6.495076585501364796e-01 -5.254367801083706380e-02 -5.130277360865951458e-02 -1.752096039378369524e-02 -6.684596043646648944e-01
-1.512605042016806622e-01 1.185973194110970241e-01 1.181122070789146772e-01 6.528726299356861773e-01 -4.427374432576001995e-02 -4.338282711879281467e-02 -6.722483217791077603e-01 1.185993058488210572e-01 1.181151037102382284e-01 6.529053337345327446e-01 -4.427456326630834632e-02 -4.338356071519012397e-02 -1.662172291120432924e-02 -6.722295965464601952e-01
-1.563025210084033334e-01 1.157665785835541861e-01 1.154993861861677851e-01 6.562404116328840464e-01 -3.540166871076592947e-02 -3.490186277314595575e-02 -6.758403824883817412e-01 1.157686771734084408e-01 1.155026736959860467e-01 6.562739644411325068e-01 -3.540248881058427610e-02 -3.490267798302733315e-02 -1.569320800205579319e-02 -6.758213884235723112e-01
-1.613445378151260323e-01 1.299740734846260015e-01 1.299539114106636473e-01 7.510523481504695065e-01 -3.087266132411093517e-02 -3.079746207145418746e-02 -7.751440479671717343e-01 1.299733516673219347e-01 1.299560124558503671e-01 7.511022097248765128e-01 -3.087177770072025568e-02 -3.079684824139806987e-02 -1.836312152484166973e-02 -7.751225773124477136e-01
-1.663865546218487312e-01 1.265009696112363302e-01 1.267531006725489129e-01 7.551022268785632097e-01 -1.928449374837602759e-02 -1.974141059375002921e-02 -7.790667524661056831e-01 1.265004408692702864e-01 1.267553004569176855e-01 7.551523909847094318e-01 -1.928367421887928687e-02 -1.974081561900294102e-02 -1.715603995568827644e-02 -7.790449560777182869e-01
-1.714285714285714024e-01 1.229212298711335472e-01 1.234669067509059359e-01 7.590450330355877906e-01 -7.062428284720759925e-03 -8.093867587747508030e-03 -7.825655231225645547e-01 1.229209105845406741e-01 1.234692250118950702e-01 7.590954843381948480e-01 -7.061679960323970912e-03 -8.093324227773545515e-03 -1.592761486713585237e-02 -7.825434254336171014e-01
-1.764705882352941013e-01 1.192942006085808415e-01 1.201352503132261385e-01 7.628530637319488328e-01 5.676672848103178626e-03 4.048692865544781250e-03 -7.855732517757969546e-01 1.192940959843839799e-01 1.201376397981907540e-01 7.629037836286931551e-01 5.677403834059900276e-03 4.049112252421285807e-03 -1.468942046007886380e-02 -7.855509047373181453e-01
-1.815126050420167725e-01 1.208735698162731187e-01 1.220133482137747416e-01 7.949125774420502388e-01 1.889168595479606694e-02 1.656949016680809433e-02 -8.185146009218902119e-01 1.208499713476870463e-01 1.219910046087903377e-01 7.949726222612584214e-01 1.890810319104789874e-02 1.658553283660360589e-02 -1.441846548011925348e-02 -8.185261016063644091e-01
-1.865546218487394714e-01 1.171056416112733756e-01 1.185588645384559880e-01 7.985728301195140766e-01 3.292932838595807182e-02 2.993678663755176828e-02 -8.205501370152767926e-01 1.170843795039853003e-01 1.185390195300339983e-01 7.986289347905743963e-01 3.294456124204167558e-02 2.995151467004086160e-02 -1.310871387114008295e-02 -8.205597512937128357e-01
-1.915966386554621703e-01 1.134237542178010150e-01 1.151969771734290965e-01 8.020101036463018751e-01 4.709521290856238940e-02 4.341366613620478709e-02 -8.219311811801415235e-01 1.134047510008179688e-01 1.151794972327818967e-01 8.020624256586396106e-01 4.710917884315933557e-02 4.342704291559894292e-02 -1.182628853311979214e-02 -8.219389470809576048e-01
-1.966386554621848415e-01 1.098874913366390538e-01 1.119826537617694129e-01 8.052156562032187770e-01 6.121376689445723329e-02 5.683227114531244628e-02 -8.226703042486162021e-01 1.098706580440802771e-01 1.119673054513804222e-01 8.052644280264952270e-01 6.122647156632746168e-02 5.684430949714966430e-02 -1.058373339664365510e-02 -8.226763493372196701e-01
-2.016806722689075404e-01 1.084039750119822898e-01 1.107802741190998669e-01 8.180235503428510135e-01 7.579667542130476277e-02 7.067291732938971172e-02 -8.336754529101861877e-01 1.083903526103986020e-01 1.107670334705215531e-01 8.180468903752143861e-01 7.580701775738234172e-02 7.068258718493401760e-02 -9.634025799261879824e-03 -8.336855371235553092e-01
-2.067226890756302393e-01 1.052761089367114655e-01 1.079582867447348715e-01 8.208061232993045797e-01 8.957254647769946621e-02 8.374278209439919851e-02 -8.332654726115101829e-01 1.052641120385549578e-01 1.079467305619921103e-01 8.208266576860800967e-01 8.958181348444832492e-02 8.375138645962698636e-02 -8.471431320262779591e-03 -8.332742357194082850e-01
-2.117647058823529105e-01 1.024233838217727538e-01 1.054054467193060451e-01 8.233723614602015406e-01 1.029056220112161413e-01 9.637128642060351080e-02 -8.323644720180503054e-01 1.024128344293060294e-01 1.053953796993199882e-01 8.233904084468713913e-01 1.029138958461099929e-01 9.637891328819583880e-02 -7.370648861615452206e-03 -8.323720672608226900e-01
-2.168067226890756094e-01 9.985629345632042464e-02 1.031318891253129311e-01 8.257439215016944001e-01 1.157485925207382693e-01 1.085113870373326794e-01 -8.310442681616518890e-01 9.984702215996286989e-02 1.031231296416500604e-01 8.257597813960096955e-01 1.157559628648248684e-01 1.085181301504132279e-01 -6.331570237332171183e-03 -8.310508435561355656e-01
-2.218487394957983083e-01 9.835470870298609891e-02 1.018733847599607029e-01 8.311333436784554829e-01 1.284986491609638459e-01 1.205514616409899542e-01 -8.331504224254423496e-01 9.830032609372947594e-02 1.018216246296758665e-01 8.312228673581456562e-01 1.285421461584426717e-01 1.205913774411231099e-01 -5.409663230753968335e-03 -8.331875993794208846e-01
-2.268907563025209795e-01 9.633048795940010733e-02 1.001257083997213054e-01 8.331866810643114851e-01 1.404389227029588239e-01 1.317898163677214962e-01 -8.311452136730358431e-01 9.628152072822372676e-02 1.000794012738643046e-01 8.332670351678562737e-01 1.404785337486623154e-01 1.318259948743349119e-01 -4.476982339069377620e-03 -8.311781986538041567e-01
-2.319327731092436784e-01 9.455978269302181549e-02 9.862674147523584067e-02 8.351063097350351905e-01 1.519389368285926911e-01 1.425846811912676315e-01 -8.288691049098982910e-01 9.451569596810711904e-02 9.858531726793576255e-02 8.351784419874938026e-01 1.519749714292845111e-01 1.426174355964854590e-01 -3.594506139993213119e-03 -8.288983686719769706e-01
-2.369747899159663496e-01 9.303612012488977900e-02 9.731694909226512591e-02 8.369274538013711240e-01 1.630796285676764656e-01 1.530805082508047144e-01 -8.263403293638855729e-01 9.299645184132948605e-02 9.727991158222867862e-02 8.369921483169041609e-01 1.631123740722895121e-01 1.531101231927114725e-01 -2.752191099672337844e-03 -8.263662855746981561e-01
-2.420168067226890485e-01 9.200567295606831841e-02 9.644130866784804412e-02 8.396731619364073973e-01 1.743543362647833328e-01 1.637305953198842368e-01 -8.247628456836696431e-01 9.197127640164201590e-02 9.640934523783797894e-02 8.397286268271394460e-01 1.743829728536581691e-01 1.637565363333519930e-01 -1.945315000957274169e-03 -8.247842252133016361e-01
-2.470588235294117474e-01 9.084133805394445371e-02 9.548997812941123486e-02 8.413404589837862879e-01 1.851871626166438078e-01 1.738947003996645924e-01 -8.216647922740794030e-01 9.081057830724736935e-02 9.546157115990570874e-02 8.413899024538077365e-01 1.852129952987799921e-01 1.739180024169525163e-01 -1.157796053275947454e-03 -8.216835696365142327e-01
-2.521008403361344463e-01 8.986199727609513188e-02 9.474535484801922813e-02 8.428854614246322763e-01 1.956553530493624349e-01 1.836578261606727214e-01 -8.183614682910383964e-01 8.983448635129760718e-02 9.472010095100216742e-02 8.429295559632834500e-01 1.956786497253711066e-01 1.836787538783301865e-01 -4.107246250579239919e-04 -8.183779661524925864e-01
-2.571428571428571175e-01 8.920552336350690004e-02 9.434266513570035984e-02 8.444828221747933128e-01 2.056592091498236075e-01 1.929053808221682931e-01 -8.152907811371066238e-01 8.918139857170473417e-02 9.432061656845408537e-02 8.445212766670691096e-01 2.056798036818551223e-01 1.929238840741605010e-01 2.790098896898893992e-04 -8.153046515624264856e-01
-2.621848739495797886e-01 8.856150444512543574e-02 9.405785190977272725e-02 8.456479697379695182e-01 2.148954771476563885e-01 2.012688863650873849e-01 -8.118123471869564955e-01 8.853979564203706687e-02 9.403810913370400093e-02 8.456825112086046037e-01 2.149141540405823392e-01 2.012856136623489556e-01 9.112308964001338777e-04 -8.118246168745668623e-01
-2.672268907563025153e-01 8.800412933065404619e-02 9.391264484442149452e-02 8.467473935096766491e-01 2.238829954937178179e-01 2.093007506271001295e-01 -8.082268729114260308e-01 8.798458039288287180e-02 9.389495273221760974e-02 8.467784499519064312e-01 2.238999433520391658e-01 2.093158820711447654e-01 1.508854880789884181e-03 -8.082377351219840467e-01
-2.722689075630251865e-01 8.757974987686251156e-02 9.390344081418322553e-02 8.478525308631907897e-01 2.328483493538476556e-01 2.172758479717044333e-01 -8.045588425752061568e-01 8.756241276597118151e-02 9.388781814826052674e-02 8.478799762883596491e-01 2.328634978732293248e-01 2.172893616410563888e-01 2.082553841123379289e-03 -8.045681555313620725e-01
-2.773109243697478576e-01 8.714188574444903246e-02 9.390528005318193872e-02 8.489623154282215367e-01 2.418451379896978670e-01 2.252444352948846928e-01 -8.006042546422957873e-01 8.712635779817159976e-02 9.389136256010759130e-02 8.489868486903958678e-01 2.418588071867966427e-01 2.252565908824938068e-01 2.645629771119675094e-03 -8.006124237895352325e-01
-2.823529411764705843e-01 8.681215442726918086e-02 9.400331571040618228e-02 8.500555367628903625e-01 2.509315876770767950e-01 2.332924089708774407e-01 -7.964321433977505915e-01 8.679844593693655797e-02 9.399109160613118574e-02 8.500771145815018137e-01 2.509437489658161158e-01 2.333032086424252083e-01 3.195592304479050617e-03 -7.964391051617825124e-01
-2.873949579831932555e-01 8.651330944150543989e-02 9.414862318275880881e-02 8.511824845980520138e-01 2.600599168002307726e-01 2.413533055919236392e-01 -7.920236302152243724e-01 8.650117562343344335e-02 9.413792152020360182e-02 8.512015745047676329e-01 2.600707838216371748e-01 2.413629082930965897e-01 3.735931447399166820e-03 -7.920296335784926534e-01
-2.924369747899159266e-01 8.635282038885438993e-02 9.424037677036806171e-02 8.525320143909208559e-01 2.700892921185328865e-01 2.505518175381801216e-01 -7.869294181020535239e-01 8.634225607870942010e-02 9.423114917834657378e-02 8.525485860786002901e-01 2.700988311220312577e-01 2.505602092319262342e-01 4.332247800158160224e-03 -7.869344800180299027e-01
-2.974789915966385978e-01 8.639281024247019714e-02 9.451079174957517648e-02 8.537504321499537197e-01 2.796520470246053880e-01 2.593126456220029574e-01 -7.817702763967510071e-01 8.638356592172916071e-02 9.450272417187562113e-02 8.537648041838137303e-01 2.796604243250328525e-01 2.593200152345180864e-01 4.896416917944946406e-03 -7.817745185887061687e-01
-3.025210084033613245e-01 8.658225167534856770e-02 9.491787829799790133e-02 8.548700527691939222e-01 2.888880191424165189e-01 2.677615637974880558e-01 -7.765059707302808256e-01 8.657418834906964455e-02 9.491089825132469071e-02 8.548825277621254770e-01 2.888953766051047256e-01 2.677680176051229766e-01 5.434791856767960845e-03 -7.765095275200692981e-01
-3.075630252100839956e-01 8.689215261585651884e-02 9.543323715143987862e-02 8.559178748118827507e-01 2.979033047370561182e-01 2.760026848400531363e-01 -7.711011052071776728e-01 8.688513168958404698e-02 9.542721027934947253e-02 8.559286808785624423e-01 2.979097551474209071e-01 2.760083288264110202e-01 5.952863334623787091e-03 -7.711040717333230710e-01
-3.126050420168066668e-01 8.730681204985302202e-02 9.604113887109932968e-02 8.569124611042164830e-01 3.067560776770472120e-01 2.840938974856017096e-01 -7.655394828291168796e-01 8.730071564823969898e-02 9.603595121874036744e-02 8.569217912964801620e-01 3.067617171782839325e-01 2.840988218613363370e-01 6.453992089122203082e-03 -7.655419385781647712e-01
-3.176470588235293935e-01 8.781804038201163065e-02 9.673297712410214300e-02 8.578667519076904613e-01 3.154775690548239364e-01 2.920671783442240210e-01 -7.598158648282583583e-01 8.781276534631364539e-02 9.672852939467874167e-02 8.578747745848973594e-01 3.154824822015290242e-01 2.920714621971660652e-01 6.940366518313240314e-03 -7.598178781990168051e-01
-3.226890756302520646e-01 8.842167715574401898e-02 9.750395898680366824e-02 8.587900384809677989e-01 3.240842539989184923e-01 2.999403354684059275e-01 -7.539308658757594150e-01 8.841713164989124796e-02 9.750016326933722000e-02 8.587969031820884558e-01 3.240885165787518174e-01 2.999440493676627240e-01 7.413547696043239904e-03 -7.539324967957076185e-01
-3.277310924369747358e-01 8.911569221941464947e-02 9.835130841903996779e-02 8.596891830013423386e-01 3.325846932395461475e-01 3.077235917113303465e-01 -7.478879657070000020e-01 8.911179370148911150e-02 9.834808620317664341e-02 8.596950239536046423e-01 3.325883739194313571e-01 3.077267992389207674e-01 7.874765220043098909e-03 -7.478892672296429955e-01
-3.327731092436974625e-01 8.989918511905345411e-02 9.927332548857906169e-02 8.605693906426188367e-01 3.409832707298164900e-01 3.154231716239500605e-01 -7.416918717109446391e-01 8.989585903136346201e-02 9.927060635523454746e-02 8.605743290172442883e-01 3.409864320836573093e-01 3.154259303438874951e-01 8.325074826093001312e-03 -7.416928910696318766e-01
-3.378151260504201336e-01 9.077296446187146928e-02 1.002687876255972665e-01 8.614347123472563261e-01 3.492827426983442507e-01 3.230452220228720583e-01 -7.353465906652318917e-01 9.077014328088775508e-02 1.002665083401497181e-01 8.614388578334931656e-01 3.492854419225679408e-01 3.230475841340775811e-01 8.765518327227298997e-03 -7.353473700213765119e-01
-3.428571428571428048e-01 9.173785134849643530e-02 1.013367895662397183e-01 8.622881063926928213e-01 3.574837058921704336e-01 3.305935001389794792e-01 -7.288567737258049295e-01 9.173547383797202304e-02 1.013348932617334081e-01 8.622915584784203169e-01 3.574859953666582046e-01 3.305955130418199439e-01 9.197015279520685468e-03 -7.288573507719016131e-01
-3.478991596638655315e-01 9.279186097083383378e-02 1.024769761554856218e-01 8.631321022433013912e-01 3.655859242814993304e-01 3.380668263505384186e-01 -7.222290559233497387e-01 9.278987176196268338e-02 1.024754117162903766e-01 8.631349510087182875e-01 3.655878518557446610e-01 3.380685330182559012e-01 9.620310341494117679e-03 -7.222294643018152271e-01
-3.529411764705882026e-01 9.393543805755574794e-02 1.036890230168556193e-01 8.639689926599944947e-01 3.735902233820473928e-01 3.454679294812457724e-01 -7.154677292477109596e-01 9.393378711297035999e-02 1.036877446483892851e-01 8.639713195458770256e-01 3.735918327470295619e-01 3.454693687580454586e-01 1.003630996074240597e-02 -7.154679989168298837e-01
-3.579831932773108738e-01 9.516925842162662907e-02 1.049729094566852622e-01 8.648005786534697092e-01 3.814969101301285970e-01 3.527989261390978015e-01 -7.085770972988810756e-01 9.516790057928396773e-02 1.049718761969171965e-01 8.648024571833243801e-01 3.814982411469908241e-01 3.528001330700316074e-01 1.044589938605427690e-02 -7.085772548660485004e-01
-3.630252100840335450e-01 9.649415839960578944e-02 1.063287868690887400e-01 8.656282920684645887e-01 3.893062414863540655e-01 3.600618719173030446e-01 -7.015611156911274460e-01 9.649305299166957561e-02 1.063279621743890985e-01 8.656297884362094130e-01 3.893073304542502555e-01 3.600628780231919790e-01 1.084996382947375770e-02 -7.015611846821945274e-01
-3.680672268907562716e-01 9.791112953172663447e-02 1.077569860597161894e-01 8.664532436502665469e-01 3.970184394602122024e-01 3.672587480504303503e-01 -6.944234538977125393e-01 9.791024004018025750e-02 1.077563374311126532e-01 8.664544172399430977e-01 3.970193193585171976e-01 3.672595815787480511e-01 1.124938895756641064e-02 -6.944234549866377115e-01
-3.731092436974789428e-01 9.942130605458737724e-02 1.092580199057286983e-01 8.672762532053838180e-01 4.046337593581436631e-01 3.743915051635167135e-01 -6.871674718100037049e-01 9.942059980046204226e-02 1.092575185517489084e-01 8.672771570514439254e-01 4.046344600642931000e-01 3.743921913174956262e-01 1.164506341448326779e-02 -6.871674230149975582e-01
-3.781512605042016140e-01 1.010259597980565915e-01 1.108325872162570225e-01 8.680978675433035363e-01 4.121525257835715883e-01 3.814620844327821225e-01 -6.797962060569198162e-01 1.010254076581050958e-01 1.108322077463986255e-01 8.680985487444926596e-01 4.121530742710285966e-01 3.814626455833814433e-01 1.203788029259148830e-02 -6.797961229101502356e-01
-3.831932773109243406e-01 1.027264981487872042e-01 1.124815764768445359e-01 8.689183700079807782e-01 4.195751519086695080e-01 3.884724273433759478e-01 -6.723123587182902039e-01 1.027260742949360761e-01 1.124812966215345544e-01 8.689188701049882502e-01 4.195755724281273746e-01 3.884728832275008426e-01 1.242873800963669589e-02 -6.723122544152836388e-01
-3.882352941176470118e-01 1.045244631542113778e-01 1.142060691664872063e-01 8.697377841896707373e-01 4.269021494619612556e-01 3.954244791116011126e-01 -6.647182858669868910e-01 1.045241448123162553e-01 1.142058695196772611e-01 8.697381395153653827e-01 4.269024637082072249e-01 3.954248470195580456e-01 1.281854082007663487e-02 -6.647181714015057974e-01
-3.932773109243696830e-01 1.064215309259965297e-01 1.160073426611381298e-01 8.705558735526303105e-01 4.341341330658005093e-01 4.023201881010729508e-01 -6.570159853378135795e-01 1.064212981508061567e-01 1.160072064425677618e-01 8.705561155626447833e-01 4.341343603323370437e-01 4.023204830559615197e-01 1.320819907827322504e-02 -6.570158696277207389e-01
-3.983193277310924096e-01 1.084195109763239073e-01 1.178868728062941462e-01 8.713721381108883168e-01 4.412718207727934772e-01 4.091615023579528998e-01 -6.492070838131012156e-01 1.084193464400695639e-01 1.178867856407036091e-01 8.713722937016215031e-01 4.412719780960879801e-01 4.091617372893200377e-01 1.359862931705724774e-02 -6.492069738226571296e-01
-4.033613445378150808e-01 1.105203453221149518e-01 1.198463362274922728e-01 8.721858088948382104e-01 4.483160317926260796e-01 4.159503638427940464e-01 -6.412928235042489877e-01 1.105202341144045225e-01 1.198462859383111478e-01 8.721859007153026644e-01 4.483161340877480083e-01 4.159505497569768173e-01 1.399075417608764554e-02 -6.412927243681422196e-01
-4.084033613445377520e-01 1.127261072747867549e-01 1.218876124194659960e-01 8.729958406699711571e-01 4.552676819719648216e-01 4.226887006691065207e-01 -6.332740487153614151e-01 1.127260367117826761e-01 1.218875888347179109e-01 8.729958874333072494e-01 4.552677421612991160e-01 4.226888468183195857e-01 1.438550219700462408e-02 -6.332739638697213458e-01
-4.134453781512604786e-01 1.150389998638559896e-01 1.240127856301057041e-01 8.738009031931740500e-01 4.621277773601057404e-01 4.293784175055971875e-01 -6.251511925409020121e-01 1.150389593048909420e-01 1.240127803985378585e-01 8.738009199929012150e-01 4.621278064967686006e-01 4.293785315578202977e-01 1.478380749070047975e-02 -6.251511238663068903e-01
-4.184873949579831498e-01 1.174651392664080723e-01 1.262230567944283011e-01 8.746009914704760968e-01 4.688962000556824439e-01 4.360210341571526538e-01 -6.169245453875739083e-01 1.174634621353179836e-01 1.262225128936860785e-01 8.746018201421323912e-01 4.688975923801753654e-01 4.360246996470337200e-01 1.518670942358960746e-02 -6.169219216035739528e-01
-4.235294117647058210e-01 1.199994333397365054e-01 1.285234715774141168e-01 8.753914103644833133e-01 4.755768373761972145e-01 4.426192564160357223e-01 -6.085931987406709709e-01 1.199983702583193174e-01 1.285233314151595085e-01 8.753916345231826934e-01 4.755775622507508182e-01 4.426224374280348095e-01 1.559502280973726340e-02 -6.085909295844993405e-01
-4.285714285714285476e-01 1.226483031107513111e-01 1.309153490461725799e-01 8.761708196760105150e-01 4.821692736547969482e-01 4.491742238890930605e-01 -6.001564510681576259e-01 1.226477224791076848e-01 1.309155037212021144e-01 8.761706434323279780e-01 4.821694715188751812e-01 4.491769931023328333e-01 1.600971746656734002e-02 -6.001545868081159529e-01
-4.336134453781512188e-01 1.254144223636692868e-01 1.334015819877340803e-01 8.769366722978662043e-01 4.886747985209461964e-01 4.556876321506544980e-01 -5.916129748643315089e-01 1.254142074406243701e-01 1.334019363495669852e-01 8.769362664117860140e-01 4.886745988886005421e-01 4.556900461824195392e-01 1.643174317015832012e-02 -5.916115429617189170e-01
-4.386554621848738900e-01 1.283005791175025889e-01 1.359852728974665359e-01 8.776860742819699857e-01 4.950947353871988366e-01 4.621610776494744499e-01 -5.829609725362968620e-01 1.283006277697822939e-01 1.359857452535290223e-01 8.776855759432363735e-01 4.950942569585367603e-01 4.621631770094651870e-01 1.686205113817285800e-02 -5.829599759668345760e-01
-4.436974789915966166e-01 1.313103350174967543e-01 1.386693411119791219e-01 8.784160078688222351e-01 5.014306815019886621e-01 4.685967606875756641e-01 -5.741982166713502922e-01 1.313098940779410806e-01 1.386702276355885055e-01 8.784153021803514649e-01 5.014298100664442703e-01 4.685979000365041447e-01 1.730160950378831219e-02 -5.741976018272388904e-01
-4.487394957983192878e-01 1.344447821450243108e-01 1.414582376372526540e-01 8.791221907559598758e-01 5.076834543999229066e-01 4.749943756635386372e-01 -5.653218771862873471e-01 1.344450188026443949e-01 1.414589737107715406e-01 8.791217310429561005e-01 5.076824898340499548e-01 4.749953709393358592e-01 1.775133050343878291e-02 -5.653215957690987947e-01
-4.537815126050419590e-01 1.377088126324648165e-01 1.443549929462850934e-01 8.798011515229627877e-01 5.138546397204816207e-01 4.813562149389449818e-01 -5.563286545804596583e-01 1.377091150120365870e-01 1.443556579932348261e-01 8.798008156160681548e-01 5.138536911344936398e-01 4.813569377694189577e-01 1.821218157162660112e-02 -5.563286720854880851e-01
-4.588235294117646301e-01 1.411050514490072572e-01 1.473636252538551572e-01 8.804482823621953003e-01 5.199454907193026276e-01 4.876830932108699446e-01 -5.472148281706994410e-01 1.411053709657892341e-01 1.473641901946533272e-01 8.804480759218898944e-01 5.199446384890270556e-01 4.876835248893982566e-01 1.868509739325328878e-02 -5.472150328141051068e-01
-4.638655462184873568e-01 1.446365248697874528e-01 1.504878285954801276e-01 8.810600146748052142e-01 5.259573190047458491e-01 4.939756259384300852e-01 -5.379764978015380006e-01 1.446368375042506593e-01 1.504883000933431858e-01 8.810599300622745655e-01 5.259565604896305757e-01 4.939757021154684846e-01 1.917084819651087430e-02 -5.379770335035145568e-01
-4.689075630252100280e-01 1.483070297431210438e-01 1.537325361866733464e-01 8.816283662297830226e-01 5.318909823170362428e-01 5.002349117099782472e-01 -5.286080140986881837e-01 1.483073078842660764e-01 1.537328996829931405e-01 8.816283172816639091e-01 5.318904664946478844e-01 5.002346097709279293e-01 1.967067294479850348e-02 -5.286084173573933898e-01
-4.739495798319326991e-01 1.521196115618486389e-01 1.571016721543577743e-01 8.821488968708993683e-01 5.377476302120233198e-01 5.064611514486382360e-01 -5.191043945326925257e-01 1.521198435506010971e-01 1.571019315693662488e-01 8.821488038641986940e-01 5.377473873263044490e-01 5.064604197083306669e-01 2.018530146510832957e-02 -5.191044428953256462e-01
-4.789915966386554258e-01 1.560777237952076235e-01 1.605997848165467146e-01 8.826153912701178994e-01 5.435281231400176383e-01 5.126545079715960629e-01 -5.094597295617692145e-01 1.560779161446590735e-01 1.605999617074757302e-01 8.826151494201082137e-01 5.435281943598879728e-01 5.126532692448775297e-01 2.071562164412954141e-02 -5.094591729208958197e-01
-4.840336134453780970e-01 1.601847927627847445e-01 1.642315393589940387e-01 8.830211039374774584e-01 5.492331840718586156e-01 5.188148234984473195e-01 -4.996675882030756077e-01 1.601849650537700009e-01 1.642316679232282417e-01 8.830205878547637832e-01 5.492336017395146319e-01 5.188129878782932192e-01 2.126249411774626050e-02 -4.996661430489121036e-01
-4.890756302521007681e-01 1.644442571905453954e-01 1.680017488019316940e-01 8.833587562239342272e-01 5.548633402297735717e-01 5.249415658970560949e-01 -4.897210508626250736e-01 1.644444418244521977e-01 1.680018756669139357e-01 8.833578235415555646e-01 5.548641284765117865e-01 5.249390321902889234e-01 2.182675231203436844e-02 -4.897184009066932742e-01
-4.941176470588234948e-01 1.688595486881022123e-01 1.719153414126568802e-01 8.836205121626323766e-01 5.604188748173078993e-01 5.310337936083769916e-01 -4.796127295009467439e-01 1.688597905540021316e-01 1.719155253315316212e-01 8.836190076188503717e-01 5.604200502652735283e-01 5.310304509838844611e-01 2.240919567534367662e-02 -4.796085268266285229e-01
-4.991596638655461660e-01 1.734340688153399590e-01 1.759773204330004059e-01 8.837979603021101083e-01 5.658997798214484565e-01 5.370901301732574629e-01 -4.693347861162246448e-01 1.734344248395075228e-01 1.759776318478007140e-01 8.837957202241661925e-01 5.659013523514557775e-01 5.370858600127766946e-01 2.301058238245917362e-02 -4.693286529145963004e-01
-5.042016806722688926e-01 1.781711638261092578e-01 1.801927242224864723e-01 8.838821000323666688e-01 5.713057121878619693e-01 5.431087387842197245e-01 -4.588789563664479321e-01 1.781717023682876377e-01 1.801932446525514597e-01 8.838789571426803882e-01 5.713076857472368930e-01 5.431034167157164916e-01 2.363162179405423058e-02 -4.588704873087047220e-01
-5.092436974789915638e-01 1.830740973154524887e-01 1.845665885061133216e-01 8.838633307499074165e-01 5.766359522320271269e-01 5.490872920341176577e-01 -4.482365830763440084e-01 1.830748973739569074e-01 1.845674097173714279e-01 8.838591191923000912e-01 5.766383256493534670e-01 5.490807901178124117e-01 2.427296659536829632e-02 -4.482253483674121242e-01
-5.142857142857142350e-01 1.881460202873683762e-01 1.891039085528254948e-01 8.837314434351648540e-01 5.818893626734393809e-01 5.550229369889190245e-01 -4.373986610958858767e-01 1.881471704744590578e-01 1.891051314638446113e-01 8.837260038964550590e-01 5.818921304405849648e-01 5.550151260168736389e-01 2.493520441579211849e-02 -4.373842102476944715e-01
-5.193277310924369061e-01 1.933959770735199091e-01 1.938165739292134204e-01 8.834680892291327803e-01 5.870596515625298162e-01 5.609086882585737621e-01 -4.263580441048104852e-01 1.933959036302722589e-01 1.938165086386886005e-01 8.834683566590555426e-01 5.870595164604492933e-01 5.609090564250939215e-01 2.561923474977537488e-02 -4.263587588481672630e-01
-5.243697478991595773e-01 1.988169426108612747e-01 1.986976365449299453e-01 8.830748333736969657e-01 5.921530377155119762e-01 5.667469504495404875e-01 -4.151016159199855671e-01 1.988168271405366394e-01 1.986975483164954148e-01 8.830751724070227127e-01 5.921528108360238907e-01 5.667457132611635195e-01 2.632488121443463114e-02 -4.151025710418749237e-01
-5.294117647058822484e-01 2.044155202161949680e-01 2.037566797126796891e-01 8.825339199461451622e-01 5.971632090645186963e-01 5.725301925167078920e-01 -4.036212687408783362e-01 2.044153747583185576e-01 2.037565476716411417e-01 8.825343601958890449e-01 5.971629005245010502e-01 5.725292340004174418e-01 2.705271230350893633e-02 -4.036224962205596234e-01
-5.344537815126050306e-01 2.101940179927314634e-01 2.089980563870652286e-01 8.818327268692995879e-01 6.020869772398548259e-01 5.782531060352653629e-01 -3.919072725721973183e-01 2.101938322987515761e-01 2.089978708455426382e-01 8.818332809715333509e-01 6.020865981874279349e-01 5.782524482206575778e-01 2.780295473495528885e-02 -3.919088202160032619e-01
-5.394957983193277018e-01 2.161544206824266012e-01 2.144258169316985152e-01 8.809580610882937757e-01 6.069205395961060345e-01 5.839096871970965719e-01 -3.799499566258218164e-01 2.161541837334849114e-01 2.144255675022114505e-01 8.809587403514308468e-01 6.069201032414887065e-01 5.839093459009110365e-01 2.857571894284286276e-02 -3.799518745353896998e-01
-5.445378151260503730e-01 2.222244923502418312e-01 2.199633695004618861e-01 8.798829644104382286e-01 6.115764124491698261e-01 5.894543843630600799e-01 -3.678123672492163432e-01 2.222241937900545083e-01 2.199630466395119666e-01 8.798837769354090899e-01 6.115759331893699802e-01 5.894543664520116577e-01 2.935848854608098107e-02 -3.678147023731476173e-01
-5.495798319327730441e-01 2.284867529131156816e-01 2.257061172784328162e-01 8.786094033710394324e-01 6.161899200840103008e-01 5.949719134351786343e-01 -3.552466577036006989e-01 2.284863590872342753e-01 2.257057143916009201e-01 8.786103731189751631e-01 6.161899627764043652e-01 5.949718652123594520e-01 3.016494597121653284e-02 -3.552494542222261464e-01
-5.546218487394957153e-01 2.349438518774456253e-01 2.316577248831108438e-01 8.771246842069574390e-01 6.207146892825441409e-01 6.004086804893296048e-01 -3.423819565342124394e-01 2.349433762388766223e-01 2.316572267914416838e-01 8.771257966478105406e-01 6.207146635847412552e-01 6.004089589083866363e-01 3.099484704180801090e-02 -3.423852771600847111e-01
-5.596638655462183864e-01 2.415971346711143219e-01 2.378208776930569313e-01 8.754131783870614525e-01 6.251373178650375673e-01 6.057479732787159898e-01 -3.292339824819263683e-01 2.415965676289813513e-01 2.378202747138909445e-01 8.754144355405567568e-01 6.251372308135259015e-01 6.057485755918597947e-01 3.184789912860255812e-02 -3.292378759690611778e-01
-5.647058823529411686e-01 2.484493792008279356e-01 2.441966321759714287e-01 8.734584973683566789e-01 6.294497628513640031e-01 6.109790540151888161e-01 -3.157994822768660503e-01 2.484487276306760473e-01 2.441958854219189456e-01 8.734598892816389792e-01 6.294492805886117148e-01 6.109805006066770794e-01 3.272248518759741237e-02 -3.158040210472763398e-01
-5.697478991596638398e-01 2.555010336649100045e-01 2.507916160314872522e-01 8.712437419057440513e-01 6.336443355050337400e-01 6.160932655160411553e-01 -3.020712345993114556e-01 2.555002712227457118e-01 2.507907517520188700e-01 8.712452755061659282e-01 6.336438684918638264e-01 6.160949772368962130e-01 3.362121086691127053e-02 -3.020764299222954974e-01
-5.747899159663865110e-01 2.627556369357944011e-01 2.576061157147037650e-01 8.687516153442276234e-01 6.377129301190206379e-01 6.210818321968267774e-01 -2.880419421234706734e-01 2.627547591286109596e-01 2.576051301943628746e-01 8.687532816860286111e-01 6.377124813327748054e-01 6.210838025785339056e-01 3.454223551021904509e-02 -2.880478233822605372e-01
-5.798319327731091821e-01 2.702200289357366003e-01 2.646460643822390324e-01 8.659646023802394232e-01 6.416518996938800345e-01 6.259400494338519527e-01 -2.736934976606194003e-01 2.702190389704799967e-01 2.646448854016501540e-01 8.659663839184350564e-01 6.416514728864975980e-01 6.259422790224401512e-01 3.548594708321602814e-02 -2.737000721668891301e-01
-5.848739495798318533e-01 2.778698729311406268e-01 2.718890978446747431e-01 8.628678617207107271e-01 6.454261064298046913e-01 6.306336638457554766e-01 -2.590967482206482653e-01 2.778687609552399906e-01 2.718878215380556851e-01 8.628697519970525143e-01 6.454257040108509758e-01 6.306361309800050385e-01 3.644786942402548219e-02 -2.591040349872206217e-01
-5.899159663865545244e-01 2.856999173344358378e-01 2.793310452734031890e-01 8.594442918725906377e-01 6.490268720897712784e-01 6.351555872539071945e-01 -2.442360358958629019e-01 2.856986873409523287e-01 2.793296695834838195e-01 8.594462735743932935e-01 6.490264972378105846e-01 6.351582810390576928e-01 3.742622001253230468e-02 -2.442440252512252108e-01
-5.949579831932771956e-01 2.937030256590196786e-01 2.869671131601134739e-01 8.556776593511339346e-01 6.524448820686820083e-01 6.394950334037238227e-01 -2.291045139950378118e-01 2.937016844100306390e-01 2.869656394579147562e-01 8.556797136992138064e-01 6.524445377250549516e-01 6.394979411139378733e-01 3.841896926590425421e-02 -2.291131825219894780e-01
-5.999999999999999778e-01 3.018662056914855341e-01 2.947874804401141580e-01 8.515545789930967224e-01 6.556724809858947012e-01 6.436399860128393380e-01 -2.136899822159156470e-01 3.018647629689654721e-01 2.947859119953397111e-01 8.515566871521015324e-01 6.556721715752091839e-01 6.436430925478263676e-01 3.942308311342578725e-02 -2.136992916655028885e-01
