0.000000000000000000e+00 2.027576744407419230e-18 4.195354682543719923e-18 5.551115123125782702e-17 -1.414354051322171375e-17 -9.791584399425009558e-18 -1.665334536937734811e-16 2.516273313598686293e-18 2.033281720699410896e-17 0.000000000000000000e+00 -3.642067732567358835e-19 2.167536553690984585e-18 3.852136744294124745e-20 0.000000000000000000e+00
-5.042016806722688510e-03 5.386078690742283500e-18 -5.026715236830879559e-18 -5.551115123125782702e-17 -3.523844869220399109e-17 5.185670806320386079e-17 -1.665334536937734811e-16 1.295407607847508441e-18 -5.584042513140280044e-20 1.387778780781445676e-16 6.007579740772645240e-19 2.885678596545510411e-18 -3.018358879903831551e-20 2.775557561562891351e-17
-1.008403361344537702e-02 -1.240842027344176669e-17 6.358926109045806338e-19 0.000000000000000000e+00 -4.513640236926111996e-17 2.616473666439808167e-17 -1.110223024625156540e-16 4.938077462718681048e-19 5.137767508578307097e-18 2.775557561562891351e-16 9.874638375507067469e-20 6.368605515886215498e-18 1.332939049181064369e-20 -2.775557561562891351e-17
-1.512605042016806553e-02 -3.130599628211728264e-18 -5.531072128304682115e-18 0.000000000000000000e+00 -4.550387954752604556e-18 -2.376906965689755577e-17 0.000000000000000000e+00 -1.423507968473216022e-18 6.520681319900785124e-19 0.000000000000000000e+00 5.285788013810787883e-20 7.443373171421965408e-18 4.443327868290087757e-20 5.551115123125782702e-17
-2.016806722689075404e-02 8.621905948356822261e-18 -9.880516722894270748e-18 2.775557561562891351e-17 -3.027478841987317796e-17 1.185848989167816336e-17 2.498001805406602216e-16 1.945051640083314386e-19 -1.706449183904581719e-17 -1.110223024625156540e-16 2.735261626760568109e-19 -3.658998891685438818e-19 -4.721013226998338823e-20 0.000000000000000000e+00
-2.521008403361344255e-02 -9.418153897268373612e-19 4.172010176728515104e-18 1.665334536937734811e-16 -1.683402491010385801e-17 7.348048451900708461e-18 5.551115123125782702e-17 -6.914113471608175352e-19 5.285298824499343786e-19 -1.665334536937734811e-16 7.585897389399543551e-20 -3.270840080919917687e-18 -1.560082618996205650e-19 -2.775557561562891351e-17
-3.025210084033613106e-02 9.158790422324808039e-18 -4.298220470941899474e-18 -5.551115123125782702e-17 9.124499532595375646e-18 -5.918120331607180565e-18 5.551115123125782702e-17 9.678096457568315834e-19 1.759133632658819357e-17 -8.326672684688674053e-17 9.697051303991507846e-19 -7.031054147280520914e-19 -1.582167019753680581e-19 -2.775557561562891351e-17
-3.529411764705882304e-02 -7.011987580594016050e-18 -4.958452846487070101e-18 -5.551115123125782702e-17 1.046132705501102327e-17 1.623022615516634057e-17 -2.220446049250313081e-16 -4.206140545140279386e-19 -3.884956758901365148e-18 0.000000000000000000e+00 -7.910000115553961918e-19 -2.829908771138907906e-18 1.835917504023571344e-19 5.551115123125782702e-17
-4.033613445378150808e-02 4.663268144528385776e-18 -2.015797744244941565e-18 2.775557561562891351e-17 2.769480108812135240e-17 -9.166538024951569941e-19 -5.551115123125782702e-17 -1.999458250044136919e-18 9.556813424510997430e-19 -5.551115123125782702e-17 1.095294899131479132e-20 4.385924132115706278e-18 -6.417816022671179999e-20 0.000000000000000000e+00
-4.537815126050419312e-02 1.833887333307612430e-02 1.822781392801782474e-02 2.795719243320016201e-02 -1.799664252963847216e-02 -1.782169790834825865e-02 -2.813858599403024074e-02 1.833089416137782118e-02 1.819493848834582289e-02 2.803133292507442587e-02 -1.798967664499080688e-02 -1.782367888167767783e-02 -3.874226972258447183e-04 -2.815566805346392254e-02
-5.042016806722688510e-02 -5.897363981492281389e-18 -1.304143422775498955e-17 0.000000000000000000e+00 -2.594315829555702229e-17 -3.910377386366738228e-17 0.000000000000000000e+00 2.353102389132498601e-18 -3.094357003142250073e-17 1.110223024625156540e-16 4.736620882932761678e-19 -2.721636557552925949e-19 9.654872355663101601e-21 0.000000000000000000e+00
-5.546218487394957708e-02 -2.581819333763033409e-18 1.861169979629961996e-17 5.551115123125782702e-17 2.216011621697805122e-17 3.058884136263240797e-17 -5.551115123125782702e-17 6.199317982017245337e-19 2.981610618769323428e-17 0.000000000000000000e+00 -1.615936158025314641e-18 -7.293701030135670871e-18 -2.711363566622023319e-19 -8.326672684688674053e-17
-6.050420168067226212e-02 -1.118447337139054822e-17 -1.182350530313559023e-17 5.551115123125782702e-17 4.841708762332064717e-17 -7.079976906691485770e-18 -2.775557561562891351e-16 -6.964342041223699707e-19 -6.383662568606736793e-18 1.110223024625156540e-16 2.047254334656287061e-18 1.039787032700285791e-17 -1.805780664088460832e-19 -1.110223024625156540e-16
-6.554621848739494716e-02 1.379741211586232360e-17 -2.173534075238498223e-17 -5.551115123125782702e-17 9.552728717796079593e-18 -1.975119607487999806e-17 -3.053113317719180486e-16 3.012994456421349575e-18 -1.429239253704110644e-17 2.220446049250313081e-16 6.611221760137038749e-19 1.578659812554196052e-18 2.118923301608397036e-19 0.000000000000000000e+00
-7.058823529411764608e-02 6.108008846250994556e-18 1.021691600070807335e-17 2.775557561562891351e-17 -4.868962712830721941e-17 1.892010461020377301e-18 2.498001805406602216e-16 5.001157408811177576e-18 -3.471829373717114564e-18 0.000000000000000000e+00 -2.466053319035900268e-19 -2.236002990257546600e-19 3.921350308988730785e-20 0.000000000000000000e+00
-7.563025210084033112e-02 -2.662795098846413687e-17 -8.548168242165786325e-18 0.000000000000000000e+00 1.110866139587262500e-17 1.107402541214464461e-17 5.551115123125782702e-17 1.996998865930644721e-19 1.917227417838358310e-17 0.000000000000000000e+00 -1.409443781261392591e-19 -3.462136803653914193e-18 1.935679851134855281e-21 0.000000000000000000e+00
-8.067226890756301616e-02 5.990007251339366819e-18 -7.234872517374256472e-18 -5.551115123125782702e-17 2.395629190729120234e-17 1.839538416274090319e-17 3.330669073875469621e-16 2.869057842433380491e-18 1.372009474927100061e-17 -3.330669073875469621e-16 -6.198521808411744566e-19 -3.098417909161929604e-18 -4.156142328972106486e-20 1.110223024625156540e-16
-8.571428571428570120e-02 -1.280509358018850820e-18 -1.412190442316491207e-18 0.000000000000000000e+00 4.122181509310405195e-17 -1.535963277817019067e-17 -2.775557561562891351e-17 2.405481704478550430e-18 -1.753581486573441863e-17 0.000000000000000000e+00 -1.136196592983364949e-20 -2.362886827501859841e-18 1.522356659708592561e-19 -2.775557561562891351e-17
-9.075630252100838624e-02 -1.591547532579146153e-17 1.564071621610107579e-17 -1.110223024625156540e-16 2.860424303794716441e-17 -6.208632996927313731e-17 -5.551115123125782702e-17 1.006757132959590014e-18 9.381788854135658535e-19 0.000000000000000000e+00 1.373028255660845067e-18 5.113248861006040198e-18 -9.806229460698701311e-20 -5.551115123125782702e-17
-9.579831932773108516e-02 -1.534794347633283871e-18 1.665104034424730952e-18 -8.326672684688674053e-17 -1.055949996597617641e-17 -2.462640108528547932e-17 -2.775557561562891351e-17 4.524765551339182381e-18 9.584288637255099261e-18 8.326672684688674053e-17 6.289515795184812444e-19 5.170469025669777356e-18 1.684474972570654635e-19 0.000000000000000000e+00
-1.008403361344537702e-01 -1.705460506219659562e-17 -1.179254134345350388e-17 -5.551115123125782702e-17 9.200250806764462480e-18 4.377141674177796962e-17 1.110223024625156540e-16 1.806325257086334209e-18 8.139407947448658713e-18 -5.551115123125782702e-17 4.615142055834692516e-19 1.434423698267035905e-18 2.073119844171621173e-19 5.551115123125782702e-17
-1.058823529411764552e-01 9.508524833012311988e-18 -1.985370300617449618e-19 -5.551115123125782702e-17 3.933257296413899555e-18 1.874155548566440196e-18 -1.110223024625156540e-16 -6.985556124695218954e-19 3.658856926467955779e-17 0.000000000000000000e+00 -4.408795139227051981e-19 3.849559607489843787e-18 -3.701400963485776443e-20 -5.551115123125782702e-17
-1.109243697478991542e-01 -1.255106722271058842e-17 -9.716993688230270926e-18 1.110223024625156540e-16 6.093028276605649757e-19 3.016283504838652245e-17 -1.387778780781445676e-16 2.630427013901521606e-18 -1.437154900155661064e-17 0.000000000000000000e+00 1.223193676647307408e-19 9.060873958100953069e-18 2.725644117240888737e-19 -2.775557561562891351e-17
-1.159663865546218392e-01 1.394695603111550418e-19 -6.207247284597259954e-18 0.000000000000000000e+00 2.734651762604040365e-17 1.777812373390886277e-17 0.000000000000000000e+00 3.919763904978290239e-19 -3.827893417366490805e-17 -2.775557561562891351e-16 -6.531891042980349989e-19 -2.020753394824523196e-18 -1.081836676631940678e-19 0.000000000000000000e+00
-1.210084033613445242e-01 1.687629822218059502e-18 -1.813847427287999696e-17 -1.110223024625156540e-16 -4.995663243095425126e-17 -8.850895286207815020e-18 5.551115123125782702e-17 6.107402173447894296e-19 1.212982282929853616e-17 0.000000000000000000e+00 -6.104309536934393555e-19 7.397816847040349857e-18 -2.462211327960725689e-20 -5.551115123125782702e-17
-1.260504201680672232e-01 -1.123403350003733868e-17 -5.903879841951109403e-19 -5.551115123125782702e-17 -8.984194417551301841e-18 2.920461261374955813e-17 -1.110223024625156540e-16 -9.333339790446086242e-19 -2.508922815756146191e-17 0.000000000000000000e+00 -1.020760080770025439e-18 -2.334146774188769200e-18 1.217568223211700875e-19 5.551115123125782702e-17
-1.310924369747898943e-01 1.865311885974420083e-17 1.700619866605118961e-17 5.551115123125782702e-17 4.035214939780275168e-17 5.531921551332179150e-18 -8.326672684688674053e-17 -4.774628642088213340e-19 3.712795118318154411e-17 1.110223024625156540e-16 -1.011140977565563504e-18 2.349022072595527645e-18 -1.769676250783935965e-19 0.000000000000000000e+00
-1.361344537815125932e-01 1.107543695601739694e-17 -5.791929535242754809e-18 -1.110223024625156540e-16 1.197955852298195411e-17 -1.574658150143769402e-17 5.551115123125782702e-17 9.369809712477621381e-19 -1.028467920904726465e-17 5.551115123125782702e-17 6.320824818367195186e-19 3.397448535668423189e-18 -1.325181052974931631e-19 1.110223024625156540e-16
-1.411764705882352922e-01 -1.731405362505650746e-17 -4.262749331814568100e-19 0.000000000000000000e+00 -1.229322307607028671e-18 -5.968329384922515258e-18 -1.387778780781445676e-16 -2.177517674949595762e-18 -3.408357412671977448e-17 2.775557561562891351e-17 3.643212692860510788e-19 5.442169009805537327e-19 3.197070746188559792e-20 0.000000000000000000e+00
-1.462184873949579633e-01 -6.719438500733132513e-18 -3.614593311278161059e-18 -1.110223024625156540e-16 -1.082666532156054939e-17 6.214115032051155422e-18 -1.942890293094023946e-16 -2.420001184918523876e-18 -9.956115811643386240e-18 2.220446049250313081e-16 1.327485824583418667e-18 3.812110641187508526e-18 -9.257126369118956884e-20 0.000000000000000000e+00
-1.512605042016806622e-01 1.563142723096226303e-02 1.629614718496574105e-02 3.485279603721108677e-02 -1.398583794521030335e-02 -1.445304965586746183e-02 -3.576588021246226989e-02 1.564185401557703983e-02 1.624796297315129340e-02 3.497618100398014462e-02 -1.399872261961447595e-02 -1.441196806839625463e-02 -3.014924485790815875e-04 -3.584367160754436954e-02
-1.563025210084033334e-01 1.526067246057446342e-02 1.597674965291369029e-02 3.541619797565739858e-02 -1.345290255533363247e-02 -1.396494363634820900e-02 -3.637527844886126460e-02 1.527131042214097817e-02 1.593323790405671431e-02 3.552644945011820821e-02 -1.346625971322834917e-02 -1.392267548616959137e-02 -2.921920945716733383e-04 -3.645489103903570838e-02
-1.613445378151260323e-01 1.486581869655740490e-02 1.562254999045363871e-02 3.600083269670345532e-02 -1.287636066173976357e-02 -1.342440575084305129e-02 -3.701359241284726820e-02 1.487736279204257897e-02 1.559244920098011057e-02 3.610078707412450738e-02 -1.288966968133962651e-02 -1.338556636965265376e-02 -2.821549698090707330e-04 -3.709150950152587112e-02
-1.663865546218487312e-01 1.455136783581627638e-02 1.535204832368897848e-02 3.652965994055307197e-02 -1.239599165130965928e-02 -1.298711533651519118e-02 -3.762250207835715621e-02 1.456195807561415714e-02 1.531064534491250601e-02 3.667344122953675178e-02 -1.240961904102189442e-02 -1.293835055298176058e-02 -2.713653284186534663e-04 -3.774357641902784111e-02
-1.714285714285714024e-01 1.410394760821808563e-02 1.494605659990221741e-02 3.717412093232963510e-02 -1.170530359721646749e-02 -1.232966897887196114e-02 -3.832807461227216717e-02 1.411182335685475138e-02 1.490591353877719974e-02 3.731099370348120448e-02 -1.171435039400424080e-02 -1.228360175931316432e-02 -2.601914858504833831e-04 -3.844517355320925533e-02
-1.764705882352941013e-01 1.362882380166547183e-02 1.451105790541332499e-02 3.784360098606953660e-02 -1.094885704166484452e-02 -1.161184173744447476e-02 -3.905333619938744505e-02 1.363509388795597355e-02 1.447391517109735196e-02 3.796881280612743326e-02 -1.095464967207308501e-02 -1.156495400475300583e-02 -2.481716344235664084e-04 -3.916359492293647326e-02
-1.815126050420167725e-01 3.138237058743895830e-02 3.322492163309959112e-02 9.073353474751516545e-02 -2.430388666501967498e-02 -2.574757831593064289e-02 -9.388242033864102609e-02 3.138777448088191785e-02 3.315401929422746863e-02 9.097999843462062364e-02 -2.430309153344945711e-02 -2.567970518524300555e-02 -1.215943355758069416e-03 -9.409375282724696810e-02
-1.865546218487394714e-01 3.008356382954281011e-02 3.200208440649755792e-02 9.234816467990525357e-02 -2.209056802880549758e-02 -2.363612198126673752e-02 -9.563722024739726435e-02 3.008843161571364555e-02 3.193771721782463074e-02 9.257141375792637961e-02 -2.208903168828184327e-02 -2.356510071428702391e-02 -1.144139744122363734e-03 -9.583222239976013634e-02
-1.915966386554621703e-01 5.330795613887381879e-02 5.610250565386287747e-02 1.715728040962918310e-01 -3.666934096639063584e-02 -3.919091415825436825e-02 -1.783382050284379183e-01 5.328108863375455306e-02 5.602788617128161286e-02 1.718546810994308061e-01 -3.662860851686360747e-02 -3.915039662353737154e-02 -3.241336949267535281e-03 -1.786002777253100637e-01
-1.966386554621848415e-01 1.682043491635778765e-01 1.722730205262948400e-01 5.612902564839634678e-01 -1.065241974241586120e-01 -1.128168782915956736e-01 -5.891743825390416411e-01 1.682070333729731859e-01 1.722762748003864863e-01 5.613203441873635402e-01 -1.065255407234468321e-01 -1.128188807451645514e-01 -2.061415050670580701e-02 -5.891582443822225290e-01
-2.016806722689075404e-01 1.578562802068625703e-01 1.626751764031156566e-01 5.725111986498208072e-01 -8.634556692649952847e-02 -9.379750441350892531e-02 -6.014728532829062280e-01 1.578591447977195361e-01 1.626793065522696147e-01 5.725431572599523067e-01 -8.634689656370445054e-02 -9.379968342249331292e-02 -1.875305651950727806e-02 -6.014558887013575772e-01
-2.067226890756302393e-01 1.466128619478506978e-01 1.523407437770107620e-01 5.834757850014047342e-01 -6.341924802530582439e-02 -7.226935225260999740e-02 -6.128207305862561904e-01 1.466159535099235967e-01 1.523460253562097244e-01 5.835099224368468507e-01 -6.342070423304381477e-02 -7.227221287550560092e-02 -1.673585084848235385e-02 -6.128032949598906098e-01
-2.117647058823529105e-01 1.553006126958673128e-01 1.623866765195717543e-01 6.793588533821005582e-01 -4.392374954628829736e-02 -5.563865164643771316e-02 -7.146371905049259121e-01 1.552989457050174271e-01 1.623892250333336951e-01 6.794099182078395804e-01 -4.392164033426342734e-02 -5.563647362531131541e-02 -1.825412512618562050e-02 -7.146189577493461398e-01
-2.168067226890756094e-01 1.406296564126836846e-01 1.489442063887387313e-01 6.912246695179585787e-01 -1.079617191422980668e-02 -2.457372765358284764e-02 -7.240334073807063175e-01 1.406285329750793789e-01 1.489466763417310047e-01 6.912761938408089613e-01 -1.079396550573923086e-02 -2.457265016018011713e-02 -1.547797498199747317e-02 -7.240142207041198041e-01
-2.218487394957983083e-01 1.312929697265344808e-01 1.408876063324939754e-01 7.286212925333467316e-01 2.525983072218072542e-02 8.798293262958042926e-03 -7.594170561865102309e-01 1.312598610976022095e-01 1.408599119187314563e-01 7.287013797666639370e-01 2.528968808665323434e-02 8.824538689144352521e-03 -1.363671239060756414e-02 -7.594445552326754001e-01
-2.268907563025209795e-01 1.157655534951390758e-01 1.266836943055069664e-01 7.380130169039273991e-01 6.325474393008446994e-02 4.448739345531041445e-02 -7.609886198479760555e-01 1.157392411258632015e-01 1.266622286391515528e-01 7.380805826826206673e-01 6.327919769941782457e-02 4.450840497838130794e-02 -1.083107574847943198e-02 -7.610083552606841106e-01
-2.319327731092436784e-01 1.034055311989370840e-01 1.154344023678719050e-01 7.549055301025557885e-01 1.007750682665509573e-01 7.969386281643818515e-02 -7.690529020347738332e-01 1.033869993770863416e-01 1.154186558260506812e-01 7.549385540639163006e-01 1.007922779274064151e-01 7.970867671991223313e-02 -8.574499300738525412e-03 -7.690696445227643840e-01
-2.369747899159663496e-01 9.104738279943119794e-02 1.041645246550576970e-01 7.606580828643441095e-01 1.339647102144402580e-01 1.109599796174060293e-01 -7.631401196227285411e-01 9.103302690911557749e-02 1.041526080153206690e-01 7.606834466845832088e-01 1.339782275490316588e-01 1.109714190783226140e-01 -6.457475042660200740e-03 -7.631526076719820084e-01
-2.420168067226890485e-01 8.196828628790749083e-02 9.586784339792948917e-02 7.682114017148928831e-01 1.628058412184264780e-01 1.381500214026629980e-01 -7.595737294267101980e-01 8.195786133443282162e-02 9.585916857292556270e-02 7.682291599492074852e-01 1.628157488172801981e-01 1.381584610290639281e-01 -4.820980272771075575e-03 -7.595822403049803384e-01
-2.470588235294117474e-01 7.459255749231051558e-02 8.913267915704498057e-02 7.715767375402055039e-01 1.862589216068212816e-01 1.603476253439316823e-01 -7.517459284959412402e-01 7.453280875778808823e-02 8.908326860868824582e-02 7.716783123218058371e-01 1.863159647732512969e-01 1.603959050907366457e-01 -3.462986175390095171e-03 -7.517932894793102339e-01
-2.521008403361344463e-01 6.913928220190405927e-02 8.400253901834492387e-02 7.746072467131825956e-01 2.059503980769875620e-01 1.792049050711438385e-01 -7.442808609002058429e-01 6.908831292881739694e-02 8.396088377345406473e-02 7.746934532271395613e-01 2.059994193690581898e-01 1.792460346908563429e-01 -2.341311512602616603e-03 -7.443204800002288790e-01
-2.571428571428571175e-01 6.550241258817213197e-02 8.049807262841482403e-02 7.783215177782873972e-01 2.228544287048123684e-01 1.954280151156231327e-01 -7.387163861128498432e-01 6.546001047242212822e-02 8.046364686690306300e-02 7.783920310487574268e-01 2.228954316986357098e-01 1.954623690186600427e-01 -1.422247602977319298e-03 -7.387477494014608181e-01
-2.621848739495797886e-01 6.261797911361338675e-02 7.789011615909038899e-02 7.807659127459278814e-01 2.368435433488005337e-01 2.086656392524068870e-01 -7.325667203316914566e-01 6.258072794307681375e-02 7.786014433198598650e-02 7.808276971629179997e-01 2.368797813136365171e-01 2.086957972103737902e-01 -6.459840200758314600e-04 -7.325939277958597451e-01
-2.672268907563025153e-01 6.038239842348359226e-02 7.620082226113372714e-02 7.829303415673425359e-01 2.487710833740044702e-01 2.195187490991206414e-01 -7.271448084781035881e-01 6.034916488119054095e-02 7.617428313971952303e-02 7.829854148934347613e-01 2.488036032942893272e-01 2.195456533056165949e-01 -7.641142918106199754e-06 -7.271688769566704291e-01
-2.722689075630251865e-01 5.858128073609857045e-02 7.503757983769418494e-02 7.853744561744635533e-01 2.600805234309412906e-01 2.295813029426858054e-01 -7.223791914251131985e-01 5.855226129240859168e-02 7.501452062739344395e-02 7.854222088074356289e-01 2.601090297451194022e-01 2.296049092548488879e-01 5.580643501834022836e-04 -7.223993741155356751e-01
-2.773109243697478576e-01 5.677767909243648659e-02 7.398635057180535934e-02 7.877525507470956034e-01 2.711304380834311245e-01 2.392749218232599340e-01 -7.172120934150335581e-01 5.675171706455362647e-02 7.396586863347481833e-02 7.877952205561308263e-01 2.711560775303978876e-01 2.392960337066528664e-01 1.098967648812056771e-03 -7.172299505456755098e-01
-2.823529411764705843e-01 5.518471983902083905e-02 7.311172046620459386e-02 7.902992752279054400e-01 2.821999759870216229e-01 2.489937428613032688e-01 -7.119890985262971039e-01 5.516190230700888930e-02 7.309383388981804952e-02 7.903365557832210397e-01 2.822226060834922001e-01 2.490123324933804227e-01 1.614025197258163197e-03 -7.120042948337800270e-01
-2.873949579831932555e-01 5.369263549349701653e-02 7.235780085120252503e-02 7.928951261619505697e-01 2.932213683441624585e-01 2.586435877730484667e-01 -7.064748727982672616e-01 5.367249942970150900e-02 7.234213181217613586e-02 7.929278661536832695e-01 2.932414302412588714e-01 2.586599969817919842e-01 2.110145949269732601e-03 -7.064879347510945040e-01
-2.924369747899159266e-01 5.243440115604462715e-02 7.152481152003964393e-02 7.959349001278429592e-01 3.052037652690650082e-01 2.696308464701333563e-01 -7.001088768914222049e-01 5.241692638860644127e-02 7.151138582426311285e-02 7.959631221347296393e-01 3.052212292949262329e-01 2.696450696338590913e-01 2.659704010640350728e-03 -7.001198577842251414e-01
-2.974789915966385978e-01 5.152979263285530076e-02 7.100754251788696236e-02 7.987849672291108538e-01 3.164530047811772162e-01 2.799422760055866322e-01 -6.937237530649434936e-01 5.151445962429045122e-02 7.099588184850999517e-02 7.988095232902372445e-01 3.164683691737911198e-01 2.799546845606192269e-01 3.170158170440862556e-03 -6.937331170673080027e-01
-3.025210084033613245e-01 5.088946878501723892e-02 7.072116543934341137e-02 8.014975529582282210e-01 3.272124004209537307e-01 2.898079068121399149e-01 -6.872447364706859574e-01 5.087606564534881415e-02 7.071104399363191406e-02 8.015189332772121311e-01 3.272259079713850660e-01 2.898187448392919308e-01 3.648485002645436310e-03 -6.872526967307972523e-01
-3.075630252100839956e-01 5.045385951366609945e-02 7.060836458832626950e-02 8.041268749396184301e-01 3.376361687840777615e-01 2.993789347924036837e-01 -6.806195349937067540e-01 5.044212278061903365e-02 7.059959838059957915e-02 8.041454666752805291e-01 3.376480407445304754e-01 2.993883957441936805e-01 4.101264459317634573e-03 -6.806262814084851342e-01
-3.126050420168066668e-01 5.019521467681088700e-02 7.064154779637911441e-02 8.067055767668565025e-01 3.478023248360319064e-01 3.087333682070240171e-01 -6.738295759558985409e-01 5.018495445624740481e-02 7.063397274200458598e-02 8.067216985956556785e-01 3.478127388182032931e-01 3.087416116402339483e-01 4.532539173421699236e-03 -6.738352551387752909e-01
-3.176470588235293935e-01 5.010059506400156570e-02 7.080729304037125527e-02 8.092550378042361325e-01 3.577506412376028622e-01 3.179119313452887230e-01 -6.668733837039159118e-01 5.009164682526620616e-02 7.080076739429980170e-02 8.092689655750618938e-01 3.577597510614402010e-01 3.179190957463781664e-01 4.945190394716272170e-03 -6.668781217545459716e-01
-3.226890756302520646e-01 5.016436383951139444e-02 7.109909332501447576e-02 8.117895134778614352e-01 3.675020304458871401e-01 3.269370493947413303e-01 -6.597569683932653639e-01 5.015658230662842221e-02 7.109349251213238630e-02 8.118014913194052662e-01 3.675099722124020030e-01 3.269432573359651317e-01 5.341524359594199307e-03 -6.597608766328909580e-01
-3.277310924369747358e-01 5.038439190537309653e-02 7.151377706261802247e-02 8.143187298644616323e-01 3.770681928682421136e-01 3.358221843944364515e-01 -6.524890683585709006e-01 5.037764750459441943e-02 7.150899061971621729e-02 8.143289765291797933e-01 3.770750884510345458e-01 3.358275454898959622e-01 5.723560152901102302e-03 -6.524922466173704860e-01
-3.327731092436974625e-01 5.076027053596490757e-02 7.204982995961334291e-02 8.168494153853590456e-01 3.864563365599417155e-01 3.445763910023013077e-01 -6.450789415854670805e-01 5.075444708289639228e-02 7.204575949826545755e-02 8.168581282680311695e-01 3.864622958436691458e-01 3.445810037984139429e-01 6.093165716951136693e-03 -6.450814802709781137e-01
-3.378151260504201336e-01 5.129248906767563954e-02 7.270662896122245811e-02 8.193862340017722401e-01 3.956714653634340051e-01 3.532065145365840264e-01 -6.375354347570491020e-01 5.128748209187937446e-02 7.270318665770983402e-02 8.193935919510539900e-01 3.956765878406827697e-01 3.532104678563739997e-01 6.452123264779958088e-03 -6.375374162691986868e-01
-3.428571428571428048e-01 5.198206361683729848e-02 7.348410117729925473e-02 8.219323656805600509e-01 4.047174891335608149e-01 3.617182491010236811e-01 -6.298666451656634857e-01 5.197777904561877438e-02 7.348120856361609055e-02 8.219385311226072854e-01 4.047218651434588144e-01 3.617216230820151091e-01 6.802161924788026684e-03 -6.298681449235183916e-01
-3.478991596638655315e-01 5.283037100061342695e-02 7.438257532435674224e-02 8.244898716021826779e-01 4.135977690510387883e-01 3.701166514401111329e-01 -6.220798329600691901e-01 5.282672406907638896e-02 7.438016227311478046e-02 8.244949922259308117e-01 4.136014807940847637e-01 3.701195183799729782e-01 7.144974943075756493e-03 -6.220809201701349433e-01
-3.529411764705882026e-01 5.383907357957658235e-02 7.540271791241373589e-02 8.270599248862413599e-01 4.223153917594266171e-01 3.784063955812920210e-01 -6.141814245880536927e-01 5.383598789922337813e-02 7.540072176141399130e-02 8.270641350186828111e-01 4.223185141554793298e-01 3.784088206487575823e-01 7.482229339277588626e-03 -6.141821628227727148e-01
-3.579831932773108738e-01 5.501008327129611186e-02 7.654550558133897675e-02 8.296429560794719160e-01 4.308733112595330983e-01 3.865919026067013986e-01 -6.061770398735492060e-01 5.500749001925331338e-02 7.654387036717114068e-02 8.296463778242317844e-01 4.308759126848733523e-01 3.865939444498862620e-01 7.815571652589463694e-03 -6.061774875006022967e-01
-3.630252100840335450e-01 5.634554184868062476e-02 7.781221224287279692e-02 8.322387441213797699e-01 4.392744240623334129e-01 3.946774084495922041e-01 -5.980715177379197778e-01 5.634337905379038780e-02 7.781088802442828745e-02 8.322414883079964909e-01 4.392765669869423406e-01 3.946791197217697222e-01 8.146631503106604652e-03 -5.980717282279059965e-01
-3.680672268907562716e-01 5.784804817633214247e-02 7.920477155956975879e-02 8.348460531102614990e-01 4.475211867518479325e-01 4.026662272135207443e-01 -5.898692305982218276e-01 5.784626003449497289e-02 7.920371379125165645e-02 8.348482201641258538e-01 4.475229283467348496e-01 4.026676550675111210e-01 8.477007516766854947e-03 -5.898692527530307039e-01
-3.731092436974789428e-01 5.952012431933320635e-02 8.072521943638942543e-02 8.374631780800118053e-01 4.556165755023760533e-01 4.105619884512861084e-01 -5.815732279923345738e-01 5.951866067890651535e-02 8.072438846317125938e-02 8.374648586075194023e-01 4.556179680563529621e-01 4.105631749042610856e-01 8.808282535301383692e-03 -5.815731060373320327e-01
-3.781512605042016140e-01 6.136407170772431585e-02 8.237469695083982080e-02 8.400891637591659800e-01 4.635643425334884937e-01 4.183704419877493641e-01 -5.731853219362968987e-01 6.136288767084230322e-02 8.237405758722871063e-02 8.400904389647266823e-01 4.635654337434749750e-01 4.183714241984847759e-01 9.142083054188513552e-03 -5.731850955515204182e-01
-3.831932773109243406e-01 6.338297691903811704e-02 8.415576333582304447e-02 8.427215292969433280e-01 4.713670156960663160e-01 4.260948865220244852e-01 -5.647078630755387740e-01 6.338203225302620203e-02 8.415528436512811905e-02 8.427224716778171087e-01 4.713678491623103373e-01 4.260956972079009697e-01 9.479984750348259548e-03 -5.647075674761968811e-01
-3.882352941176470118e-01 6.558001654593105523e-02 8.607102191551255221e-02 8.453565062118086892e-01 4.790272537843638934e-01 4.337389334836905253e-01 -5.561407929997821409e-01 6.557927522305211088e-02 8.607067569368881399e-02 8.453571800332427832e-01 4.790278693414589672e-01 4.337396012383527011e-01 9.823503626660711960e-03 -5.561404589067558968e-01
-3.932773109243696830e-01 6.795784907680547937e-02 8.812285807543387972e-02 8.479897697012404034e-01 4.865476612012760715e-01 4.413058286734242719e-01 -5.474832797748121482e-01 6.795727893253143692e-02 8.812262020958178121e-02 8.479902313374704237e-01 4.865480951215973571e-01 4.413063782230648990e-01 1.017407927279453256e-02 -5.474829333614338323e-01
-3.983193277310924096e-01 7.051937943493738481e-02 9.031432627775647093e-02 8.506187747935159971e-01 4.939319068765121723e-01 4.487990366323301172e-01 -5.387362687845015374e-01 7.051895200777466566e-02 9.031417539965454211e-02 8.506190729272000706e-01 4.939321919137326100e-01 4.487994889889316275e-01 1.053330940588086129e-02 -5.387359316987057056e-01
-4.033613445378150808e-01 7.326805697235116988e-02 9.264899645338763035e-02 8.532389277462982813e-01 5.011827115789230236e-01 4.562212638303182466e-01 -5.298988937526978305e-01 7.326774705216128336e-02 9.264891388362192504e-02 8.532391039205423633e-01 5.011828772673313503e-01 4.562216366386436239e-01 1.090270104778806419e-02 -5.298985831359107612e-01
-4.084033613445377520e-01 7.620736095282505673e-02 9.513054574411075603e-02 8.558450536367828709e-01 5.083028337130754970e-01 4.635752085791372545e-01 -5.209692400594867490e-01 7.620714630633952658e-02 9.513051525587271073e-02 8.558451426459882105e-01 5.083029064943049846e-01 4.635755163785956201e-01 1.128373956000437023e-02 -5.209689686023623034e-01
-4.134453781512604786e-01 7.934081476289206458e-02 9.776282059649947509e-02 8.584314135652469924e-01 5.152950153268318623e-01 4.708634432658435620e-01 -5.119444786125247893e-01 7.934067588589631403e-02 9.776282820648858618e-02 8.584314438781286416e-01 5.152950186523963527e-01 4.708636977650207389e-01 1.167788838202350743e-02 -5.119442546757114743e-01
-4.184873949579831498e-01 8.267197626661822174e-02 1.005498545628056295e-01 8.609916981244876144e-01 5.221619170836148127e-01 4.780883184136442976e-01 -5.028209692079159687e-01 8.267189616094791638e-02 1.005498883471919458e-01 8.609916923489424612e-01 5.221618714995632793e-01 4.780885287831229125e-01 1.208658603297135641e-02 -5.028207970227609458e-01
-4.235294117647058210e-01 8.621164899354012701e-02 1.034943623541417085e-01 8.635205277177193661e-01 5.289039076598243128e-01 4.852510034157448970e-01 -4.935949098286682712e-01 8.620797925327292055e-02 1.034939917946668397e-01 8.635208020935757345e-01 5.289043580318217863e-01 4.852574663688330459e-01 1.251143834447842988e-02 -4.935883798671384382e-01
-4.285714285714285476e-01 8.994845019151558041e-02 1.066041485940899675e-01 8.660078859334914281e-01 5.355283470997109774e-01 4.923554273883367638e-01 -4.842600227880016761e-01 8.994589444917365506e-02 1.066044297421874232e-01 8.660074781701564417e-01 5.355276344137812616e-01 4.923614066838568615e-01 1.295351498723405596e-02 -4.842544669571525739e-01
-4.336134453781512188e-01 9.389369086579998913e-02 1.098818529407482036e-01 8.684464021350739582e-01 5.420344688528736521e-01 4.994016363725423679e-01 -4.748108336918810402e-01 9.389207842505248314e-02 1.098826473838678403e-01 8.684455886938289293e-01 5.420328361679566109e-01 4.994072007350989217e-01 1.341425798675104260e-02 -4.748063843485207380e-01
-4.386554621848738900e-01 9.805078214337618892e-02 1.133321003515037756e-01 8.708274202783994333e-01 5.484242933067705605e-01 5.063906766437606954e-01 -4.652407351071939923e-01 9.804995333551863590e-02 1.133332784975580043e-01 8.708264267539636005e-01 5.484219738785608422e-01 5.063958658203131513e-01 1.389496213799774720e-02 -4.652374705498765750e-01
-4.436974789915966166e-01 1.024230245779995246e-01 1.169596023230228682e-01 8.731416555508431099e-01 5.546995798842362380e-01 5.133231705070616657e-01 -4.555424371202387857e-01 1.024228298298634071e-01 1.169610429248225669e-01 8.731406574354340089e-01 5.546967967221949625e-01 5.133279949057197866e-01 1.439687177350932636e-02 -4.555403775738957051e-01
-4.487394957983192878e-01 1.070135772980165129e-01 1.207691252443537783e-01 8.753791871271208169e-01 5.608617950705842015e-01 5.201992898994926007e-01 -4.457079821509947193e-01 1.070138764240540080e-01 1.207707151855174632e-01 8.753783113842864561e-01 5.608587603671574273e-01 5.202037305076171458e-01 1.492117406688861850e-02 -4.457070864421087686e-01
-4.537815126050419590e-01 1.118254355649623555e-01 1.247654697509123917e-01 8.775294516561352731e-01 5.669120733216661545e-01 5.270187152431803357e-01 -4.357287900271987757e-01 1.118260973177794826e-01 1.247671041088718735e-01 8.775287791795617354e-01 5.669089877847319769e-01 5.270227238951036286e-01 1.546899245896217641e-02 -4.357289531429661134e-01
-4.588235294117646301e-01 1.168909497490228100e-01 1.289625273627069135e-01 8.795819759594540876e-01 5.728495624756984039e-01 5.338050855035837428e-01 -4.255786891313131370e-01 1.168918522093646273e-01 1.289641085957377031e-01 8.795815463072390594e-01 5.728466169991539569e-01 5.338085814783755101e-01 1.604440795583200047e-02 -4.255797444163976762e-01
-4.638655462184873568e-01 1.221887504544576231e-01 1.333605124474888659e-01 8.815223138268661884e-01 5.786631601397901337e-01 5.405187718450586987e-01 -4.152996714685209811e-01 1.221897786518685719e-01 1.333619525711650933e-01 8.815221263338587354e-01 5.786605315881738765e-01 5.405216504636876085e-01 1.664572680400500798e-02 -4.153013793821957456e-01
-4.689075630252100280e-01 1.277562072124616144e-01 1.379018989233838921e-01 8.832659372134595843e-01 5.842632803149142573e-01 5.472303509412266287e-01 -4.047464423618998275e-01 1.277572569148194004e-01 1.379031215242054187e-01 8.832659574640938649e-01 5.842611303589001492e-01 5.472324811419408963e-01 1.727132979587818820e-02 -4.047485000755157714e-01
-4.739495798319326991e-01 1.335400986288605152e-01 1.426465875866122224e-01 8.848766233477225462e-01 5.897538279998564281e-01 5.538698756581805771e-01 -3.940151577714621212e-01 1.335411862225721891e-01 1.426478026673218547e-01 8.848766793296999333e-01 5.897520885516731592e-01 5.538708138686420090e-01 1.792279397614493161e-02 -3.940172294339222558e-01
-4.789915966386554258e-01 1.395472034298562702e-01 1.475967324908032674e-01 8.863459716068735617e-01 5.951381359403068450e-01 5.604498821163992339e-01 -3.830774552580680226e-01 1.395481364655583312e-01 1.475975745214548607e-01 8.863461069706177753e-01 5.951371865359542657e-01 5.604498007145261029e-01 1.860143109020112595e-02 -3.830791008142238052e-01
-4.840336134453780970e-01 1.457811836797538174e-01 1.527580621083066692e-01 8.876615526465231332e-01 6.004154106349834930e-01 5.669676118148375688e-01 -3.719240864035308070e-01 1.457818883912984365e-01 1.527584936467225596e-01 8.876616702078121701e-01 6.004153681124174691e-01 5.669663132543879547e-01 1.930813369386894310e-02 -3.719248288146150827e-01
-4.890756302521007681e-01 1.522490991262217541e-01 1.581413958226537131e-01 8.888158551906587546e-01 6.055906059660314256e-01 5.734203318709880648e-01 -3.605473899260993043e-01 1.522498339369899867e-01 1.581419229603338861e-01 8.888157420260306418e-01 6.055918207300086120e-01 5.734174203466329001e-01 2.004405367663797746e-02 -3.605480002010140739e-01
-4.941176470588234948e-01 1.589486146923015375e-01 1.637502429900700995e-01 8.897844723625418784e-01 6.106520659021565933e-01 5.797927524648945896e-01 -3.489507829630501545e-01 1.589490581434732930e-01 1.637503716180914171e-01 8.897840878717406810e-01 6.106543700833624300e-01 5.797882107880125702e-01 2.080971454208257673e-02 -3.489493914593805313e-01
-4.991596638655461660e-01 1.658988837482712475e-01 1.696097809799333167e-01 8.905656115366150649e-01 6.156189704836366738e-01 5.860843422407555625e-01 -3.371254321062484016e-01 1.658990087018755444e-01 1.696095208302838830e-01 8.905648563829062780e-01 6.156224330734731964e-01 5.860779364889110443e-01 2.160814846559058755e-02 -3.371214448198140978e-01
-5.042016806722688926e-01 1.730845355168219579e-01 1.757085251789777813e-01 8.911300755207716140e-01 6.204650180149426930e-01 5.922695528236808782e-01 -3.250892976931409328e-01 1.730843360463958647e-01 1.757079128799627910e-01 8.911288591713799612e-01 6.204696831445145611e-01 5.922610253379063661e-01 2.243700224834646248e-02 -3.250821145482458707e-01
-5.092436974789915638e-01 1.804730194626283646e-01 1.820265758828636393e-01 8.914485917313355046e-01 6.251735322107523363e-01 5.983219960024465101e-01 -3.128299859930976368e-01 1.804725091354065780e-01 1.820256552950133833e-01 8.914468469897827152e-01 6.251794237919841013e-01 5.983111617231400281e-01 2.329164220212448858e-02 -3.128190284125744181e-01
-5.142857142857142350e-01 1.880366920623055271e-01 1.885349952714122090e-01 8.914941670491541847e-01 6.297126908918930788e-01 6.042254466911870514e-01 -3.003461024601131735e-01 1.880358863358805588e-01 1.885338258568484138e-01 8.914918571771196509e-01 6.297204519380001919e-01 6.042123918304650454e-01 2.416719963654989298e-02 -3.003308061529157413e-01
-5.193277310924369061e-01 1.959067638738285211e-01 1.953383310036745646e-01 8.913029939693191128e-01 6.341773585034392591e-01 6.100940755321387909e-01 -2.874750889476874183e-01 1.959057445188352453e-01 1.953370128359274704e-01 8.913000712267986625e-01 6.341862266565894135e-01 6.100782794231038864e-01 2.508301685158752931e-02 -2.874549389954729195e-01
-5.243697478991595773e-01 2.040433649248441783e-01 2.024048645855083262e-01 8.908290072216324962e-01 6.384998456533057531e-01 6.158489681414475170e-01 -2.743458422040697120e-01 2.040422079561895752e-01 2.024035053838574294e-01 8.908254612268419192e-01 6.385098052262694335e-01 6.158302315360442147e-01 2.603239551213010899e-02 -2.743203350068840196e-01
-5.294117647058822484e-01 2.124225766971715446e-01 2.097208267304156160e-01 8.900402919929809586e-01 6.426597115034327068e-01 6.214623723223074991e-01 -2.609541919244663388e-01 2.124213811620608294e-01 2.097195535742188699e-01 8.900361277665460591e-01 6.426707284604390447e-01 6.214405347703291227e-01 2.701128832773176669e-02 -2.609228932801915257e-01
-5.344537815126050306e-01 2.210027837851767929e-01 2.172541757735519941e-01 8.889146830030930646e-01 6.466287729735404888e-01 6.268992581005040643e-01 -2.473404677405343088e-01 2.210016672852574138e-01 2.172531304077668646e-01 8.889099213255065024e-01 6.466407921434830230e-01 6.268742018138757643e-01 2.801344728219116662e-02 -2.473030420124448236e-01
-5.394957983193277018e-01 2.297706273706309754e-01 2.250006841002918923e-01 8.874253125404633069e-01 6.503970234068354728e-01 6.321510182345867479e-01 -2.334648942045539077e-01 2.297706376978633780e-01 2.250007569138942620e-01 8.874255556967046710e-01 6.503967988064797145e-01 6.321525686015109224e-01 2.903635240473947943e-02 -2.334669027595686897e-01
-5.445378151260503730e-01 2.386793170864357494e-01 2.329159852187400459e-01 8.855793542966610143e-01 6.539619050352543095e-01 6.372048321340841870e-01 -2.193263829294325173e-01 2.386793175482734009e-01 2.329160368943898607e-01 8.855796375629936268e-01 6.539615410419060693e-01 6.372065618023809996e-01 3.007284429648895974e-02 -2.193288040869699473e-01
-5.495798319327730441e-01 2.477165218116569867e-01 2.409972363980673049e-01 8.833590262505762736e-01 6.573124995639707535e-01 6.420450052012269815e-01 -2.049247768626076271e-01 2.477164996322244461e-01 2.409972560697304367e-01 8.833593505288948045e-01 6.573120021771475807e-01 6.420469210997934439e-01 3.112040396872403636e-02 -2.049276268145538427e-01
-5.546218487394957153e-01 2.568685938768794363e-01 2.492364000247543621e-01 8.807578636304839170e-01 6.604466690291309616e-01 6.466616262102887758e-01 -1.902542778837448822e-01 2.568685305052639811e-01 2.492363730902659447e-01 8.807582327025815783e-01 6.604460374554278479e-01 6.466637282718726842e-01 3.217633018060131467e-02 -1.902575579165172726e-01
-5.596638655462183864e-01 2.661246405336331611e-01 2.576254104856079974e-01 8.777707165846466708e-01 6.633604512199114955e-01 6.510463587131576357e-01 -1.753157049155529834e-01 2.661245066500433354e-01 2.576253201140730753e-01 8.777711394783715981e-01 6.633596643376241664e-01 6.510486374244137675e-01 3.323819800856012141e-02 -1.753193910629546604e-01
-5.647058823529411686e-01 2.754757942907608559e-01 2.661583549094456158e-01 8.743915181445718332e-01 6.660506201290103956e-01 6.551896389151439237e-01 -1.601132648725075991e-01 2.754758198940272518e-01 2.661585828613795557e-01 8.743917718692573171e-01 6.660498780741460623e-01 6.551922676208544738e-01 3.430457659994961411e-02 -1.601176233370404933e-01
-5.697478991596638398e-01 2.848095233738590637e-01 2.747977343197133271e-01 8.706361663548626284e-01 6.685581521287990991e-01 6.589759306713695031e-01 -1.448067994744579312e-01 2.848096427608981518e-01 2.747976676526736051e-01 8.706364635618466519e-01 6.685575875813851709e-01 6.589788163921248554e-01 3.536235894333488589e-02 -1.448116360466412955e-01
-5.747899159663865110e-01 2.942437693547464428e-01 2.835741468934905862e-01 8.664824524209735479e-01 6.708449650726353575e-01 6.625431169616555760e-01 -1.291038806575530995e-01 2.942437786678653855e-01 2.835740621774742731e-01 8.664827787776984147e-01 6.708443009917718358e-01 6.625461589999817047e-01 3.642102967871186509e-02 -1.291091014682330118e-01
-5.798319327731091821e-01 3.037597573261834327e-01 2.924698968733926430e-01 8.619281105973349844e-01 6.728894866015581178e-01 6.658583308318137828e-01 -1.131596868697031244e-01 3.037596947232985012e-01 2.924697549524331031e-01 8.619284600983334599e-01 6.728887704805511794e-01 6.658615335240437583e-01 3.747870174716342456e-02 -1.131652735781888686e-01
-5.848739495798318533e-01 3.133360793275347111e-01 3.014648791574444653e-01 8.569745457045612191e-01 6.746829266648649570e-01 6.689073618152638900e-01 -9.702568178563987511e-02 3.133359593903725648e-01 3.014646829320107857e-01 8.569749086156877027e-01 6.746821874546177211e-01 6.689107192941090574e-01 3.853178177841568020e-02 -9.703160400220894877e-02
-5.899159663865545244e-01 3.229488548753300381e-01 3.105365229637644386e-01 8.516268987309612015e-01 6.762194139473542975e-01 6.716802896716216331e-01 -8.073954254348457427e-02 3.229486848328825266e-01 3.105362769352732477e-01 8.516272690738390105e-01 6.762186719402817348e-01 6.716837878987067523e-01 3.957631613721659947e-02 -8.074575886850360318e-02
-5.949579831932771956e-01 3.325745179605916202e-01 3.196620164541665865e-01 8.458933458575281783e-01 6.774954668448258666e-01 6.741706000748403094e-01 -6.433233747160885252e-02 3.325743032510546926e-01 3.196617246621452080e-01 8.458937204035009705e-01 6.774947392588912543e-01 6.741742204878095057e-01 4.060841853256425688e-02 -6.433879931444312639e-02
-5.999999999999999778e-01 3.421897463133150574e-01 3.288182381301948398e-01 8.397851622705856389e-01 6.785094605110584265e-01 6.763740598723294584e-01 -4.783673984095732773e-02 3.421894917032347050e-01 3.288179070977961249e-01 8.397855375782634635e-01 6.785087587122233810e-01 6.763777812251334787e-01 4.162435725995689700e-02 -4.784339590903298467e-02
