0.000000000000000000e+00 3.096002839712065658e-18 -2.373191664051329080e-18 0.000000000000000000e+00 -1.879322433196871434e-17 1.135002571421198904e-17 -5.551115123125782702e-17 4.010530365516385515e-19 -9.736965929040837904e-18 -5.551115123125782702e-17 1.228923486589748788e-19 -9.751661509296499472e-19 4.101598083731525742e-19 0.000000000000000000e+00
-5.042016806722688510e-03 -8.216419623723851380e-18 7.126550516346957273e-19 0.000000000000000000e+00 2.851010195249579734e-17 1.355483672463533918e-17 0.000000000000000000e+00 -3.177645835346105169e-19 6.109250589416300279e-18 -1.110223024625156540e-16 3.331226707034170102e-19 -1.808411436285164264e-18 1.620068698440740472e-19 5.551115123125782702e-17
-1.008403361344537702e-02 -2.615425642771214239e-18 -8.888188473622875288e-18 0.000000000000000000e+00 4.484670962583174027e-18 -4.708632307754092081e-18 0.000000000000000000e+00 -2.171249119096336534e-18 -1.174687105017188076e-17 2.775557561562891351e-17 1.603930438587888167e-19 1.293652242846451488e-18 -1.815016037047299160e-19 -2.775557561562891351e-17
-1.512605042016806553e-02 -2.695520805288002853e-18 3.746314890889043095e-18 0.000000000000000000e+00 -6.417644153221870851e-18 -1.009087530920676822e-18 4.440892098500626162e-16 4.267789924521017830e-19 7.076018627457449918e-19 -4.440892098500626162e-16 -3.999599843044629133e-19 -1.859939033866697538e-18 -3.042684799567673569e-20 0.000000000000000000e+00
-2.016806722689075404e-02 -2.797113999411256727e-18 2.889085975746863008e-18 0.000000000000000000e+00 -1.389926446732042749e-18 -4.600933217475299021e-18 -5.551115123125782702e-17 -3.460247227831126481e-18 -1.302494559640871351e-17 -1.110223024625156540e-16 7.310235295200243960e-19 2.018912640850395257e-18 3.107282340883059455e-19 5.551115123125782702e-17
-2.521008403361344255e-02 -1.266194443045669218e-17 -2.625755253207655639e-20 0.000000000000000000e+00 1.961181750502352386e-17 3.144453994730879528e-17 0.000000000000000000e+00 4.375769963243749752e-19 -3.080930790779781931e-18 -1.110223024625156540e-16 2.264314236196720590e-19 1.262158746387812488e-18 1.407210649439863795e-21 5.551115123125782702e-17
-3.025210084033613106e-02 -9.662330683373665958e-19 5.759974380996678862e-18 -5.551115123125782702e-17 2.712317498019354129e-18 -1.643784453397777177e-17 1.665334536937734811e-16 -6.606372331221788851e-20 2.687580563355885778e-18 -5.551115123125782702e-17 -6.186154460145443726e-20 -7.883513848422469951e-20 5.685185127094876115e-20 0.000000000000000000e+00
-3.529411764705882304e-02 -1.453666880062956753e-17 6.688631683459800167e-18 2.775557561562891351e-17 1.401996452923121670e-17 7.033251383659968473e-18 2.775557561562891351e-17 1.294197540971303879e-18 -8.600495298487214788e-18 -1.110223024625156540e-16 5.381013860331821020e-19 9.568143755624862304e-19 9.700008029554694513e-20 0.000000000000000000e+00
-4.033613445378150808e-02 -1.523925981989071065e-18 -6.193425634518267148e-19 -2.775557561562891351e-17 2.242840055954880839e-17 -3.387131703170099136e-18 8.326672684688674053e-17 -1.116092318884505696e-18 -8.430440263566880911e-18 -1.942890293094023946e-16 -9.357552778167155449e-19 -9.851727543308887198e-19 -2.036883745326540717e-19 -2.775557561562891351e-17
-4.537815126050419312e-02 6.273265732115186274e-03 6.325424871756306529e-03 5.060895482707372661e-02 -3.963238413984750130e-03 -3.652671182740117005e-03 -5.095421665124844068e-02 6.268175035633746783e-03 6.295455678113119624e-03 5.064089655003434221e-02 -3.975549487075667222e-03 -3.657894020794488169e-03 -2.397937273379797745e-04 -5.095899790814553687e-02
-5.042016806722688510e-02 6.345650299812996900e-03 6.392906521685643752e-03 5.064511330358303920e-02 -3.969512417028656093e-03 -3.654154051592727222e-03 -5.100609686590726333e-02 6.339823873985551105e-03 6.362085487036312284e-03 5.067787362118530980e-02 -3.980077932815052032e-03 -3.658930812700715660e-03 -2.363593329927683197e-04 -5.101223076536556822e-02
-5.546218487394957708e-02 6.396437491447335560e-03 6.436886225517762621e-03 5.070486413842922868e-02 -3.945457035933153458e-03 -3.626365629483536794e-03 -5.107972883704262057e-02 6.390121827256290722e-03 6.408672588670189657e-03 5.073848744746872752e-02 -3.954891212743546179e-03 -3.630430529367692505e-03 -2.326722804077159383e-04 -5.108772074057435497e-02
-6.050420168067226212e-02 6.432252979073875207e-03 6.468367970323265354e-03 5.077800045878513857e-02 -3.898963515342525679e-03 -3.576682457830443126e-03 -5.116747401715268651e-02 6.425668362533823105e-03 6.440885316952178405e-03 5.081317947733901552e-02 -3.907012369318417500e-03 -3.579709265452693176e-03 -2.287892084570854634e-04 -5.117728454469303023e-02
-6.554621848739494716e-02 6.458275330245415516e-03 6.490196283682773612e-03 5.085875878313336762e-02 -3.835485126012805248e-03 -3.509459302801563266e-03 -5.126356838580820030e-02 6.451461670769973768e-03 6.463171862210482024e-03 5.089619750191914926e-02 -3.841529533744835433e-03 -3.511565451539074706e-03 -2.247551038972202394e-04 -5.127533591716337824e-02
-7.058823529411764608e-02 6.476718374638231260e-03 6.505424102677703248e-03 5.094388735321966899e-02 -3.756268189917626003e-03 -3.428297228811465289e-03 -5.136467206665334961e-02 6.469315624848480904e-03 6.478746499469577314e-03 5.098419646341667555e-02 -3.760289287861575715e-03 -3.428489580084877978e-03 -2.205937299977986398e-04 -5.137845980712849037e-02
-7.563025210084033112e-02 6.490165392307005454e-03 6.516818818046411603e-03 5.102929710847264877e-02 -3.663646517524232239e-03 -3.335864268343174087e-03 -5.146806688010929776e-02 6.481604412982083611e-03 6.489942499253444422e-03 5.107354587472778817e-02 -3.665457706883891702e-03 -3.332227556323709428e-03 -2.163195695709381298e-04 -5.148406800393687255e-02
-8.067226890756301616e-02 6.497927999401558602e-03 6.518059914016462869e-03 5.113860272525685979e-02 -3.550577583069027161e-03 -3.225732738521219257e-03 -5.157825002955554461e-02 6.488832022108688945e-03 6.497420204587569387e-03 5.116692743906026131e-02 -3.556681803061650070e-03 -3.224249513787556115e-03 -2.118976533265090297e-04 -5.159151048405613560e-02
-8.571428571428570120e-02 1.551996397653925344e-02 1.549668542753446059e-02 1.203985589158999281e-01 -8.282754745976792302e-03 -7.516894547146653165e-03 -1.215330601450104187e-01 1.549527193575999696e-02 1.545097600370792627e-02 1.204645428510243976e-01 -8.292075450629538338e-03 -7.513227479353363353e-03 -1.069839398984137342e-03 -1.215603771040425496e-01
-9.075630252100838624e-02 1.552526389021240127e-02 1.549766835627590725e-02 1.206154312876824286e-01 -7.967084437317747264e-03 -7.202946291332213563e-03 -1.217881264117978146e-01 1.549885945559011449e-02 1.545270419084562169e-02 1.206814772863883944e-01 -7.973442588288345845e-03 -7.197367182123406287e-03 -1.046163990985667352e-03 -1.218178220079726981e-01
-9.579831932773108516e-02 1.552617891703732267e-02 1.549289601801021217e-02 1.208300099811866479e-01 -7.620549737261648332e-03 -6.858584909016983248e-03 -1.220422006825940819e-01 1.549780416187776858e-02 1.544893100780549144e-02 1.208971128919117122e-01 -7.622584202383273291e-03 -6.851718754052521509e-03 -1.021920822972335842e-03 -1.220745236375820053e-01
-1.008403361344537702e-01 1.552201493125303020e-02 1.548758491865682638e-02 1.210422899518858730e-01 -7.239602665978305852e-03 -6.480197212833094939e-03 -1.222946728842662645e-01 1.549069445743843018e-02 1.544154775974848973e-02 1.211100597928833067e-01 -7.237405285218095376e-03 -6.477776141971463425e-03 -9.970894009848616825e-04 -1.223287184085371238e-01
-1.058823529411764552e-01 2.876436195379106914e-02 2.854532629430537455e-02 2.205383158665921994e-01 -1.291384595154677212e-02 -1.152916818189601150e-02 -2.231426213886709697e-01 2.871522160191158218e-02 2.844994339343600437e-02 2.206974448179795933e-01 -1.290923003087186133e-02 -1.153619017038009370e-02 -2.942360542224435258e-03 -2.231720316781898583e-01
-1.109243697478991542e-01 2.872428181919310305e-02 2.850438874858335012e-02 2.209535363090852911e-01 -1.206358505216432314e-02 -1.070997244189512282e-02 -2.236223686293695168e-01 2.867269648978373886e-02 2.841837471212847049e-02 2.210920088786553217e-01 -1.205569202319650354e-02 -1.070367769203993402e-02 -2.863577942135690172e-03 -2.236506431166661035e-01
-1.159663865546218392e-01 5.061252356600121072e-02 4.953133968933222386e-02 3.812806882230308503e-01 -2.023034621465693433e-02 -1.793344754198889640e-02 -3.865779412119280112e-01 5.060779957114129590e-02 4.952406683229370471e-02 3.814323894794703906e-01 -2.022814162117251777e-02 -1.793341627921506837e-02 -7.220256494574718402e-03 -3.864800260542229360e-01
-1.210084033613445242e-01 9.530921595383866352e-02 9.335698591318684902e-02 7.021797934300610944e-01 -3.658726950867535049e-02 -3.249121991143269494e-02 -7.135169471728972646e-01 9.531051285689395858e-02 9.335851580010395834e-02 7.022135232491192314e-01 -3.658771010984011862e-02 -3.249114872175176000e-02 -1.835986153910056443e-02 -7.134983407104357189e-01
-1.260504201680672232e-01 9.497935397491039100e-02 9.307505626507997509e-02 7.037555827696191368e-01 -3.293401042351457031e-02 -2.894173262168206126e-02 -7.154610513946908501e-01 9.498068291587061229e-02 9.307677879059646220e-02 7.037895957633886201e-01 -3.293442131626964087e-02 -2.894159871976843129e-02 -1.778567444074161813e-02 -7.154423355872276957e-01
-1.310924369747898943e-01 9.459891434318859482e-02 9.275178749887331986e-02 7.053325604336434518e-01 -2.896309942051686348e-02 -2.509339848736910628e-02 -7.173847514151704408e-01 9.460025247456570197e-02 9.275367640195682217e-02 7.053668761453144587e-01 -2.896347512382915768e-02 -2.509302826959632776e-02 -1.719384392789860203e-02 -7.173659001639995925e-01
-1.361344537815125932e-01 9.416330655517440862e-02 9.238282335524977684e-02 7.069108514798647658e-01 -2.465715444662446021e-02 -2.092968062896999326e-02 -7.192778910823256489e-01 9.416464832958297559e-02 9.238489761934005895e-02 7.069455364090602156e-01 -2.465748912148988184e-02 -2.092866253177988467e-02 -1.658380833743140770e-02 -7.192589714414145963e-01
-1.411764705882352922e-01 1.077432703933237090e-01 1.060125655933060601e-01 8.054222740906050726e-01 -2.406597682788081879e-02 -2.003103193862927969e-02 -8.208718312087103230e-01 1.077431168891118118e-01 1.060144718868760993e-01 8.054725588515180279e-01 -2.406578805851225175e-02 -2.003085517250293573e-02 -1.982715853875559667e-02 -8.208480957940770262e-01
-1.462184873949579633e-01 1.071103927354346980e-01 1.054703986523355258e-01 8.074319290188681775e-01 -1.829500249088577071e-02 -1.447273842151504050e-02 -8.231812555361036621e-01 1.071102885208368855e-01 1.054723742633006528e-01 8.074824389129328095e-01 -1.829477219142119221e-02 -1.447255105753994867e-02 -1.902975203601374801e-02 -8.231573759157976289e-01
-1.512605042016806622e-01 1.064053739807259286e-01 1.048664289892504570e-01 8.094482305543045930e-01 -1.209207684248565610e-02 -8.506393147920718323e-03 -8.254153264623248498e-01 1.064053319776618323e-01 1.048684761292415224e-01 8.094989624047239651e-01 -1.209181683761304665e-02 -8.506202792491490000e-03 -1.820890147862981590e-02 -8.253912990663403448e-01
-1.563025210084033334e-01 1.056290179136526175e-01 1.042021965761703167e-01 8.114506726316393914e-01 -5.464686365666297438e-03 -2.139333438395268211e-03 -8.275350169698948433e-01 1.056290324491146043e-01 1.042043129414987335e-01 8.115016178007232739e-01 -5.464413197007241679e-03 -2.139114115619251272e-03 -1.736633620051785190e-02 -8.275108418601750948e-01
-1.613445378151260323e-01 1.048079353168717559e-01 1.035057605605884945e-01 8.136558379317587741e-01 1.580568358308144516e-03 4.623253264316534716e-03 -8.297068105295574147e-01 1.048080594600745846e-01 1.035065721557791446e-01 8.136715583078855119e-01 1.580600532835943484e-03 4.622991236207976695e-03 -1.650916994146477829e-02 -8.296990481365249526e-01
-1.663865546218487312e-01 1.038969861191802041e-01 1.027284269479209339e-01 8.156161895618965207e-01 9.027902886197983895e-03 1.176422173693388029e-02 -8.315243401604066609e-01 1.038971374709539292e-01 1.027292004789236296e-01 8.156319876580552242e-01 9.027938458500943050e-03 1.176394224363028901e-02 -1.562892071233401570e-02 -8.315165276681933948e-01
-1.714285714285714024e-01 1.074289714045076338e-01 1.064204873526711226e-01 8.472105661778116525e-01 1.683466697332544615e-02 1.932153592914914730e-02 -8.642795882895747406e-01 1.074131028553896028e-01 1.064045074302992361e-01 8.472554350239143162e-01 1.684214357253202565e-02 1.932950984804404637e-02 -1.576999185885695487e-02 -8.642803516793249319e-01
-1.764705882352941013e-01 1.063860368225615083e-01 1.055144289128954749e-01 8.492212001013671463e-01 2.532760278748944632e-02 2.746922448191198990e-02 -8.658288153491916495e-01 1.063712707137967617e-01 1.054997773372506886e-01 8.492644238154637426e-01 2.533495659063118854e-02 2.747695698588581426e-02 -1.480434821196840132e-02 -8.658291607781699595e-01
-1.815126050420167725e-01 1.053162790598095172e-01 1.045936075485749267e-01 8.511739364812650477e-01 3.411519014143755968e-02 3.588777686383000376e-02 -8.671260122909055790e-01 1.053026183008025085e-01 1.045802543195439027e-01 8.512155153920869521e-01 3.412233573782953722e-02 3.589519368901027130e-02 -1.383289790516496406e-02 -8.671258713122597106e-01
-1.865546218487394714e-01 1.042383368876072941e-01 1.036724809836780392e-01 8.530602406548700722e-01 4.313699405309211893e-02 4.452225101598956958e-02 -8.681538546923316391e-01 1.042257656816790029e-01 1.036603686451627870e-01 8.531002066161026409e-01 4.314384317783674649e-02 4.452929716035569641e-02 -1.286105488767638229e-02 -8.681531775133681794e-01
-1.915966386554621703e-01 1.048509062816477405e-01 1.044508757227368551e-01 8.650787791381451264e-01 5.267075658538948602e-02 5.366495902645025684e-02 -8.798740891205096837e-01 1.048402769574245524e-01 1.044397584768721743e-01 8.650956560852405275e-01 5.267669451611468878e-02 5.367086877902187136e-02 -1.218976353117674424e-02 -8.798799493324147569e-01
-1.966386554621848415e-01 1.038015206495769699e-01 1.035646684505496240e-01 8.668456698714178676e-01 6.211461086678635862e-02 6.269085363675629130e-02 -8.803671775491849205e-01 1.037918476255617617e-01 1.035546299449679047e-01 8.668610404997787455e-01 6.212020496844439937e-02 6.269638281388394130e-02 -1.121036004037560992e-02 -8.803725269319513380e-01
-2.016806722689075404e-01 1.028028706523689828e-01 1.027316869405532351e-01 8.685234703800033262e-01 7.160344927191522602e-02 7.175136160241567251e-02 -8.805671446739637975e-01 1.027941016898100135e-01 1.027226556148987391e-01 8.685374217077596048e-01 7.160867969932535604e-02 7.175649761536495586e-02 -1.024602204582493806e-02 -8.805719900831175950e-01
-2.067226890756302393e-01 1.018723298374410030e-01 1.019683512469216763e-01 8.701097791156067185e-01 8.107935301848889775e-02 8.078982718703862920e-02 -8.804817971700353851e-01 1.018644066070625992e-01 1.019602522119365112e-01 8.701224074654780871e-01 8.108421178040763067e-02 8.079456868332571262e-02 -9.300794459775796677e-03 -8.804861564617534331e-01
-2.117647058823529105e-01 1.010244140866616153e-01 1.012885183557654112e-01 8.716042306458641198e-01 9.049340210992751210e-02 8.975799776172463385e-02 -8.801236029545177475e-01 1.010172748810097831e-01 1.012812760928268607e-01 8.716156377496115937e-01 9.049789088003359905e-02 8.976235245980923594e-02 -8.377811400775632064e-03 -8.801275017027163639e-01
-2.168067226890756094e-01 1.009986117677432182e-01 1.013814878146925835e-01 8.763307982902410753e-01 1.001102393960267845e-01 9.897853109857682186e-02 -8.832906077030491243e-01 1.009536125751774732e-01 1.013358033908800804e-01 8.763997786950568081e-01 1.001389492945603255e-01 9.900616370179603221e-02 -7.544822401203626384e-03 -8.833150699048262222e-01
-2.218487394957983083e-01 1.003741817796334063e-01 1.008492985856837276e-01 8.776566738433864145e-01 1.093681354016037277e-01 1.078716465096441479e-01 -8.824149306577202534e-01 1.003329224786936591e-01 1.008076589492709479e-01 8.777197927284051682e-01 1.093950096795409388e-01 1.078974024550975047e-01 -6.659965710833459264e-03 -8.824371699241154721e-01
-2.268907563025209795e-01 9.985006888940570202e-02 1.004279595556839683e-01 8.788972618462678188e-01 1.184608859871456726e-01 1.165747882168545191e-01 -8.813157223469221258e-01 9.981229494833325500e-02 1.003900584132096929e-01 8.789549342294030732e-01 1.184859573952089934e-01 1.165987137226932036e-01 -5.804186754147973477e-03 -8.813358786311341619e-01
-2.319327731092436784e-01 9.942611359707793917e-02 1.001195937863880031e-01 8.800562343074600502e-01 1.273992551999535150e-01 1.250955708983026160e-01 -8.800050735308333483e-01 9.939157832519525393e-02 1.000851397183022129e-01 8.801088615320842301e-01 1.274225762464893108e-01 1.251177308457497861e-01 -4.975661930036734404e-03 -8.800232927648179437e-01
-2.369747899159663496e-01 9.938335580178163375e-02 1.001867142209351830e-01 8.821616447539810668e-01 1.363743654183109388e-01 1.336387741162856913e-01 -8.797373710727283136e-01 9.935271243763270366e-02 1.001562780736632852e-01 8.822079760883555499e-01 1.363954057703293810e-01 1.336587632272203674e-01 -4.185698258948376480e-03 -8.797529280215085068e-01
-2.420168067226890485e-01 9.913177856598759385e-02 1.001153899521777385e-01 8.831842909773295336e-01 1.452310074806436868e-01 1.419712394120847265e-01 -8.779918024544060007e-01 9.910392437087836570e-02 1.000878619481040260e-01 8.832263183062601941e-01 1.452504279512406016e-01 1.419896279987381271e-01 -3.392561048020867331e-03 -8.780057292800310664e-01
-2.470588235294117474e-01 9.898390729021483425e-02 1.001414302192142475e-01 8.841346684934653366e-01 1.539640221368848427e-01 1.501768360693545024e-01 -8.760483597796328015e-01 9.895862671423558132e-02 1.001165711013437404e-01 8.841727342441406678e-01 1.539819033434344508e-01 1.501937098861445274e-01 -2.621552847676278213e-03 -8.760607940053751763e-01
-2.521008403361344463e-01 9.893266919675565430e-02 1.002607484322402681e-01 8.850180387500152790e-01 1.625910668754872723e-01 1.582688972798818317e-01 -8.739121954027988526e-01 9.890976160394954197e-02 1.002383366304595014e-01 8.850524611525429908e-01 1.626074908979109057e-01 1.582843430909058879e-01 -1.871058638037489258e-03 -8.739232668030558759e-01
-2.571428571428571175e-01 9.909728531553418929e-02 1.005856939798506211e-01 8.860760916459414771e-01 1.711866343194092810e-01 1.663217733375507434e-01 -8.719455589685923824e-01 9.907695172761607494e-02 1.005658863630570221e-01 8.861065591302130784e-01 1.712014173663909955e-01 1.663356675116143546e-01 -1.144328749975672939e-03 -8.719550144031376071e-01
-2.621848739495797886e-01 9.922125673368467624e-02 1.008826309600763527e-01 8.868274183928498422e-01 1.796243367676971514e-01 1.741971012779308103e-01 -8.694316590420810842e-01 9.920291355364038721e-02 1.008648507497631186e-01 8.868548490884697877e-01 1.796378388207992283e-01 1.742097527477916019e-01 -4.326891880864141096e-04 -8.694400102851183032e-01
-2.672268907563025153e-01 9.942182357713315322e-02 1.012701810035342431e-01 8.875064079379955118e-01 1.879032010063491076e-01 1.818855030953618612e-01 -8.667607862759261206e-01 9.940529286573226986e-02 1.012542343398587508e-01 8.875310830979292742e-01 1.879155134181236253e-01 1.818970064829172617e-01 2.549145823944192228e-04 -8.667681485987084322e-01
-2.722689075630251865e-01 9.975211833831053310e-02 1.018116105094401536e-01 8.881122390455059579e-01 1.959176250300341815e-01 1.892638877886742843e-01 -8.640643434747076190e-01 9.973738181577555817e-02 1.017974508912023179e-01 8.881341944914677988e-01 1.959287355270282471e-01 1.892742583638639953e-01 9.066621624869634737e-04 -8.640706835041447320e-01
-2.773109243697478576e-01 1.000862246999397603e-01 1.023921425603687291e-01 8.886162632958413132e-01 2.036928871388354600e-01 1.963499966327341140e-01 -8.611767052926410093e-01 1.000729371713172250e-01 1.023794294802189697e-01 8.886360343908896731e-01 2.037030153934963894e-01 1.963594285446894350e-01 1.531312756037231902e-03 -8.611822891018070525e-01
-2.823529411764705843e-01 1.004742989930326597e-01 1.030349024016364162e-01 8.890762709001690522e-01 2.113820646803467873e-01 2.033235554523762090e-01 -8.581553714079886985e-01 1.004623322863599788e-01 1.030235033141990719e-01 8.890940541080341042e-01 2.113912838188179155e-01 2.033321207212800963e-01 2.136979633044671159e-03 -8.581602774864789396e-01
-2.873949579831932555e-01 1.009383520396862494e-01 1.037481038467252120e-01 8.894930464121934000e-01 2.190690605550487113e-01 2.102834817506842868e-01 -8.549880414493201686e-01 1.009276725961331667e-01 1.037379747048034345e-01 8.895088923727285657e-01 2.190773792216009208e-01 2.102911997484829820e-01 2.728354784095580673e-03 -8.549922739735733579e-01
-2.924369747899159266e-01 1.014382410449720523e-01 1.044966419331186391e-01 8.898881162801953737e-01 2.267719256563896224e-01 2.172457367780247506e-01 -8.516419752775040708e-01 1.014287381651174935e-01 1.044877099316167957e-01 8.899022095260952225e-01 2.267794155780182008e-01 2.172526659163302176e-01 3.309342155924253383e-03 -8.516456105099482476e-01
-2.974789915966385978e-01 1.019669206315229615e-01 1.052773477684526698e-01 8.902884961740497038e-01 2.345000857258482396e-01 2.242162987438270916e-01 -8.481316290433874583e-01 1.019584466980067022e-01 1.052694350572317139e-01 8.903010586906684454e-01 2.345068380363683203e-01 2.242225269872580584e-01 3.881505353830772345e-03 -8.481347776372619718e-01
-3.025210084033613245e-01 1.025428583095179813e-01 1.061078900988353113e-01 8.906716530109103358e-01 2.422538107043989974e-01 2.311948781048062118e-01 -8.444521488739383797e-01 1.025353086796378932e-01 1.061008348111027594e-01 8.906828004710735103e-01 2.422598756173137691e-01 2.312004730877871561e-01 4.444368561890513041e-03 -8.444548509976147477e-01
-3.075630252100839956e-01 1.031662160983953941e-01 1.069906271184243585e-01 8.910367371955716376e-01 2.500327503876124124e-01 2.381788276968748175e-01 -8.406007515394651186e-01 1.031595294848283162e-01 1.069844117506180414e-01 8.910465921389245647e-01 2.500381756189739568e-01 2.381838237190563312e-01 4.998451663355590185e-03 -8.406030541920166410e-01
-3.126050420168066668e-01 1.038382121598256935e-01 1.079295504073007894e-01 8.913812200211829184e-01 2.578183702128700738e-01 2.451463766298832281e-01 -8.365854959123194545e-01 1.038323120226745111e-01 1.079240961757159112e-01 8.913898986379601430e-01 2.578232049409299731e-01 2.451508222545294158e-01 5.542910880673913854e-03 -8.365874434984593710e-01
-3.176470588235293935e-01 1.045581915533576600e-01 1.089262981307955597e-01 8.917042993733249601e-01 2.656044884089193148e-01 2.520887509745094457e-01 -8.324089734118679251e-01 1.045530057205342755e-01 1.089215311058269464e-01 8.917119111333573489e-01 2.656087801256916681e-01 2.520926928596323724e-01 6.077699219499376783e-03 -8.324106070807697488e-01
-3.226890756302520646e-01 1.054460252865567771e-01 1.099338403296419159e-01 8.920490577071621408e-01 2.738017286527035798e-01 2.596569754770664540e-01 -8.277687545213850973e-01 1.054415374836748798e-01 1.099297452329853486e-01 8.920556209752975585e-01 2.738054797066215573e-01 2.596604164984008811e-01 6.647205946072824896e-03 -8.277700875022980798e-01
-3.277310924369747358e-01 1.064348138252649290e-01 1.110348843105402467e-01 8.923369754712092705e-01 2.817257019802981710e-01 2.669602118292571102e-01 -8.230904202560133109e-01 1.064309356309834087e-01 1.110313719317469056e-01 8.923426259800940619e-01 2.817289755824420316e-01 2.669632128339164412e-01 7.195671045898935532e-03 -8.230915005711297860e-01
-3.327731092436974625e-01 1.074985206432487600e-01 1.122066340557607428e-01 8.925765611917506615e-01 2.894779060510751512e-01 2.740937960791970940e-01 -8.183236434144096627e-01 1.074951791398328776e-01 1.122036310083950744e-01 8.925814105170963852e-01 2.894807546782056096e-01 2.740964074529932404e-01 7.727956901320234828e-03 -8.183245099542886258e-01
-3.378151260504201336e-01 1.086256571617321975e-01 1.134358970875910116e-01 8.927759050260416496e-01 2.971214794264624426e-01 2.811224851299318206e-01 -8.134364021460874783e-01 1.086227904069964612e-01 1.134333413345637726e-01 8.927800475746591191e-01 2.971239479612091117e-01 2.811247497684647434e-01 8.247706973023152116e-03 -8.134370873067707786e-01
-3.428571428571428048e-01 1.098146963494640860e-01 1.147145496117294022e-01 8.929424224718690573e-01 3.046922577028245982e-01 2.880912017384408275e-01 -8.084097437108656026e-01 1.098122501513713600e-01 1.147123873904463270e-01 8.929459404262095612e-01 3.046943857267266909e-01 2.880931571618260412e-01 8.757552292005286315e-03 -8.084102751816876209e-01
-3.478991596638655315e-01 1.110596926377244442e-01 1.160415004400362493e-01 8.930795935501738558e-01 3.121959400875679025e-01 2.949997407606232414e-01 -8.032464144525572891e-01 1.110576179447729933e-01 1.160396831593737826e-01 8.930825613419969278e-01 3.121977639529243120e-01 2.950014213046731615e-01 9.257983808831030809e-03 -8.032468166816674193e-01
-3.529411764705882026e-01 1.123597837052000281e-01 1.174151753808887477e-01 8.931916064236785635e-01 3.196411433870349761e-01 3.018582061801119987e-01 -7.979449615755797032e-01 1.123580362452936965e-01 1.174136595001239736e-01 8.931940911072997480e-01 3.196426963207790739e-01 3.018596429894645494e-01 9.750009015783515573e-03 -7.979452560275497319e-01
-3.579831932773108738e-01 1.137150543535047770e-01 1.188349997565629756e-01 8.932817405951336553e-01 3.270312670415569389e-01 3.086715719772738509e-01 -7.925066509706593099e-01 1.137135939430712617e-01 1.188337460597924250e-01 8.932838029421973358e-01 3.270325796047236500e-01 3.086727934625482783e-01 1.023439061518506554e-02 -7.925068565512612961e-01
-3.630252100840335450e-01 1.151260113994140299e-01 1.203008465292664531e-01 8.933525967241034982e-01 3.343673002103278447e-01 3.154424667868380161e-01 -7.869337968500286218e-01 1.151248015084227749e-01 1.202998196529405928e-01 8.933542919105691427e-01 3.343684005624629751e-01 3.154434988991383082e-01 1.071177827374987165e-02 -7.869339301956538302e-01
-3.680672268907562716e-01 1.165933548816162624e-01 1.218128189061048749e-01 8.934062571466377944e-01 3.416491157131301137e-01 3.221724188650925136e-01 -7.812290395476516602e-01 1.165923623240577023e-01 1.218119869917121956e-01 8.934076352372725127e-01 3.416500297840620037e-01 3.221732852837036476e-01 1.118276874248045477e-02 -7.812291152454954313e-01
-3.731092436974789428e-01 1.181167149820156331e-01 1.233700259976291402e-01 8.934432999086734384e-01 3.488843418545087283e-01 3.288707905636364948e-01 -7.753859377919110063e-01 1.181159098330204771e-01 1.233693605427830381e-01 8.934444060027757484e-01 3.488850933342790839e-01 3.288715127280987804e-01 1.164827817153559104e-02 -7.753859685194297580e-01
-3.781512605042016140e-01 1.196988049204861793e-01 1.249750547049046923e-01 8.934663178203439138e-01 3.560589292867498146e-01 3.355244249952562541e-01 -7.694209628794423939e-01 1.196981598682179682e-01 1.249745299533282644e-01 8.934671930068431855e-01 3.560595401042475072e-01 3.355250225412025333e-01 1.210831712168401741e-02 -7.694209596822638719e-01
-3.831932773109243406e-01 1.213400281785538548e-01 1.266276389656728341e-01 8.934763079551260034e-01 3.631750751080629058e-01 3.421373816973692361e-01 -7.633335307796498270e-01 1.213395187178360757e-01 1.266272320208163826e-01 8.934769890281739624e-01 3.631755652010756341e-01 3.421378722936399552e-01 1.256356953673060106e-02 -7.633335030964176759e-01
-3.882352941176470118e-01 1.230411952891413974e-01 1.283280486008951393e-01 8.934741469708034067e-01 3.702330087182583718e-01 3.487115952714910927e-01 -7.571247686321094239e-01 1.230407995057345022e-01 1.283277391836815662e-01 8.934746667525088615e-01 3.702333961586599109e-01 3.487119947607703607e-01 1.301464693002955982e-02 -7.571247244393819464e-01
-3.932773109243696830e-01 1.248032979859428904e-01 1.300768232399768798e-01 8.934605498021624959e-01 3.772322702043707787e-01 3.552481998254823359e-01 -7.507963574025805498e-01 1.248029963891216509e-01 1.300765934954675185e-01 8.934609373897625106e-01 3.772325712887312221e-01 3.552485223334284625e-01 1.346213818377690712e-02 -7.507963033361636507e-01
-3.983193277310924096e-01 1.266274303391814737e-01 1.318746722167345731e-01 8.934360614157166314e-01 3.841722034740216452e-01 3.617480465794510880e-01 -7.443500748584075399e-01 1.266272057148317420e-01 1.318745065435160402e-01 8.934363423969338136e-01 3.841724328020971746e-01 3.617483046125913315e-01 1.390662889358777916e-02 -7.443500163228544686e-01
-4.033613445378150808e-01 1.285147642955201119e-01 1.337224395039982028e-01 8.934010582869612582e-01 3.910521437494606234e-01 3.682119025935287615e-01 -7.377876180289347774e-01 1.285146015689414833e-01 1.337223243958314822e-01 8.934012549413017368e-01 3.910523142991061407e-01 3.682121071338445573e-01 1.434870893825875016e-02 -7.377875593003626609e-01
-4.084033613445377520e-01 1.304665442304570322e-01 1.356210934249967581e-01 8.933557509726802737e-01 3.978714889581356773e-01 3.746405259353087769e-01 -7.311105328101507039e-01 1.304664303341000198e-01 1.356210173198652835e-01 8.933558824671787857e-01 3.978716121601573175e-01 3.746406865347659543e-01 1.478897553559913904e-02 -7.311104771352094911e-01
-4.134453781512604786e-01 1.324840875995667022e-01 1.375717255340702938e-01 8.933001850683045530e-01 4.046297275420447370e-01 3.810346932917200169e-01 -7.243201828006008425e-01 1.324840113429502919e-01 1.375716786682489867e-01 8.933002676526783370e-01 4.046298133567646227e-01 3.810348181684288238e-01 1.522803454084091512e-02 -7.243201324936524577e-01
-4.184873949579831498e-01 1.345687872389252360e-01 1.395755527903251025e-01 8.932342400201471744e-01 4.113264496156406880e-01 3.873952088718171094e-01 -7.174177317143870525e-01 1.345687391789127663e-01 1.395755270553502847e-01 8.932342872251503030e-01 4.113265066121892244e-01 3.873953050089673500e-01 1.566650101836268225e-02 -7.174176882546902112e-01
-4.235294117647058210e-01 1.367221138974878680e-01 1.416339208777999126e-01 8.931576259506273097e-01 4.179613512213642412e-01 3.937229053295911441e-01 -7.104041301768322381e-01 1.367220862074354504e-01 1.416339096788891971e-01 8.931576487926055075e-01 4.179613866604924843e-01 3.937229785778594837e-01 1.610499947097729367e-02 -7.104040943073776093e-01
-4.285714285714285476e-01 1.389476178392262118e-01 1.437473406712552748e-01 8.930704143823945396e-01 4.245335260077653938e-01 4.000185709117820010e-01 -7.032803094194536309e-01 1.389465304072745322e-01 1.437468119806367128e-01 8.930713781209473900e-01 4.245348602002045335e-01 4.000209175481823642e-01 1.654418731133120227e-02 -7.032789280933318121e-01
-4.336134453781512188e-01 1.412429323265050607e-01 1.459195222261249203e-01 8.929713655923390281e-01 4.310445383055768742e-01 4.062834032861309952e-01 -6.960463789563302583e-01 1.412422794011504723e-01 1.459193069596760595e-01 8.929718120460394815e-01 4.310454156906187162e-01 4.062853527342052962e-01 1.698471027100372649e-02 -6.960451782440753021e-01
-4.386554621848738900e-01 1.436127790618172972e-01 1.481505330976295998e-01 8.928599133548799083e-01 4.374934769272754709e-01 4.125183990074793305e-01 -6.887027761388605507e-01 1.436115330462508222e-01 1.481511584443270246e-01 8.928596274864467608e-01 4.374938917954408479e-01 4.125196044255921013e-01 1.742720156630055139e-02 -6.887017462061085782e-01
-4.436974789915966166e-01 1.460563514744246949e-01 1.504440134155338171e-01 8.927339485455220158e-01 4.438801694458331393e-01 4.187232689748327519e-01 -6.812494675643511188e-01 1.460560795669930134e-01 1.504443054325595996e-01 8.927337707969331682e-01 4.438803291099758241e-01 4.187244385657882817e-01 1.787229213423811164e-02 -6.812486035127696127e-01
-4.487394957983192878e-01 1.485779145959615077e-01 1.528004033784200466e-01 8.925938437419779214e-01 4.502051418728102994e-01 4.248999084289108441e-01 -6.736862597165048649e-01 1.485778593992924668e-01 1.528007544000210549e-01 8.925935895157208755e-01 4.502049749801170786e-01 4.249008512172327556e-01 1.832064882737266531e-02 -6.736857427526887765e-01
-4.537815126050419590e-01 1.511787085903401051e-01 1.552222831364628575e-01 8.924367755602046204e-01 4.564684938645479639e-01 4.310491198320201001e-01 -6.660123357537176547e-01 1.511787373747891794e-01 1.552226339347904660e-01 8.924364968561091516e-01 4.564682026811589521e-01 4.310498613135252399e-01 1.877299825457626539e-02 -6.660119948838398862e-01
-4.588235294117646301e-01 1.538607667161724646e-01 1.577119948866877452e-01 8.922616269992381666e-01 4.626706584382614396e-01 4.371716417682584566e-01 -6.582269794081233583e-01 1.538608316806660270e-01 1.577123100115442322e-01 8.922613799468390727e-01 4.626703030007390249e-01 4.371722065547528069e-01 1.922999697661963853e-02 -6.582267848366083474e-01
-4.638655462184873568e-01 1.566262173800895829e-01 1.602719775408335545e-01 8.920665326878544077e-01 4.688120742468541158e-01 4.432683342286242723e-01 -6.503290209402253774e-01 1.566262860000307011e-01 1.602722363822199625e-01 8.920663468444168798e-01 4.688117041383804140e-01 4.432687349399782595e-01 1.969233480203019110e-02 -6.503289294573714185e-01
-4.689075630252100280e-01 1.594772699875517952e-01 1.629048100396001952e-01 8.918493869489172443e-01 4.748932462369675478e-01 4.493400292654609607e-01 -6.423169633822909397e-01 1.594773250565901246e-01 1.629050067888296593e-01 8.918492653500641465e-01 4.748929006782799389e-01 4.493402668152799428e-01 2.016070727969956206e-02 -6.423169178608595375e-01
-4.739495798319326991e-01 1.624162117686411277e-01 1.656132203959511107e-01 8.916078324681309120e-01 4.809147447861171765e-01 4.553875106198197464e-01 -6.341889701677068114e-01 1.624162514252512624e-01 1.656133639924912693e-01 8.916077518829853554e-01 4.809144528506504868e-01 4.553875745985079271e-01 2.063581511771529417e-02 -6.341888990514598090e-01
-4.789915966386554258e-01 1.654454060834071316e-01 1.684000959427896515e-01 8.913392452194437432e-01 4.868772000527368804e-01 4.614114863423967594e-01 -6.259428569035980772e-01 1.654454437998033878e-01 1.684002099918486262e-01 8.913391566457458115e-01 4.868769810104644491e-01 4.614113555135317402e-01 2.111836331492506977e-02 -6.259426737053348511e-01
-4.840336134453780970e-01 1.685672930623260124e-01 1.712684872645204026e-01 8.910407170961780476e-01 4.927812868340128438e-01 4.674125636425909280e-01 -6.175760855506331470e-01 1.685673575746522157e-01 1.712686099094076486e-01 8.910405465276227677e-01 4.927811506283829024e-01 4.674122065658144476e-01 2.160905986696431622e-02 -6.175756883735052938e-01
-4.890756302521007681e-01 1.717843892836464215e-01 1.742216013025279231e-01 8.907090383226662356e-01 4.986277054318413726e-01 4.733912312368310782e-01 -6.090857476049392760e-01 1.717845101886968096e-01 1.742217828932436374e-01 8.907086567398211363e-01 4.986274663341724311e-01 4.733893136834579907e-01 2.210861303611152962e-02 -6.090850438777261067e-01
-4.941176470588234948e-01 1.750992985302013971e-01 1.772627999681192223e-01 8.903406819958561424e-01 5.044171393865948261e-01 4.793478487558602841e-01 -6.004686018482814358e-01 1.750995515051059770e-01 1.772631094791967121e-01 8.903400051793839420e-01 5.044169787269834337e-01 4.793457172736700356e-01 2.261773404918639152e-02 -6.004674308684059270e-01
-4.991596638655461660e-01 1.785146967989925670e-01 1.803955765700893943e-01 8.899317870992459190e-01 5.101502563709339189e-01 4.852826336140047547e-01 -5.917209978548793048e-01 1.785151546266447453e-01 1.803960942779698207e-01 8.899306731244356339e-01 5.101501655367234322e-01 4.852802319467954817e-01 2.313712802962284223e-02 -5.917192087651284016e-01
-5.042016806722688926e-01 1.820339116533782609e-01 1.836254751265468665e-01 8.894783491368957185e-01 5.158367205821287049e-01 4.912022006621548642e-01 -5.828261683248266989e-01 1.820346615132229506e-01 1.836262948831104691e-01 8.894766366861625029e-01 5.158366837894781121e-01 4.911994639539831731e-01 2.366798268923559628e-02 -5.828235925099208847e-01
-5.092436974789915638e-01 1.856591866009746628e-01 1.869546651631490697e-01 8.889756259813584860e-01 5.214633141157487550e-01 4.970943256021503887e-01 -5.738012284256314155e-01 1.856603287391663248e-01 1.869558930802136809e-01 8.889731382385872571e-01 5.214633095998342238e-01 4.970911830283393229e-01 2.421036503087686809e-02 -5.737976813874334781e-01
-5.142857142857142350e-01 1.893931790501951484e-01 1.903866133982817788e-01 8.884184007094625413e-01 5.270342953373322592e-01 5.029628950515036001e-01 -5.646340604848182343e-01 1.893948262341772215e-01 1.903883673635389795e-01 8.884149474444184014e-01 5.270342967409331614e-01 5.029592708248168398e-01 2.476504532883305743e-02 -5.646293404595904564e-01
-5.193277310924369061e-01 1.932388682990582862e-01 1.939252478477315467e-01 8.878013163328426494e-01 5.325506930470158551e-01 5.088081875823039502e-01 -5.553181780523568367e-01 1.932411447020830064e-01 1.939276564768893374e-01 8.877966971923387796e-01 5.325506708897242980e-01 5.088040029182177015e-01 2.533271928172066423e-02 -5.553120661455421825e-01
-5.243697478991595773e-01 1.971993210978740807e-01 1.975746527873649405e-01 8.871186315137847833e-01 5.380128354532766055e-01 5.146296151888717363e-01 -5.458478057888128676e-01 1.972023609722000914e-01 1.975778541720684123e-01 8.871126395861114178e-01 5.380127586857980093e-01 5.146247902179688083e-01 2.591405474287379954e-02 -5.458400661339479765e-01
-5.294117647058822484e-01 2.012776517621882866e-01 2.013390070505315932e-01 8.863641636424371972e-01 5.434207744886417890e-01 5.204261988671720074e-01 -5.362169883019247685e-01 2.012815978660418281e-01 2.013431472621663443e-01 8.863565893051083000e-01 5.434206120856084343e-01 5.204206545411352858e-01 2.650969735973936897e-02 -5.362073683489351206e-01
-5.344537815126050306e-01 2.054770110170236197e-01 2.052225633486833845e-01 8.855312651155371473e-01 5.487743357217547135e-01 5.261966329888890792e-01 -5.264194405447757408e-01 2.054820127749055758e-01 2.052277946723454205e-01 8.855219001312095717e-01 5.487740582653176658e-01 5.261902929608730517e-01 2.712026851222564677e-02 -5.264076715272523188e-01
-5.394957983193277018e-01 2.098005772160311255e-01 2.092296327681496260e-01 8.846128052575181755e-01 5.540731024010565609e-01 5.319392755476841650e-01 -5.164485339906436101e-01 2.098067885995920923e-01 2.092361116490828454e-01 8.846014470606755609e-01 5.540726836041895975e-01 5.319320679920059858e-01 2.774636149844091418e-02 -5.164343316110298066e-01
-5.445378151260503730e-01 2.142515460265035365e-01 2.133645680135707601e-01 8.836011534262210310e-01 5.593163871326118919e-01 5.376521245514883640e-01 -5.062973102316584706e-01 2.142591231500619586e-01 2.133724527054994269e-01 8.835876095280893461e-01 5.593158052468972796e-01 5.376439838815565420e-01 2.838853700641979366e-02 -5.062803756051464932e-01
-5.495798319327730441e-01 2.188486986974349513e-01 2.176476259415620340e-01 8.824706441443682658e-01 5.644935790458247560e-01 5.433250774616652512e-01 -4.959644862680288036e-01 2.188482421304544234e-01 2.176471511154724481e-01 8.824714398293751483e-01 5.644935936213093530e-01 5.433253193026413852e-01 2.904766401291383054e-02 -4.959654770925085443e-01
-5.546218487394957153e-01 2.235671463947335180e-01 2.220544654546202368e-01 8.812445269191645503e-01 5.696211545969762646e-01 5.489697054289990330e-01 -4.854318463653327642e-01 2.235665761106404026e-01 2.220538733002620779e-01 8.812455001536801946e-01 5.696211895336884545e-01 5.489700668043899778e-01 2.972364080134533640e-02 -4.854330663791922573e-01
-5.596638655462183864e-01 2.284227550241717253e-01 2.266024843574246384e-01 8.798989419318385963e-01 5.746892144105326672e-01 5.545760927741829605e-01 -4.746964308730767246e-01 2.284220542991121927e-01 2.266017579161238582e-01 8.799001128459408294e-01 5.746892697926520022e-01 5.545765774461789421e-01 3.041714169387049055e-02 -4.746979149802365017e-01
-5.647058823529411686e-01 2.334199251077256343e-01 2.312937399747545253e-01 8.784245683756001233e-01 5.796956315138674931e-01 5.601401085584356565e-01 -4.637506305832078679e-01 2.334190770970494266e-01 2.312928526996326783e-01 8.784259579769465587e-01 5.796956736586333925e-01 5.601408200194971654e-01 3.112754857027942579e-02 -4.637524482898718325e-01
-5.697478991596638398e-01 2.385588500167810655e-01 2.361370897481766262e-01 8.768102533036341573e-01 5.846380170422138534e-01 5.656584802416184665e-01 -4.525855107914209530e-01 2.385578381240657520e-01 2.361360352364641757e-01 8.768118770009256657e-01 5.846380769199263083e-01 5.656593044634714573e-01 3.185728249746533347e-02 -4.525876737445074238e-01
-5.747899159663865110e-01 2.438439010167549603e-01 2.411341738774598897e-01 8.750455622219137641e-01 5.895133446122368115e-01 5.711260242376327012e-01 -4.411932455765718575e-01 2.438427569064129941e-01 2.411328670447252520e-01 8.750474219320270031e-01 5.895136313329553124e-01 5.711270221069493225e-01 3.260546114750400432e-02 -4.411957550595730360e-01
-5.798319327731091821e-01 2.492779671088766746e-01 2.462887359743204385e-01 8.731190444446109700e-01 5.943181445450751443e-01 5.765374880023697024e-01 -4.295655573833314089e-01 2.492766142398135376e-01 2.462872563314399965e-01 8.731211687973005064e-01 5.943185120289068424e-01 5.765385953385222528e-01 3.337224541860335514e-02 -4.295684975237329395e-01
-5.848739495798318533e-01 2.548635784246706115e-01 2.516045292456946525e-01 8.710187493898317035e-01 5.990484124854201786e-01 5.818870527393533720e-01 -4.176942697108270708e-01 2.548620075508829519e-01 2.516028593177347394e-01 8.710211459012195956e-01 5.990488459144973632e-01 5.818882706492398693e-01 3.415770660191338320e-02 -4.176976808003785568e-01
-5.899159663865545244e-01 2.605561111512614270e-01 2.570376930987176012e-01 8.687355079113415757e-01 6.036580490590139902e-01 5.871482127786288308e-01 -4.056078853082053515e-01 2.605543173751418973e-01 2.570358198709410957e-01 8.687381784902882265e-01 6.036585302078946169e-01 5.871495424004630204e-01 3.495400726203707481e-02 -4.056118036204224842e-01
-5.949579831932771956e-01 2.664098699472460252e-01 2.626463152264522094e-01 8.662502117468434681e-01 6.082187534406089391e-01 5.923644385896082998e-01 -3.931648412185692609e-01 2.664078494239049966e-01 2.626442272673177314e-01 8.662531557865186249e-01 6.082192610194150362e-01 5.923658830237832351e-01 3.576960007771225886e-02 -3.931693063018017464e-01
-5.999999999999999778e-01 2.724289319162057632e-01 2.684338448667351607e-01 8.635525184167522905e-01 6.127017119231727982e-01 5.975052775267314376e-01 -3.804291856097610225e-01 2.724266841499624614e-01 2.684315325671207120e-01 8.635557316103492642e-01 6.127022227884258987e-01 5.975068407003809590e-01 3.660453385424403822e-02 -3.804342318235405251e-01
