0.000000000000000000e+00 -9.968486005263079330e-18 1.028489903752217086e-18 0.000000000000000000e+00 1.359560259098355276e-17 7.409465207368475405e-18 -2.775557561562891351e-17 -2.213752088321437653e-19 1.380701724459202824e-18 0.000000000000000000e+00 3.107960619058999264e-22 -7.676131406123662131e-19 2.004880917793596383e-20 0.000000000000000000e+00
-5.042016806722688510e-03 -5.495167289784409455e-18 1.419434699769883439e-18 0.000000000000000000e+00 2.095301014853827822e-17 -5.073430050922137287e-18 5.551115123125782702e-17 1.166563988872483559e-18 1.633295717029154099e-17 0.000000000000000000e+00 -2.373031758753474001e-19 -1.940386733500340932e-18 -3.655916677334825114e-19 0.000000000000000000e+00
-1.008403361344537702e-02 -1.315607544132945400e-18 -1.343450346191829319e-18 -5.551115123125782702e-17 2.816564366739336297e-17 -4.107566918838876551e-18 -1.110223024625156540e-16 1.273351739446095882e-18 7.341131174116907979e-18 1.110223024625156540e-16 2.413531057638545540e-19 8.963191426731086489e-19 -3.691438707513445024e-20 0.000000000000000000e+00
-1.512605042016806553e-02 1.282090753810145430e-17 -9.133811451640264687e-19 5.551115123125782702e-17 5.577661733636864490e-18 4.334136956606690959e-18 -2.775557561562891351e-16 -3.827047999273859891e-19 -6.269328260399070202e-18 2.775557561562891351e-16 -4.997713791041768780e-19 -4.636514003675185131e-20 -1.602459508808636502e-19 5.551115123125782702e-17
-2.016806722689075404e-02 2.025754157906756322e-18 3.147998917283966125e-18 0.000000000000000000e+00 -9.251854695732989713e-18 -4.763987907201883264e-17 2.220446049250313081e-16 7.282517571551979511e-19 9.608483579075656447e-18 -1.387778780781445676e-16 -2.858356783496188696e-20 7.087193944306680254e-19 6.560767626871467864e-20 -1.387778780781445676e-16
-2.521008403361344255e-02 3.822277297350169438e-18 -2.850604482659893396e-18 0.000000000000000000e+00 -1.070338418410729906e-17 5.417180606555797612e-19 2.220446049250313081e-16 -1.608140550440228316e-18 -2.373894193357023925e-17 -1.665334536937734811e-16 3.802671581299873779e-19 -2.323268058319914353e-18 1.257001599446840760e-19 -5.551115123125782702e-17
-3.025210084033613106e-02 -1.220187673672594534e-17 6.109647582887842595e-18 0.000000000000000000e+00 2.973138385443613834e-17 -7.255399943773013691e-18 1.110223024625156540e-16 1.015126660962810500e-18 -1.301054679512564651e-17 -1.110223024625156540e-16 -3.039883651321475779e-19 -2.003602985280684382e-18 2.811413164673124524e-19 0.000000000000000000e+00
-3.529411764705882304e-02 2.215613512682810610e-18 -8.183762725353224708e-18 0.000000000000000000e+00 -1.954188677537098304e-17 -8.491749150106952136e-19 -2.498001805406602216e-16 2.774714496471748924e-18 -4.718834761971109317e-18 2.498001805406602216e-16 5.314504386130343479e-19 3.453300695940920599e-18 -3.355223419275205892e-20 2.775557561562891351e-17
-4.033613445378150808e-02 -4.089678278760941959e-18 -6.413155269836424937e-18 0.000000000000000000e+00 1.965589542759898264e-18 1.073321476591111428e-17 -2.220446049250313081e-16 -1.331713242495550697e-18 -1.847979840624859690e-17 8.326672684688674053e-17 2.570122485322068518e-19 -1.720608290376101441e-18 -9.705181190206965235e-20 -8.326672684688674053e-17
-4.537815126050419312e-02 5.658647354755890010e-18 3.853673086523388868e-19 -5.551115123125782702e-17 -2.041543911664567371e-17 3.909993549309762409e-19 5.551115123125782702e-17 -1.419172452304056488e-18 -2.083889668300683403e-17 -2.775557561562891351e-17 1.980556006867838435e-19 2.692376278069490683e-18 9.350729256868522230e-20 8.326672684688674053e-17
-5.042016806722688510e-02 7.306335435410950957e-03 7.363490936208270075e-03 4.902079716284699074e-02 -5.143033795855084939e-03 -4.881204443061245776e-03 -4.941787087775359466e-02 7.305631471602645755e-03 7.347092235770845067e-03 4.904136737912737076e-02 -5.148655634934174927e-03 -4.882353109253310258e-03 -2.476243198175736822e-04 -4.942610975779815341e-02
-5.546218487394957708e-02 7.374077905025385078e-03 7.467005620378109644e-03 4.902420920998551424e-02 -5.156941576881545093e-03 -4.888752013754119052e-03 -4.945396407165889019e-02 7.369555307371945460e-03 7.430510795276333048e-03 4.906546027415914502e-02 -5.171202715533179325e-03 -4.891579820620944527e-03 -2.438618274871033902e-04 -4.946704796091877521e-02
-6.050420168067226212e-02 7.382044110771696435e-03 7.470074057596986367e-03 4.913121089093086535e-02 -5.079120976208986379e-03 -4.808032657034663933e-03 -4.957572057349485251e-02 7.376712976650344478e-03 7.435149402572385421e-03 4.917241420817763942e-02 -5.092172967604676782e-03 -4.809894976385791984e-03 -2.396726333061925543e-04 -4.959051860333066331e-02
-6.554621848739494716e-02 7.381279693911504784e-03 7.465052077163729198e-03 4.924411743270884489e-02 -4.985103208721719005e-03 -4.711577971025211406e-03 -4.970397594076775283e-02 7.374929703183010637e-03 7.431393031490578921e-03 4.928551074026724099e-02 -4.996622666472059007e-03 -4.712397160316574365e-03 -2.353350567992846046e-04 -4.972042699854831160e-02
-7.058823529411764608e-02 7.373808657362515909e-03 7.453640121139793601e-03 4.936051197383412026e-02 -4.876535441332244605e-03 -4.601244237644343434e-03 -4.983596228603315303e-02 7.366500015931923100e-03 7.421448675902921066e-03 4.940198400003761869e-02 -4.886528585867857058e-03 -4.601041478095065432e-03 -2.308648708957513522e-04 -4.985397460672100212e-02
-7.563025210084033112e-02 7.361276631692854205e-03 7.437347592213135704e-03 4.947854373095514346e-02 -4.754507201970012593e-03 -4.478123703211240626e-03 -4.996989929193826341e-02 7.353076756413910731e-03 7.406878866616038032e-03 4.952001648373488552e-02 -4.762973662756467969e-03 -4.476965627049317269e-03 -2.262718747801712089e-04 -4.998937979186759972e-02
-8.067226890756301616e-02 7.346572206526699386e-03 7.418781888991136941e-03 4.959637151442769509e-02 -4.620692523759240868e-03 -4.343827987614877657e-03 -5.010413674423130903e-02 7.335975131289489484e-03 7.389185072466452481e-03 4.963795877948212754e-02 -4.626542200167217851e-03 -4.340777991084400836e-03 -2.215762570098364485e-04 -5.012526008333992311e-02
-8.571428571428570120e-02 7.327003958096637085e-03 7.395973372586201605e-03 4.971432742843509556e-02 -4.472554860424951886e-03 -4.196037265773352662e-03 -5.023876958912046331e-02 7.315598483112131442e-03 7.368304625947931508e-03 4.975595095471097018e-02 -4.476911446610848215e-03 -4.192297833783322977e-03 -2.167475233889377842e-04 -5.026132782956996281e-02
-9.075630252100838624e-02 7.305039556912861463e-03 7.370796861965589822e-03 4.983103881684070036e-02 -4.311131317935471517e-03 -4.036111163087444803e-03 -5.037286664977830286e-02 7.293074722162971868e-03 7.345316775660458777e-03 4.987320936035760655e-02 -4.313964071091403590e-03 -4.030291016980518636e-03 -2.118039200543625218e-04 -5.039712825309189403e-02
-9.579831932773108516e-02 1.737292315333511736e-02 1.744592833413772387e-02 1.173961778854711313e-01 -9.965604897947745108e-03 -9.316059601059963752e-03 -1.187868719119059002e-01 1.734079131125899204e-02 1.739092534556214292e-02 1.174883929101878943e-01 -9.967183687223666114e-03 -9.302473431222497285e-03 -1.066840946200993097e-03 -1.188370473824162388e-01
-1.008403361344537702e-01 1.730394982073372653e-02 1.737531741801364576e-02 1.176689997451161873e-01 -9.509263204669989727e-03 -8.867939208399865103e-03 -1.191049954241235609e-01 1.726950205717032311e-02 1.732094853104759052e-02 1.177606909636841892e-01 -9.507187887837845186e-03 -8.851367984778200568e-03 -1.040010885673670537e-03 -1.191577861870075361e-01
-1.058823529411764552e-01 1.722911747446367881e-02 1.730070843869654235e-02 1.179398424613901653e-01 -9.014178098448110202e-03 -8.384430159841749219e-03 -1.194209077035423006e-01 1.719274249977473593e-02 1.724607519591741384e-02 1.180304859972254872e-01 -9.008646032897657183e-03 -8.364606322067820454e-03 -1.012491174694491857e-03 -1.194758838291546665e-01
-1.109243697478991542e-01 1.714332470749369355e-02 1.723271377698784232e-02 1.181958203379782912e-01 -8.476162621061426872e-03 -7.854135357123339517e-03 -1.197359430718016871e-01 1.710902391748912732e-02 1.716077877302436827e-02 1.183002083478481015e-01 -8.468506119668005316e-03 -7.839554809000866611e-03 -9.841525441863488346e-04 -1.197925192623281732e-01
-1.159663865546218392e-01 3.162135629414141585e-02 3.156570665521440250e-02 2.155348357846429141e-01 -1.490101454644940891e-02 -1.377797132354267526e-02 -2.186795495144262524e-01 3.156336721777211474e-02 3.146549200340569008e-02 2.157090535866101055e-01 -1.488660289642807638e-02 -1.376134893408414647e-02 -2.893630392258358507e-03 -2.187368162164571028e-01
-1.210084033613445242e-01 3.142711107398926673e-02 3.137631897748911769e-02 2.160332008960203498e-01 -1.372499019055200241e-02 -1.263834085088945056e-02 -2.192663064360314273e-01 3.136881486426816579e-02 3.128020954126529973e-02 2.162040335114532863e-01 -1.370727453164658285e-02 -1.261896039557985384e-02 -2.802957862265485593e-03 -2.193266732352649739e-01
-1.260504201680672232e-01 1.040090370416463655e-01 1.023079246765783434e-01 6.860171788528148795e-01 -4.436291209811495106e-02 -4.095627483486594111e-02 -6.992769025031133623e-01 1.040104477564100516e-01 1.023096867630533535e-01 6.860499934210442241e-01 -4.436339652818370449e-02 -4.095666760426699277e-02 -1.845890990785722940e-02 -6.992584097701777246e-01
-1.310924369747898943e-01 1.031698916296614338e-01 1.015427310490068097e-01 6.880096027883815246e-01 -3.977049437503571427e-02 -3.651375419741832717e-02 -7.016840019962045094e-01 1.031713288003764523e-01 1.015446040173564324e-01 6.880427411193494880e-01 -3.977099831673710367e-02 -3.651402353962136110e-02 -1.781406220538007262e-02 -7.016652923078579018e-01
-1.361344537815125932e-01 1.022638745041833108e-01 1.007222095957220898e-01 6.900020055443955025e-01 -3.480290408629083121e-02 -3.171915096208312301e-02 -7.040548975998340842e-01 1.022653758349354874e-01 1.007243210299295783e-01 6.900355619046808497e-01 -3.480339827452311879e-02 -3.171947271007327651e-02 -1.714844690290881143e-02 -7.040360382875813228e-01
-1.411764705882352922e-01 1.012859063868746801e-01 9.984242438518625695e-02 6.919934328000346691e-01 -2.944121549150458678e-02 -2.655480012802621803e-02 -7.063737154658039641e-01 1.012874350692397896e-01 9.984475889518074077e-02 6.920273890020248730e-01 -2.944165635684930019e-02 -2.655507535977557482e-02 -1.646177259926397476e-02 -7.063546183803627310e-01
-1.462184873949579633e-01 1.153381282596813717e-01 1.139814503672285789e-01 7.891152636947146304e-01 -2.830343210965311634e-02 -2.529492829637217804e-02 -8.070148259656310108e-01 1.153377825876726603e-01 1.139833863653067214e-01 7.891652594425788703e-01 -2.830306250007998820e-02 -2.529464632175977556e-02 -1.958766587134758153e-02 -8.069917806859674414e-01
-1.512605042016806622e-01 1.140562478472608166e-01 1.128288876015282882e-01 7.916207713354048714e-01 -2.118557489956171547e-02 -1.846081173156165212e-02 -8.097841730491477374e-01 1.140559773432372470e-01 1.128309002249420906e-01 7.916710201201025976e-01 -2.118517419595012524e-02 -1.846052475877339033e-02 -1.869033970000114411e-02 -8.097609403921649518e-01
-1.563025210084033334e-01 1.126876744182001983e-01 1.116033307473627695e-01 7.941102762064403686e-01 -1.358085438940045096e-02 -1.116849683164077185e-02 -8.124148906799461001e-01 1.126874954332110351e-01 1.116054211347472791e-01 7.941607555456359213e-01 -1.358044040898815849e-02 -1.116821472185258908e-02 -1.776840580783299595e-02 -8.123914686730596690e-01
-1.613445378151260323e-01 1.112373697136597867e-01 1.103081938540260848e-01 7.965841742338155562e-01 -5.495880400493154128e-03 -3.423532407235797131e-03 -8.148818611569388359e-01 1.112372855567438923e-01 1.103103695236829912e-01 7.966348810073261566e-01 -5.495479112900516355e-03 -3.423219763649624353e-03 -1.682408307331057992e-02 -8.148582522867725553e-01
-1.663865546218487312e-01 1.097131884767343496e-01 1.089522283843744194e-01 7.990175102576856370e-01 3.040787997999238462e-03 4.746030067027076638e-03 -8.171355378769381561e-01 1.097132092858685154e-01 1.089544280718193758e-01 7.990684808556308694e-01 3.041201168316472192e-03 4.746242377906143353e-03 -1.586121998813672801e-02 -8.171117522176244430e-01
-1.714285714285714024e-01 1.129202141726322883e-01 1.123506471165670734e-01 8.307526572648878949e-01 1.175423550663482093e-02 1.310992423625807757e-02 -8.501063877536164659e-01 1.129011389095536666e-01 1.123316195432029624e-01 8.308032181250644133e-01 1.176437480954910762e-02 1.312044191753512258e-02 -1.593911198792878972e-02 -8.501105052944173401e-01
-1.764705882352941013e-01 1.112368893908011608e-01 1.108442255308079993e-01 8.332215895062260458e-01 2.145920472600779116e-02 2.239655016339259230e-02 -8.519975882950405754e-01 1.112192269409769257e-01 1.108268559529239083e-01 8.332699510406260668e-01 2.146904360149813271e-02 2.240663259643364130e-02 -1.488626013692700631e-02 -8.520010044588450793e-01
-1.815126050420167725e-01 1.095318511641703435e-01 1.093264019569254453e-01 8.356086130145666813e-01 3.147600180395939556e-02 3.197193862230789108e-02 -8.535649567852731101e-01 1.095156021937730983e-01 1.093106513602578045e-01 8.356547814865639134e-01 3.148543924559175922e-02 3.198149964896204039e-02 -1.383030793675821268e-02 -8.535675969624955117e-01
-1.865546218487394714e-01 1.078295815833161253e-01 1.078182493171054857e-01 8.379027644970729050e-01 4.172755549037708567e-02 4.176395839708466062e-02 -8.547878633430536777e-01 1.078147230460628492e-01 1.078040584765937449e-01 8.379467822958921452e-01 4.173651358314212773e-02 4.177293563458456260e-02 -1.277810210049365632e-02 -8.547896883981938032e-01
-1.915966386554621703e-01 1.061556574482195037e-01 1.063434765656667003e-01 8.400950156854372075e-01 5.213198816346915898e-02 5.169390579950852715e-02 -8.556550154151343346e-01 1.061421528213189608e-01 1.063307699495271985e-01 8.401369557797678800e-01 5.214040985566809061e-02 5.170225650722132249e-02 -1.173639206708192682e-02 -8.556560136575269704e-01
-1.966386554621848415e-01 1.062737156401395433e-01 1.066551010735698607e-01 8.522833446679788372e-01 6.309482628297652385e-02 6.216392033781364262e-02 -8.671187883595116164e-01 1.062624672823313521e-01 1.066436371985656356e-01 8.523016470982252013e-01 6.310194175691929974e-02 6.217081015051476728e-02 -1.098106726055925186e-02 -8.671256897584707080e-01
-2.016806722689075404e-01 1.047162615019952003e-01 1.052980995646402573e-01 8.542873239862213142e-01 7.372152250083222058e-02 7.229038180854156781e-02 -8.673000972567387334e-01 1.047061342706827741e-01 1.052878592959763382e-01 8.543038106102691653e-01 7.372809687796971767e-02 7.229670753734625255e-02 -9.954882489148447408e-03 -8.673062819530845680e-01
-2.067226890756302393e-01 1.032622808381396529e-01 1.040451100305468252e-01 8.561723472967223136e-01 8.426646003788422490e-02 8.232683324210572640e-02 -8.671370785623676580e-01 1.032531914001519474e-01 1.040359909654992726e-01 8.561871577332980099e-01 8.427249848938114796e-02 8.233260734595997110e-02 -8.956270316312183594e-03 -8.671425881511292122e-01
-2.117647058823529105e-01 1.019283841631027920e-01 1.029119660067447650e-01 8.579406864001404287e-01 9.467335832408700635e-02 9.221788451253069840e-02 -8.666518033064791737e-01 1.019202462888464389e-01 1.029038662432011919e-01 8.579539638564865900e-01 9.467887733045581011e-02 9.222312932961851395e-02 -7.988402233877412578e-03 -8.666566877737897912e-01
-2.168067226890756094e-01 1.014640560841103128e-01 1.026327064172019715e-01 8.628731259201660730e-01 1.051890229890161815e-01 1.022056242127118153e-01 -8.696627278976396536e-01 1.014143610192308476e-01 1.025831251647312675e-01 8.629511009711171576e-01 1.052231849602108943e-01 1.022380240783903882e-01 -7.121875236140124549e-03 -8.696920310096866169e-01
-2.218487394957983083e-01 1.003923779134622829e-01 1.017563397902172817e-01 8.644317170134866446e-01 1.152800224293026032e-01 1.117669186354023070e-01 -8.685994136061171433e-01 1.003470300542146088e-01 1.017113637003797255e-01 8.645027001370130249e-01 1.153117448896304464e-01 1.117968782388998605e-01 -6.212185157653361128e-03 -8.686258664027707299e-01
-2.268907563025209795e-01 9.947473004705423283e-02 1.009939571231960875e-01 8.658978306263559466e-01 1.252314244702507906e-01 1.212310869071160507e-01 -8.672625314345377978e-01 9.943344015917868206e-02 1.009532435771629405e-01 8.659623120125726770e-01 1.252607776909927251e-01 1.212586936693480222e-01 -5.327235574613993149e-03 -8.672863288049877939e-01
-2.319327731092436784e-01 9.869311133741066888e-02 1.003732562607912715e-01 8.672695942796680990e-01 1.349865703521792026e-01 1.304806715979748843e-01 -8.656835786467568239e-01 9.865556708873754466e-02 1.003364480487917432e-01 8.673280969733152546e-01 1.350136599577457241e-01 1.305060431146142785e-01 -4.473291246600057981e-03 -8.657049378545449425e-01
-2.369747899159663496e-01 9.833312995953118196e-02 1.001627104781181027e-01 8.695629737860376407e-01 1.447233922232938896e-01 1.396947702669829039e-01 -8.651338972371324099e-01 9.830002595319178860e-02 1.001303973406385828e-01 8.696141156221242063e-01 1.447476164219906880e-01 1.397174675749735806e-01 -3.663882161722071314e-03 -8.651519534237450682e-01
-2.420168067226890485e-01 9.780708402634856469e-02 9.980740539318082305e-02 8.707615943965499872e-01 1.541572236942695129e-01 1.485846000152061253e-01 -8.630946903205921616e-01 9.777711094954300020e-02 9.977830772278788174e-02 8.708077832257882234e-01 1.541794445442037087e-01 1.486053449419458272e-01 -2.863989917917248666e-03 -8.631107723186585146e-01
-2.470588235294117474e-01 9.739055891016101807e-02 9.956850654358292974e-02 8.718941223049070377e-01 1.634862011972862406e-01 1.573493275575298944e-01 -8.608366597827588063e-01 9.736347292757496774e-02 9.954235351333459714e-02 8.719357601769875954e-01 1.635065297796245987e-01 1.573682377859274839e-01 -2.086556422029389561e-03 -8.608509422351905416e-01
-2.521008403361344463e-01 9.708578469601567007e-02 9.944569418061199872e-02 8.729544453343508481e-01 1.726827765553980709e-01 1.659633813664592727e-01 -8.583706450227278628e-01 9.706134574367303314e-02 9.942222426775579325e-02 8.729919249757387423e-01 1.727013330865523333e-01 1.659805811602739767e-01 -1.332604986150695428e-03 -8.583832993253281973e-01
-2.571428571428571175e-01 9.701822433747071817e-02 9.955163835261783556e-02 8.741747849472405463e-01 1.818122520891646832e-01 1.744957788526331210e-01 -8.560636313049563295e-01 9.699664102436333923e-02 9.953100349622373555e-02 8.742077601185122004e-01 1.818288363759432147e-01 1.745111443193902989e-01 -6.064250957243842114e-04 -8.560743627394865607e-01
-2.621848739495797886e-01 9.691755591060173536e-02 9.965401726459854892e-02 8.750751087206518619e-01 1.906841424737752422e-01 1.827350580235329591e-01 -8.532143815877710757e-01 9.689814985309737339e-02 9.963555841119221823e-02 8.751046930492587528e-01 1.906992135579759495e-01 1.827489783832788039e-01 9.711320454639939368e-05 -8.532238284499302772e-01
-2.672268907563025153e-01 9.690936008160905279e-02 9.988499392077393457e-02 8.758633306595364765e-01 1.992079270976683525e-01 1.905716602251600333e-01 -8.502519961534815707e-01 9.689189033569833853e-02 9.986845574142506898e-02 8.758899148641206001e-01 1.992216331743574820e-01 1.905842839136908662e-01 7.620812634395774006e-04 -8.502603237549171133e-01
-2.722689075630251865e-01 9.704233586525701227e-02 1.002889918133641756e-01 8.765655276112235272e-01 2.074194059561963455e-01 1.980365767886013706e-01 -8.472818625039869600e-01 9.702677637257373089e-02 1.002743187317126083e-01 8.765891521634884276e-01 2.074317431523518274e-01 1.980479315621611613e-01 1.386627290285058879e-03 -8.472890299037211248e-01
-2.773109243697478576e-01 9.717402061764418564e-02 1.007199448045213996e-01 8.771964067092353767e-01 2.154817279936449004e-01 2.053067123041777964e-01 -8.440960345751123972e-01 9.716000953243832117e-02 1.007067912204259452e-01 8.772176504879785064e-01 2.154929450164767835e-01 2.053170108593933563e-01 1.990067280298696457e-03 -8.441023448351481218e-01
-2.823529411764705843e-01 9.738637625834743738e-02 1.012285547475104686e-01 8.777886460120571943e-01 2.235375132773122775e-01 2.125533113917981443e-01 -8.407592737442290964e-01 9.737387181974083150e-02 1.012168672145567078e-01 8.778075695356098995e-01 2.235476240157834582e-01 2.125625803026876259e-01 2.577382856387676509e-03 -8.407647310882050418e-01
-2.873949579831932555e-01 9.763169340727616274e-02 1.017725998027781131e-01 8.783756019669445303e-01 2.316211113712614567e-01 2.198101715581505522e-01 -8.372311739180634538e-01 9.762053189586764046e-02 1.017622176321720251e-01 8.783924622841218222e-01 2.316302228940654850e-01 2.198185078897073597e-01 3.154144495146629212e-03 -8.372359007165949274e-01
-2.924369747899159266e-01 9.792159075858897221e-02 1.023630758407998997e-01 8.789598613929869853e-01 2.397444502746466921e-01 2.270894665885495600e-01 -8.335175200210866997e-01 9.791166895052208496e-02 1.023539414979414419e-01 8.789748492046188799e-01 2.397526394386553239e-01 2.270969291576225013e-01 3.721235382972368482e-03 -8.335215976277038363e-01
-2.974789915966385978e-01 9.825867620762296362e-02 1.030053421366953770e-01 8.795415743725798485e-01 2.479038732887678398e-01 2.343849532439596373e-01 -8.296195564545294499e-01 9.824986291796190818e-02 1.029972858260988916e-01 8.795548800271820733e-01 2.479112210845663966e-01 2.343916282338056878e-01 4.279080626219533903e-03 -8.296230758990496001e-01
-3.025210084033613245e-01 9.865150909250036682e-02 1.037090922507368507e-01 8.801082015283704374e-01 2.560881739679939928e-01 2.416840352122551772e-01 -8.255358734782093366e-01 9.864368467573111920e-02 1.037019307485935044e-01 8.801199490287786587e-01 2.560947393365920477e-01 2.416900039216787199e-01 4.827223714715753872e-03 -8.255388753166331695e-01
-3.075630252100839956e-01 9.910088182482860997e-02 1.044783539712409171e-01 8.806570509176727679e-01 2.642759133256221138e-01 2.489616757082581955e-01 -8.212756601439303861e-01 9.909397830959934539e-02 1.044720716373699759e-01 8.806673914379671286e-01 2.642817585089284882e-01 2.489669803335835263e-01 5.364825044291328567e-03 -8.212782081040349569e-01
-3.126050420168066668e-01 9.972177105242212292e-02 1.052486725108062460e-01 8.812655965305222772e-01 2.729903759031320210e-01 2.569917298244177029e-01 -8.164880730837407175e-01 9.971577958076548176e-02 1.052432609914291800e-01 8.812745348980556281e-01 2.729954943386281863e-01 2.569963656819995723e-01 5.942774958972895510e-03 -8.164901776611445117e-01
-3.176470588235293935e-01 1.004681791347337844e-01 1.061338692540918782e-01 8.818003209978420021e-01 2.813763553475349677e-01 2.647064768413249780e-01 -8.116606621928565968e-01 1.004629817854736651e-01 1.061292107455019951e-01 8.818080429218962957e-01 2.813808347449175962e-01 2.647105277699652870e-01 6.496476845778172485e-03 -8.116623935500030251e-01
-3.226890756302520646e-01 1.013074794511693716e-01 1.071060054053510902e-01 8.822747257807022070e-01 2.895484838517760617e-01 2.722122493921053099e-01 -8.067423543164464750e-01 1.013029801777036998e-01 1.071020041074954715e-01 8.822813819213075615e-01 2.895523959772102751e-01 2.722157838977730115e-01 7.031292664573123713e-03 -8.067437685985798801e-01
-3.277310924369747358e-01 1.022235769956329199e-01 1.081478972585596943e-01 8.827012706813389675e-01 2.975827303580468319e-01 2.795856649903292190e-01 -8.016983106706968565e-01 1.022196954057717905e-01 1.081444732659986446e-01 8.827069865684892269e-01 2.975861355213586523e-01 2.795887404762758544e-01 7.551437195778664367e-03 -8.016994540483336484e-01
-3.327731092436974625e-01 1.032088184986564572e-01 1.092509470728119242e-01 8.830891687238276999e-01 3.055175409128423336e-01 2.868663696699688126e-01 -7.965133321724907622e-01 1.032054846237307200e-01 1.092480311836487167e-01 8.830940532291350342e-01 3.055204919898530935e-01 2.868690362312345532e-01 8.059356058341083859e-03 -7.965142440437932292e-01
-3.378151260504201336e-01 1.042617039793202471e-01 1.104108461647065886e-01 8.834453622011189111e-01 3.133724637571379534e-01 2.940776745000019399e-01 -7.911812292187356821e-01 1.042588554961287606e-01 1.104083772189046186e-01 8.834495119776476502e-01 3.133750082958587369e-01 2.940799768620858679e-01 8.556730068081389723e-03 -7.911819439081256844e-01
-3.428571428571428048e-01 1.053811737025907025e-01 1.116244732363011888e-01 8.837754690065503516e-01 3.211568460176470463e-01 3.012327635096772038e-01 -7.857009021833277762e-01 1.053787544975693935e-01 1.116223965358331405e-01 8.837789709062220389e-01 3.211590272840181837e-01 3.012347420985367341e-01 9.044694669223654615e-03 -7.857014499028569521e-01
-3.478991596638655315e-01 1.065647956577046307e-01 1.128919840472113190e-01 8.840827148446864792e-01 3.288709186500027304e-01 3.083291068202838048e-01 -7.800782205493198562e-01 1.065627546689093541e-01 1.128902500529017222e-01 8.840856479046723670e-01 3.288727765327831287e-01 3.083307986830030600e-01 9.523746478557635828e-03 -7.800786281528497845e-01
-3.529411764705882026e-01 1.078126033979555920e-01 1.142127729217394250e-01 8.843705076218760786e-01 3.365175551843206381e-01 3.153711834623796340e-01 -7.743154695910950958e-01 1.078108943064396141e-01 1.142113370457885496e-01 8.843729434567879633e-01 3.365191263035194336e-01 3.153726223295582609e-01 9.994686069035495224e-03 -7.743157608273039116e-01
-3.579831932773108738e-01 1.091250493145181077e-01 1.155866593846787832e-01 8.846415288634206231e-01 3.440976077807400002e-01 3.223615273278608861e-01 -7.684157087036542766e-01 1.091236300581682750e-01 1.155854814678174414e-01 8.846435324454632321e-01 3.440989258003667728e-01 3.223627439328175526e-01 1.045822479258450878e-02 -7.684159045611261840e-01
-3.630252100840335450e-01 1.105027950456436980e-01 1.170136739428556671e-01 8.848979244808657940e-01 3.516110168367597155e-01 3.293018135904960952e-01 -7.623821591471123815e-01 1.105016274607958093e-01 1.170127178574657256e-01 8.848995547069435919e-01 3.516121126798930074e-01 3.293028358980445436e-01 1.091503443328368898e-02 -7.623822781192886033e-01
-3.680672268907562716e-01 1.119466240155490011e-01 1.184939924246193876e-01 8.851414272265388794e-01 3.590573138859091129e-01 3.361933134479767604e-01 -7.562179731398744886e-01 1.119456735473645659e-01 1.184932257470372452e-01 8.851427373690123890e-01 3.590582159007934537e-01 3.361941668377283476e-01 1.136576947935157185e-02 -7.562180314429551853e-01
-3.731092436974789428e-01 1.134557089793907791e-01 1.200264431372965040e-01 8.853714678221650258e-01 3.664442369794723153e-01 3.430454209372924557e-01 -7.499152196303405793e-01 1.134549445756523056e-01 1.200258369719819918e-01 8.853725057062806769e-01 3.664449709566606761e-01 3.430461282663508915e-01 1.181134537781782998e-02 -7.499152313530086378e-01
-3.781512605042016140e-01 1.150335898812075569e-01 1.216142679546959454e-01 8.855915189296622581e-01 3.737574737486342169e-01 3.498448177418022609e-01 -7.434935105840921876e-01 1.150329833679060165e-01 1.216137963605515848e-01 8.855923278505601903e-01 3.737580633946380182e-01 3.498453997657684500e-01 1.225195198185490345e-02 -7.434934879647465689e-01
-3.831932773109243406e-01 1.166806464723379455e-01 1.232571161057987447e-01 8.858022811082149062e-01 3.809997775989479862e-01 3.565962422677024790e-01 -7.369517921140495975e-01 1.166801727058962707e-01 1.232567561593045091e-01 8.858028996027621504e-01 3.810002443403444072e-01 3.565967175213470841e-01 1.268835715783404872e-02 -7.369517455765192127e-01
-3.882352941176470118e-01 1.183977765197602311e-01 1.249553072829278910e-01 8.860043822331430396e-01 3.881717641024310383e-01 3.633020813566192331e-01 -7.302911089814766443e-01 1.183974131445763439e-01 1.249550388124481826e-01 8.860048444425383529e-01 3.881721272422852809e-01 3.633024663244471264e-01 1.312126142160753052e-02 -7.302910472905657091e-01
-3.932773109243696830e-01 1.201861099159978741e-01 1.267094969100735491e-01 8.861983017425784093e-01 3.952733370157582304e-01 3.699638624577496482e-01 -7.235131626416891892e-01 1.201858371736592990e-01 1.267093022818293335e-01 8.861986376939894328e-01 3.952736138502844776e-01 3.699641717095992210e-01 1.355134619367150649e-02 -7.235130930324817911e-01
-3.983193277310924096e-01 1.220469093589407750e-01 1.285205513718749026e-01 8.863843445227655993e-01 4.023042186210041282e-01 3.765828184601777151e-01 -7.166197519529599047e-01 1.220467099189405935e-01 1.285204152996453353e-01 8.863845803788006350e-01 4.023044245419827858e-01 3.765830647745104787e-01 1.397929166641519866e-02 -7.166196802479347649e-01
-4.033613445378150808e-01 1.239815386536964326e-01 1.303895038888939484e-01 8.865626318885974078e-01 4.092641418617533056e-01 3.831600960091990360e-01 -7.096125586763212256e-01 1.239813974545199843e-01 1.303894132568423347e-01 8.865627901836293789e-01 4.092642904538373871e-01 3.831602904923789299e-01 1.440578335701209883e-02 -7.096124893964975699e-01
-4.084033613445377520e-01 1.259914542679787253e-01 1.323175406485803673e-01 8.867330972540073963e-01 4.161529181763263807e-01 3.896968295902430990e-01 -7.024930629958329176e-01 1.259913583638000989e-01 1.323174843425946323e-01 8.867331971261995793e-01 4.161530213128916689e-01 3.896969817953438997e-01 1.483151449933404337e-02 -7.024929994696116342e-01
-4.134453781512604786e-01 1.280782043043980911e-01 1.343059980547283150e-01 8.868954821378357556e-01 4.229704604196815043e-01 3.961941655260147743e-01 -6.952625063222611645e-01 1.280781427147651697e-01 1.343059667997412998e-01 8.868955395621580529e-01 4.229705283589294540e-01 3.961942835728271550e-01 1.525718688973461308e-02 -6.952624507947526844e-01
-4.184873949579831498e-01 1.302434295212256676e-01 1.363563640005712729e-01 8.870493311698729455e-01 4.297167894027483781e-01 4.026532669231164263e-01 -6.879218706916313542e-01 1.302433930819784091e-01 1.363563502018283191e-01 8.870493591960835200e-01 4.297168308851708751e-01 4.026533576206403620e-01 1.568351112285135129e-02 -6.879218244370446378e-01
-4.235294117647058210e-01 1.324913252927557294e-01 1.384691864090732971e-01 8.871946582852137109e-01 4.363911227946576377e-01 4.090751324553381640e-01 -6.804720756743272148e-01 1.324899433177675057e-01 1.384685405778961209e-01 8.871957886496987244e-01 4.363926663803640582e-01 4.090779495593591664e-01 1.611123304295235953e-02 -6.804703501530177112e-01
-4.285714285714285476e-01 1.348187896594818802e-01 1.406486504753115541e-01 8.873297942518585391e-01 4.429958031633834392e-01 4.154615074182238521e-01 -6.729131665704268794e-01 1.348179241765370684e-01 1.406483709185280262e-01 8.873303246343917650e-01 4.429968007415521769e-01 4.154638755310584575e-01 1.654108487096412478e-02 -6.729116519272737573e-01
-4.336134453781512188e-01 1.372303089684874244e-01 1.428955101698436980e-01 8.874535724212022636e-01 4.495298633037660974e-01 4.218131061030549467e-01 -6.652454102202094433e-01 1.372298388263357982e-01 1.428954935393446646e-01 8.874536846256240175e-01 4.495304290718879492e-01 4.218150982102554236e-01 1.697376665452478631e-02 -6.652441368621457851e-01
-4.386554621848738900e-01 1.397278851179976911e-01 1.452118676274849474e-01 8.875647042755767657e-01 4.559937474303067950e-01 4.281311121250097607e-01 -6.574686246225815989e-01 1.397277043196457069e-01 1.452120251670887541e-01 8.875645523678038495e-01 4.559939847349930298e-01 4.281327883743767937e-01 1.741002213316589914e-02 -6.574676086605942826e-01
-4.436974789915966166e-01 1.423137830250418290e-01 1.475998081880985358e-01 8.876617243672249025e-01 4.623880891544203120e-01 4.344169290038872866e-01 -6.495823942200624757e-01 1.423136311903911433e-01 1.476002403980224975e-01 8.876613860417806867e-01 4.623879678268324467e-01 4.344180382921234984e-01 1.785060934939714655e-02 -6.495815678505972857e-01
-4.487394957983192878e-01 1.449898409360293183e-01 1.500621449436857491e-01 8.877427228763915545e-01 4.687133138957860767e-01 4.406712014176611403e-01 -6.415857001465637977e-01 1.449898332910017074e-01 1.500625963547677633e-01 8.877423520840826976e-01 4.687130088945608564e-01 4.406720875050267883e-01 1.829627110906127327e-02 -6.415851196138332435e-01
-4.537815126050419590e-01 1.477585197008321471e-01 1.526012331685611678e-01 8.878064303196486762e-01 4.749702001066665180e-01 4.468951071204601000e-01 -6.334776502667380793e-01 1.477586159322926695e-01 1.526016501485635835e-01 8.878061207653624720e-01 4.749697092360171680e-01 4.468957884057577767e-01 1.874772570246573469e-02 -6.334774248432986088e-01
-4.588235294117646301e-01 1.506222319125428422e-01 1.552198659292379490e-01 8.878491106460298932e-01 4.811593621014846889e-01 4.530899811313034431e-01 -6.252562858748628161e-01 1.506223513046513474e-01 1.552202270871379519e-01 8.878488707299678762e-01 4.811588476794756986e-01 4.530904674416247890e-01 1.920583863837756894e-02 -6.252562205977032495e-01
-4.638655462184873568e-01 1.535834349182332581e-01 1.579209264387204659e-01 8.878688934944736211e-01 4.872816153776325376e-01 4.592566504462367583e-01 -6.169198911229112348e-01 1.535835492060653729e-01 1.579212169846659353e-01 8.878687334223699379e-01 4.872811298791958623e-01 4.592569430106635542e-01 1.967133111794525449e-02 -6.169199176936209783e-01
-4.689075630252100280e-01 1.566446854702839286e-01 1.607074593802699791e-01 8.878629059311137217e-01 4.933377502103138967e-01 4.653960394450190052e-01 -6.084661511093806263e-01 1.566447817501125384e-01 1.607076792547114941e-01 8.878628077674474151e-01 4.933373357123045921e-01 4.653961266887408632e-01 2.014497464965481904e-02 -6.084661823766174260e-01
-4.739495798319326991e-01 1.598086186406862952e-01 1.635826735260357545e-01 8.878279686482869471e-01 4.993285912804834581e-01 4.715089800925811869e-01 -5.998923459194348551e-01 1.598086993019536273e-01 1.635828372842901002e-01 8.878278870225949637e-01 4.993282797767449321e-01 4.715088381276824614e-01 2.062754221207291350e-02 -5.998922751951568655e-01
-4.789915966386554258e-01 1.630779427186364317e-01 1.665499534533722292e-01 8.877605771893148923e-01 5.052549895980715799e-01 4.775961747990089545e-01 -5.911953456429834830e-01 1.630780253314480510e-01 1.665500901176133197e-01 8.877604403233209096e-01 5.052548034484848349e-01 4.775957680489638091e-01 2.111980677928917971e-02 -5.911950460766329796e-01
-4.840336134453780970e-01 1.664562854481300702e-01 1.696148563858574931e-01 8.876576536400960782e-01 5.111260160450842305e-01 4.836643851711169284e-01 -5.823608976326385411e-01 1.664564026413513642e-01 1.696150092898859318e-01 8.876573645111958122e-01 5.111259686884647158e-01 4.836636667924424371e-01 2.162302078714436332e-02 -5.823602211672105344e-01
-4.890756302521007681e-01 1.699456358542239254e-01 1.727794823599207719e-01 8.875140107583019411e-01 5.169301125428917842e-01 4.897027706373738298e-01 -5.734031574122777641e-01 1.699458350320165179e-01 1.727797089061105240e-01 8.875134491263083625e-01 5.169302088914927706e-01 4.897016842034139783e-01 2.213734094132418714e-02 -5.734019352084689380e-01
-4.941176470588234948e-01 1.735485905932387662e-01 1.760472986512142679e-01 8.873248980965323662e-01 5.226713336860409065e-01 4.957150194088321138e-01 -5.643116691661888007e-01 1.735489335440450476e-01 1.760476698855279187e-01 8.873239226024401960e-01 5.226715711759799543e-01 4.957134995587955117e-01 2.266358910936167731e-02 -5.643097109256264288e-01
-4.991596638655461660e-01 1.772681402885747937e-01 1.794222698077582445e-01 8.870853528454083481e-01 5.283510580089024744e-01 5.017018541392332942e-01 -5.550804279486818427e-01 1.772686901094994716e-01 1.794228700581527169e-01 8.870837783715206371e-01 5.283512034515391864e-01 5.016984529498497158e-01 2.320253450493496919e-02 -5.550775478668585894e-01
-5.042016806722688926e-01 1.811073889313635776e-01 1.829085451001274121e-01 8.867900138779117869e-01 5.339700122627240031e-01 5.076632118006734196e-01 -5.457040158661796703e-01 1.811082496642421324e-01 1.829094708173893691e-01 8.867876948494629596e-01 5.339702801333370275e-01 5.076593585145970922e-01 2.375492575797904377e-02 -5.456999521511876061e-01
-5.092436974789915638e-01 1.850694839842130512e-01 1.865103796451874074e-01 8.864330742822532638e-01 5.395286757666356570e-01 5.135986531583637271e-01 -5.361767533444332656e-01 1.850707564099402513e-01 1.865117393454711614e-01 8.864298224480502419e-01 5.395290530862512091e-01 5.135942626300289415e-01 2.432148796817813416e-02 -5.361712510210494553e-01
-5.142857142857142350e-01 1.891576094355295057e-01 1.902321217983566348e-01 8.860082612636935862e-01 5.450273188720047290e-01 5.195074276232187760e-01 -5.264925954495682792e-01 1.891594056780247779e-01 1.902340346821470296e-01 8.860038800047713714e-01 5.450277885215298879e-01 5.195024095464183533e-01 2.490292483102793039e-02 -5.264853787472977276e-01
-5.193277310924369061e-01 1.933749734444473733e-01 1.940781973215081058e-01 8.855088192507916123e-01 5.504659943235522546e-01 5.253884620049686927e-01 -5.166451021489346651e-01 1.933774156801883193e-01 1.940807920274639498e-01 8.855031076893342679e-01 5.504665364151983820e-01 5.253827231516583485e-01 2.549991385478174791e-02 -5.166358751731289223e-01
-5.243697478991595773e-01 1.977247974300042899e-01 1.980530942615708334e-01 8.849274935038227152e-01 5.558445104791615021e-01 5.312403354314286785e-01 -5.066274479964520960e-01 1.977280163394409540e-01 1.980565073595574876e-01 8.849202508838089898e-01 5.558451038010540080e-01 5.312337819579207032e-01 2.611310195616743310e-02 -5.066158956794512003e-01
-5.294117647058822484e-01 2.022103031029303943e-01 2.021613448329254714e-01 8.842565139780653727e-01 5.611624001585755472e-01 5.370612506159911925e-01 -4.964324407396735750e-01 2.022144360450615908e-01 2.021657190316044628e-01 8.842475442463066937e-01 5.611630236253898341e-01 5.370537903593134432e-01 2.674310044203793979e-02 -4.964182301130945496e-01
-5.344537815126050306e-01 2.068346971540622470e-01 2.064075039286588920e-01 8.834875799902320859e-01 5.664188872231804561e-01 5.428490038406599272e-01 -4.860525459989898933e-01 2.068398860503546655e-01 2.064129859782946330e-01 8.834766964913789433e-01 5.664195212617794128e-01 5.428405485337540748e-01 2.739047940687598312e-02 -4.860353278341303929e-01
-5.394957983193277018e-01 2.116137279156621864e-01 2.108091984437936994e-01 8.825974816156320069e-01 5.716046799151301983e-01 5.485945172612990417e-01 -4.754846427159801769e-01 2.116134232402210602e-01 2.108088778390616036e-01 8.825980937574179341e-01 5.716045630107482456e-01 5.485945725995097222e-01 2.805616453211742453e-02 -4.754856128184851705e-01
-5.445378151260503730e-01 2.165282395950699212e-01 2.153476436200361666e-01 8.816027116025140220e-01 5.767332540171247190e-01 5.543065850975279485e-01 -4.647122973152605918e-01 2.165278495162566708e-01 2.153472327773576500e-01 8.816034741089622262e-01 5.767331496916787703e-01 5.543067895822018087e-01 2.873995016867963645e-02 -4.647135102803364726e-01
-5.495798319327730441e-01 2.215911848486899205e-01 2.200377477493641321e-01 8.804815389500225686e-01 5.817958531619287221e-01 5.599761183169038592e-01 -4.537308871383248787e-01 2.215906945531382066e-01 2.200372315660363842e-01 8.804824702290434679e-01 5.817957612857536098e-01 5.599764747437389056e-01 2.944252420867207384e-02 -4.537323825023243384e-01
-5.546218487394957153e-01 2.268054789460108023e-01 2.248838444201342879e-01 8.792234534030693993e-01 5.867901347810758894e-01 5.655990028600078601e-01 -4.425318873935931707e-01 2.268048732578122617e-01 2.248832074110553858e-01 8.792245708726685871e-01 5.867900547824776991e-01 5.655995140811550526e-01 3.016422354217561039e-02 -4.425337070358464353e-01
-5.596638655462183864e-01 2.321738968045642670e-01 2.298901204463864867e-01 8.778173802274201742e-01 5.917132701367890935e-01 5.711705702556791886e-01 -4.311066620047497855e-01 2.321731605693310996e-01 2.298893471525801646e-01 8.778186996768544414e-01 5.917132010231717087e-01 5.711712389536126588e-01 3.090530709531491907e-02 -4.311088496472235132e-01
-5.647058823529411686e-01 2.377002418200517553e-01 2.350584719798526345e-01 8.762520291204770606e-01 5.965618871101326937e-01 5.766851847886413918e-01 -4.194468701983797287e-01 2.376993614018742262e-01 2.350575361722607726e-01 8.762535662582939811e-01 5.965618162221186793e-01 5.766861285790148006e-01 3.166485747823288843e-02 -4.194495086759744140e-01
-5.697478991596638398e-01 2.433843095501388998e-01 2.403970983481940049e-01 8.745145369020150827e-01 6.013321232815727058e-01 5.821378006457830212e-01 -4.075432150460561731e-01 2.433832698613706269e-01 2.403959982087501279e-01 8.745163004371236948e-01 6.013320604835400429e-01 5.821388893775206741e-01 3.244527204102114204e-02 -4.075463160063085288e-01
-5.747899159663865110e-01 2.491748050634891021e-01 2.458507161035773658e-01 8.725930981138028120e-01 6.059675495125186329e-01 5.874975822756109967e-01 -3.954326580205751451e-01 2.491736357787648348e-01 2.458493632142002838e-01 8.725950787727858593e-01 6.059676128756663616e-01 5.874988587042122568e-01 3.323619538875503820e-02 -3.954362321822534887e-01
-5.798319327731091821e-01 2.551333896679504054e-01 2.514872604418238455e-01 8.704720814844669752e-01 6.105557145108663208e-01 5.928160924743431925e-01 -3.829488148526337676e-01 2.551320278532100416e-01 2.514857496428003492e-01 8.704743016038555270e-01 6.105558394949062162e-01 5.928175110455334851e-01 3.404735184065715153e-02 -3.829529445309884372e-01
-5.848739495798318533e-01 2.612647579021581956e-01 2.573108017301993788e-01 8.681410431573777231e-01 6.150642622025587203e-01 5.980590538016656854e-01 -3.701684496464898166e-01 2.612631986637054538e-01 2.573091201213255630e-01 8.681435013677801793e-01 6.150644373596964032e-01 5.980606145759557180e-01 3.487887493777000469e-02 -3.701731762811468762e-01
-5.899159663865545244e-01 2.675692616854671857e-01 2.633226951689094375e-01 8.655862333012214194e-01 6.194789168943366509e-01 6.032091563934126599e-01 -3.571095234798590812e-01 2.675675030685870093e-01 2.633208332003241225e-01 8.655889237232616829e-01 6.194791283985581209e-01 6.032108596072672801e-01 3.573026812095452670e-02 -3.571148835834793700e-01
-5.949579831932771956e-01 2.740478550727211138e-01 2.695245340231983699e-01 8.627927049049906039e-01 6.237912085384549332e-01 6.082559875664081961e-01 -3.437696956821076344e-01 2.740458984627633376e-01 2.695224859642516568e-01 8.627956170710737727e-01 6.237914399579110869e-01 6.082578341137777622e-01 3.660105625054122652e-02 -3.437757196467866039e-01
-5.999999999999999778e-01 2.807014166911071529e-01 2.759175514428369169e-01 8.597450378215303335e-01 6.279929408503699406e-01 6.131898733124843126e-01 -3.301443459182845097e-01 2.806992672664720412e-01 2.759153139945019206e-01 8.597481578189527518e-01 6.279931747097440287e-01 6.131918651632785044e-01 3.749067707579581410e-02 -3.301510561555233703e-01
