0.000000000000000000e+00 -1.005975116107775680e+00
-5.042016806722688510e-03 -1.149981034274204728e+00
-1.008403361344537702e-02 -9.928819094462251194e-01
-1.512605042016806553e-02 -1.005998049555021590e+00
-2.016806722689075404e-02 -8.858189720034419512e-01
-2.521008403361344255e-02 -8.750200577934607038e-01
-3.025210084033613106e-02 -8.687492003806174257e-01
-3.529411764705882304e-02 -8.671349268347793293e-01
-4.033613445378150808e-02 -8.746340658770423993e-01
-4.537815126050419312e-02 -8.770485013631679205e-01
-5.042016806722688510e-02 -8.980129298715128217e-01
-5.546218487394957708e-02 -9.014535212795707908e-01
-6.050420168067226212e-02 -9.044420029615021228e-01
-6.554621848739494716e-02 -9.089121238792716717e-01
-7.058823529411764608e-02 -9.145599550018785884e-01
-7.563025210084033112e-02 -9.212744963504931883e-01
-8.067226890756301616e-02 -9.283014668786367940e-01
-8.571428571428570120e-02 -9.344757772142333607e-01
-9.075630252100838624e-02 -9.469875788242652082e-01
-9.579831932773108516e-02 -1.042596118895785740e+00
-1.008403361344537702e-01 -1.044946159671320096e+00
-1.058823529411764552e-01 -1.045256333987504949e+00
-1.109243697478991542e-01 -1.035430392647118225e+00
-1.159663865546218392e-01 -1.287874923606812327e+00
-1.210084033613445242e-01 -1.305506002228904006e+00
-1.260504201680672232e-01 -2.645812237417790591e+00
-1.310924369747898943e-01 -2.647730435791107340e+00
-1.361344537815125932e-01 -2.650512436077183231e+00
-1.411764705882352922e-01 -2.654170332366199592e+00
-1.462184873949579633e-01 -2.741276879258059296e+00
-1.512605042016806622e-01 -2.754410214982183192e+00
-1.563025210084033334e-01 -2.767667765936271618e+00
-1.613445378151260323e-01 -2.742818584064045773e+00
-1.663865546218487312e-01 -2.746029827246344812e+00
-1.714285714285714024e-01 -2.723844164627757358e+00
-1.764705882352941013e-01 -2.723876976456133470e+00
-1.815126050420167725e-01 -2.723879504704144416e+00
-1.865546218487394714e-01 -2.723850923265997093e+00
-1.915966386554621703e-01 -2.724933821194657657e+00
-1.966386554621848415e-01 -2.723551050933209705e+00
-2.016806722689075404e-01 -2.723414125361593552e+00
-2.067226890756302393e-01 -2.723278978441978637e+00
-2.117647058823529105e-01 -2.723142950591815659e+00
-2.168067226890756094e-01 -2.720557402637355793e+00
-2.218487394957983083e-01 -2.720544256012846329e+00
-2.268907563025209795e-01 -2.720517138576483251e+00
-2.319327731092436784e-01 -2.720479056492809633e+00
-2.369747899159663496e-01 -2.717875996297390628e+00
-2.420168067226890485e-01 -2.717932690488216618e+00
-2.470588235294117474e-01 -2.717983623030547857e+00
-2.521008403361344463e-01 -2.718029122760361460e+00
-2.571428571428571175e-01 -2.716261013483885378e+00
-2.621848739495797886e-01 -2.716373545961956903e+00
-2.672268907563025153e-01 -2.716478104257929793e+00
-2.722689075630251865e-01 -2.715178421743414727e+00
-2.773109243697478576e-01 -2.715317767910398583e+00
-2.823529411764705843e-01 -2.714324125778955210e+00
-2.873949579831932555e-01 -2.713567101613561849e+00
-2.924369747899159266e-01 -2.712514821257884456e+00
-2.974789915966385978e-01 -2.712724669600227401e+00
-3.025210084033613245e-01 -2.712212115591064343e+00
-3.075630252100839956e-01 -2.712454904723597515e+00
-3.126050420168066668e-01 -2.712732268238369659e+00
-3.176470588235293935e-01 -2.713004458916957518e+00
-3.226890756302520646e-01 -2.713273191602802115e+00
-3.277310924369747358e-01 -2.713540322824622208e+00
-3.327731092436974625e-01 -2.713807016104160752e+00
-3.378151260504201336e-01 -2.714074113703037749e+00
-3.428571428571428048e-01 -2.714342111375645850e+00
-3.478991596638655315e-01 -2.714610908375635123e+00
-3.529411764705882026e-01 -2.714880619892802383e+00
-3.579831932773108738e-01 -2.715151241931990977e+00
-3.630252100840335450e-01 -2.715422683302883389e+00
-3.680672268907562716e-01 -2.715694785105104092e+00
-3.731092436974789428e-01 -2.715967381932664182e+00
-3.781512605042016140e-01 -2.716240108645992635e+00
-3.831932773109243406e-01 -2.716512696533689653e+00
-3.882352941176470118e-01 -2.716784819312299870e+00
-3.932773109243696830e-01 -2.717056108691538352e+00
-3.983193277310924096e-01 -2.717326161329947531e+00
-4.033613445378150808e-01 -2.717594544422366809e+00
-4.084033613445377520e-01 -2.717860797380816873e+00
-4.134453781512604786e-01 -2.718124435518249449e+00
-4.184873949579831498e-01 -2.718384948578769666e+00
-4.235294117647058210e-01 -2.718641810442972595e+00
-4.285714285714285476e-01 -2.718894472857808609e+00
-4.336134453781512188e-01 -2.719142371606769526e+00
-4.386554621848738900e-01 -2.719384929231370762e+00
-4.436974789915966166e-01 -2.719621544310324879e+00
-4.487394957983192878e-01 -2.719843528578302028e+00
-4.537815126050419590e-01 -2.720159516728984261e+00
-4.588235294117646301e-01 -2.720369708047389423e+00
-4.638655462184873568e-01 -2.720572007871082221e+00
-4.689075630252100280e-01 -2.720765875252422195e+00
-4.739495798319326991e-01 -2.720950689292955360e+00
-4.789915966386554258e-01 -2.721125781918370734e+00
-4.840336134453780970e-01 -2.721290636257723161e+00
-4.890756302521007681e-01 -2.721444331752989054e+00
-4.941176470588234948e-01 -2.721586253938027333e+00
-4.991596638655461660e-01 -2.721715795222680701e+00
-5.042016806722688926e-01 -2.721832390798531343e+00
-5.092436974789915638e-01 -2.721935538391132781e+00
-5.142857142857142350e-01 -2.722024796102347377e+00
-5.193277310924369061e-01 -2.722099797628651174e+00
-5.243697478991595773e-01 -2.722160247224833629e+00
-5.294117647058822484e-01 -2.722205927139097703e+00
-5.344537815126050306e-01 -2.722236700984081992e+00
-5.394957983193277018e-01 -2.722252518724827652e+00
-5.445378151260503730e-01 -2.722253422333375639e+00
-5.495798319327730441e-01 -2.722239551725361029e+00
-5.546218487394957153e-01 -2.722211150543117686e+00
-5.596638655462183864e-01 -2.722168572456059810e+00
-5.647058823529411686e-01 -2.722127612475995218e+00
-5.697478991596638398e-01 -2.722058550670339638e+00
-5.747899159663865110e-01 -2.721979249613277307e+00
-5.798319327731091821e-01 -2.721887895185813644e+00
-5.848739495798318533e-01 -2.721785081383814919e+00
-5.899159663865545244e-01 -2.721671745701522038e+00
-5.949579831932771956e-01 -2.721548900281938632e+00
-5.999999999999999778e-01 -2.721417626560246994e+00
