0.000000000000000000e+00 -1.555109372086544336e-05
-5.042016806722688510e-03 -1.656563893940236453e-05
-1.008403361344537702e-02 -1.737837025585154733e-05
-1.512605042016806553e-02 -1.799298456590260525e-05
-2.016806722689075404e-02 -1.844102618178932641e-05
-2.521008403361344255e-02 -1.876219165173629441e-05
-3.025210084033613106e-02 -1.899223483204306672e-05
-3.529411764705882304e-02 -1.915882311730862848e-05
-4.033613445378150808e-02 -1.928167409529226123e-05
-4.537815126050419312e-02 -1.937414982885134990e-05
-5.042016806722688510e-02 -2.672541752552739226e-05
-5.546218487394957708e-02 -2.674244340900441155e-05
-6.050420168067226212e-02 -2.673921757355343168e-05
-6.554621848739494716e-02 -2.671833722703290988e-05
-7.058823529411764608e-02 -2.668077391719010779e-05
-7.563025210084033112e-02 -2.662632244707149735e-05
-8.067226890756301616e-02 -2.655388736426139723e-05
-8.571428571428570120e-02 -2.646166674347294890e-05
-9.075630252100838624e-02 -2.634727469951524077e-05
-9.579831932773108516e-02 -3.876303646598457770e-05
-1.008403361344537702e-01 -3.839918177913605803e-05
-1.058823529411764552e-01 -3.798420903152573206e-05
-1.109243697478991542e-01 -3.751241421186863754e-05
-1.159663865546218392e-01 -5.930049276206848579e-05
-1.210084033613445242e-01 -5.815181932276540765e-05
-1.260504201680672232e-01 -1.761709977929936711e-04
-1.310924369747898943e-01 -1.711394745015483530e-04
-1.361344537815125932e-01 -1.656734494749849255e-04
-1.411764705882352922e-01 -1.597719268400145528e-04
-1.462184873949579633e-01 -2.813292141252193759e-04
-1.512605042016806622e-01 -2.686821764167303590e-04
-1.563025210084033334e-01 -2.553766275275224339e-04
-1.613445378151260323e-01 -2.415075039706916934e-04
-1.663865546218487312e-01 -2.272261815622406069e-04
-1.714285714285714024e-01 -3.890321237056376235e-04
-1.764705882352941013e-01 -3.619011703361091261e-04
-1.815126050420167725e-01 -3.349269199851754816e-04
-1.865546218487394714e-01 -3.084087733549915693e-04
-1.915966386554621703e-01 -2.826076319590985360e-04
-1.966386554621848415e-01 -4.633146954097626955e-04
-2.016806722689075404e-01 -4.201412923870481275e-04
-2.067226890756302393e-01 -3.791003251048343284e-04
-2.117647058823529105e-01 -3.402484393009128387e-04
-2.168067226890756094e-01 -5.298163058305114257e-04
-2.218487394957983083e-01 -4.689444547937952359e-04
-2.268907563025209795e-01 -4.107645199687512015e-04
-2.319327731092436784e-01 -3.556311494703334871e-04
-2.369747899159663496e-01 -5.078624581465906356e-04
-2.420168067226890485e-01 -4.236147705860852301e-04
-2.470588235294117474e-01 -3.426016992187787377e-04
-2.521008403361344463e-01 -2.647989705627163586e-04
-2.571428571428571175e-01 -3.019007075664270189e-04
-2.621848739495797886e-01 -1.874647656952389363e-04
-2.672268907563025153e-01 -7.991717146098450356e-05
-2.722689075630251865e-01 3.368818109949432140e-05
-2.773109243697478576e-01 1.813271138067835302e-04
-2.823529411764705843e-01 4.640840225449210867e-04
-2.873949579831932555e-01 8.901462869057503221e-04
-2.924369747899159266e-01 1.721027171243446913e-03
-2.974789915966385978e-01 2.115704729090965488e-03
-3.025210084033613245e-01 3.081715630786342058e-03
-3.075630252100839956e-01 3.557719727494643071e-03
-3.126050420168066668e-01 4.074257158310349604e-03
-3.176470588235293935e-01 4.574639945515198390e-03
-3.226890756302520646e-01 5.064533960215049369e-03
-3.277310924369747358e-01 5.548446801499969105e-03
-3.327731092436974625e-01 6.029227265426173078e-03
-3.378151260504201336e-01 6.508846448406432200e-03
-3.428571428571428048e-01 6.988860839382419858e-03
-3.478991596638655315e-01 7.470364315467933197e-03
-3.529411764705882026e-01 7.954620948366136410e-03
-3.579831932773108738e-01 8.442809058267190456e-03
-3.630252100840335450e-01 8.936077033745949347e-03
-3.680672268907562716e-01 9.435571397098233004e-03
-3.731092436974789428e-01 9.942766554314858354e-03
-3.781512605042016140e-01 1.045832457576973198e-02
-3.831932773109243406e-01 1.098360635214510467e-02
-3.882352941176470118e-01 1.151993972923797196e-02
-3.932773109243696830e-01 1.206868022454094837e-02
-3.983193277310924096e-01 1.263123972821081180e-02
-4.033613445378150808e-01 1.320910327282077273e-02
-4.084033613445377520e-01 1.380384173931061692e-02
-4.134453781512604786e-01 1.441712353847533074e-02
-4.184873949579831498e-01 1.505072645221345977e-02
-4.235294117647058210e-01 1.570655012237879428e-02
-4.285714285714285476e-01 1.638662941254090399e-02
-4.336134453781512188e-01 1.709314875501461578e-02
-4.386554621848738900e-01 1.782845752486899443e-02
-4.436974789915966166e-01 1.859508642892778243e-02
-4.487394957983192878e-01 1.939576490142492365e-02
-4.537815126050419590e-01 2.023343966090391730e-02
-4.588235294117646301e-01 2.111129497144656128e-02
-4.638655462184873568e-01 2.203277553993705784e-02
-4.689075630252100280e-01 2.300161276677415226e-02
-4.739495798319326991e-01 2.402185401429163952e-02
-4.789915966386554258e-01 2.509789369320284541e-02
-4.840336134453780970e-01 2.623576482765257317e-02
-4.890756302521007681e-01 2.743902513648606781e-02
-4.941176470588234948e-01 2.871359573240409024e-02
-4.991596638655461660e-01 3.006567752361331142e-02
-5.042016806722688926e-01 3.150196052067069652e-02
-5.092436974789915638e-01 3.302970726570709364e-02
-5.142857142857142350e-01 3.465681238117579444e-02
-5.193277310924369061e-01 3.639185990485821476e-02
-5.243697478991595773e-01 3.824418294201557822e-02
-5.294117647058822484e-01 4.022392653700850029e-02
-5.344537815126050306e-01 4.234211383197539896e-02
-5.394957983193277018e-01 4.461071529272127995e-02
-5.445378151260503730e-01 4.704272058015498970e-02
-5.495798319327730441e-01 4.965221243304101389e-02
-5.546218487394957153e-01 5.245444168022889153e-02
-5.596638655462183864e-01 5.546590220816415701e-02
-5.647058823529411686e-01 5.870440436534939826e-02
-5.697478991596638398e-01 6.218914488395457796e-02
-5.747899159663865110e-01 6.588655631356579723e-02
-5.798319327731091821e-01 6.988116378596448408e-02
-5.848739495798318533e-01 7.419345944076789767e-02
-5.899159663865545244e-01 7.884735231034770142e-02
-5.949579831932771956e-01 8.387104647140380953e-02
-5.999999999999999778e-01 8.733015123828308246e-02
