0.000000000000000000e+00 -1.259532331052303818e-05
-5.042016806722688510e-03 -1.354686370857665655e-05
-1.008403361344537702e-02 -1.441038945758385081e-05
-1.512605042016806553e-02 -1.514880383697215714e-05
-2.016806722689075404e-02 -1.574630629091710297e-05
-2.521008403361344255e-02 -1.620909041327137941e-05
-3.025210084033613106e-02 -1.655745549456020556e-05
-3.529411764705882304e-02 -1.681620040677867911e-05
-4.033613445378150808e-02 -2.323485065408177936e-05
-4.537815126050419312e-02 -2.339408150901584537e-05
-5.042016806722688510e-02 -2.350130544164787637e-05
-5.546218487394957708e-02 -2.357099532476167967e-05
-6.050420168067226212e-02 -2.361273719491219447e-05
-6.554621848739494716e-02 -2.363253625683282705e-05
-7.058823529411764608e-02 -2.363383230840447060e-05
-7.563025210084033112e-02 -2.361823306534306302e-05
-8.067226890756301616e-02 -3.487811888666318949e-05
-8.571428571428570120e-02 -3.471517982194011643e-05
-9.075630252100838624e-02 -3.452159734947425076e-05
-9.579831932773108516e-02 -3.429442195748289831e-05
-1.008403361344537702e-01 -5.467702010955672524e-05
-1.058823529411764552e-01 -5.404812802216088746e-05
-1.109243697478991542e-01 -1.659200681805012673e-04
-1.159663865546218392e-01 -1.629465494799545871e-04
-1.210084033613445242e-01 -1.596716379601420533e-04
-1.260504201680672232e-01 -1.560773184963785390e-04
-1.310924369747898943e-01 -1.521494927870754106e-04
-1.361344537815125932e-01 -2.714574071103751556e-04
-1.411764705882352922e-01 -2.627256707704890147e-04
-1.462184873949579633e-01 -2.533738545487550426e-04
-1.512605042016806622e-01 -2.434298845704363794e-04
-1.563025210084033334e-01 -2.329407107323187040e-04
-1.613445378151260323e-01 -2.219721770632637856e-04
-1.663865546218487312e-01 -3.856017602587526638e-04
-1.714285714285714024e-01 -3.639387142081949291e-04
-1.764705882352941013e-01 -3.419314695309678877e-04
-1.815126050420167725e-01 -3.197957932122442570e-04
-1.865546218487394714e-01 -2.977320958853353042e-04
-1.915966386554621703e-01 -4.966918230089248506e-04
-1.966386554621848415e-01 -4.579081683504960675e-04
-2.016806722689075404e-01 -4.201687730180144061e-04
-2.067226890756302393e-01 -3.836007403587587830e-04
-2.117647058823529105e-01 -3.481787405563616078e-04
-2.168067226890756094e-01 -5.485061102111891702e-04
-2.218487394957983083e-01 -4.911981367268455391e-04
-2.268907563025209795e-01 -4.366082149139345809e-04
-2.319327731092436784e-01 -3.845251351400635637e-04
-2.369747899159663496e-01 -5.610345828048255270e-04
-2.420168067226890485e-01 -4.803818577792389084e-04
-2.470588235294117474e-01 -4.026868644011364165e-04
-2.521008403361344463e-01 -3.276184609028889947e-04
-2.571428571428571175e-01 -2.540340341196449764e-04
-2.621848739495797886e-01 -2.906658990292222797e-04
-2.672268907563025153e-01 -1.805408483660306403e-04
-2.722689075630251865e-01 -7.465586713253687253e-05
-2.773109243697478576e-01 4.075691709158355621e-05
-2.823529411764705843e-01 1.874445525060740574e-04
-2.873949579831932555e-01 4.703615032864376768e-04
-2.924369747899159266e-01 8.941084368654123472e-04
-2.974789915966385978e-01 1.718959806659843678e-03
-3.025210084033613245e-01 2.104771359768576981e-03
-3.075630252100839956e-01 3.056802884951118852e-03
-3.126050420168066668e-01 3.521694500979932144e-03
-3.176470588235293935e-01 3.982979917201714959e-03
-3.226890756302520646e-01 4.440572323652747233e-03
-3.277310924369747358e-01 4.895045726465879418e-03
-3.327731092436974625e-01 5.380319638731671447e-03
-3.378151260504201336e-01 5.856849401942841767e-03
-3.428571428571428048e-01 6.328697956549231632e-03
-3.478991596638655315e-01 6.798396848423550985e-03
-3.529411764705882026e-01 7.268209276939142927e-03
-3.579831932773108738e-01 7.739745512375917000e-03
-3.630252100840335450e-01 8.214298316922918550e-03
-3.680672268907562716e-01 8.693016788295978431e-03
-3.731092436974789428e-01 9.177350682234094656e-03
-3.781512605042016140e-01 9.667815730352987899e-03
-3.831932773109243406e-01 1.016559649674378396e-02
-3.882352941176470118e-01 1.067183449378394933e-02
-3.932773109243696830e-01 1.118767746704567474e-02
-3.983193277310924096e-01 1.171430370702206646e-02
-4.033613445378150808e-01 1.225293629048260918e-02
-4.084033613445377520e-01 1.280485345812554590e-02
-4.134453781512604786e-01 1.337139768928849448e-02
-4.184873949579831498e-01 1.395398454436530024e-02
-4.235294117647058210e-01 1.455411174871345040e-02
-4.285714285714285476e-01 1.517336875406248911e-02
-4.336134453781512188e-01 1.581344691328856120e-02
-4.386554621848738900e-01 1.647615035208143536e-02
-4.436974789915966166e-01 1.716340758219878082e-02
-4.487394957983192878e-01 1.787728387573880168e-02
-4.537815126050419590e-01 1.861999443874733443e-02
-4.588235294117646301e-01 1.939391853440622371e-02
-4.638655462184873568e-01 2.020161490025489462e-02
-4.689075630252100280e-01 2.104583890491372455e-02
-4.739495798319326991e-01 2.192956165353283221e-02
-4.789915966386554258e-01 2.285599079505923337e-02
-4.840336134453780970e-01 2.382859267954352128e-02
-4.890756302521007681e-01 2.485111597612355006e-02
-4.941176470588234948e-01 2.592761731524637070e-02
-4.991596638655461660e-01 2.706248948368640897e-02
-5.042016806722688926e-01 2.826049240665076331e-02
-5.092436974789915638e-01 2.952678697737121799e-02
-5.142857142857142350e-01 3.086697180009641966e-02
-5.193277310924369061e-01 3.228712298093278088e-02
-5.243697478991595773e-01 3.379564180487937969e-02
-5.294117647058822484e-01 3.539730976766235909e-02
-5.344537815126050306e-01 3.710042848902871809e-02
-5.394957983193277018e-01 3.891355418814198414e-02
-5.445378151260503730e-01 4.084589938516315633e-02
-5.495798319327730441e-01 4.290745422561648842e-02
-5.546218487394957153e-01 4.510906246705009837e-02
-5.596638655462183864e-01 4.746249298003646366e-02
-5.647058823529411686e-01 4.998051354449750683e-02
-5.697478991596638398e-01 5.267696777440003530e-02
-5.747899159663865110e-01 5.556685485554350296e-02
-5.798319327731091821e-01 5.866641140306336211e-02
-5.848739495798318533e-01 6.199319445240189519e-02
-5.899159663865545244e-01 6.556616427075094566e-02
-5.949579831932771956e-01 6.940576529016476148e-02
-5.999999999999999778e-01 7.190141840139020746e-02
