0.000000000000000000e+00 -2.678067334292085372e-05
-5.042016806722688510e-03 -2.575053885278623980e-05
-1.008403361344537702e-02 -2.500362066412369411e-05
-1.512605042016806553e-02 -2.449246375629832918e-05
-2.016806722689075404e-02 -2.416053203776169207e-05
-2.521008403361344255e-02 -2.395433001348054028e-05
-3.025210084033613106e-02 -2.383228143962374721e-05
-3.529411764705882304e-02 -2.376439025066310213e-05
-4.033613445378150808e-02 -2.372981213796399177e-05
-4.537815126050419312e-02 -2.371433472963923309e-05
-5.042016806722688510e-02 -2.370835342498385959e-05
-5.546218487394957708e-02 -2.370538885012453848e-05
-6.050420168067226212e-02 -2.370104153429265651e-05
-6.554621848739494716e-02 -2.369226487598118761e-05
-7.058823529411764608e-02 -2.367685923783361901e-05
-7.563025210084033112e-02 -2.365311558387519938e-05
-8.067226890756301616e-02 -2.361955801667312368e-05
-8.571428571428570120e-02 -2.357475001832434476e-05
-9.075630252100838624e-02 -3.254235634519692908e-05
-9.579831932773108516e-02 -3.235768708975398413e-05
-1.008403361344537702e-01 -3.214638064366495094e-05
-1.058823529411764552e-01 -3.190467536291118284e-05
-1.109243697478991542e-01 -3.162804171628196833e-05
-1.159663865546218392e-01 -3.131106282658709165e-05
-1.210084033613445242e-01 -3.094734553486865552e-05
-1.260504201680672232e-01 -3.052948276255687803e-05
-1.310924369747898943e-01 -4.458855978300690226e-05
-1.361344537815125932e-01 -4.358778901815653025e-05
-1.411764705882352922e-01 -4.245975376167607620e-05
-1.462184873949579633e-01 -6.616295663987583025e-05
-1.512605042016806622e-01 -6.359368848514356984e-05
-1.563025210084033334e-01 -1.876281535019141825e-04
-1.613445378151260323e-01 -1.769425533322329801e-04
-1.663865546218487312e-01 -1.654882905813083763e-04
-1.714285714285714024e-01 -2.806817887938781067e-04
-1.764705882352941013e-01 -2.571921797070470949e-04
-1.815126050420167725e-01 -2.333542555609842287e-04
-1.865546218487394714e-01 -2.097213109777985049e-04
-1.915966386554621703e-01 -3.407848561487336224e-04
-1.966386554621848415e-01 -3.007339411312566079e-04
-2.016806722689075404e-01 -2.637136642402849009e-04
-2.067226890756302393e-01 -4.130148374176365500e-04
-2.117647058823529105e-01 -3.585133761518679283e-04
-2.168067226890756094e-01 -3.100761800478864347e-04
-2.218487394957983083e-01 -2.670615536878537819e-04
-2.268907563025209795e-01 -3.981463093712765819e-04
-2.319327731092436784e-01 -3.374605346942107669e-04
-2.369747899159663496e-01 -2.821943421168109437e-04
-2.420168067226890485e-01 -3.834502117621048909e-04
-2.470588235294117474e-01 -3.006968959729026231e-04
-2.521008403361344463e-01 -2.233534653669240336e-04
-2.571428571428571175e-01 -1.529734850093740126e-04
-2.621848739495797886e-01 -1.422800769927793122e-04
-2.672268907563025153e-01 -4.693992387021639204e-05
-2.722689075630251865e-01 7.164649532750199464e-05
-2.773109243697478576e-01 2.114271727332532721e-04
-2.823529411764705843e-01 4.988201835966403572e-04
-2.873949579831932555e-01 1.429909220535086111e-03
-2.924369747899159266e-01 1.850213843509485642e-03
-2.974789915966385978e-01 2.772940954215207497e-03
-3.025210084033613245e-01 3.259327524774772045e-03
-3.075630252100839956e-01 3.737670855426857182e-03
-3.126050420168066668e-01 4.210718238244222540e-03
-3.176470588235293935e-01 4.680525209426118424e-03
-3.226890756302520646e-01 5.148765319357124538e-03
-3.277310924369747358e-01 5.616902051405225568e-03
-3.327731092436974625e-01 6.086285199944284525e-03
-3.378151260504201336e-01 6.558206605974058710e-03
-3.428571428571428048e-01 7.033934328563536988e-03
-3.478991596638655315e-01 7.514456430246617066e-03
-3.529411764705882026e-01 8.001093263776263773e-03
-3.579831932773108738e-01 8.495278494451937931e-03
-3.630252100840335450e-01 8.998373232170286951e-03
-3.680672268907562716e-01 9.511784424559129730e-03
-3.731092436974789428e-01 1.003698353148260031e-02
-3.781512605042016140e-01 1.057551846648342210e-02
-3.831932773109243406e-01 1.112902602279070355e-02
-3.882352941176470118e-01 1.169924487816358973e-02
-3.932773109243696830e-01 1.228802930733237028e-02
-3.983193277310924096e-01 1.289736374012789497e-02
-4.033613445378150808e-01 1.352937830621314848e-02
-4.084033613445377520e-01 1.418636551014468977e-02
-4.134453781512604786e-01 1.487079818471995392e-02
-4.184873949579831498e-01 1.558534887519920885e-02
-4.235294117647058210e-01 1.633291080938651871e-02
-4.285714285714285476e-01 1.711662060369937774e-02
-4.336134453781512188e-01 1.793988283504208830e-02
-4.386554621848738900e-01 1.880639656125191600e-02
-4.436974789915966166e-01 1.972018378937862026e-02
-4.487394957983192878e-01 2.068561978211772359e-02
-4.537815126050419590e-01 2.170746503282249690e-02
-4.588235294117646301e-01 2.279089891763914563e-02
-4.638655462184873568e-01 2.394155568824872168e-02
-4.689075630252100280e-01 2.516556448168573781e-02
-4.739495798319326991e-01 2.646959535987767828e-02
-4.789915966386554258e-01 2.786090964439996709e-02
-4.840336134453780970e-01 2.934741562226199363e-02
-4.890756302521007681e-01 3.093773427331500056e-02
-4.941176470588234948e-01 3.264124136964251244e-02
-4.991596638655461660e-01 3.446812422503450074e-02
-5.042016806722688926e-01 3.642943545957377793e-02
-5.092436974789915638e-01 3.853714862020819060e-02
-5.142857142857142350e-01 4.080421434124744534e-02
-5.193277310924369061e-01 4.324461485459690779e-02
-5.243697478991595773e-01 4.581129235148551082e-02
-5.294117647058822484e-01 4.859397757646911897e-02
-5.344537815126050306e-01 5.160331516465856833e-02
-5.394957983193277018e-01 5.485882249774230029e-02
-5.445378151260503730e-01 5.838464854492361744e-02
-5.495798319327730441e-01 6.220935173076965613e-02
-5.546218487394957153e-01 6.636399043237309336e-02
-5.596638655462183864e-01 7.086151764686902943e-02
-5.647058823529411686e-01 7.572306852567650681e-02
-5.697478991596638398e-01 8.096322969133837311e-02
-5.747899159663865110e-01 8.660784524838577303e-02
-5.798319327731091821e-01 9.268228454677485129e-02
-5.848739495798318533e-01 9.916745086090927863e-02
-5.899159663865545244e-01 1.061444711174104050e-01
-5.949579831932771956e-01 1.111227637761089126e-01
-5.999999999999999778e-01 1.189314621921798709e-01
