0.000000000000000000e+00 -1.738650423981345330e-05
-5.042016806722688510e-03 -1.833670222619150097e-05
-1.008403361344537702e-02 -1.904757373164002918e-05
-1.512605042016806553e-02 -1.955857576401562182e-05
-2.016806722689075404e-02 -1.991917568769125619e-05
-2.521008403361344255e-02 -2.017293382822983044e-05
-3.025210084033613106e-02 -2.035288394566281184e-05
-3.529411764705882304e-02 -2.048225350564178307e-05
-4.033613445378150808e-02 -2.057669009239899394e-05
-4.537815126050419312e-02 -2.064643246738391043e-05
-5.042016806722688510e-02 -2.069799768785039360e-05
-5.546218487394957708e-02 -2.073537433862104160e-05
-6.050420168067226212e-02 -2.856871214571514152e-05
-6.554621848739494716e-02 -2.852252991808586498e-05
-7.058823529411764608e-02 -2.845939328021827698e-05
-7.563025210084033112e-02 -2.837867459631472064e-05
-8.067226890756301616e-02 -2.827897241730399674e-05
-8.571428571428570120e-02 -2.815822891038956578e-05
-9.075630252100838624e-02 -2.801380253991182608e-05
-9.579831932773108516e-02 -2.784251924152142125e-05
-1.008403361344537702e-01 -2.764071973471288846e-05
-1.058823529411764552e-01 -4.050177176543790403e-05
-1.109243697478991542e-01 -3.996076889907818649e-05
-1.159663865546218392e-01 -3.935074438420391564e-05
-1.210084033613445242e-01 -6.207572837485193296e-05
-1.260504201680672232e-01 -6.063824943049840930e-05
-1.310924369747898943e-01 -1.829486709393984920e-04
-1.361344537815125932e-01 -1.767857138238680930e-04
-1.411764705882352922e-01 -1.701200577274302893e-04
-1.462184873949579633e-01 -1.629617918645906774e-04
-1.512605042016806622e-01 -2.846466235360561197e-04
-1.563025210084033334e-01 -2.695528680818423000e-04
-1.613445378151260323e-01 -2.538257154631788854e-04
-1.663865546218487312e-01 -2.376346078828070474e-04
-1.714285714285714024e-01 -2.211713522352341040e-04
-1.764705882352941013e-01 -3.740201696961120616e-04
-1.815126050420167725e-01 -3.437820948399806457e-04
-1.865546218487394714e-01 -3.142719481895752775e-04
-1.915966386554621703e-01 -2.858184602977292062e-04
-1.966386554621848415e-01 -4.648938394499466434e-04
-2.016806722689075404e-01 -4.183387889674742839e-04
-2.067226890756302393e-01 -3.746144880753834419e-04
-2.117647058823529105e-01 -3.337167082465504519e-04
-2.168067226890756094e-01 -2.955210508741493267e-04
-2.218487394957983083e-01 -4.528796442780498002e-04
-2.268907563025209795e-01 -3.941102625374221739e-04
-2.319327731092436784e-01 -3.388354616784485678e-04
-2.369747899159663496e-01 -2.855409178040343586e-04
-2.420168067226890485e-01 -3.928079101386740702e-04
-2.470588235294117474e-01 -3.111434385008010443e-04
-2.521008403361344463e-01 -2.331307454293963361e-04
-2.571428571428571175e-01 -2.521276125660930584e-04
-2.621848739495797886e-01 -1.412958566527380258e-04
-2.672268907563025153e-01 -3.869909188139735064e-05
-2.722689075630251865e-01 9.196991025957455704e-05
-2.773109243697478576e-01 2.377277799549945472e-04
-2.823529411764705843e-01 5.432254735203213055e-04
-2.873949579831932555e-01 1.479148320718596437e-03
-2.924369747899159266e-01 1.878241321127486693e-03
-2.974789915966385978e-01 2.794796300256682797e-03
-3.025210084033613245e-01 3.329881257399974846e-03
-3.075630252100839956e-01 3.842978066206436533e-03
-3.126050420168066668e-01 4.342705556668564199e-03
-3.176470588235293935e-01 4.834217834907362024e-03
-3.226890756302520646e-01 5.320779912271299608e-03
-3.277310924369747358e-01 5.804643602928596761e-03
-3.327731092436974625e-01 6.287522998515142347e-03
-3.378151260504201336e-01 6.770858821109337032e-03
-3.428571428571428048e-01 7.255725269300202125e-03
-3.478991596638655315e-01 7.743376873583481326e-03
-3.529411764705882026e-01 8.235026724155372277e-03
-3.579831932773108738e-01 8.731860609088617359e-03
-3.630252100840335450e-01 9.235069007558514842e-03
-3.680672268907562716e-01 9.745863531819561054e-03
-3.731092436974789428e-01 1.026548954779237140e-02
-3.781512605042016140e-01 1.079538465608458064e-02
-3.831932773109243406e-01 1.133657014415341557e-02
-3.882352941176470118e-01 1.189057331679487482e-02
-3.932773109243696830e-01 1.245891830829340928e-02
-3.983193277310924096e-01 1.304318791470612283e-02
-4.033613445378150808e-01 1.364505306805282626e-02
-4.084033613445377520e-01 1.426629106978886778e-02
-4.134453781512604786e-01 1.490880046929648345e-02
-4.184873949579831498e-01 1.557461549284555949e-02
-4.235294117647058210e-01 1.626592110597496754e-02
-4.285714285714285476e-01 1.698506913652301706e-02
-4.336134453781512188e-01 1.773459563783977982e-02
-4.386554621848738900e-01 1.851723955075379804e-02
-4.436974789915966166e-01 1.933596264196743228e-02
-4.487394957983192878e-01 2.019397068150463950e-02
-4.537815126050419590e-01 2.109572914682879274e-02
-4.588235294117646301e-01 2.204374086088640300e-02
-4.638655462184873568e-01 2.304224981564636718e-02
-4.689075630252100280e-01 2.409574190251780740e-02
-4.739495798319326991e-01 2.520906215993595073e-02
-4.789915966386554258e-01 2.638747408300619671e-02
-4.840336134453780970e-01 2.763670388785537807e-02
-4.890756302521007681e-01 2.896298199669821577e-02
-4.941176470588234948e-01 3.037308690570272168e-02
-4.991596638655461660e-01 3.187439351050687375e-02
-5.042016806722688926e-01 3.347492602868072653e-02
-5.092436974789915638e-01 3.518341495117172091e-02
-5.142857142857142350e-01 3.700935748704130279e-02
-5.193277310924369061e-01 3.896308113396041578e-02
-5.243697478991595773e-01 4.105581005142158735e-02
-5.294117647058822484e-01 4.329973381820440004e-02
-5.344537815126050306e-01 4.570807796551335650e-02
-5.394957983193277018e-01 4.829517542486485432e-02
-5.445378151260503730e-01 5.107653772752913240e-02
-5.495798319327730441e-01 5.406892444072814580e-02
-5.546218487394957153e-01 5.729040892133598073e-02
-5.596638655462183864e-01 6.073765198118284692e-02
-5.647058823529411686e-01 6.441683653281390920e-02
-5.697478991596638398e-01 6.839943025612219007e-02
-5.747899159663865110e-01 7.270324287899469773e-02
-5.798319327731091821e-01 7.735467140637000694e-02
-5.848739495798318533e-01 8.238364112010819473e-02
-5.899159663865545244e-01 8.782236475439064716e-02
-5.949579831932771956e-01 9.370184454783540839e-02
-5.999999999999999778e-01 9.787097921785731236e-02
