0.000000000000000000e+00 1.000000000000000000e+00
-5.042016806722688510e-03 1.000000000000000888e+00
-1.008403361344537702e-02 1.000000000000000444e+00
-1.512605042016806553e-02 1.000000000000000888e+00
-2.016806722689075404e-02 9.999999999999981126e-01
-2.521008403361344255e-02 1.000000000000000444e+00
-3.025210084033613106e-02 1.000000000000001776e+00
-3.529411764705882304e-02 1.000000000000000000e+00
-4.033613445378150808e-02 9.999999999999997780e-01
-4.537815126050419312e-02 1.000000000000001776e+00
-5.042016806722688510e-02 1.000000000000002665e+00
-5.546218487394957708e-02 9.999999999999988898e-01
-6.050420168067226212e-02 9.999999999999997780e-01
-6.554621848739494716e-02 9.999999999999986677e-01
-7.058823529411764608e-02 1.000000000000001332e+00
-7.563025210084033112e-02 9.999999999999993339e-01
-8.067226890756301616e-02 9.999999999999997780e-01
-8.571428571428570120e-02 9.999999999999982236e-01
-9.075630252100838624e-02 9.895135127583820633e-01
-9.579831932773108516e-02 9.895575179068247795e-01
-1.008403361344537702e-01 9.896035934499500808e-01
-1.058823529411764552e-01 9.896515897839993636e-01
-1.109243697478991542e-01 9.897010451542801457e-01
-1.159663865546218392e-01 9.897516859157784452e-01
-1.210084033613445242e-01 9.898040895346917889e-01
-1.260504201680672232e-01 9.898573755269275409e-01
-1.310924369747898943e-01 9.519712918247906774e-01
-1.361344537815125932e-01 9.521706273270115206e-01
-1.411764705882352922e-01 9.523729412897801172e-01
-1.462184873949579633e-01 8.707759951018448907e-01
-1.512605042016806622e-01 8.712434563857698322e-01
-1.563025210084033334e-01 3.837491607979992558e-01
-1.613445378151260323e-01 3.846836197757154130e-01
-1.663865546218487312e-01 3.856126371535582020e-01
-1.714285714285714024e-01 2.205694988933175060e-01
-1.764705882352941013e-01 2.212121326562945245e-01
-1.815126050420167725e-01 2.218090485457936967e-01
-1.865546218487394714e-01 2.223329165119694584e-01
-1.915966386554621703e-01 1.312846854745033931e-01
-1.966386554621848415e-01 1.316017272745731992e-01
-2.016806722689075404e-01 1.318106309479784299e-01
-2.067226890756302393e-01 7.659169840944922425e-02
-2.117647058823529105e-01 7.660726065452627687e-02
-2.168067226890756094e-01 7.652849591403164398e-02
-2.218487394957983083e-01 7.636580511988608211e-02
-2.268907563025209795e-01 4.243442404011379260e-02
-2.319327731092436784e-01 4.216190775204739505e-02
-2.369747899159663496e-01 4.183500777460555375e-02
-2.420168067226890485e-01 2.138487748819225404e-02
-2.470588235294117474e-01 2.096404127494568351e-02
-2.521008403361344463e-01 2.050046111569736942e-02
-2.571428571428571175e-01 2.001293537531289440e-02
-2.621848739495797886e-01 8.111300824457521458e-03
-2.672268907563025153e-01 7.603128089571841927e-03
-2.722689075630251865e-01 9.639745625420509563e-04
-2.773109243697478576e-01 3.879198997815352197e-04
-2.823529411764705843e-01 -3.217375548192018438e-03
-2.873949579831932555e-01 -5.882108663048403116e-03
-2.924369747899159266e-01 -6.629753575184063087e-03
-2.974789915966385978e-01 -7.427007487845839473e-03
-3.025210084033613245e-01 -8.215872662519860953e-03
-3.075630252100839956e-01 -9.028236479253852129e-03
-3.126050420168066668e-01 -9.863978122879240445e-03
-3.176470588235293935e-01 -1.072214014863268061e-02
-3.226890756302520646e-01 -1.160125428433831166e-02
-3.277310924369747358e-01 -1.249954046758771850e-02
-3.327731092436974625e-01 -1.341502411941017381e-02
-3.378151260504201336e-01 -1.434560351348170872e-02
-3.428571428571428048e-01 -1.528908796739171169e-02
-3.478991596638655315e-01 -1.624324195123261552e-02
-3.529411764705882026e-01 -1.720590873813178032e-02
-3.579831932773108738e-01 -1.817452531675933097e-02
-3.630252100840335450e-01 -1.914669538350087866e-02
-3.680672268907562716e-01 -2.011997767724067743e-02
-3.731092436974789428e-01 -2.109189683933971118e-02
-3.781512605042016140e-01 -2.205994465046692832e-02
-3.831932773109243406e-01 -2.302158162988240594e-02
-3.882352941176470118e-01 -2.397423873842497583e-02
-3.932773109243696830e-01 -2.491531911642957606e-02
-3.983193277310924096e-01 -2.584219986941124411e-02
-4.033613445378150808e-01 -2.675223394960872178e-02
-4.084033613445377520e-01 -2.764275219802696248e-02
-4.134453781512604786e-01 -2.851106562163948505e-02
-4.184873949579831498e-01 -2.935689191939191631e-02
-4.235294117647058210e-01 -3.017264068507683611e-02
-4.285714285714285476e-01 -3.095799850921648541e-02
-4.336134453781512188e-01 -3.171022962300844295e-02
-4.386554621848738900e-01 -3.242659703662277570e-02
-4.436974789915966166e-01 -3.310436830677380982e-02
-4.487394957983192878e-01 -3.374082235296894938e-02
-4.537815126050419590e-01 -3.433303897811766647e-02
-4.588235294117646301e-01 -3.487862424556190805e-02
-4.638655462184873568e-01 -3.537506184204765314e-02
-4.689075630252100280e-01 -3.581959057256661055e-02
-4.739495798319326991e-01 -3.620956327919580553e-02
-4.789915966386554258e-01 -3.654279474792482274e-02
-4.840336134453780970e-01 -3.681664398697546969e-02
-4.890756302521007681e-01 -3.702919570067743360e-02
-4.941176470588234948e-01 -3.717808173423127471e-02
-4.991596638655461660e-01 -3.726135964277309254e-02
-5.042016806722688926e-01 -3.727721442484016601e-02
-5.092436974789915638e-01 -3.722402458874085607e-02
-5.142857142857142350e-01 -3.710038685963025495e-02
-5.193277310924369061e-01 -3.690514146747847501e-02
-5.243697478991595773e-01 -3.666023983694956245e-02
-5.294117647058822484e-01 -3.634511036480257001e-02
-5.344537815126050306e-01 -3.595473471454949110e-02
-5.394957983193277018e-01 -3.548771150266512298e-02
-5.445378151260503730e-01 -3.494309439637090231e-02
-5.495798319327730441e-01 -3.431927724434109817e-02
-5.546218487394957153e-01 -3.361401261473670465e-02
-5.596638655462183864e-01 -3.283226473496847486e-02
-5.647058823529411686e-01 -3.197742422422615582e-02
-5.697478991596638398e-01 -3.105498078370370202e-02
-5.747899159663865110e-01 -3.006691764074030659e-02
-5.798319327731091821e-01 -2.900620035516872364e-02
-5.848739495798318533e-01 -2.789678878042197233e-02
-5.899159663865545244e-01 -2.673151842611036152e-02
-5.949579831932771956e-01 -2.552082044185848692e-02
-5.999999999999999778e-01 -2.427751721289835019e-02
