0.000000000000000000e+00 1.000000000000000444e+00
-5.042016806722688510e-03 9.999999999999991118e-01
-1.008403361344537702e-02 9.999999999999993339e-01
-1.512605042016806553e-02 9.999999999999975575e-01
-2.016806722689075404e-02 1.000000000000000000e+00
-2.521008403361344255e-02 9.999999999999991118e-01
-3.025210084033613106e-02 9.999999999999973355e-01
-3.529411764705882304e-02 9.999999999999995559e-01
-4.033613445378150808e-02 9.999999999999991118e-01
-4.537815126050419312e-02 9.877680494464577965e-01
-5.042016806722688510e-02 9.999999999999994449e-01
-5.546218487394957708e-02 1.000000000000001332e+00
-6.050420168067226212e-02 1.000000000000000444e+00
-6.554621848739494716e-02 1.000000000000002887e+00
-7.058823529411764608e-02 9.999999999999986677e-01
-7.563025210084033112e-02 9.999999999999998890e-01
-8.067226890756301616e-02 9.999999999999967804e-01
-8.571428571428570120e-02 9.999999999999986677e-01
-9.075630252100838624e-02 9.999999999999986677e-01
-9.579831932773108516e-02 9.999999999999968914e-01
-1.008403361344537702e-01 9.999999999999976685e-01
-1.058823529411764552e-01 1.000000000000000000e+00
-1.109243697478991542e-01 9.999999999999984457e-01
-1.159663865546218392e-01 1.000000000000000444e+00
-1.210084033613445242e-01 9.999999999999997780e-01
-1.260504201680672232e-01 1.000000000000000888e+00
-1.310924369747898943e-01 1.000000000000001332e+00
-1.361344537815125932e-01 1.000000000000000444e+00
-1.411764705882352922e-01 9.999999999999991118e-01
-1.462184873949579633e-01 1.000000000000000888e+00
-1.512605042016806622e-01 9.890949320321058558e-01
-1.563025210084033334e-01 9.892330820532844182e-01
-1.613445378151260323e-01 9.893852375462410809e-01
-1.663865546218487312e-01 9.896095451063640080e-01
-1.714285714285714024e-01 9.897379226811667818e-01
-1.764705882352941013e-01 9.898681258448630560e-01
-1.815126050420167725e-01 9.523435245456397524e-01
-1.865546218487394714e-01 9.528790107590556779e-01
-1.915966386554621703e-01 8.724164174581400255e-01
-1.966386554621848415e-01 3.852185714404929850e-01
-2.016806722689075404e-01 3.870666242793918688e-01
-2.067226890756302393e-01 3.888989490794504400e-01
-2.117647058823529105e-01 2.231042046704291293e-01
-2.168067226890756094e-01 2.242550845790952652e-01
-2.218487394957983083e-01 1.332517671742911025e-01
-2.268907563025209795e-01 1.337279379103059884e-01
-2.319327731092436784e-01 7.835634253756527945e-02
-2.369747899159663496e-01 7.811439958558714924e-02
-2.420168067226890485e-01 4.388901375968640162e-02
-2.470588235294117474e-01 4.329042748788033967e-02
-2.521008403361344463e-01 4.259533412867900354e-02
-2.571428571428571175e-01 2.182789888271737672e-02
-2.621848739495797886e-01 2.111071201072371728e-02
-2.672268907563025153e-01 2.041762899906857109e-02
-2.722689075630251865e-01 8.320893026749329527e-03
-2.773109243697478576e-01 7.577217479569429981e-03
-2.823529411764705843e-01 7.021402873034624566e-04
-2.873949579831932555e-01 -3.118446371738939522e-03
-2.924369747899159266e-01 -6.038651813132126650e-03
-2.974789915966385978e-01 -7.042110408419829069e-03
-3.025210084033613245e-01 -8.095447476686045210e-03
-3.075630252100839956e-01 -9.142852702489170924e-03
-3.126050420168066668e-01 -1.021614780662839089e-02
-3.176470588235293935e-01 -1.131431522966341689e-02
-3.226890756302520646e-01 -1.243510319881296726e-02
-3.277310924369747358e-01 -1.357559666770126114e-02
-3.327731092436974625e-01 -1.473252342634035622e-02
-3.378151260504201336e-01 -1.590241527437615335e-02
-3.428571428571428048e-01 -1.708169251258473409e-02
-3.478991596638655315e-01 -1.826670882131083834e-02
-3.529411764705882026e-01 -1.945377594388420298e-02
-3.579831932773108738e-01 -2.063917807774457228e-02
-3.630252100840335450e-01 -2.181918094552958570e-02
-3.680672268907562716e-01 -2.299000386149529368e-02
-3.731092436974789428e-01 -2.414791422436680934e-02
-3.781512605042016140e-01 -2.528923497608148718e-02
-3.831932773109243406e-01 -2.641016263757462595e-02
-3.882352941176470118e-01 -2.750697604701925203e-02
-3.932773109243696830e-01 -2.857591043341807524e-02
-3.983193277310924096e-01 -2.961319421927793849e-02
-4.033613445378150808e-01 -3.061507368913057164e-02
-4.084033613445377520e-01 -3.157783521552461753e-02
-4.134453781512604786e-01 -3.249780381549433050e-02
-4.184873949579831498e-01 -3.337134267112119856e-02
-4.235294117647058210e-01 -3.419760276173560570e-02
-4.285714285714285476e-01 -3.496733597320227094e-02
-4.336134453781512188e-01 -3.568001339756253498e-02
-4.386554621848738900e-01 -3.633224661604238931e-02
-4.436974789915966166e-01 -3.692074051984244737e-02
-4.487394957983192878e-01 -3.744231215078321073e-02
-4.537815126050419590e-01 -3.789391085448895469e-02
-4.588235294117646301e-01 -3.827484169067710273e-02
-4.638655462184873568e-01 -3.857846801431019657e-02
-4.689075630252100280e-01 -3.883151676108485828e-02
-4.739495798319326991e-01 -3.900369475037590572e-02
-4.789915966386554258e-01 -3.909285303958982827e-02
-4.840336134453780970e-01 -3.909606500254157041e-02
-4.890756302521007681e-01 -3.900900545451696511e-02
-4.941176470588234948e-01 -3.883150880149572465e-02
-4.991596638655461660e-01 -3.855531801525977770e-02
-5.042016806722688926e-01 -3.818394743840308747e-02
-5.092436974789915638e-01 -3.772501892795088185e-02
-5.142857142857142350e-01 -3.718922018599547796e-02
-5.193277310924369061e-01 -3.653909128730800648e-02
-5.243697478991595773e-01 -3.578625045394809995e-02
-5.294117647058822484e-01 -3.493938510024505173e-02
-5.344537815126050306e-01 -3.400983975572044460e-02
-5.394957983193277018e-01 -3.300555420455381084e-02
-5.445378151260503730e-01 -3.193686899011454611e-02
-5.495798319327730441e-01 -3.081082306560142814e-02
-5.546218487394957153e-01 -2.963257269333923610e-02
-5.596638655462183864e-01 -2.840646927280843573e-02
-5.647058823529411686e-01 -2.713668864754942983e-02
-5.697478991596638398e-01 -2.585002187250125955e-02
-5.747899159663865110e-01 -2.452168858981210869e-02
-5.798319327731091821e-01 -2.315908155565314652e-02
-5.848739495798318533e-01 -2.176948116902895081e-02
-5.899159663865545244e-01 -2.036059667082431093e-02
-5.949579831932771956e-01 -1.893985206703171359e-02
-5.999999999999999778e-01 -1.751455990751689396e-02
