#kx=0.0, ky=24.0, Jx=-1.0, Jy=-1.0, Jz=-1.0, h=0.0
1.9436155557632446 1.6098888846427286
1.9410399198532104 1.7902901977308932e-07
1.9401861429214478 1.5492144720411147
1.9382957220077515 2.8500236312361643e-08
1.9382952451705933 5.793082589698051e-07
1.923913836479187 0.7099179890377947
1.9185854196548462 1.9223140243287515e-07
1.8968627452850342 3.5570006055868244e-09
1.784989356994629 2.7202790308810016e-09
1.7849892377853394 3.517384607789685e-08
#kx=0.0, ky=20.0, Jx=-1.0, Jy=-1.0, Jz=-1.0, h=0.0
1.9440044164657593 0.2603485258777347
1.9410399198532104 3.025553838458885e-07
1.9403480291366577 0.46866621822624666
1.9382954835891724 5.148005166945885e-09
1.9382948875427246 1.0321968375243425e-07
1.9239140748977661 0.2854357588842369
1.9185855388641357 3.054904468247265e-08
1.897682785987854 6.836413528691693e-09
1.7850419282913208 9.16829965604771e-09
1.7850419282913208 2.1841925104686586e-08
#kx=0.0, ky=16.0, Jx=-1.0, Jy=-1.0, Jz=-1.0, h=0.0
1.945030689239502 2.478292284313511
1.9410393238067627 1.2985764487203768e-07
1.9409570693969727 8.540615782953352e-08
1.938295841217041 4.037170533594917
1.9382953643798828 0.00013797489446657017
1.9239141941070557 1.1823373049986827
1.9185856580734253 5.28257959251017e-06
1.9003206491470337 1.5055376435335957e-08
1.7754251956939697 4.113770219618192e-09
1.775424599647522 1.986932595629111e-08
#kx=0.0, ky=12.0, Jx=-1.0, Jy=-1.0, Jz=-1.0, h=0.0
1.946420431137085 2.3987592582934667
1.9418482780456543 6.826369378538944e-07
1.9410403966903687 2.182881437798244
1.9382959604263306 7.923100423121653e-08
1.9382952451705933 2.9333787840926407e-06
1.9239140748977661 0.13319463774122653
1.9185850620269775 5.196749317351374e-07
1.9040676355361938 7.404608828248681e-09
1.7817374467849731 5.297637977300717e-09
1.7817373275756836 2.456803986337872e-08
#kx=0.0, ky=8.0, Jx=-1.0, Jy=-1.0, Jz=-1.0, h=0.0
1.9478026628494263 1.0881349541452892
1.9427844285964966 1.6960859818532836e-07
1.9410409927368164 6.123462436335571e-08
1.9382957220077515 1.6175663122996866
1.9382944107055664 1.553601399504126e-05
1.9239144325256348 0.5637808572803493
1.9185854196548462 1.0476833072032513e-06
1.9079209566116333 5.698121128587124e-11
1.77656888961792 2.8399642057697464e-09
1.77656888961792 1.5244827989428592e-09
#kx=0.0, ky=4.0, Jx=-1.0, Jy=-1.0, Jz=-1.0, h=0.0
1.9488061666488647 1.5093259173518305
1.943514347076416 2.6568304215218177
1.9410412311553955 1.1197288847048176e-07
1.9382953643798828 1.5399155619419628e-08
1.9382942914962769 2.374765601661916e-06
1.9239141941070557 0.35996011844468967
1.9185853004455566 6.67763888274537e-07
1.910847544670105 1.6553478440198777e-10
1.7910864353179932 7.032592491730879e-10
1.7910864353179932 4.223597702965606e-08
#kx=0.0, ky=0.0, Jx=-1.0, Jy=-1.0, Jz=-1.0, h=0.0
2.114781618118286 0.0001941512800445683
1.9491512775421143 0.13739105010390418
1.9438588619232178 0.08815157679905283
1.9410412311553955 8.026814701739652e-07
1.9383028745651245 0.595620837444585
1.9382920265197754 0.5291112873529222
1.9239141941070557 3.547899547862471
1.9185850620269775 3.6205608773999206e-08
1.912064552307129 1.4794954446894966e-06
1.7277767658233643 8.675059980068649e-08
#kx=8.0, ky=4.0, Jx=-1.0, Jy=-1.0, Jz=-1.0, h=0.0
1.948842167854309 0.3202141038642061
1.941648244857788 0.0017569939742956842
1.9410408735275269 0.19749701315313306
1.9382957220077515 9.027081813935313e-07
1.9382954835891724 3.490490401455247
1.9264557361602783 2.537123164460123e-06
1.9252041578292847 9.062808436748974e-08
1.9239141941070557 3.678689369778087e-06
1.9185854196548462 4.5121554088305245e-09
1.9112433195114136 0.7838936806831818
#kx=16.0, ky=8.0, Jx=-1.0, Jy=-1.0, Jz=-1.0, h=0.0
1.9479511976242065 1.0344057931833959
1.941040277481079 0.0067004604260114675
1.9382951259613037 2.147732519516069
1.938294768333435 0.06283097457790987
1.937196135520935 0.18229129693747215
1.9258439540863037 2.804924837033923e-06
1.9239137172698975 9.427895703549447e-07
1.9227055311203003 4.1040488802313784e-07
1.9185853004455566 0.9495315294594242
1.9065918922424316 0.4998212119397891
#kx=24.0, ky=12.0, Jx=-1.0, Jy=-1.0, Jz=-1.0, h=0.0
1.946651577949524 0.3296817221510082
1.9410403966903687 0.0016523576005507273
1.9382951259613037 0.6844397089053054
1.9382950067520142 0.2900037672686864
1.9344063997268677 0.057683676951399754
1.9267953634262085 2.0548213755815274e-06
1.92549729347229 2.6595912530519395e-07
1.9239141941070557 3.816177817462732e-07
1.918585181236267 0.14711347404733033
1.9028242826461792 3.3644375417726593
#kx=32.0, ky=16.0, Jx=-1.0, Jy=-1.0, Jz=-1.0, h=0.0
1.9452221393585205 0.2059680562314412
1.9410408735275269 0.0012752514235723211
1.9382952451705933 0.4263436100910809
1.9382948875427246 0.16759058446774588
1.9353824853897095 0.035933494924039744
1.9278700351715088 9.668432475924568e-07
1.9277092218399048 6.45375533044309e-07
1.923913836479187 9.474438007674738e-07
1.9185855388641357 0.11835694354590842
1.8997079133987427 3.9422631816456857
#kx=40.0, ky=20.0, Jx=-1.0, Jy=-1.0, Jz=-1.0, h=0.0
1.9440622329711914 0.5011759805564822
1.9410405158996582 0.013943872946292624
1.93849515914917 1.039437892855645
1.938295841217041 0.002003373891867888
1.9382954835891724 0.08834170762526128
1.9291901588439941 4.280418657792197e-06
1.9287668466567993 4.751218113380008e-08
1.9239141941070557 5.356765657553317e-07
1.9185854196548462 3.0923372729092904
1.8976372480392456 0.15681576226624916
#kx=48.0, ky=24.0, Jx=-1.0, Jy=-1.0, Jz=-1.0, h=0.0
1.9436156749725342 2.3770587189520853
1.941039800643921 2.069852498223784e-07
1.9401863813400269 3.3475268065789265
1.938294768333435 4.130118928691897e-08
1.9382942914962769 1.4815799818068519e-06
1.9239137172698975 0.1727876748002224
1.9185853004455566 5.155570944719983e-07
1.8968631029129028 1.5769247678291977e-08
1.7849892377853394 1.580851295725701e-08
1.7849891185760498 5.932397367244648e-09
#kx=44.0, ky=24.0, Jx=-1.0, Jy=-1.0, Jz=-1.0, h=0.0
1.9440622329711914 1.2274773292324568
1.9410399198532104 0.0038071503628161474
1.9396926164627075 2.5470050584444834
1.938295602798462 0.0007624661972835955
1.9382953643798828 0.21599970194898788
1.9291898012161255 9.422278905922045e-06
1.9287662506103516 7.865068471990773e-07
1.9239139556884766 1.8549766868422366e-07
1.918585181236267 0.8465914201233318
1.8976372480392456 0.06032498148056953
#kx=40.0, ky=24.0, Jx=-1.0, Jy=-1.0, Jz=-1.0, h=0.0
1.94522225856781 0.4376173906218952
1.9410403966903687 0.000448576784224608
1.9383339881896973 0.9087324776062502
1.9382953643798828 0.14083487169429887
1.9382951259613037 0.07749765149104437
1.9278703927993774 3.4725389177698088e-06
1.9277093410491943 7.622061601268055e-07
1.9239140748977661 1.7828716006486542e-07
1.9185853004455566 0.04208524194610508
1.8997076749801636 3.301971290878157
#kx=36.0, ky=24.0, Jx=-1.0, Jy=-1.0, Jz=-1.0, h=0.0
1.946651577949524 0.6743924670588264
1.9410406351089478 0.0039501138793598956
1.9382952451705933 1.3982335242906316
1.9382950067520142 0.19086363307259635
1.9364748001098633 0.11814490597110794
1.9267945289611816 5.096451666975583e-06
1.9254971742630005 8.39356509976051e-07
1.9239139556884766 2.1623484003692207e-06
1.9185853004455566 0.3485969820205561
1.9028241634368896 2.2056708159676077
#kx=32.0, ky=24.0, Jx=-1.0, Jy=-1.0, Jz=-1.0, h=0.0
1.9479511976242065 0.1423390266848088
1.9410403966903687 0.0027961238405254663
1.9382954835891724 0.2940846847585341
1.9382953643798828 0.4459338459500941
1.9346132278442383 0.024740452458518414
1.9258443117141724 1.1296773483847875e-06
1.9239137172698975 2.7464313929873897e-07
1.9227055311203003 3.932479152007495e-07
1.9185856580734253 0.3963996730232253
1.9065918922424316 3.5615926737755785
#kx=28.0, ky=24.0, Jx=-1.0, Jy=-1.0, Jz=-1.0, h=0.0
1.9488416910171509 1.3333910995299902
1.9410401582717896 0.00034379329962863636
1.938294529914856 2.7699443702118174
1.9382942914962769 0.033833098894334945
1.933247685432434 0.2345014483220007
1.9252041578292847 3.543900981454323e-06
1.923913836479187 3.508631181677949e-06
1.919726014137268 1.1463406295497919e-05
1.9185853004455566 0.15655717545668413
1.9103550910949707 0.3760496316919024
#kx=24.0, ky=24.0, Jx=-1.0, Jy=-1.0, Jz=-1.0, h=0.0
1.9491603374481201 0.131655501789524
1.9410400390625 1.3971796780651785e-06
1.938295602798462 0.5993716461296152
1.9382952451705933 2.016000139909522e-05
1.9327441453933716 4.164236408320221
1.9249722957611084 8.722818546250816e-06
1.9239139556884766 2.185715335516238e-06
1.9185856580734253 6.457347303657319e-08
1.9184633493423462 0.05298354366740288
1.9120053052902222 0.0013087215586252143
#kx=20.0, ky=24.0, Jx=-1.0, Jy=-1.0, Jz=-1.0, h=0.0
1.948852777481079 0.9230990572704947
1.9410400390625 9.570520730255248e-05
1.9382950067520142 1.917439154922306
1.9382948875427246 0.20373716448265444
1.9332383871078491 0.16351946745680213
1.9251760244369507 6.101873989864531e-06
1.9239139556884766 4.368684179085467e-08
1.9209166765213013 1.2744551732770231e-07
1.9185853004455566 0.06228313069176239
1.9094315767288208 1.6536641962602516
#kx=16.0, ky=24.0, Jx=-1.0, Jy=-1.0, Jz=-1.0, h=0.0
1.9479748010635376 0.478420994587637
1.9410407543182373 0.0001650990101170072
1.9382946491241455 0.994140887883205
1.9382944107055664 0.28485622887447803
1.9345968961715698 0.08472947372513673
1.925790548324585 2.1244587339027066e-06
1.9240361452102661 1.2960763157366645e-07
1.9239147901535034 1.601401937745108e-08
1.9185854196548462 0.02862638204578971
1.905721664428711 2.3829632539136583
#kx=12.0, ky=24.0, Jx=-1.0, Jy=-1.0, Jz=-1.0, h=0.0
1.9466874599456787 0.6393986779938956
1.9410409927368164 0.011452141397044147
1.9382948875427246 1.3277991366585553
1.9382944107055664 0.11292255453219102
1.9364562034606934 0.11271266271176561
1.9267228841781616 1.5201195263810742e-06
1.926680564880371 1.1579066225628475e-06
1.9239143133163452 2.8575097893446255e-07
1.918585181236267 1.1322964363154284
1.902172565460205 1.539264034491353
#kx=8.0, ky=24.0, Jx=-1.0, Jy=-1.0, Jz=-1.0, h=0.0
1.9452649354934692 1.0300696161213097
1.9410406351089478 0.013891985208662527
1.9383180141448975 2.139352871841993
1.9382954835891724 0.0048029489720540774
1.9382952451705933 0.18144784101913647
1.9285882711410522 3.230906465064598e-06
1.9277969598770142 9.241053842146977e-07
1.923913836479187 1.3326956718211409e-06
1.9185854196548462 1.3769272538984865
1.8992915153503418 0.14761795802138522
#kx=4.0, ky=24.0, Jx=-1.0, Jy=-1.0, Jz=-1.0, h=0.0
1.9440933465957642 1.252716692110667
1.941040277481079 0.001533317867695741
1.939683437347412 2.599832399439265
1.938295602798462 0.0031942724903984004
1.9382951259613037 0.22017021683950677
1.9296561479568481 3.7865405276595043e-06
1.928717851638794 1.5324332934560717e-06
1.923913836479187 2.2392634363943656e-06
1.9185853004455566 0.3457330646959953
1.8974370956420898 0.4608138478798516
#kx=0.0, ky=24.0, Jx=-1.0, Jy=-1.0, Jz=-1.0, h=0.0
1.9436155557632446 1.6098888846427286
1.9410399198532104 1.7902901977308932e-07
1.9401861429214478 1.5492144720411147
1.9382957220077515 2.8500236312361643e-08
1.9382952451705933 5.793082589698051e-07
1.923913836479187 0.7099179890377947
1.9185854196548462 1.9223140243287515e-07
1.8968627452850342 3.5570006055868244e-09
1.784989356994629 2.7202790308810016e-09
1.7849892377853394 3.517384607789685e-08
