#kx=0.0, ky=0.0, Jx=1.0, Jy=1.0, Jz=1.0, h=0.0
0.1871529554888742 0.8706890277902481
0.18754949170342583 0.8706890277902481
0.18779354487128092 0.8706890277902481
0.1879116876647753 0.8706890277902481
0.18793556927581553 0.8706890277902481
0.1880588610754465 0.8706890277902481
0.18807355296000663 0.8706890277902481
0.18808591432159666 0.8706890277902481
0.18811109086483463 0.8706890277902481
0.18813450251673142 0.8706890277902481
0.18816222414733244 0.8706890277902481
0.18832405642346653 0.8706890277902481
0.18853789769407656 0.8706890277902481
0.1885997441323207 0.8706890277902481
0.18906840614577985 0.8706890277902481
0.18939504180378977 0.8706890277902481
0.18939962899385004 0.8706890277902481
0.18954143607167687 0.8706890277902481
0.19000100648947865 0.8706890277902481
0.19003680629227818 0.8706890277902481
