#kx=6.0, ky=0.0, hx=2.5, q=0.0
-7.251512757634226 1.3167348452595904e-05
-5.836315768521088 4.465863686293814e-06
6.662220613404117 0.3826075369511982
9.440716428860302 0.008414730007138514
11.214228057650315 0.004963532338755547
#kx=6.0, ky=3.0, hx=2.5, q=0.0
9.755047951858057 0.07091535712985958
9.769911291495461 0.004331357892556301
9.7699112914955 0.0006203990750446011
10.898571910558484 0.006017687980300072
11.417690460609208 0.014160319485787269
#kx=6.0, ky=6.0, hx=2.5, q=0.0
11.235942872415844 0.0007066146626438657
11.380508895201604 0.0017482792517049845
13.429619230236733 0.25002486274059965
25.21994952389335 0.00034845157244997875
25.21994952389338 0.0003539232365784054
#kx=3.0, ky=3.0, hx=2.5, q=0.0
2.5771061157985375 0.005773848049887691
4.476065702856729 0.004603413719142051
6.749382087450275 0.06427337843889937
10.321306048847054 0.003211472279065644
10.963574190006726 0.011772910675850085
#kx=0.0, ky=0.0, hx=2.5, q=0.0
-3.7709682085673446 4.984268839493831
-3.5511540032637567 0.00014984736393734496
-0.5046574887266075 0.00044091877414919315
2.3027655431366423 1.2793294010396083
11.153481977104285 0.03199374807670057
11.812541856461557 0.32134494771941596
#kx=3.0, ky=0.0, hx=2.5, q=0.0
0.36754790622270495 0.025324042466715165
0.3675479062227316 0.005596872892503084
4.129175109092271 0.07437738883447258
9.782273219259805 0.0017651264447808832
13.091782050979045 0.04772494875810162
#kx=6.0, ky=0.0, hx=2.5, q=0.0
-7.251512757634213 1.3167348452595904e-05
-5.836315768521074 4.465863686293814e-06
6.662220613404131 0.3826075369511982
9.440716428860316 0.008414730007138514
11.214228057650327 0.004963532338755547
#kx=3.0, ky=3.0, hx=2.5, q=0.0
2.577106115798551 0.005773848049887691
4.476065702856742 0.004603413719142051
6.749382087450289 0.06427337843889937
10.321306048847067 0.003211472279065644
10.963574190006739 0.011772910675850085
