#kx=0.0, ky=8.0, Jx=1.0, Jy=1.0, Jz=2.5, h=0.06
-0.14554738131280864 -0.0016105819584444347
0.022603752066579552 -0.0016105819584444347
0.04175951170901493 -0.0016105819584444347
0.06729890249648779 -0.0016105819584444347
0.10217937890090881 -0.0016105819584444347
0.21149179025668627 -0.0016105819584444347
0.27812664518156566 -0.0016105819584444347
0.3580859623323174 -0.0016105819584444347
0.3882252614497043 -0.0016105819584444347
0.4150771228106699 -0.0016105819584444347
0.5103922415423723 -0.0016105819584444347
0.6206723752733043 -0.0016105819584444347
0.6661705012117342 -0.0016105819584444347
0.6686683311597758 -0.0016105819584444347
0.6836057046657702 -0.0016105819584444347
0.8693878257359712 -0.0016105819584444347
#kx=0.0, ky=6.0, Jx=1.0, Jy=1.0, Jz=2.5, h=0.06
-0.14431203447444235 -0.35917064550175715
0.021358949524297677 -0.35917064550175715
0.038236841492197915 -0.35917064550175715
0.07273858852130993 -0.35917064550175715
0.09866891810316017 -0.35917064550175715
0.20324252671480378 -0.35917064550175715
0.304779142300416 -0.35917064550175715
0.36438624582456824 -0.35917064550175715
0.38594237424886496 -0.35917064550175715
0.4200463395485461 -0.35917064550175715
0.5100627250702138 -0.35917064550175715
0.6244484024204112 -0.35917064550175715
0.6636914943550392 -0.35917064550175715
0.6675215263924057 -0.35917064550175715
0.6812752266343352 -0.35917064550175715
0.7222972697663012 -0.35917064550175715
#kx=0.0, ky=4.0, Jx=1.0, Jy=1.0, Jz=2.5, h=0.06
-0.145954675322362 0.7642216189168192
0.018455040053387495 0.7642216189168192
0.04016569533865677 0.7642216189168192
0.0609609703675148 0.7642216189168192
0.10364872643761266 0.7642216189168192
0.1925459106014092 0.7642216189168192
0.33810019761114396 0.7642216189168192
0.34952290844236655 0.7642216189168192
0.37157041643884003 0.7642216189168192
0.39172411087708303 0.7642216189168192
0.4207948366143157 0.7642216189168192
0.5599920973624309 0.7642216189168192
0.6252451007560329 0.7642216189168192
0.6472384285246353 0.7642216189168192
0.6642133384533424 0.7642216189168192
0.677190992641237 0.7642216189168192
#kx=0.0, ky=2.0, Jx=1.0, Jy=1.0, Jz=2.5, h=0.06
-0.1449000042340381 1.7357573262653911
-0.004276574130444244 1.7357573262653911
0.0162769565788749 1.7357573262653911
0.04749571498027466 1.7357573262653911
0.05719935635501078 1.7357573262653911
0.11446021078333027 1.7357573262653911
0.20417715104936002 1.7357573262653911
0.3436791920183343 1.7357573262653911
0.36448516611424503 1.7357573262653911
0.4073290509140431 1.7357573262653911
0.4378129625699517 1.7357573262653911
0.5697699837308766 1.7357573262653911
0.6230831834141645 1.7357573262653911
0.6431993954802095 1.7357573262653911
0.6599065044928807 1.7357573262653911
0.6783557547200436 1.7357573262653911
#kx=0.0, ky=0.0, Jx=1.0, Jy=1.0, Jz=2.5, h=0.06
-0.33045226024848284 23.379036929392235
-0.14534595201832667 23.379036929392235
0.025998894235901793 23.379036929392235
0.05063456972074892 23.379036929392235
0.07036701584564753 23.379036929392235
0.12720812554069205 23.379036929392235
0.22127128308276722 23.379036929392235
0.35446678126268677 23.379036929392235
0.36104630533037807 23.379036929392235
0.41857420465404815 23.379036929392235
0.4597351791843015 23.379036929392235
0.4995140503882258 23.379036929392235
0.6156818640524301 23.379036929392235
0.6385710842761223 23.379036929392235
0.667843374501115 23.379036929392235
0.7905982786099555 23.379036929392235
#kx=4.0, ky=2.0, Jx=1.0, Jy=1.0, Jz=2.5, h=0.06
-0.004347601698487247 1.0734292510775676
0.01583103344901121 1.0734292510775676
0.04338209630484957 1.0734292510775676
0.05562144143829062 1.0734292510775676
0.1249375522610005 1.0734292510775676
0.17863499169822364 1.0734292510775676
0.3258660855442523 1.0734292510775676
0.35523129168312423 1.0734292510775676
0.3624977745323959 1.0734292510775676
0.3991843050918021 1.0734292510775676
0.43225668807848217 1.0734292510775676
0.5381003755678065 1.0734292510775676
0.6293612302667049 1.0734292510775676
0.6523540306496802 1.0734292510775676
0.6656762258934021 1.0734292510775676
0.6775689837246544 1.0734292510775676
#kx=8.0, ky=4.0, Jx=1.0, Jy=1.0, Jz=2.5, h=0.06
0.022468322257248152 0.0035381042574580412
0.054347733564185485 0.0035381042574580412
0.05844252518836507 0.0035381042574580412
0.0969070279294264 0.0035381042574580412
0.1892042247125327 0.0035381042574580412
0.32710952339858834 0.0035381042574580412
0.354107034004091 0.0035381042574580412
0.3614005899920137 0.0035381042574580412
0.3797803120192778 0.0035381042574580412
0.40269769768000513 0.0035381042574580412
0.5638691089446177 0.0035381042574580412
0.6355226897095555 0.0035381042574580412
0.6551281419067152 0.0035381042574580412
0.6670858625360232 0.0035381042574580412
0.684512987719442 0.0035381042574580412
0.8680045079377976 0.0035381042574580412
#kx=12.0, ky=6.0, Jx=1.0, Jy=1.0, Jz=2.5, h=0.06
0.018257479377300323 0.13118536723307006
0.04055032539780867 0.13118536723307006
0.05792091313291198 0.13118536723307006
0.10038867524077075 0.13118536723307006
0.20680431310083286 0.13118536723307006
0.28855104089761135 0.13118536723307006
0.33412507614058795 0.13118536723307006
0.3637781379598197 0.13118536723307006
0.3736145961051327 0.13118536723307006
0.4127458965140804 0.13118536723307006
0.5306420812355638 0.13118536723307006
0.6300145561536228 0.13118536723307006
0.6560717634713034 0.13118536723307006
0.6702900340391202 0.13118536723307006
0.6886198216608033 0.13118536723307006
0.7213062236943399 0.13118536723307006
#kx=16.0, ky=8.0, Jx=1.0, Jy=1.0, Jz=2.5, h=0.06
-0.14554738131281197 -0.001610581958446211
0.02260375206657722 -0.001610581958446211
0.041759511709014874 -0.001610581958446211
0.06729890249648407 -0.001610581958446211
0.10217937890088985 -0.001610581958446211
0.21149179025669862 -0.001610581958446211
0.2781266451815661 -0.001610581958446211
0.3580859623323111 -0.001610581958446211
0.3882252614497079 -0.001610581958446211
0.4150771228106743 -0.001610581958446211
0.5103922415423892 -0.001610581958446211
0.620672375273307 -0.001610581958446211
0.6661705012117269 -0.001610581958446211
0.668668331159777 -0.001610581958446211
0.6836057046657562 -0.001610581958446211
0.8693878257359704 -0.001610581958446211
#kx=14.0, ky=8.0, Jx=1.0, Jy=1.0, Jz=2.5, h=0.06
0.0018321085625119249 -0.01568135685097971
0.016835772041933095 -0.01568135685097971
0.04296321974136924 -0.01568135685097971
0.062475858066137924 -0.01568135685097971
0.11050456135218287 -0.01568135685097971
0.20162687630421333 -0.01568135685097971
0.277016883854212 -0.01568135685097971
0.3465507912623435 -0.01568135685097971
0.3822153066132773 -0.01568135685097971
0.4131459896313827 -0.01568135685097971
0.5245184715240513 -0.01568135685097971
0.6194316561759919 -0.01568135685097971
0.664001219294699 -0.01568135685097971
0.6687463238264946 -0.01568135685097971
0.6891808196241327 -0.01568135685097971
0.8695884110313693 -0.01568135685097971
#kx=12.0, ky=8.0, Jx=1.0, Jy=1.0, Jz=2.5, h=0.06
0.013596993256676237 0.029010919991130812
0.0433880971911339 0.029010919991130812
0.05855772004385895 0.029010919991130812
0.11220624576758992 0.029010919991130812
0.19920263230227458 0.029010919991130812
0.26808861003896445 0.029010919991130812
0.31750893589739515 0.029010919991130812
0.36176227268999067 0.029010919991130812
0.36849823208398763 0.029010919991130812
0.4086532499422917 0.029010919991130812
0.5364835146297678 0.029010919991130812
0.6283803997642189 0.029010919991130812
0.6575644686827951 0.029010919991130812
0.670009403827033 0.029010919991130812
0.6907934719995857 0.029010919991130812
0.869869316953255 0.029010919991130812
#kx=10.0, ky=8.0, Jx=1.0, Jy=1.0, Jz=2.5, h=0.06
0.014203268153233084 -0.08623515089435996
0.043612117856434984 -0.08623515089435996
0.05735231582013317 -0.08623515089435996
0.11180337142033325 -0.08623515089435996
0.1946814846327352 -0.08623515089435996
0.26869610223488477 -0.08623515089435996
0.3050110252158883 -0.08623515089435996
0.35296683926595074 -0.08623515089435996
0.4041080968591414 -0.08623515089435996
0.5321220027434065 -0.08623515089435996
0.6350285266861243 -0.08623515089435996
0.6562831158364226 -0.08623515089435996
0.6701101794924089 -0.08623515089435996
0.6843158361121646 -0.08623515089435996
0.7252589920364494 -0.08623515089435996
0.8699676386564247 -0.08623515089435996
#kx=8.0, ky=8.0, Jx=1.0, Jy=1.0, Jz=2.5, h=0.06
0.017764280430638713 -0.282360666961571
0.04908617528407527 -0.282360666961571
0.05863387320005753 -0.282360666961571
0.10866240443506284 -0.282360666961571
0.1902041133753452 -0.282360666961571
0.2708946082940072 -0.282360666961571
0.31584812543912133 -0.282360666961571
0.3482521086436533 -0.282360666961571
0.4019262787455606 -0.282360666961571
0.5404581879747776 -0.282360666961571
0.6371513320963362 -0.282360666961571
0.6551840934569291 -0.282360666961571
0.6684012991124705 -0.282360666961571
0.6842240292603688 -0.282360666961571
0.8667271830316766 -0.282360666961571
0.8722842910801135 -0.282360666961571
#kx=6.0, ky=8.0, Jx=1.0, Jy=1.0, Jz=2.5, h=0.06
0.018676965220263853 -0.05483456627736949
0.05530787490817107 -0.05483456627736949
0.06604497707998447 -0.05483456627736949
0.09809889481581505 -0.05483456627736949
0.1968506096385532 -0.05483456627736949
0.2747705618230728 -0.05483456627736949
0.3343348596072947 -0.05483456627736949
0.35321658503823267 -0.05483456627736949
0.40308450270482077 -0.05483456627736949
0.5595387934288925 -0.05483456627736949
0.633662363412128 -0.05483456627736949
0.6510830157751707 -0.05483456627736949
0.6647483783819361 -0.05483456627736949
0.6804986049966637 -0.05483456627736949
0.7199511766200416 -0.05483456627736949
0.86981556553567 -0.05483456627736949
#kx=4.0, ky=8.0, Jx=1.0, Jy=1.0, Jz=2.5, h=0.06
0.019874895159556982 0.13973186653553915
0.05472799227403685 0.13973186653553915
0.07457613885544823 0.13973186653553915
0.0897384464188681 0.13973186653553915
0.20981266592092784 0.13973186653553915
0.2771288642364825 0.13973186653553915
0.3467512752812968 0.13973186653553915
0.36085005104923784 0.13973186653553915
0.3696828432109496 0.13973186653553915
0.4054656756952609 0.13973186653553915
0.5655252629889064 0.13973186653553915
0.6232041062141707 0.13973186653553915
0.6532616984848133 0.13973186653553915
0.6626826438598908 0.13973186653553915
0.6754067477290829 0.13973186653553915
0.8698452729173031 0.13973186653553915
#kx=2.0, ky=8.0, Jx=1.0, Jy=1.0, Jz=2.5, h=0.06
-0.0002938652219988125 0.11897656186610295
0.02351049481257822 0.11897656186610295
0.04809982399293106 0.11897656186610295
0.0723726651069031 0.11897656186610295
0.09715986790186465 0.11897656186610295
0.21990240502899172 0.11897656186610295
0.2813317116369752 0.11897656186610295
0.3566512742184351 0.11897656186610295
0.3788160313884897 0.11897656186610295
0.41043869019044305 0.11897656186610295
0.5328666372591943 0.11897656186610295
0.625023327618002 0.11897656186610295
0.6567100547223796 0.11897656186610295
0.6657054833778814 0.11897656186610295
0.67714861119731 0.11897656186610295
0.8696841722408544 0.11897656186610295
#kx=0.0, ky=8.0, Jx=1.0, Jy=1.0, Jz=2.5, h=0.06
-0.1455473813128088 -0.0016105819584444347
0.022603752066579386 -0.0016105819584444347
0.04175951170901476 -0.0016105819584444347
0.06729890249648762 -0.0016105819584444347
0.10217937890090864 -0.0016105819584444347
0.2114917902566861 -0.0016105819584444347
0.2781266451815655 -0.0016105819584444347
0.3580859623323172 -0.0016105819584444347
0.38822526144970415 -0.0016105819584444347
0.4150771228106697 -0.0016105819584444347
0.5103922415423721 -0.0016105819584444347
0.6206723752733042 -0.0016105819584444347
0.666170501211734 -0.0016105819584444347
0.6686683311597756 -0.0016105819584444347
0.68360570466577 -0.0016105819584444347
0.8693878257359711 -0.0016105819584444347
