#kx=0.0, ky=24.0, Jx=-1.0, Jy=-1.0, Jz=-1.0, h=0.0
2.037771466032818 11.97023372852157
2.0377714660328166 5.62587268653766e-07
2.037770373870031 2.4303830317215297e-05
2.0362181174578495 9.344718105169555
2.0280238204477916 19.217246905125762
2.0280134240546985 4.926583038089827
2.0252639309898166 25.09876990905281
2.023391031196273 8.381560671988616
2.0202151175601797 3.542766217177617
2.020003035159628 8.261800087185803
#kx=0.0, ky=20.0, Jx=-1.0, Jy=-1.0, Jz=-1.0, h=0.0
2.038130733032672 24.761648712847308
2.0377714660328197 0.06296405728395377
2.037771466032816 1.0286601405562465
2.0362181174578455 1.1005982527614337
2.0281650254070867 32.40107724928438
2.028141224095635 2.230024308499244
2.0252639309898193 14.650722535876314
2.023391031196271 0.8491837876936608
2.0202460268504354 4.096345358070677
2.0200525438881685 7.831692073908058
#kx=0.0, ky=16.0, Jx=-1.0, Jy=-1.0, Jz=-1.0, h=0.0
2.0391142259262587 11.63615062929903
2.037771466032815 1.7290232636664298
2.037771466032813 5.226004422004583
2.036169906164032 8.977167772135598
2.028578228076417 20.316207576541007
2.0285142640508926 12.569096525544618
2.0239157771953424 15.707974099757827
2.0210826189660693 4.938556544510637
2.0203103670583453 8.814703888420757
2.0201619380077505 2.5953394159404483e-06
#kx=0.0, ky=12.0, Jx=-1.0, Jy=-1.0, Jz=-1.0, h=0.0
2.0404573264242183 43.9499152777884
2.037771466032818 16.605274482905525
2.037771466032816 1.5139056474893662
2.0361699061640293 6.556623676433102
2.029188189625363 18.599968465507352
2.0290727451852484 25.081536673981773
2.0239157771953424 1.4810400860020183
2.0203554197859956 15.480689004896767
2.0202617484328336 8.09054661371564
2.0185047474009767 2.8754883858264964e-25
#kx=0.0, ky=8.0, Jx=-1.0, Jy=-1.0, Jz=-1.0, h=0.0
2.0418001518327453 22.50576105155979
2.0377714660328174 2.679280594891426
2.0377714660328152 10.481986514119699
2.036169906164032 9.725983221535367
2.029841642739263 28.879169590411045
2.0296797775971687 20.00926731011496
2.0239157771953415 3.3469999061338256
2.020358941801619 0.8167329754359347
2.0203124763732174 1.5793071193512893e-25
2.0172404880915518 4.079982622147038
#kx=0.0, ky=4.0, Jx=-1.0, Jy=-1.0, Jz=-1.0, h=0.0
2.042782893168064 16.771963263614076
2.0377714660328157 0.7306796011673946
2.037771466032814 10.924015432412592
2.0361699061640297 12.821612363421783
2.0303438375205447 34.1157564245936
2.030150291151429 17.809556513574954
2.0239157771953433 1.1546712824059474e-23
2.0203396470473796 0.7410060673227914
2.0203229456089185 0.7556337309609042
2.0186941641653275 1.0248089869936565
#kx=0.0, ky=0.0, Jx=-1.0, Jy=-1.0, Jz=-1.0, h=0.0
2.198718782257628 4.526383239516948e-09
2.0431422256830487 28.969334986221916
2.037771466032841 12.377626237131642
2.037771466032829 29.19545473830607
2.0357691403421683 28.22260006033239
2.0305345793160896 23.095534922879764
2.030327624266726 15.67430956034315
2.0203283375041323 2.590813036029133e-06
2.020320938771083 6.580255613858538e-05
1.8586023334181176 1.4686246090268438e-05
#kx=8.0, ky=4.0, Jx=-1.0, Jy=-1.0, Jz=-1.0, h=0.0
2.0414398967834484 12.74562222088158
2.0377714660328166 25.01690590709432
2.0377714660328143 1.2435398120218466
2.0361699061640315 14.921342751429611
2.030351882412532 9.317837298982962
2.0301512223661917 32.13334280513403
2.025451297447346 0.08432082739569356
2.0239157771953424 1.6435791172085736
2.0203389201581246 0.7408616804469165
2.0203200319021466 3.4801888719985214
#kx=16.0, ky=8.0, Jx=-1.0, Jy=-1.0, Jz=-1.0, h=0.0
2.037772321704432 8.418074241949919
2.0377714660328152 21.575681929846116
2.0377714660328134 2.1493838245873467
2.036169906164031 14.817070051123848
2.029855381100698 3.1338259784013847
2.029681578210022 15.544852224557776
2.0248183373733233 0.6857682742736692
2.023915777195342 6.626541682522914
2.0203578785927334 8.6099202529658
2.0203072419834847 2.7585808814016066
#kx=24.0, ky=12.0, Jx=-1.0, Jy=-1.0, Jz=-1.0, h=0.0
2.037771466032816 15.519251155167455
2.037771466032816 5.008285296561981
2.0362181174578504 13.3995732023951
2.035087658936817 2.7509636514122326
2.0292036465976357 1.756491864314938
2.0290751218614504 7.522585075164573
2.0252639309898153 13.088724774996185
2.0233910311962724 4.6887564575925005
2.0203545988191935 11.68694946471224
2.0202554067726153 6.211925298319578
#kx=32.0, ky=16.0, Jx=-1.0, Jy=-1.0, Jz=-1.0, h=0.0
2.0377714660328143 7.5434794012309245
2.0377714660328103 1.1129508618700368
2.0362181174578473 0.450618087788282
2.0350875548234777 4.708050406180471
2.0285911397629723 3.347913436346828
2.028516567666129 4.076908355154846
2.0252639309898175 1.3505210424177017
2.0233910311962724 3.186780735262583
2.020310130524339 10.124544792290639
2.0201562006156344 7.447869613602752
#kx=40.0, ky=20.0, Jx=-1.0, Jy=-1.0, Jz=-1.0, h=0.0
2.037771466032816 17.350749101177225
2.037771466032815 0.11723082030661469
2.036788895673581 0.6050854854548108
2.036218117457847 5.981712871885288
2.028172226121759 11.108930091936012
2.0281426467675594 10.271189870987552
2.0252639309898166 8.560928868889059
2.0233910311962724 1.5838243064915118
2.020246144138503 5.513127248746315
2.020049138724236 8.611139345457136
#kx=48.0, ky=24.0, Jx=-1.0, Jy=-1.0, Jz=-1.0, h=0.0
2.037771466032817 26.786105988292828
2.0377714660328143 6.213929684525626e-08
2.0377703738700297 5.968432643069421e-06
2.0362181174578504 5.820489000515954
2.0280238204477916 0.9274168206945491
2.028013424054699 26.7406422271716
2.0252639309898166 6.163650571271194
2.0233910311962724 0.9257662155223985
2.020215117560176 4.403908486199803
2.0200030351596245 8.393664758288988
#kx=44.0, ky=24.0, Jx=-1.0, Jy=-1.0, Jz=-1.0, h=0.0
2.037771466032818 11.33142769815457
2.037771466032818 1.6982443213413647
2.0374110089351616 0.09834626416915039
2.0362181174578478 11.850108634726354
2.0281722261217605 9.776147429731148
2.028142646767558 9.620294526732762
2.0252639309898166 1.3914321070199067
2.0233910311962715 22.943801189669937
2.020246144138504 3.9997629434658224
2.0200491387242403 8.482220861490415
#kx=40.0, ky=24.0, Jx=-1.0, Jy=-1.0, Jz=-1.0, h=0.0
2.0377714660328152 22.061533381971522
2.0377714660328143 2.807352438652375
2.036428536510947 10.049224790144553
2.036218117457846 3.571133990456086
2.028591139762971 21.458095917480104
2.028516567666126 0.08945116468600375
2.025263930989817 30.117942241915337
2.0233910311962706 8.038465104492658
2.020310130524335 5.976827639438256
2.0201562006156353 9.197020957765046
#kx=36.0, ky=24.0, Jx=-1.0, Jy=-1.0, Jz=-1.0, h=0.0
2.0377714660328166 0.10908829648389039
2.0377714660328157 0.050655914397185316
2.036218117457847 9.94832586637036
2.035086209290033 14.132334268981555
2.0292036465976353 1.5933846186550564
2.029075121861449 13.183511856269519
2.0252639309898175 9.717540795724105
2.0233910311962733 0.04742406454921204
2.0203545988191918 6.552372822285118
2.0202554067726175 9.847459351627323
#kx=32.0, ky=24.0, Jx=-1.0, Jy=-1.0, Jz=-1.0, h=0.0
2.0377714660328166 0.15957560892543887
2.037771466032816 18.784776577341578
2.036218117457847 1.8353573197061102
2.0337437027672474 5.437468072276694
2.0298553811006963 7.458763088413784
2.029681578210022 2.948552246658013
2.025263930989817 0.5855770415551013
2.023391031196274 5.769370599652133
2.0203578785927356 8.40544136510302
2.020307241983483 10.69494953581412
#kx=28.0, ky=24.0, Jx=-1.0, Jy=-1.0, Jz=-1.0, h=0.0
2.037771466032818 0.19635906972172043
2.037771466032816 1.5595452351450763
2.036218117457847 8.016164704075809
2.0327607404812063 19.049285817292322
2.030351882412533 0.5858943449609775
2.0301512223661917 8.753121552972946
2.0252639309898166 0.5435528753542752
2.023391031196271 0.10246015194148148
2.020338920158128 9.762053663749503
2.0203200319021484 11.3171359369791
#kx=24.0, ky=24.0, Jx=-1.0, Jy=-1.0, Jz=-1.0, h=0.0
2.037771466032816 0.2093525818116929
2.0377714660328152 8.51289465923489
2.0362181174578473 24.81832103825196
2.0324007063826333 1.210986358561534
2.0305345793160847 1.1313753611856758
2.0303276242667323 5.776507292600009
2.0252639309898184 4.902319325761983e-05
2.0233910311962715 1.0100681962410501e-05
2.02032833750413 10.263166093892202
2.020320938771086 11.54275247262802
#kx=20.0, ky=24.0, Jx=-1.0, Jy=-1.0, Jz=-1.0, h=0.0
2.0377714660328197 0.1962139879113049
2.037771466032817 8.88741912617059
2.0362181174578495 27.480788003897977
2.0327600713175036 3.0737383889269108
2.0303438375205456 0.7770909720886217
2.030150291151429 6.440594120740412
2.0252639309898184 1.864091343761389
2.0233910311962733 0.5742848355582716
2.0203396470473813 9.766472087308479
2.0203229456089193 11.318070378177962
#kx=16.0, ky=24.0, Jx=-1.0, Jy=-1.0, Jz=-1.0, h=0.0
2.037771466032819 0.1594678510336051
2.037771466032817 1.3189030119427068
2.0362181174578486 7.497910548579842
2.0337425437417194 19.10842195389394
2.029841642739264 4.930189713893791
2.0296797775971687 10.24535534351347
2.0252639309898184 2.394155522944591
2.0233910311962733 0.40204408287393384
2.0203589418016206 8.412383729215302
2.0203124763732165 10.697075874685188
#kx=12.0, ky=24.0, Jx=-1.0, Jy=-1.0, Jz=-1.0, h=0.0
2.037771466032816 0.11003304666390475
2.0377714660328152 25.16492401093021
2.03621811745785 2.2831276948816965
2.0350848709626312 7.441106398542947
2.029188189625359 24.352125536940186
2.0290727451852453 8.650598974952397
2.0252639309898166 2.233562998941921
2.0233910311962733 23.460638713072917
2.0203554197859983 6.556038550922518
2.020261748432832 9.852636735797452
#kx=8.0, ky=24.0, Jx=-1.0, Jy=-1.0, Jz=-1.0, h=0.0
2.037771466032816 25.58348148760782
2.0377714660328143 1.5101555484735867
2.0364273774854165 4.754416673967748
2.0362181174578478 9.27158491182433
2.0285782280764177 0.7175899931888509
2.0285142640508926 15.124970697265441
2.025263930989818 14.29050722929952
2.0233910311962715 4.313411348651152
2.0203103670583475 6.187460501807405
2.020161938007754 9.231079156070612
#kx=4.0, ky=24.0, Jx=-1.0, Jy=-1.0, Jz=-1.0, h=0.0
2.0377714660328197 2.2468349535897656
2.037771466032817 0.2032304919205196
2.0374103397714656 1.93320695383397
2.036218117457854 12.37956067687403
2.028165025407089 15.931834668706204
2.028141224095636 2.932536690578631
2.025263930989815 27.533757330054797
2.0233910311962733 2.740929449948215
2.0202460268504394 3.4751614316696773
2.0200525438881662 8.40293169895028
#kx=0.0, ky=24.0, Jx=-1.0, Jy=-1.0, Jz=-1.0, h=0.0
2.037771466032818 11.97023372852157
2.0377714660328166 5.62587268653766e-07
2.037770373870031 2.4303830317215297e-05
2.0362181174578495 9.344718105169555
2.0280238204477916 19.217246905125762
2.0280134240546985 4.926583038089827
2.0252639309898166 25.09876990905281
2.023391031196273 8.381560671988616
2.0202151175601797 3.542766217177617
2.020003035159628 8.261800087185803
