#kx=3.0, ky=3.0, Jx=1.0, Jy=1.0, Jz=1.0, h=0.05
0.03870259313888069 0.00022658807174636997
0.06958883290809847 0.00016514143593546004
0.09787833935864965 0.00026250528296325044
0.10186308739464245 0.00022836304847951975
0.11521656189328544 8.667590787571707e-05
0.12234925575163924 6.708059871825247e-05
0.13883388298947752 0.0003564065693043237
0.1429412770397981 0.00035752745658393175
0.16987968865327274 4.9122282653811355e-05
0.17979272780691613 0.00010463828308754628
0.21159093119878902 3.433544408982603e-05
0.2161206719210551 0.0004014089946394379
0.22390346115393311 0.0004700365739885946
0.24832172733355695 3.796589248095227e-05
0.25061872527603446 0.0003343940283036919
0.2675378605885331 3.372991280479086e-05
0.2732622118743949 0.00036097867342769016
0.29172216583514987 0.0001351975908229043
0.30399048520937777 0.0002655554968748903
0.3072701124110794 0.00010979863278707002
0.3143195792580372 6.958678110405716e-05
0.3183126911836692 3.6522181709194593e-05
0.32566746735389174 0.0001405752976679945
0.3426829736592696 8.44822561935528e-05
0.34512036265903157 2.5310936076124603e-05
0.37722261874945484 0.0001327901266760806
0.4046131588716334 0.00033118716434891895
0.41828286736630915 0.00017469012810901138
0.43341749163631593 2.550039464571917e-05
0.44630409801860393 9.678642046290301e-05
0.45260997848190987 9.209668325525804e-05
0.4631493477388665 2.7808622590687754e-05
0.46820031906301574 4.105569932314425e-05
0.48107910193805836 5.105201554339167e-05
0.4823930687567851 9.374999258121111e-05
0.48877527808531107 8.319058087544775e-05
0.4950204683440851 6.766825475485254e-05
0.5216668817134673 4.697508917704451e-05
0.5464199543857362 0.00039197835770407466
0.5878205617320759 0.00016882793030038388
0.5935499406212197 0.00011031797738092098
0.6122709456524567 7.237632773497157e-05
0.6431733262914302 0.00027381938149900216
0.6569339711875516 5.593809497552325e-05
0.6889863670145369 8.670629491624551e-05
0.6936713325438543 4.573878387420516e-05
0.71949279760748 0.0001635305354702728
0.7560306038664427 8.807284488974693e-05
0.7721533651110241 0.00012979212615352192
0.845925721862153 0.0005223128962196896
0.8756386345027745 5.806876683117905e-05
0.8926658773037377 8.322903039210803e-05
0.9045309894779824 9.60544344818868e-05
0.9170934150043675 0.00012846264143625551
0.923831622197161 0.00016182496104114546
0.956439844895477 0.0002967063878917484
0.961476953136165 0.0004441853971734278
0.9714644260040006 0.0005467183860447803
0.986948068592024 0.0008971434772648644
0.9961419788556775 0.0004373444473040652
1.004806797918571 0.00026215097643524625
1.0165192457132077 0.00028442563025769276
1.0224172503199525 0.00036997911616436913
1.0345828744955705 5.1287809744666974e-05
1.043703736860722 0.0007900462135544292
1.055684779364986 0.00016176213608091984
1.0607846078780248 0.00033494503592111603
1.0711233050019526 2.885589927018208e-05
1.081317239752197 0.00011708961491476433
1.0941021247831713 0.00022528211651820946
1.0994870364194447 0.0001419828589905574
1.1106218932998098 0.0001987352772300003
1.1136593651974724 0.00023925348496521245
1.118893542936394 0.0001736578477462841
1.135285414645999 0.0002938420938610366
1.1419245774532427 0.00018831314559358305
1.153148051166969 0.0002869216441515596
1.1637498398394936 0.00013752484231441354
1.1769889139976908 0.000285066956447184
1.1839642371772845 0.0004059423393370387
1.1949447945407343 0.0001458718929436549
1.2020802323542945 0.0004980972588792203
1.209214662703223 0.00015589179471678128
1.221085799969115 0.0002444889172819479
1.2328282020736876 0.00018938577538815137
1.2442049324306033 0.00035205183738788205
1.2536483937938347 0.0004077635601500263
1.2611110728759263 0.0003593600328433773
1.2696629771322083 0.0003938209061573761
1.27964874524507 0.00012913334393002375
1.2892800206344246 0.0003240066821921073
1.2979556723055419 0.0003668198367177389
1.3093894697220736 0.00016213962305801005
1.3400869560538746 0.00041725009863366057
1.3566454550961515 0.00034094098818770514
1.3706544584542173 0.0004427486779589462
1.382896110773844 8.608929159142999e-05
1.3945237353720024 0.00039796665264440535
1.4068455291051212 7.136212348880052e-05
1.4215914113822818 6.877568605168691e-05
#kx=2.0, ky=2.0, Jx=1.0, Jy=1.0, Jz=1.0, h=0.05
0.04151014296512656 0.00015654511451314258
0.0714643400076348 0.00015608307074872467
0.09786410183858008 0.000290629183710765
0.10239009204190741 6.645189738518075e-05
0.11623651205321439 0.0001703204337249466
0.12027491425714076 3.2931072777306764e-05
0.14281042749091366 0.00016162079458634167
0.14467161676824214 0.00022261944138687593
0.16843600691321015 2.9151728460207668e-05
0.17715606308201293 0.00014110328293045102
0.21375773638873108 0.0001134147687787665
0.21700028707879682 0.00016604972815797558
0.22604009073412257 0.0003246281599570552
0.2443169546047419 7.974974579698833e-05
0.2525836326850178 0.00022951818456025722
0.2649838034589508 5.061294153682013e-05
0.274106089821311 0.0002483933608275471
0.28825421176550625 0.00017328600901361544
0.2980638057620111 2.8520939042953403e-05
0.30612607232030964 0.0001445314486433031
0.30947269609124695 8.503159741328223e-05
0.3181919328697541 5.347274780257201e-05
0.3228917836927109 8.033508620940937e-05
0.3291244774440577 8.610601411199848e-05
0.34426121585207414 3.801391803536377e-05
0.34719339862256005 0.0001317748860769627
0.37954373163681165 0.0001743059690002068
0.4081807369590673 7.66018764668281e-05
0.41972350045667906 0.00010602238862010876
0.42880970258634243 1.6688742711185786e-05
0.44895411092993665 0.00018007064295940517
0.453634044770157 4.5152660644314906e-05
0.46701964011965413 5.212190451280944e-05
0.47729519079095506 2.485680210713741e-05
0.48192461183317437 4.2920698367354224e-05
0.4829999327753709 2.7839638595799032e-05
0.4967155615929192 7.936228748852377e-05
0.5223939407952721 6.573803966037077e-05
0.5492251553524485 0.0004210752566992977
0.5780428388506098 0.00015079345876048363
0.5882161089028781 8.697878466063677e-05
0.5972659787626389 8.32178729618356e-05
0.6291372787896599 7.29531978995507e-05
0.6403420533529613 0.00014355451262237305
0.6502680335663569 2.260533740223657e-05
0.6593314125289057 0.00011591827054336488
0.6884365109705487 4.5856481894713765e-05
0.7106859676956861 9.033034557316565e-05
0.7322544618056925 3.457381533077164e-05
0.7582843738390849 6.0692323601155184e-05
0.7998345901070608 0.00010357539530495276
0.8719074470738292 0.00015301085496936725
0.8897852809243756 0.00013758316750697825
0.9025881224130489 3.0907426930082006e-05
0.9184664983506857 0.00022960765984619973
0.9248269498535505 0.00017035290509052734
0.9321063827233977 0.0001016257572936625
0.9635501365692117 0.00028822165368268135
0.970220087727216 0.0013245737227844646
0.9852267726024427 0.0005448699808116697
0.9944480800623845 0.0003613259853564567
1.0030304645512493 0.00026879486818980714
1.0170285504034409 0.00016866300170098437
1.0260262823824822 0.00038074968360841266
1.0344938027415063 0.00023383122715186374
1.0408561042652358 0.00031064871007186444
1.0533679432185323 0.00023608711779164604
1.0627791974278082 0.00021491510216659304
1.0713123494679104 0.0003335752784538547
1.0764556155286131 5.1901282875693576e-05
1.0885967762118325 7.76488568894382e-05
1.100756462605696 0.00011223180302587846
1.1074393069355837 0.0003420157375008824
1.1208668618369488 0.00024152085754829727
1.125930743793921 0.0004486486051305064
1.135122267903207 6.0796101816270244e-05
1.1464154711103924 0.0002260060995335653
1.153997917788971 0.00022824012174056134
1.1753098237410713 0.0002500175190582311
1.177318292525903 0.0002585848459784074
1.1895538851478127 0.00015627828820272773
1.198210164377359 0.00034589536586665217
1.2069124683301728 0.00038934779032039654
1.2132944975925286 0.00020667614589110701
1.2282445175015826 0.000218342290455329
1.2375831819275462 0.0003214265081321754
1.2474873330193432 0.0005572869245602152
1.2557935865787813 0.0003699726263081254
1.2628561157497398 0.0002916168272036869
1.2701630510837796 0.0002525363508704889
1.2833559739024336 0.00023255194817744753
1.2969068006128526 0.00015322520973440522
1.306214179488021 0.0001445238290509904
1.3249932698067846 6.785461006918024e-05
1.350229925850257 0.00024994913482465205
1.3609077636878453 8.84395376887858e-05
1.3783559018502474 0.00010984521346885303
1.3960932804466215 0.00035003241320141624
1.405585835752539 7.900160045423796e-05
1.4132774971817341 0.0001377630630372525
#kx=1.0, ky=1.0, Jx=1.0, Jy=1.0, Jz=1.0, h=0.05
-0.02836055650217828 0.00017069002349279417
0.04423528551674494 0.00010448833534338146
0.07975644808464744 0.00011741154848252462
0.0978858547960787 0.0003119088221091828
0.10300645459909719 0.00013068790329589809
0.11612456543748373 0.0001628648912169573
0.12302157457861673 0.00013116626505747323
0.14474049835447866 7.419025120435096e-05
0.14673521883388607 0.00016857446336303298
0.15752536790660132 7.440520591133195e-05
0.17838258049609867 9.996598016790884e-05
0.20068496844753148 7.107170563416598e-05
0.21456413190929113 0.00016217195042990136
0.21797171412967498 0.00012721593759134549
0.22884898717961788 0.00024856631818024905
0.24379678807522398 9.852575849787e-05
0.25338774893170657 0.00016512321010700437
0.26663314049191866 7.582897553328014e-05
0.2817883128065629 0.00010188148652150469
0.2961900694304104 0.00012255900778081435
0.3039560242277828 0.0001946758404942456
0.31391570873937735 0.00010354231896815265
0.3203451774072186 0.00011920256234030167
0.3259300588574049 0.00010685804732618843
0.33405001580332383 5.1177692665158556e-05
0.3438652622559035 5.9780089748428084e-05
0.34847569085443175 9.375339290467716e-05
0.38123132162987405 0.00029853427723168155
0.4108461540438635 4.809365609625662e-05
0.4235500128819525 0.00022313317879565973
0.42893376301807506 6.138617942560699e-05
0.4438327652816576 0.00021636256109620072
0.4541053542723228 6.34720381029628e-05
0.46480916249083515 9.379196628633968e-05
0.4698421419642185 0.00010548859486748259
0.47766257623801434 1.0281230486115123e-05
0.48459246792392774 1.3588187604755223e-05
0.4950970684576972 2.6963434892757398e-05
0.5055014589855683 3.782893121521422e-05
0.5080847997638649 3.467695625638911e-05
0.5302259851530139 0.00013427391923336311
0.5686923620190459 0.00014240411726280944
0.5976580643760021 8.042372509881453e-05
0.603936117972439 0.00015187452662560977
0.6325837779138715 0.00013898043439210386
0.6401917831666554 0.00012782535507106535
0.6784782929299571 7.998411193377669e-05
0.6847604272779656 7.320636452936823e-05
0.7059281627435521 5.410360620887568e-05
0.7230326796731995 4.7489635699185314e-05
0.7426677079805177 0.00010847317910364999
0.8060390018768393 0.00014456752474595474
0.8489161713578103 0.0005626561979195209
0.8757330675414099 7.319164955024097e-05
0.9002171581557417 4.85463166895734e-05
0.9121882154291783 0.00029763822673175894
0.9247645217610717 0.00017871166232316278
0.9295166426316753 0.0001658042936572162
0.9381251387073247 0.0002794625687862026
0.9641530760154104 0.0005828964624677018
0.9719706902600528 0.0008194966283177799
0.9876598043970314 0.00020548343340607864
0.9943411861247564 0.00029871745607961775
1.0033623523196489 0.0001519545031138347
1.0225791818854357 0.00041492913833015416
1.0323227852295096 0.00012609548242309123
1.0443911971534274 0.0005185675209589276
1.0513894631617282 0.0001613861595599461
1.0603057916147414 0.00010378447437269135
1.064606056100759 8.062539590371936e-05
1.0790004165924931 4.242895285191888e-05
1.0914673129001295 0.00011038890794540221
1.099825717414692 6.177022783854131e-05
1.1069278945489414 0.0002722962094518865
1.1181593278759328 0.00018569264399236806
1.1310329498264045 0.00019653227155549946
1.136267065857039 0.00012049560812014778
1.1536020558041538 5.879761594205067e-05
1.1701572787441261 0.00013997293782433241
1.1726481391238637 4.776442382420758e-05
1.1856050417356538 0.0003681082106506001
1.197304707856841 0.00010153745142135907
1.2040528884317432 0.00029378210925598574
1.2109652459659541 0.00018057763466654595
1.2242762395420392 0.00023007498268208328
1.2290786900664292 0.0002670259364330598
1.2401334051277195 0.0005552919967575995
1.2532916991635639 0.00029292565257367915
1.2603131930032414 0.0001792015589239775
1.2716042192000998 0.00015459030072187375
1.2832618524908272 0.00027358493152610246
1.2915723762122093 0.00015667544315068772
1.3011602162008895 0.0002276771436188774
1.3446674288276639 0.0003263244396837061
1.3543587958994452 0.00010608520683285192
1.3591409624332362 0.0001446030621596155
1.3857992421403957 6.777277329650879e-05
1.3964640341042578 0.0002407949927501312
1.405810526693071 0.00012448307560122043
1.4113989111557557 0.00010729941600803483
#kx=0.0, ky=0.0, Jx=1.0, Jy=1.0, Jz=1.0, h=0.05
-0.08473767079821781 0.0001343819534831106
0.046369259176305966 0.00012007864231685573
0.08173047985785331 0.0001596342962999351
0.09657773349463883 0.00023750479982987836
0.10307277061105236 0.0004410793727604157
0.11302053731716943 0.0003659776778289234
0.12251947143335551 0.0001592758045280076
0.14392201234714852 6.548178031115379e-05
0.1497130113561923 0.00032978979510493934
0.15276941855144 0.00021189521317032108
0.17555947570897346 0.00013818044805105693
0.1955821242638578 0.00016279102488677205
0.20889534958634048 0.00027956113210479087
0.21828889316126754 0.0001286861429634469
0.22819470540269227 0.00036842227229725617
0.2416709649944898 8.908353521854876e-05
0.25103000150303423 0.00027152125210263097
0.2631103793221601 0.0003429878460680996
0.27738615008800815 6.069349689330966e-05
0.2833362777523263 0.0006963249617158924
0.3029846458828822 0.001024003675890048
0.3114771212783002 0.00017048246689860605
0.31830078860916156 0.0001561293837820415
0.323614312238133 0.00016345396667449076
0.3300683579377989 0.0001794949851454819
0.3419526562084718 0.0001897394813836484
0.34637774569107715 0.00020215617018004583
0.3605681967116714 0.000491700632644489
0.37614844407584835 9.653499301723157e-05
0.3936385664280534 0.0005596735711542876
0.41841177807350305 0.000628538659383063
0.4245842320128712 0.0001787943572861606
0.436322547412466 0.00033905676445256886
0.44758983714194955 0.0001998221798820228
0.456285841924956 0.0001902477093809904
0.46210266204007144 7.344303770084915e-05
0.4755130194170837 3.821277412382685e-05
0.4828301456716094 0.0001001817480985431
0.4851280689609794 6.126124238849862e-05
0.5011585115824929 9.464085678541833e-05
0.5075710547583812 6.345153657956798e-05
0.5497074582063699 0.000215674759672037
0.5953669420733693 0.00011792428559812966
0.6014948309718732 0.00024918149402285513
0.6089181420572087 0.00010958569254423592
0.6332534776515519 8.600150536191896e-05
0.639505016569914 0.0005403467002592046
0.674133338215423 0.00011659210654109577
0.6826208843935183 0.00014630138370814392
0.7111256528721521 0.00014833545790577244
0.7209754192879247 0.00012636182986115442
0.7424211514407281 0.00015335707586071386
0.7788462220075892 0.0004643708593535743
0.8528512174948399 0.00011018990955990221
0.8902406817424063 0.00018545919029331159
0.8983582013775288 0.0001807288947983801
0.9165126054102629 0.00032827557333807965
0.921759649000965 0.0002345978862457886
0.9378465640572853 0.00019197924192997405
0.9526202010903162 0.000371642472772075
0.9679642262831262 0.0008718333177656261
0.982047830277129 0.0002945811647955433
0.9872342549949797 0.00014933764143302034
1.0016404418252722 0.00014015444466133529
1.014770929583591 0.00029347825945639475
1.0244476855863693 0.000481661985321987
1.0346777298779242 6.397716449362246e-05
1.038577414331276 0.00038610491763936767
1.0596395259223375 0.00030221347964391103
1.0647166881337689 0.00017548293378499353
1.0704662105071234 5.453523097905459e-05
1.085623484445143 0.00012605765675391737
1.0920810257540092 0.00020685293298377085
1.1031689901603503 7.907116057744577e-05
1.1208561343157708 0.0002220952979240883
1.1277462062962296 0.0002773240691933255
1.137070394135975 0.0002175946813872891
1.1430050135140446 0.00038949914711051823
1.1610542808599673 0.00011747410696170719
1.173710560697307 5.275815699035751e-05
1.1798282216083105 0.0002659776910275175
1.195639302331738 8.027864775284174e-05
1.203854810224112 1.8504739654490167e-05
1.2093616314634232 0.00011804680360418308
1.2139849925886175 0.00023414380396097768
1.2249919695333182 0.00026193646941654377
1.2289304573486852 0.00036645852491029053
1.244798451989868 0.00043682738871059354
1.2534410082965146 0.00025702251953914904
1.2611729377219323 0.0003035213475241291
1.2746388170475398 0.00019238834251463936
1.2862090443771168 0.00033140796328379933
1.2934332676801756 9.16099732726806e-05
1.3086861011380573 0.0002870749558238901
1.346101348575219 0.00032817511425535593
1.361325138589955 7.964387595895856e-05
1.3631720361121706 7.237196870022593e-05
1.388401156214767 0.00014691551206499304
1.4009791304917059 0.00012106988924395242
1.4078898591048357 7.390107301749504e-05
1.4349859429567373 0.00012455772683573593
#kx=0.0, ky=1.0, Jx=1.0, Jy=1.0, Jz=1.0, h=0.05
-0.05572051479600715 0.0001535772685636805
0.045599055557811186 0.00012345460488216356
0.08074356333159616 0.00012255141195194623
0.09852888272521232 0.00021930037124437066
0.10269250757568404 0.0003290557986838181
0.11650106353254586 0.00017042971099906682
0.12427283525386079 0.00018741338636436258
0.1449080147205306 2.0906877526972704e-05
0.14766123997833447 0.00017587258222303653
0.1590841569863538 0.00013855497085103071
0.17973897658483118 8.837531144091976e-05
0.2003185932965207 0.00012697644430791457
0.2159970853387072 0.00022601630087403817
0.21792138600632782 0.00015715814322601386
0.23076146606242576 0.00026973792648762743
0.2414237273590386 0.0001530767355241871
0.2505782958056696 0.00014372961888469492
0.26518098234579734 0.00013120292209391085
0.2803456683856842 0.00020349291203193725
0.29004605802217587 0.00013970107446842995
0.303830045801059 0.0006384244189176014
0.31445036809639837 0.0001392811422065129
0.3210158488346776 0.00013333519670247782
0.32745541069662265 0.00014045424147711845
0.3332673182261564 6.170698385750298e-05
0.3433882451522863 0.00012529452202651243
0.3484023452831886 8.217700162616612e-05
0.3759611310635991 0.00041852372169922855
0.40343401938958523 0.00014771997264631257
0.42278888669699755 0.00033734632593679397
0.42691574888182926 0.0001351006039537248
0.4419612309087323 0.0001834592534762461
0.45282378338763474 6.57060589752655e-06
0.4588366716291198 0.00011098670642942647
0.4643035951809571 2.107934971358704e-05
0.47392738891651853 6.410942728925302e-05
0.47950278073397024 2.668537557577309e-05
0.4852342248733149 8.589175293283529e-06
0.49917618818954124 3.83144409921339e-05
0.5070426131957895 3.7410934868794644e-05
0.5277402839234485 9.839222243735059e-05
0.5679093655119927 0.0001019567323263895
0.5974187809841247 0.00011357752833977654
0.6034170638117548 0.00021476388572126194
0.6284592327399163 0.00013955046532812616
0.6392908520402235 0.0002735587624490841
0.669621171115351 8.577221878530547e-05
0.6863407163864554 6.403074217598573e-05
0.7066409839929921 3.207523886399173e-05
0.7194533700183448 5.286402881790704e-05
0.7356667833978531 0.000243164136451795
0.7863134906258967 0.00035019959306427254
0.8062354384483783 0.000161996592143077
0.873467558801293 6.232476500102895e-05
0.8972318183185973 5.2901615824721716e-05
0.9081403726735465 0.0003378319089708023
0.9207056283430848 9.502945358425029e-05
0.9249740710297155 0.0002727743373645351
0.9417905302561957 0.0002727332986360423
0.9611252600261339 0.000419816576824643
0.9721149081619868 0.0008277249718905587
0.9878819277189221 0.00020166208008333397
0.9951897049944153 0.0003087236170294799
1.0042257499330849 0.00012829705263663163
1.0223885467279925 0.00038496723396095445
1.0285833485252232 0.00027089276238768945
1.0376481796743364 0.00015666362337217143
1.0509005582850635 0.0004346816847771533
1.0620643019587905 0.00023174711004174885
1.0658558725273692 4.306908625530408e-05
1.0782214292105152 3.915305889862341e-05
1.089160246867567 8.185093077973907e-05
1.0979040781917293 0.00010190726239544844
1.108573351535167 0.00022836883667640766
1.1184566006314278 0.00029616432034575645
1.1327223382387368 6.764038740476428e-05
1.138174247368925 0.00021796115216225482
1.1532842363064426 7.530061050102785e-05
1.1659791157626738 0.00014330712549036188
1.17380397065374 6.099172179685242e-05
1.1855776303461592 0.0004098546846928085
1.1999703654992593 3.9835773091628306e-05
1.204745989230106 0.00023129204302156506
1.2117584887674937 0.0001672530836940329
1.224547458332867 0.0002691653968076684
1.2280666620082814 0.0003410259445363114
1.2417679260361736 0.0004949998046793202
1.253369701172942 0.00025110154133589456
1.2606382790812516 0.00020054940950537192
1.273061851507304 0.00010306565468991353
1.2849157614691094 0.00034536622511059786
1.2909092637570352 8.901444404161138e-05
1.3012630997817993 0.00020396344611206527
1.3453784540513924 0.0003462586267970299
1.3576101867394046 6.1009232968823715e-05
1.3599987803593234 0.00013999128955121117
1.3887443045000503 0.00016071285219392014
1.3987809131907447 0.0001633833884908516
1.4066751211155788 0.00012467577453626405
1.416094924963327 7.802689155294435e-05
#kx=0.0, ky=2.0, Jx=1.0, Jy=1.0, Jz=1.0, h=0.05
0.04369352161671336 0.00015419769936485226
0.0771796540243802 0.00011196198264846709
0.0965638838497096 0.00017491360223828838
0.10153981092308528 0.00015029995897020295
0.1154210559312785 2.5054396719230825e-05
0.1220647399900554 7.455719689727034e-05
0.14474572904772887 8.643867077233727e-05
0.146312642855142 4.9183484887406905e-05
0.1699981406213652 4.433801003717191e-05
0.1778214958678881 0.0001415226914607329
0.21175441700921838 0.0001966689253054104
0.21778055674185615 0.00010038237895596599
0.22465036188695997 0.00033444772660002877
0.23912073285691227 0.0001635247724617948
0.24828934536344827 8.37350569705359e-05
0.26195744269711774 0.00013110964679015764
0.27401172686634945 6.647185077525109e-05
0.2776026084541261 7.790389663720962e-05
0.2948771377810139 5.2743949586465523e-05
0.30316042050138936 0.00016884489776478084
0.3109644076860396 6.162686921951212e-05
0.319095024737302 0.0001447473046745231
0.3203229951076947 0.00010126285233982618
0.32877585076845295 0.0001246970344721457
0.3417293104914959 6.30294099820577e-05
0.34792443214315294 6.905092637858868e-05
0.3723676354202321 0.00015208944679127143
0.4039563540469904 3.0301259538661362e-05
0.4176670197983223 0.00014684780108127144
0.42902889057918503 6.86189434482053e-05
0.44178110810065174 3.3795030943597386e-05
0.45232936288885417 6.438010609947512e-05
0.4645814965121925 2.42051409835747e-05
0.47156598312413756 3.0406337802106735e-05
0.4811771830041872 4.092482042146759e-05
0.4846925218536724 3.8707074565211164e-05
0.5007806347337113 1.6112456256800347e-05
0.511024721102229 0.00011443137270541551
0.5303588473038201 0.00012084510760141848
0.541843448640959 9.4649526364647e-05
0.584509891872172 0.0001251502104375875
0.600160295297063 2.992338232213778e-05
0.6092689126493361 8.049747355542102e-05
0.6189554285250826 8.007672673863708e-05
0.6401123659381136 5.658072266280084e-05
0.6459522990000222 3.650958917404972e-05
0.6768527582026507 3.3018151582428326e-05
0.7068348366834087 0.00010084614792833191
0.7220854203962984 3.219598250326886e-05
0.7501631489619126 0.00010924006285899937
0.7990761050896855 0.00012567238913117312
0.858600993222885 0.00038257531895740044
0.8687943387350411 0.00022305321450803703
0.8947128081181871 9.774853819670263e-05
0.9077911443739328 0.00015126391617085034
0.9182699347283002 0.00011673198047899966
0.9231987162311917 0.0002198397102377916
0.9373963750952513 0.0001730273646818994
0.9567568671471272 0.000398317929049252
0.9727381980983169 0.0009660250564116676
0.9859936582751794 0.0004339193053855317
0.9973501625427733 0.00029179274050205716
1.0018155003605949 0.0003323676835435653
1.01485570203661 7.525102027433442e-05
1.0245451734761568 0.00043443124318791467
1.0360154062595424 4.9830108592184373e-05
1.047947773784537 0.0003907255097363426
1.0537630254385748 0.00018032585802004738
1.0618251400205603 0.0002531083120670829
1.0704375505668806 0.0001026313476226408
1.082599373344264 2.9497025850479268e-05
1.088231298383055 0.00017542856539906122
1.0998197750646415 0.0001259606070903521
1.1130722075907307 0.00018860300545572433
1.1180816522254462 0.0004370632154534804
1.132444751190288 4.110081465104036e-05
1.1444897709809554 0.0002077285995498302
1.1586401961707282 0.00024594720832571453
1.172879962777194 0.00021039596006807088
1.1754861940772954 0.0001427812675517496
1.1893260198798583 0.00011591462472793007
1.2009887934652874 0.00016329705505682056
1.2089197315327889 0.0002572826739944306
1.2130584407986933 0.0003202400504487853
1.2276394837802758 0.00032532927209001395
1.2341925668465774 0.00019213808625117405
1.2448266873743137 0.00037520566229914796
1.257014398695101 0.0002576540176191915
1.270439530792482 0.00013337925393328175
1.2758622952790284 0.00027254946797507283
1.2872901867636033 0.00038754946770199676
1.2968601968361515 6.681455950407888e-05
1.303117468162407 0.00014912760686315715
1.3480391450073503 0.0002931328092079428
1.359904606687083 0.0001357801909753995
1.3670984802727908 5.7306019855079166e-05
1.3978693642877698 0.00024138052249633282
1.4033823262042495 6.982887121832949e-05
1.4066130555881244 0.0001995264431262971
1.443075756200184 8.677986780418462e-05
#kx=0.0, ky=3.0, Jx=1.0, Jy=1.0, Jz=1.0, h=0.05
0.0455678506146151 0.00023664941321655447
0.06692097955569298 0.0001564527998433941
0.07302110626525082 0.00011284362539965314
0.09730158580184278 0.0001012634354631885
0.10167242996556802 0.00026755275053824776
0.11629076931344073 3.4986590878217625e-05
0.12286535398457255 5.131421316519703e-05
0.14247595698405113 0.00015213170760625493
0.14631755571777372 3.344440743182419e-05
0.1737063887192425 0.00012066964584691462
0.18064045466621936 2.5391322831458263e-05
0.21427408269867 0.00022408481304192813
0.21803278620814104 0.00010180189026729066
0.22677085746946157 0.0005345625267731352
0.2464345671896978 0.00014662295933354344
0.24975603601588792 0.0001168006312590273
0.26293128969699375 0.00016686031537596673
0.2776816114914682 0.0001519362091910057
0.2895789330447751 4.600631845589648e-05
0.3070502471481318 0.00011988279651768075
0.31112756399369057 0.00010823834860681746
0.31901065642907234 0.0001246083374586995
0.3250548426185873 9.218847555597377e-05
0.32811534187985936 0.00012731258816915742
0.3430764172594025 0.00010321988660439479
0.3487690163438212 7.672170577965634e-05
0.3739390053317093 0.00013449305365469526
0.4079693778921456 7.740218685264982e-05
0.4213967244007111 8.827366661547488e-05
0.43044596428376936 5.919461714052304e-05
0.4427273421406791 4.8485040275197003e-05
0.45263784594801626 7.646156546323187e-05
0.4615096489287285 6.480942772760745e-05
0.470926716232139 4.1475783780656e-05
0.4793562573901572 1.793508936152068e-05
0.4833781085031924 6.909530027871917e-05
0.4910065345779546 9.968251909715826e-05
0.49893863414544715 4.809213242866112e-05
0.52036174945993 5.190260115334272e-05
0.5646559738116874 0.00027402194155560974
0.5828060395721985 2.087551478647861e-05
0.607077306363154 8.476830183190623e-05
0.6213848430447133 6.59997799623366e-05
0.6375910294825665 5.3590907138036787e-05
0.6426132896867226 3.375796244158927e-05
0.6810545857798411 4.827921955072453e-05
0.6969161708162236 0.00010370602253360297
0.7193791211396794 5.090717513114958e-05
0.7372321403059018 0.0001696856703249572
0.7623418475492622 0.00013505732201188317
0.8023036746370782 0.000115976126890399
0.8781916494108277 5.02577376542101e-05
0.8941637490682747 0.00019515468339525907
0.900518517540585 0.00013392836814199067
0.9138067981993148 9.93169831209495e-05
0.92153852231869 0.00020478219411921788
0.9319262373501375 0.0002757799798137265
0.9492216360309835 0.0002915111809309795
0.9716251625765077 0.0009608338100384723
0.97524561471378 0.00031195073536851057
0.9903364358282857 0.0004696480039086505
0.9971245450929239 0.0005595709829670195
1.00546589385385 0.00027701658851464424
1.0220193014492112 0.0007205806528448233
1.0315090088255334 0.00011184534186492749
1.0384997181106304 0.00021328549615804126
1.0468334052011152 0.0002614232482708113
1.0561247356017012 0.00019345283649841938
1.066212445073016 0.0001216455539269867
1.0680859538149328 0.0001620409487439674
1.0796441308138998 0.00021065609122248235
1.0955153631816528 0.0002016806121743494
1.101349810887657 0.00021581929377684933
1.1103515534417752 0.00030983624699042065
1.1138720002301854 0.0001331804340855836
1.1334758857679388 0.00012821171751630755
1.1447811317864192 4.2560276948993916e-05
1.1498635924021494 0.0002575798668821552
1.161572482021798 0.0002471181833593836
1.1737779095659522 0.00023642700028209297
1.1907906969782762 0.0005080792060228792
1.2001252912648408 0.00032734057378796773
1.2063564991390363 0.00023266522139457087
1.2140409614820342 0.0002446720657545776
1.2269578979017504 0.00011601682223638199
1.2319108570546855 0.0002218530577869457
1.2444426910583972 0.000311795755754174
1.262599103933892 0.00029309483605577966
1.2677682199141693 0.00012442161421658508
1.2746999320737014 0.00020761956252914325
1.285307887268507 0.00038311180496476184
1.300696407851218 7.274548696404707e-05
1.3036539155011306 9.734181454006826e-05
1.3301403510848457 0.0002066850628999895
1.3478038133542158 0.0003155374766724216
1.3616220395948497 0.0002207012756891531
1.3770456172011447 8.811143728408547e-05
1.3947750974827 0.0003165548532898183
1.4041662106013693 0.0001156823562301804
1.4127202753679002 0.0002299312316458029
#kx=0.0, ky=4.0, Jx=1.0, Jy=1.0, Jz=1.0, h=0.05
0.038547835334410974 0.0003149102622524298
0.072288529839446 0.00013383947710656342
0.09758385099143618 9.09054124233845e-05
0.10174083614508556 0.00038975119564975863
0.11393447910949928 0.00011058996966432855
0.12139130036107171 4.018304876407705e-05
0.14006262522374135 0.00019653961355625796
0.1470775983860556 3.772055391907792e-05
0.1717182434929887 0.00018061305282649642
0.1852901039544469 1.7409172029587785e-05
0.20672256711515846 8.12553752514009e-05
0.21550882648860625 0.0003732059778646174
0.22241556547065555 0.0005876104592051716
0.24739573572140516 8.851861042670015e-05
0.24900167505312876 9.443588979699008e-05
0.2622573945878348 0.00017196545553870528
0.27310423715725063 0.00026024616266066695
0.2892058971407102 2.4946651676865955e-05
0.3027742347555473 0.000204484279061258
0.3060085678521174 0.00014531305349461525
0.31630527366240724 0.00015824515800634894
0.32263727294315536 0.0001186360026535109
0.3264044936105054 0.00010835941391409356
0.3415501612603411 7.9839932785834e-05
0.34943532781054776 9.818900779629889e-05
0.37108973092681796 0.00013217255019545206
0.40863972290574535 9.799108624012659e-05
0.41843187379776603 3.0958461881145504e-05
0.4296573228148082 0.00010908932610486113
0.44226801412947103 9.518100901247487e-05
0.4511320455940959 4.721670294090709e-05
0.461401379554191 4.279478022077842e-05
0.4684606883419945 2.743778797283579e-05
0.4783386931730399 7.124049476173754e-05
0.4849919009577247 6.787379154835783e-05
0.490685885296796 4.850174714427668e-05
0.516472814982944 3.688873681492052e-05
0.5475924819033068 3.550219135902045e-05
0.5636977947255029 0.00012961821656215817
0.5869298884671725 4.2728936932154556e-05
0.5955416935617192 0.0001455948310597162
0.626296837098807 6.75942470569489e-05
0.6413204169776365 4.665558799639496e-05
0.6448383604817404 8.26399260969022e-05
0.671355886990635 0.0001885073652416503
0.7042004712596783 0.00017752949225880604
0.7169311211894208 7.040660356713014e-05
0.7529131173893328 0.00010955666443184965
0.7851548895188926 0.00023334102898205057
0.8350023037441751 0.00029566017916875275
0.8798873091514336 0.00012923516115941573
0.8930143597509049 0.00011117808326577882
0.9071295604029461 0.0004386087056012835
0.9198412784489213 5.184359275860462e-05
0.9322471447790459 0.00011113157150769917
0.9505644878213898 0.00013786229132198188
0.9648711512325714 0.00031622151581132236
0.9755578865052883 0.0010812698119933718
0.994426218671059 0.0006643356144782373
1.0008287186032505 0.00027507525184462643
1.0154156149132816 0.00039481465730957564
1.022222619895885 0.000560617635406973
1.0304767620911641 0.00018255517167036522
1.0419007007019576 0.00026262702799808376
1.0480486377549947 0.0002680205215448353
1.0552413008664252 0.00023174921069602224
1.0631601974463596 0.0001964553375384177
1.071901224094497 0.00010122681604342654
1.0828582438589052 0.0001910488449170876
1.0927381441743718 0.000375677059375483
1.1039293959896834 0.00012918214998854135
1.1105966006346024 0.0002729862106076374
1.1186719174804982 0.00012739732483517911
1.125527900971817 0.0004075520771796796
1.1353860874276833 0.00018904681728390093
1.1528606290128485 0.0003097105795753409
1.1613545875590154 0.0001476229011494448
1.165358710598503 0.00045438710944102406
1.174180549730968 0.00012469894732791782
1.1914838456103194 0.00023233456026852298
1.201006556996057 8.295779301506042e-05
1.2069435663041888 0.0004554530181869666
1.2175343078132412 0.00029743666748128996
1.2261171918442222 0.0003162493147027307
1.2358182842450105 0.00011751228868834119
1.2392716132756525 0.00022481155579723614
1.2477927010252865 0.00039367845890937226
1.2620197266724598 0.00021535133863488637
1.2735860390662912 0.0002678015524912769
1.276451382317421 8.545568896260706e-05
1.2958453339786669 0.00028757525405684754
1.301619510413462 0.00023037701874371674
1.3163837139634382 0.0001482865875433567
1.3410802366872816 0.00013210088975251706
1.3531422059204785 0.00030479178524096237
1.3648371755221738 0.00022096963885327833
1.3793415376532836 5.519930553370543e-05
1.3992022397594002 0.00042449017885011833
1.4064765626487352 0.00014815281994144804
1.4127184012246963 0.0001357541676072929
#kx=0.0, ky=5.0, Jx=1.0, Jy=1.0, Jz=1.0, h=0.05
0.012541832668637731 0.0001629308353685663
0.04218988602414986 0.0003091961871215322
0.07424104358850436 0.0001663693983620328
0.09599123638633467 0.00011366798943101442
0.1033117441653375 0.00041826854885634813
0.1120948050047127 0.00015185322774496132
0.12482652670517569 5.500402545639696e-05
0.14109367011351015 0.0002355122979662257
0.14761443636338412 5.6283658485041616e-05
0.1715381673297095 0.00040413599051623063
0.18937233849661395 9.88527772948456e-05
0.2121396177051954 0.0002173453793236256
0.21728690769753256 8.267049200223526e-05
0.2288478725131704 0.0008191404208541101
0.2455792212552088 3.3713839069259196e-05
0.2530701624537923 6.383292240840433e-05
0.2648487983738046 0.0001560999517126822
0.2716284632894861 0.00028007269634147496
0.2893271234202932 4.020107651653117e-05
0.29720804945381873 7.439728147750812e-05
0.3054879371621544 0.00020772062095243714
0.317192676080712 0.00030846722293554344
0.32317082552964116 5.142885502198557e-05
0.3298005919305952 9.213037774627306e-05
0.34021154174062873 7.710281805087558e-05
0.3507540373438106 6.873019494477102e-05
0.3723133269928336 7.969004717085199e-05
0.409359192305469 0.0001249233622766708
0.42060873224433026 3.169259632593815e-05
0.43019839477234645 9.508452625344069e-05
0.44597792171931383 9.940486959709035e-05
0.4478636099102751 2.7735405913223916e-05
0.46013154874807394 3.726508147600469e-05
0.46358493479690455 2.0293524851245578e-05
0.4722046617379566 9.544978678442972e-05
0.4852317517469329 6.730382548160683e-05
0.4880741552780343 3.2894889791635873e-05
0.495264389214935 9.248596102640992e-05
0.5290858772945706 4.1907769881550117e-05
0.5461081818646579 4.999858160310901e-05
0.5871255570544887 0.00011296014191778073
0.6138790484061185 0.00013302275417638522
0.6340086487627394 3.223266603012113e-05
0.6458031850272611 3.278084528359386e-05
0.6561548733776884 0.00019167147512208824
0.6917235353294887 4.1937730397642895e-05
0.7156996476804173 0.0001786905324714174
0.7241811328446901 0.0001862476992336139
0.7751708224565912 0.00012499860267190858
0.8035100303960252 0.0005087343465682754
0.8772844780762457 0.00012631373359920322
0.8859726323874179 7.168421009900463e-05
0.910079015912193 0.0004787165641553298
0.91803380877926 0.0002813212828021242
0.9264719175286995 0.00017937114863436008
0.9550513202646643 0.00019075128095503077
0.9665674239580252 0.00022080585616062907
0.9746892778774491 0.0006284024730682358
0.9923205497267928 0.0014028071616994792
1.0002897652682678 0.0002901763694155718
1.0141669934114572 0.00041510912349449565
1.0219590069165663 0.0003089760585915692
1.029954916740616 0.00018462464366610022
1.038577766714079 0.0005732752582596897
1.0454437710123088 0.00025666954433979004
1.0554351549635483 0.00010242438523999558
1.0606247972995724 0.0001381971282445982
1.0748549453528078 0.00027002367501986855
1.086828560716922 0.00014171496915768426
1.0990756789550664 0.0002304529044075101
1.1113585127303889 3.274572772887703e-05
1.1158002447563709 0.0006435082261223862
1.1241085839618932 0.00040500325107291406
1.1299310473898339 0.0002817433726856871
1.1455139552465254 0.00024300276524641374
1.1544056327930892 0.0005189160625555199
1.1607851437908345 3.135405086530396e-05
1.1698912335976697 0.00020452447393493249
1.17431740529655 0.00011806434006732438
1.1838074183758485 0.00020745562828236943
1.1991721246052633 0.0006592669892848074
1.2073423202248983 0.00015674938697425958
1.212287410052895 0.00019301252562431152
1.2254996643705058 0.00038070198639413667
1.2357762122255473 0.0002359567627634579
1.2425142977722277 0.00012489356787001677
1.246415014408675 0.00017871823723726775
1.2684981798509554 0.00022531936656216978
1.271325629425915 0.00012023853477858956
1.2869626694702525 0.0003699909800204215
1.2960323463501773 0.00025797017221664974
1.301985407175699 9.258255102686993e-05
1.3131677372231048 3.8305934538950234e-05
1.3339150209361972 0.00031019447631178674
1.3529506076329278 0.00025798533983758414
1.3672366380903622 0.00029019216963407186
1.3763542044671717 9.996683597167169e-05
1.396367293340458 0.0003802723474106757
1.4053398866648015 0.00024779396342899024
1.411460878411424 7.226716822187942e-05
#kx=0.0, ky=6.0, Jx=1.0, Jy=1.0, Jz=1.0, h=0.05
0.03960874640958123 0.0003599453076444183
0.07239808257886116 0.00024651906074995325
0.09021730328342248 7.289998337557817e-05
0.10266814252493539 0.0003367390094509556
0.1105775885101945 8.998703259674365e-05
0.12339787484953846 0.000188946536056739
0.14111998875311782 0.0002632803968156687
0.14732219390969248 0.00012813714464153254
0.1655114999035845 0.0005639551663942958
0.18445697026014007 6.103382930244267e-05
0.19959713682095315 5.9663569731480724e-05
0.21477254534726542 0.00020075349092838312
0.22149975391802246 0.000696601112809774
0.24332814717671458 3.305213842022114e-05
0.2499136469861113 5.802437023282647e-05
0.26234815527141686 8.037678862564984e-05
0.26758000990841413 0.00026921632432008096
0.28374174486917314 8.313132270296648e-05
0.29463718750572465 0.0001346274691859131
0.303719270076912 0.00022956622548125108
0.3121935553881977 0.00029825714275543477
0.31992951212681975 0.0002536708740171006
0.32925468643692557 4.058847193972212e-05
0.33772719567846 5.451652989302738e-05
0.3526331799002874 5.1199916156998954e-05
0.37368075967931347 5.121021426644162e-05
0.3913944505742806 8.826003906467097e-06
0.4104736437725709 0.00015237305643704734
0.4210840650824854 7.464672492466782e-05
0.43244655823940714 9.883301645753059e-05
0.44649680764170807 0.00015553514942541084
0.45225081374670517 1.4535420251932489e-05
0.4570274386951739 4.4060400538559624e-05
0.46416281901032475 0.00017441002009234628
0.4770355360366074 1.6079577884407793e-05
0.4869535669265984 4.6196597322314227e-05
0.4931263349209586 7.094393949514328e-05
0.5211553938171898 3.5044756433999475e-05
0.5369650143576543 5.8951345850563044e-05
0.5886994806700974 9.51858889579398e-05
0.6007040598935065 7.27351127004554e-05
0.6347981895528515 3.2265071564863936e-05
0.6465986456661893 2.3636406550250342e-05
0.6554735572508041 6.641247830825379e-05
0.6825586546821477 5.3086665363931635e-05
0.7047006591775329 0.00011149641348970369
0.7200212700097125 0.00013138588540414416
0.7631194690123805 0.00035971121028740075
0.7937025463849484 0.00031639322478322653
0.858650823066831 0.00025173771940417537
0.877840083943866 0.00017420994787591595
0.899353136547017 0.0006053663072936252
0.9182039215939897 0.00013988065596654974
0.9286099746797571 0.00016609194833568322
0.9505084436290778 0.0002487370523418859
0.9613608776667887 0.0002647303752278006
0.9732300658287807 0.00035659536591610826
0.9861179859798924 0.0015524695204087663
0.9966834964061133 0.0004352391147570762
1.0063590961812179 0.00038087339836691763
1.017769735397584 0.0001759116422352105
1.0270219692491533 0.0001874323495060608
1.0360162140914237 0.0006188316627188557
1.0426314471440978 0.00041589748896587824
1.056254361347998 0.00021082038158644025
1.060965777236758 7.520475240641027e-05
1.0681045929008692 0.00019049679846776366
1.0827066265773821 7.592038295727903e-05
1.0951690282844835 0.00015188839947631176
1.100263073293453 0.0003954851788526804
1.1136127559415994 0.0004891048758123391
1.118675399631992 0.0003730619039431622
1.1333226966662435 0.0004321773996633218
1.1395320156082804 0.00010503137484859599
1.1485741454928056 0.00010844132199337683
1.1577362362314925 0.0002798057467751336
1.1675713687889884 0.0003839801062533498
1.1780668222857615 0.00010337436181670233
1.1834928788725767 0.00014697993406503112
1.1938236131243196 0.0004611328303564398
1.2017355147630326 0.0004250904305806019
1.2126812449386022 0.00016749074586899353
1.2240014427167796 0.000388531093166403
1.2291180310867906 0.00020586406700062366
1.2386716349349198 0.0002520076798777094
1.24721534384717 0.00015344672017649787
1.2493400337336107 0.00014714407740317817
1.2662302398722547 0.00020753258735057146
1.2736632119175206 0.00022218529717057633
1.2929183225577927 0.00028088255717001063
1.2977097708137748 0.00026885658240874844
1.314004808061704 0.0001543459829889312
1.3324723915134777 5.294417246294619e-05
1.3465374693933096 0.0003347052324429802
1.3560209199786217 0.00021063661619942568
1.3737299825930582 0.00035692441570922805
1.385898937355619 0.00045939720506104335
1.4044085948729594 0.0002680663083352613
1.410681527204431 3.0483494431221462e-05
1.4251804651760858 5.0193264354922906e-05
#kx=1.0, ky=5.0, Jx=1.0, Jy=1.0, Jz=1.0, h=0.05
0.039286068575273836 0.000309345564363488
0.07056457532164384 0.00017302499573088588
0.09415482951491694 0.00011888182129846059
0.10288945184709519 0.00039931117554844125
0.11145083083315299 0.00012195816097865947
0.12194424530826808 7.389720567282723e-05
0.14147487086784927 0.0002182644305652392
0.14598817542699316 0.00010923117943611279
0.16773470313383443 0.000387689886011436
0.18413660682242372 3.73562198671077e-05
0.2028044260679901 0.00011446264141572734
0.21465542083001388 0.0003579840320428524
0.22220729685152318 0.0006652850107969197
0.24723375566153338 3.8130401684362566e-05
0.2502019950788942 6.545951323342054e-05
0.26524711805871015 9.661911697634371e-05
0.26811312894105543 0.00026780803633326644
0.2867985642808235 3.1554153418311675e-05
0.29562633909733627 0.0001708183954686719
0.30347019262854213 0.00019435936712739913
0.31636530279679387 0.0002995737774318961
0.31967148984297755 1.3048656138273057e-05
0.3248553876709692 9.355825723452184e-05
0.339042961078031 4.5565908819312966e-05
0.34859629025226657 9.306775211421147e-05
0.3725470997200564 0.00010971307179302329
0.4074093800539297 0.00010946706859788546
0.42076719574636545 6.831285079771264e-05
0.43120269740570427 0.00010716138260747798
0.4421309848084193 1.9647189003545098e-05
0.44728912473408156 0.00010659874602257397
0.453527858601927 2.2330845215185728e-05
0.4624459587909979 1.3249970327780539e-05
0.46716047484829826 0.00011101682669082071
0.483228818621384 4.111778780932122e-05
0.4858286711129023 0.00010299308502618842
0.4903396476125327 8.450467119864868e-05
0.5225457720956178 3.692202986541436e-05
0.5586356758546446 0.0001087701370436114
0.5904520385870005 0.00011701127532054846
0.598003457399246 4.10766279958797e-05
0.630243756695727 2.26169738023496e-05
0.6473715050239826 0.00014347821962740385
0.6538664968291313 2.0633644542425018e-05
0.6836899933920737 8.95928841598235e-05
0.702430998040458 0.0001612570332796276
0.7180793427180998 0.00017589167636294115
0.7705660316003476 0.00016985830053905702
0.7835742098512077 0.0004381823075682443
0.8615228648823842 0.00033934942988622196
0.8798395889006144 0.00011191616537056212
0.8965253177270027 0.0003412192039701249
0.911011801343522 0.0002793843749362892
0.9237690456805975 0.000131074405953469
0.9521956299802586 0.00018416615431770947
0.9618330030230854 0.00031849114713838645
0.9740249625835262 0.0007363573398052824
0.9878731599673657 0.0010210534940405672
0.9964499243402714 0.00045504196078756176
1.0028916614872903 0.00043341692631212433
1.018828062566675 0.00022487987481536748
1.032780007546021 0.00031004100184983435
1.0337003156821694 0.0003899954380018687
1.0447976199501214 0.00027299571785842266
1.0551283248124217 3.904501880603505e-05
1.0600522807232253 0.00023804674803813234
1.0688438142919088 0.0002181903802777898
1.0860362851101968 0.00011392968716663495
1.0945660678426243 0.00021584242043107138
1.1007071630575456 0.0006205688357493706
1.1116893215806933 0.00044900006826986574
1.117737620131235 0.00013098631969225488
1.1283567007557949 0.0002725546357622717
1.136413968041809 9.632930112728961e-05
1.1400421646635917 5.0425017315730094e-05
1.1534208843673328 0.0004035595043715685
1.1663082945542835 0.00021236433353661664
1.1732829734489303 9.804293317398438e-05
1.17848288683492 0.0001235486913347944
1.1941901401232529 0.0004417750811808588
1.2035322528413932 0.00037014577244133366
1.2113492742612615 0.00022190545898084476
1.218286576714105 0.00012309374284064399
1.2264483781543483 0.0005055390226588457
1.235329571810383 0.0002084691293705196
1.2440171704345104 0.0002113050210057335
1.2466227516018158 0.0002915326114315121
1.264112956262013 0.0003788890779453989
1.2703024614440155 0.00018999832696312385
1.2833393681684306 0.0002547346823596626
1.2921286908189888 0.0003603011472529112
1.3044537648223065 0.00015797121737549393
1.3250535173202727 0.00015164287046667927
1.3341821654557096 0.00023380737436855893
1.3556509918176662 0.00024540996663073
1.368252839408754 0.0003118533252761758
1.3774901629517773 1.9319595232266897e-05
1.3979408766237427 0.0005630531968151631
1.4061179394664147 0.00011050542491889259
1.4181749537966852 4.144911367963508e-05
#kx=2.0, ky=4.0, Jx=1.0, Jy=1.0, Jz=1.0, h=0.05
0.03906310893104503 0.0002537573442405843
0.06916856298824492 0.00016418169671960617
0.09720212750110424 0.0001807564378743762
0.10239038672158307 0.0003266118522260316
0.11411965663720935 7.99945404689921e-05
0.12240457156901585 6.030574649363187e-05
0.14065035536545922 0.0002024774256466859
0.1446975027803743 0.0002862930278513247
0.16993898337191282 0.00019827084706394794
0.18320933662540062 3.670813678638938e-05
0.20804354650015788 9.64918673707028e-05
0.21516475038037608 0.00037265997397453087
0.22280104678015833 0.000576139621158949
0.24864324519470682 0.00011943825306028454
0.25294549792457766 0.00024297806259536333
0.26593697718174325 5.301955017371114e-05
0.2728871708873737 0.0003052555303820156
0.2888194393411303 7.114583736299245e-05
0.2975651510851207 0.00023772805117271313
0.3064312191185925 0.00011367544514186639
0.3149625365211828 7.315932932995466e-05
0.3181900739307031 7.992881318917043e-05
0.3248600379144495 6.39062914078358e-05
0.3410802929242651 5.908287597454025e-05
0.34650146679779337 7.692837335520003e-05
0.37342536319466935 0.0001448528946526483
0.4037199467128416 0.00018097227009226374
0.42023163563899846 0.00011538524168175566
0.4312560393609055 4.627596883366516e-05
0.44713395387877997 8.56427367028457e-05
0.4536745987406221 6.796203055307008e-05
0.4649367831226592 7.510183368408232e-06
0.4685006785819307 0.00012638578233534203
0.4785986876568904 4.0275315098787696e-05
0.4842164056580883 7.888053975844998e-05
0.4902005090861655 7.762241947393457e-05
0.5229843640267295 2.6867086519436383e-05
0.5445367710118088 4.4165043575474366e-05
0.5622799668299755 0.00031134497682974824
0.5892578841618301 0.00012787098292876798
0.5955126327823446 6.14520556726432e-05
0.6239565306491773 3.762810042212732e-05
0.6450040208103902 0.0001932036156689193
0.6556227731515712 4.2175521456726346e-05
0.6914271390114796 9.824475155785542e-05
0.7074756945547672 7.254852880597089e-05
0.7215802434058255 0.00013613486696172804
0.7638789021732412 0.00012607281808339876
0.8025333715592159 0.0005217875868199365
0.8625129709989465 0.00021672162563741507
0.8810152848135211 9.675802054590613e-05
0.9033783497549747 6.048228831799118e-05
0.9089585702391911 0.0004288719130178323
0.9214693170585808 9.604817702930793e-05
0.9475610325184147 0.0001876319314964701
0.958180895786348 0.0003419794473958223
0.9714343744511761 0.0006378365860489108
0.9853609315776984 0.0007625541049090408
0.9941123034609345 0.0006472122140250272
1.0024166695886634 0.0004114267209785835
1.0182345065427905 0.0003002663550458999
1.0239535678728506 0.00026192727721311885
1.0310077500743837 0.0001789294439753748
1.0415285848893823 0.00028674704571950724
1.0503842629640707 0.0005072024911868978
1.0612331770448358 9.239957411228238e-05
1.064681604776045 0.00017910193837517607
1.0700791918696972 0.00014431327461606337
1.0920785308416625 0.00022298859867808332
1.0951676694419 0.00038264709013873
1.1055234103081069 0.00030030078584182654
1.114492263215231 0.0003549560527286064
1.119781709590738 8.610239815556003e-05
1.130404975276319 0.00015095287898886508
1.1370738793504154 0.00019012374458548045
1.1489572091136524 0.00025717227368710207
1.1599741199193119 0.0003280400594069224
1.1700418413261167 9.791838147389014e-05
1.1751747069516312 0.00010784497823702625
1.1932723486373127 0.0003364493316498561
1.2030763874778172 0.0003225383814574958
1.2107798416934097 0.0002174714809190543
1.217809250869037 0.0004636647393285802
1.228547879631043 0.0001797875302896529
1.2382453843421226 0.00019697825991872028
1.2476748154093493 0.0005223142724307829
1.2499779962259994 0.000453217690714976
1.2680257925782685 0.00013754609923826789
1.271559555692734 0.00020295667395948296
1.2818186311442297 0.0002777201563491817
1.2928576687528874 0.0005096534300790241
1.3008255670218682 0.0001336596957018441
1.3235379100649214 6.0392881727781324e-05
1.3410450207701392 0.00032399711392624726
1.358839770468356 0.0004676836992570613
1.3701364260679365 0.0002971678807085335
1.3857476151599983 8.90202375505524e-05
1.397446975478474 0.0004229618491805225
1.4088345682916374 9.476858151024661e-05
1.4257165824894258 3.273496590989368e-05
#kx=3.0, ky=3.0, Jx=1.0, Jy=1.0, Jz=1.0, h=0.05
0.038702593138894015 0.00022658807174636997
0.0695888329081118 0.00016514143593546004
0.09787833935866297 0.00026250528296325044
0.10186308739465577 0.00022836304847951975
0.11521656189329876 8.667590787571707e-05
0.12234925575165256 6.708059871825247e-05
0.13883388298949084 0.0003564065693043237
0.1429412770398114 0.00035752745658393175
0.16987968865328607 4.9122282653811355e-05
0.17979272780692945 0.00010463828308754628
0.21159093119880235 3.433544408982603e-05
0.21612067192106843 0.0004014089946394379
0.22390346115394644 0.0004700365739885946
0.24832172733357027 3.796589248095227e-05
0.2506187252760478 0.0003343940283036919
0.26753786058854645 3.372991280479086e-05
0.27326221187440825 0.00036097867342769016
0.2917221658351632 0.0001351975908229043
0.3039904852093911 0.0002655554968748903
0.3072701124110927 0.00010979863278707002
0.31431957925805054 6.958678110405716e-05
0.31831269118368255 3.6522181709194593e-05
0.32566746735390506 0.0001405752976679945
0.3426829736592829 8.44822561935528e-05
0.3451203626590449 2.5310936076124603e-05
0.37722261874946816 0.0001327901266760806
0.4046131588716467 0.00033118716434891895
0.4182828673663225 0.00017469012810901138
0.43341749163632926 2.550039464571917e-05
0.44630409801861726 9.678642046290301e-05
0.4526099784819232 9.209668325525804e-05
0.46314934773887984 2.7808622590687754e-05
0.46820031906302906 4.105569932314425e-05
0.4810791019380717 5.105201554339167e-05
0.48239306875679844 9.374999258121111e-05
0.4887752780853244 8.319058087544775e-05
0.4950204683440984 6.766825475485254e-05
0.5216668817134806 4.697508917704451e-05
0.5464199543857495 0.00039197835770407466
0.5878205617320892 0.00016882793030038388
0.593549940621233 0.00011031797738092098
0.61227094565247 7.237632773497157e-05
0.6431733262914435 0.00027381938149900216
0.6569339711875649 5.593809497552325e-05
0.6889863670145502 8.670629491624551e-05
0.6936713325438676 4.573878387420516e-05
0.7194927976074933 0.0001635305354702728
0.756030603866456 8.807284488974693e-05
0.7721533651110374 0.00012979212615352192
0.8459257218621663 0.0005223128962196896
0.8756386345027878 5.806876683117905e-05
0.892665877303751 8.322903039210803e-05
0.9045309894779957 9.60544344818868e-05
0.9170934150043808 0.00012846264143625551
0.9238316221971743 0.00016182496104114546
0.9564398448954903 0.0002967063878917484
0.9614769531361783 0.0004441853971734278
0.971464426004014 0.0005467183860447803
0.9869480685920373 0.0008971434772648644
0.9961419788556908 0.0004373444473040652
1.0048067979185844 0.00026215097643524625
1.016519245713221 0.00028442563025769276
1.0224172503199658 0.00036997911616436913
1.0345828744955838 5.1287809744666974e-05
1.0437037368607354 0.0007900462135544292
1.0556847793649993 0.00016176213608091984
1.060784607878038 0.00033494503592111603
1.071123305001966 2.885589927018208e-05
1.0813172397522104 0.00011708961491476433
1.0941021247831846 0.00022528211651820946
1.099487036419458 0.0001419828589905574
1.110621893299823 0.0001987352772300003
1.1136593651974858 0.00023925348496521245
1.1188935429364073 0.0001736578477462841
1.1352854146460123 0.0002938420938610366
1.141924577453256 0.00018831314559358305
1.1531480511669823 0.0002869216441515596
1.163749839839507 0.00013752484231441354
1.1769889139977041 0.000285066956447184
1.1839642371772978 0.0004059423393370387
1.1949447945407476 0.0001458718929436549
1.2020802323543078 0.0004980972588792203
1.2092146627032363 0.00015589179471678128
1.2210857999691282 0.0002444889172819479
1.232828202073701 0.00018938577538815137
1.2442049324306166 0.00035205183738788205
1.253648393793848 0.0004077635601500263
1.2611110728759396 0.0003593600328433773
1.2696629771322216 0.0003938209061573761
1.2796487452450833 0.00012913334393002375
1.289280020634438 0.0003240066821921073
1.2979556723055552 0.0003668198367177389
1.309389469722087 0.00016213962305801005
1.340086956053888 0.00041725009863366057
1.3566454550961649 0.00034094098818770514
1.3706544584542306 0.0004427486779589462
1.3828961107738573 8.608929159142999e-05
1.3945237353720157 0.00039796665264440535
1.4068455291051345 7.136212348880052e-05
1.4215914113822952 6.877568605168691e-05
