#kx=6.0, ky=6.0, Jx=1.0, Jy=1.0, Jz=1.0, h=0.05
0.14225707912979335 1.69705353403791e-05
0.15242210224651387 7.607176983558945e-05
0.17766419873445294 1.235022107777805e-05
0.1987566157068954 8.776475516782602e-06
0.22560697446236178 5.344788465008103e-06
0.2432441216348069 0.0015451556766176093
0.27861712321784027 3.808148319472753e-05
0.2838157715368922 1.6170520050706006e-05
0.2929696763190681 0.0009359006339833156
0.3150650256665216 4.256542728140131e-05
0.322012736210599 0.0002482029007232161
0.34158358362337327 7.221570983317826e-05
0.3560451707498363 0.002169061275900489
0.36571921103203286 0.0008024025350860625
0.37089062898256475 0.00011355825035855732
0.37454094395787285 0.00015076648199772929
0.3776266159915115 0.00013570753573605696
0.3883341703962384 0.0001884770016370925
0.395219326856463 0.0001828354878701775
0.40658093004689255 1.7577405292015648e-05
0.5261518261857506 1.763091998107392e-05
0.6772431570261445 6.633588542422316e-06
0.7492590240201069 9.407916932894723e-06
0.8317126516062306 9.542854264386911e-05
0.8455896367422389 7.059383486653674e-05
0.8598762003923349 8.644456035371066e-05
0.8759359469213507 0.00011071490532784298
0.8868224991089968 5.519120357100969e-05
0.8951461407290712 2.2642376230699993e-06
0.9018074428077877 6.98046262243461e-06
0.9079976725265809 8.44215042789424e-05
0.9211796155860064 3.4350033184504e-07
0.9336861922737244 3.1270126249330127e-05
0.9420797313326523 2.8641167811589032e-05
0.9453267073979477 7.82268442090804e-06
0.9744211777667339 1.3204204522757643e-05
0.9956629464304556 1.5648811493573063e-05
1.0065835711801085 4.3476966641840304e-05
1.0358988299763439 4.829759959196928e-05
1.0450503805504663 9.297849881629887e-05
1.0696195803829944 2.2306992381789313e-05
1.0971898682393932 5.400689781897941e-05
1.102057947085452 1.6729094581163087e-06
1.1288107364578086 3.1150688129712063e-06
1.1364100243861486 7.979780066293564e-06
1.1458925025258733 1.3025400939478486e-05
1.1523454452691446 2.007286800092174e-05
1.1905203213696192 7.759693279673686e-06
1.2251407340941882 1.884538884373864e-05
1.4472262137141312 1.4105463279638018e-05
#kx=5.0, ky=5.0, Jx=1.0, Jy=1.0, Jz=1.0, h=0.05
0.011264890426122554 4.158483326091841e-05
0.14604299387039443 5.405398534147398e-05
0.15370443299469572 3.540985437175778e-05
0.19198844150320749 5.412263897402892e-05
0.2048282190859091 3.5947601590138965e-05
0.22674607107813383 2.7945097896365206e-05
0.24042597518791176 0.0014278110183331878
0.27773823167594747 9.039220194263953e-05
0.2837688113164949 5.762774246404293e-05
0.2934691629488234 0.0006231325877158434
0.32181276594805686 0.0001299673128661643
0.3299721405735162 4.260718138378853e-05
0.3488816888466023 0.0003796912178747629
0.3573875692988915 0.0016077037688570553
0.36643432332084946 0.0005750352458276831
0.3733327423157978 6.562118729812249e-05
0.3770177196321034 7.789045144878649e-05
0.37840681173415935 3.371874092782328e-05
0.3894820753107342 0.00019062606173902982
0.4007746117701527 7.241689737376292e-05
0.4215513607968391 5.582784682543547e-05
0.5545750153614165 1.071421169464237e-05
0.7090948989954737 4.788609938333964e-06
0.7594884810269142 2.2253447068082443e-05
0.8399231955998093 1.5756640234902626e-05
0.8612387326197296 5.173446469689324e-05
0.8689551538102674 6.181980234460688e-05
0.8821550671957118 0.00019397487887692834
0.8918172314062089 5.546287134353239e-05
0.8988493867427749 7.42365776563936e-05
0.9042883359161019 5.64936129184779e-05
0.9108060174816246 5.094905239255111e-05
0.9282219834926436 2.568755423031037e-06
0.9385653305802921 2.820596109162615e-06
0.9421665555088243 4.244996655848996e-05
0.9480041885358137 1.8683550478165676e-05
0.9788986266601846 1.8761553216477367e-05
0.9990094336399408 4.241194942160011e-05
1.0177808664682724 0.000105965589911597
1.0355884508592479 5.609869134916054e-05
1.069474681206482 1.0030523615244546e-05
1.0906868139672088 4.834117537964318e-05
1.1023028357011162 3.5241411656736284e-05
1.121737185663969 6.992014377673246e-06
1.1340817821537774 1.6514804105329144e-05
1.144744494317852 1.7451916650962376e-05
1.1542459137666061 2.878363118317958e-05
1.171322035804524 5.552734200624854e-06
1.2122415223611038 2.4135842356108397e-05
1.2619721032222264 2.5551507970079245e-05
#kx=4.0, ky=4.0, Jx=1.0, Jy=1.0, Jz=1.0, h=0.05
0.14284821626903532 2.3782614468313434e-05
0.1571619560926546 7.111375704300261e-06
0.16677668129618572 2.0253233239869954e-05
0.19814686843994123 0.00018096196350225383
0.223637955191604 0.00019139848024288773
0.23781970869453883 0.0009328441957129948
0.27704612704436693 0.0001175479929598846
0.2835542756461562 5.885346087059183e-05
0.2937720971307345 0.00037602281884070303
0.311093001729022 3.687985657908106e-05
0.3215192387959076 4.831277416041227e-05
0.34130168940589456 3.799873098351509e-05
0.35509708175597177 0.0013403225147970888
0.36606774693945965 0.0004263028274102033
0.37092681039436304 1.1324747209202835e-05
0.376124855220899 4.7695682419630336e-05
0.3778685141600058 1.992610685729227e-05
0.38865224885248406 7.682571008373229e-05
0.38980190052306296 0.0001587205316925935
0.4061384545763874 2.971692112898754e-06
0.5123156390433192 2.1677909897620922e-05
0.628130927711052 5.299762527745014e-05
0.7272468572784052 2.3078961936626282e-05
0.8372123204318604 8.276950727384925e-05
0.8607210923096303 5.5974466047984286e-05
0.8658638310618144 2.6227180071121003e-05
0.8749196552516242 0.0001175045010002811
0.8890735932032734 3.968045066293716e-05
0.8996502953353613 8.790158849753133e-05
0.9013015058406831 2.8069012104561648e-05
0.9105278990857879 0.0001259283087068216
0.9133810717792912 1.84337293047871e-05
0.9338901515947118 3.805877760312392e-06
0.9412489573175276 1.6169944752348395e-05
0.9473433259692565 1.7644433595075913e-05
0.9710344595622716 3.742499503815913e-05
0.995630616986527 2.2694865340075105e-05
1.0003084586840032 9.389392003296004e-05
1.0322660937189103 5.1020921288498394e-05
1.0367372332130165 7.305471955780254e-05
1.0659745946336736 8.943934396111131e-06
1.0713775779527706 3.905399045828169e-06
1.0920308567569408 3.597403659842471e-05
1.1104485818428138 3.161629720930295e-05
1.1184542095500065 1.668785343633422e-05
1.1306039294096704 2.9746906396247015e-05
1.1405655927706144 2.7499448671974037e-05
1.156118582398753 2.2160547475812333e-05
1.178810783064973 4.513436103009232e-05
1.2171032616381412 2.0769631309025578e-05
#kx=3.0, ky=3.0, Jx=1.0, Jy=1.0, Jz=1.0, h=0.05
0.1461867910180803 2.0250702130202152e-05
0.16019913787565343 7.803324915729223e-06
0.16671632846628037 1.14022594533244e-05
0.19812443414215508 0.0001523140671297532
0.22347671272362812 0.0003307971412015826
0.23624843952170238 0.0003415229685622214
0.27718015597987367 8.64777098583788e-05
0.28613791127476695 6.481716478987691e-05
0.29342137992593 0.0002502051191347986
0.31087007205876815 3.9451713241250165e-05
0.3206949375857099 9.230980284267902e-06
0.34324907892062106 2.605370054641864e-05
0.3545536290192547 0.0009202526023979364
0.3663657951753696 0.00021715523599858002
0.3704224686975194 4.4394253013294725e-06
0.3720682093221511 1.829462383157112e-05
0.37825247853057076 3.285692094351155e-05
0.3818003545358789 0.00010205744293551004
0.3878521137656904 3.869336884800577e-05
0.4060507416472109 7.496711023403035e-06
0.4908790177214073 6.953989553332538e-05
0.5840194060060977 5.60496060980743e-05
0.723509898451134 6.139518639960025e-06
0.8379546552932265 7.51129369474146e-05
0.8419326898347823 8.184964721847282e-06
0.8635037769540593 0.00011990796768555441
0.8690873069263411 3.06182413053314e-05
0.8824195443486049 5.216178012339517e-05
0.889405418765491 3.318352700536898e-05
0.9017598004004168 5.9036126976219044e-05
0.9057727290370643 1.2842532472180785e-05
0.9117383963855569 7.98862558670612e-05
0.9157248755102321 6.505952509384201e-05
0.9347220856718946 7.562969699598358e-07
0.9431167122574213 2.6550598041420547e-06
0.9534272655804643 2.6008312189819873e-05
0.9681590301763776 5.2055598373481104e-05
0.9949881947285799 9.282082945006307e-06
0.9990252535512401 0.00017411407659685734
1.0287355279968324 8.310027705703395e-05
1.0327297478244564 3.933886090377252e-05
1.0603830850118507 5.859647415478466e-07
1.0921945212390844 1.6124066468336396e-05
1.1087738286919757 3.266809731916145e-05
1.1171911026895631 1.3757984185169944e-05
1.1277704314961556 3.7702481670208126e-05
1.1362659037429557 6.802396290248052e-05
1.1577507688381672 7.889064072256622e-06
1.1660980003067778 6.991424895887887e-05
1.2200091279657936 2.5525182790416867e-05
#kx=2.0, ky=2.0, Jx=1.0, Jy=1.0, Jz=1.0, h=0.05
0.1510096301700531 1.4133801831468605e-05
0.16778888458103491 1.0988542005516761e-05
0.1756780949807002 3.5035166062857422e-06
0.196825979200283 0.00010509900232020081
0.22187734965682215 0.00020458074086961788
0.23444387084174956 0.00012100690193617656
0.2766223939763285 5.284724874059338e-05
0.28727170735321994 5.380025705681269e-05
0.28984164190538064 0.00011252227225492737
0.3025142407108272 8.579572298733733e-05
0.3176495479526964 6.419509572192482e-05
0.3263877181947539 3.243477487734443e-05
0.34561898171331873 5.620498065440154e-05
0.35723243006874905 0.00027636294929566735
0.3667932230150617 0.0001031341023840913
0.3712201113811425 1.4365413679000173e-05
0.3737375474007021 3.165746417893462e-06
0.37902827370954684 3.373388607669225e-05
0.3860504159776501 1.656133627347902e-05
0.39339490620062534 7.875580533906872e-05
0.4066824028983873 3.0892265702551225e-06
0.568904758743316 1.7815810769126523e-05
0.7183262017528785 1.9948983801172046e-06
0.7227043000363187 4.318023448332419e-06
0.8317779814840631 1.5794187480295304e-05
0.8579298360495924 2.9363017795132518e-05
0.8634680228471142 0.0001464544480601143
0.8759834639257902 3.457776640640928e-05
0.8865074699946102 6.498515810048653e-07
0.8970386715005713 7.590818399322667e-05
0.905625527898371 3.419258999357391e-05
0.9108465325042114 2.117791453786898e-05
0.9181599212345387 9.302888408594176e-05
0.9332763316906234 2.843266331968963e-06
0.9413834097402346 5.813604371308923e-06
0.9512645442056433 2.769900780511782e-05
0.9662624152570493 6.155834339457476e-05
0.993587838450582 1.9679666697600205e-05
0.9988612144392428 0.0002596735011473075
1.0254705156590331 4.949365439850465e-05
1.029568849401683 3.988617568251821e-05
1.049371785967983 3.5406067183531386e-07
1.076762815454524 4.653044830029176e-06
1.1062702625135552 4.611301349372324e-05
1.114972083804004 5.2063995179025436e-05
1.1235151049464032 6.745485269466432e-05
1.1358281956172127 3.662626934377939e-05
1.1434011163627473 0.00013305473186923727
1.1608027738970277 1.1872234538855677e-05
1.209663688133043 2.4886219235038305e-05
#kx=1.0, ky=1.0, Jx=1.0, Jy=1.0, Jz=1.0, h=0.05
0.017501495032549164 1.740518373687036e-05
0.15035524249867926 2.0551756969399103e-05
0.1708346221206819 1.584179686912405e-05
0.17986747395724034 1.1285403396782437e-05
0.19810014826862288 2.196009608544772e-05
0.21795588755825324 6.042453113068359e-05
0.23063494744392232 6.958454035167225e-05
0.25408875128575426 9.67726897561739e-06
0.28014139094959756 2.5465839223203532e-05
0.28860360487042935 3.668328355797878e-05
0.2930890369222444 9.373012159647859e-05
0.3201143922564753 4.430243242471971e-05
0.34284095680801097 6.97157746457337e-06
0.35078571843008166 6.43139830348643e-05
0.35830834704149384 6.454669764708363e-05
0.3673217329613171 6.996260575623825e-06
0.3707136986541498 1.3926027454250592e-05
0.3753016622499067 3.3491884575940378e-06
0.37919473726091335 9.99016468182921e-06
0.38732250814229596 4.435525603957321e-06
0.39473712597505206 5.229370035075217e-05
0.40767029693974666 1.2983499696600498e-06
0.5251482643357175 1.1339845057509064e-06
0.5737058101562909 1.6572041789644197e-05
0.7236655945672887 8.905393958325401e-07
0.8279505629350786 2.610717238564425e-05
0.8558716400801925 2.8795569306601032e-05
0.8581278501223777 3.464359198675729e-07
0.8712210174974577 0.00010959386134235231
0.8800336496118533 2.281887655495956e-06
0.8854884221806225 6.073832745580702e-06
0.8979334487082968 8.892530522283e-05
0.9056385244001358 2.8046128521070426e-05
0.9152379513052672 5.529351735566194e-05
0.924618342581286 5.368615069732393e-05
0.9383339458372281 1.7787630140641013e-05
0.9446413175452167 3.636212816785627e-05
0.9559624572906883 1.6059095632824606e-05
0.9692000432347703 7.348325443688336e-05
1.0006132878773955 0.0002907180891367219
1.0123840165262314 3.5236751040787585e-05
1.030320524317454 4.373707709203305e-06
1.0481088274618067 3.2272257123741034e-06
1.1024458261391978 7.429873339328699e-05
1.1075646202537226 7.90539011622775e-05
1.1276543408039714 9.162186023835818e-05
1.1357516759475306 7.523553774842655e-05
1.151212743915902 0.00013302893764283096
1.160951085232444 1.9951974128979654e-06
1.2036430565050626 2.9988103069400083e-05
#kx=0.0, ky=0.0, Jx=1.0, Jy=1.0, Jz=1.0, h=0.05
-0.014006126358627191 3.037133660085754e-05
0.1478940105837001 1.0449821782017795e-05
0.16181022201306516 4.167515980816933e-06
0.17359103085419048 9.605794037845872e-05
0.19686445094806215 6.96561318204574e-06
0.21972364857865245 1.212483920280594e-05
0.24520761639688748 1.743167911288164e-05
0.27317180581907796 1.0207344237226388e-05
0.28638364559584184 1.849112424441593e-05
0.28895205810304414 0.00012411571605977224
0.2965566678770398 3.6874745124332935e-05
0.3142163515976609 7.783119212362684e-05
0.3295050295006513 4.872801385797807e-05
0.3454292144062471 0.00033802389225431054
0.3555752187807848 2.8080716443998354e-05
0.36717754632530797 4.3684082093732817e-05
0.3693307945509622 2.415001903171787e-05
0.3745410565049895 1.1454404331603307e-05
0.37677673391287525 1.2718215529180385e-05
0.3822331730865336 1.2128675803278562e-06
0.3852401254735677 1.1603844794472065e-05
0.3922715295096618 1.1706970342666646e-05
0.40747019518369176 5.798509852241695e-05
0.5738329679568482 1.8552698739705583e-05
0.6703324658901411 5.664391680654518e-06
0.744471796694422 2.5538659608566235e-05
0.8287012119260279 1.8422659583879486e-05
0.8478458815213724 1.2356747037082086e-05
0.8610531923463677 5.433732170658986e-05
0.8734281174298575 3.8270987182738195e-06
0.8819462123752186 3.293866990677303e-05
0.8932512415567739 5.594180520648078e-06
0.89991655226975 0.00017971309782902547
0.9149731960451335 1.321158026327486e-05
0.9239113277086836 0.00014858025584168897
0.9332137413699221 2.0940509154910483e-05
0.9408696369672009 6.936226693585201e-05
0.9534764947552543 2.874268926578281e-05
0.9640475997382048 5.858752557694697e-05
0.9807902841120464 8.13091082565572e-05
1.0013176013664393 0.00021767132999207564
1.0179807664191465 3.920440390866776e-05
1.0350881301768107 6.097278047702461e-05
1.0537066464622673 3.409611253616748e-05
1.1013893854381485 3.906292101419305e-05
1.110257787619147 0.00015604585437547063
1.1360926993765115 0.00017934515005225813
1.1406662739591122 0.00013454677521819466
1.1595061692948738 0.00012155952744050248
1.162582163199028 2.85889495493456e-05
1.2082368069114686 1.0474195140538538e-05
#kx=1.0, ky=2.0, Jx=1.0, Jy=1.0, Jz=1.0, h=0.05
0.14858573200961844 4.918222092236482e-06
0.16528755227231184 1.0826674581038174e-05
0.1735115334098214 8.331343472374622e-06
0.1969479437433247 6.057934484035684e-05
0.22205508167267018 0.00013333010695972913
0.23443731288570469 9.805693098761812e-05
0.27647853249113896 4.1125585051534207e-05
0.2871844115354255 2.603811551932936e-05
0.289656766895533 7.41815010430613e-05
0.30256492225250564 6.0940622568623555e-05
0.3173330880843661 5.846188097513829e-05
0.32653261498034214 2.9257577581681384e-05
0.34520253425305736 2.6364060327357747e-05
0.3572189176350721 0.00016378159729754576
0.36720484082134464 5.826437489496249e-05
0.371261140823686 1.342364415714457e-05
0.3733464432422745 1.4270573229701217e-06
0.3792266214216966 1.7949982753297364e-05
0.3861111854791843 8.343389535877065e-06
0.3930363820190391 5.434518110622151e-05
0.40740809060604455 2.4463021779284967e-06
0.5705567806432893 1.6310639840156896e-05
0.7180693441725866 2.249856310267115e-08
0.7240881955741291 2.3036723230186726e-06
0.8317784132183648 1.449249558979314e-05
0.8587395936726105 6.963307980622199e-05
0.8627877816047363 0.0001224807120975504
0.8771807736834308 1.3245829407110664e-05
0.8881387695225568 3.697103781798636e-06
0.896448234505895 9.250219479418247e-05
0.9050922828372138 4.105994464010571e-05
0.9111908735638791 1.0886955177358761e-05
0.9197950933360605 7.982331081248482e-05
0.9342499831820084 1.4647319827272995e-05
0.9415380446153876 3.468944694891775e-06
0.9504060424185817 3.0419857264409167e-05
0.9652191371868218 6.650601272111552e-05
0.9951903152422809 5.168568984016553e-05
0.9971624200593088 0.00024170157078281363
1.0208863059994533 4.95251195046979e-05
1.032903592929566 3.383989492111974e-05
1.0474558004413315 3.3661929877325413e-06
1.0565338717631594 3.523912704653866e-06
1.1035462832570038 8.188267953846319e-05
1.112459544001989 3.5018818352184096e-05
1.1238604440499085 4.9185995280019585e-05
1.135308696456903 7.533489664475735e-05
1.1461721979920676 0.00011289171541367778
1.16106840694159 4.260105018007234e-06
1.211627027549016 2.7058181357123974e-05
#kx=2.0, ky=4.0, Jx=1.0, Jy=1.0, Jz=1.0, h=0.05
0.1381059239878174 5.868360833615425e-06
0.15576769928631773 2.286032761560137e-05
0.16377423160786553 5.296789174507549e-06
0.19732585607580733 9.271053175783759e-05
0.22385419256362726 9.900978456501319e-05
0.23764470117419 0.0006524663319940774
0.277642561206759 9.365970518584539e-05
0.28537939125147516 5.7977960634621685e-05
0.2928125589403424 0.00024993795641684957
0.3133848342635498 3.4170082765305954e-05
0.322249183401504 3.953500114680933e-05
0.344734518325861 3.065566301693543e-05
0.3544886524765267 0.000808896555396039
0.365853002917112 0.000275482928425183
0.3701485700194346 1.5115966385801406e-05
0.372039059463839 2.199421013914502e-05
0.37710621255085286 2.28471276133814e-05
0.38137699853483975 9.464745621920544e-05
0.3881011614816854 3.6888499357801924e-05
0.4067922180240502 7.382043171620807e-06
0.4705525128893051 2.5090727681445447e-05
0.5844667517748892 5.926019159590843e-05
0.7234964624731771 3.066920799186671e-06
0.8442922532531832 0.0001501894096444955
0.8574637499106219 2.9281443869486264e-05
0.8666882750618354 1.827476834386107e-05
0.8745443756985927 0.00010597142728243901
0.8925453631818925 1.693902035577882e-06
0.8996402016999772 8.404637249995865e-05
0.9019528020878204 4.03417946400182e-05
0.9135398509487386 0.0001012075439341083
0.9169686634847796 3.8419171958442466e-05
0.9340246912384359 1.634001386651809e-06
0.9420888622362955 4.2418908792402195e-07
0.9505124911025808 3.307800668111728e-05
0.9656266992661872 4.975692723232695e-05
0.9957287358146327 6.70890282816652e-05
1.0030815875416672 8.205477008168598e-05
1.0277691199214263 5.9735324124041764e-05
1.0419202943578605 5.278795348804539e-05
1.0542511134539445 1.598114139129416e-05
1.0707454446462261 1.2794918532747267e-05
1.091972465838582 6.356449965997924e-06
1.115118073792677 2.5576866610386703e-05
1.1193936348539975 1.3069059191398097e-06
1.1266419369481921 3.721691030112333e-05
1.1385917732888946 6.379026028405453e-05
1.156509472281157 2.6300044580590283e-05
1.1700444994447952 2.6439817801978337e-05
1.2301052572634363 2.5829513729597514e-05
#kx=3.0, ky=6.0, Jx=1.0, Jy=1.0, Jz=1.0, h=0.05
0.13396501558341156 2.7417455467874542e-05
0.14856969558404431 9.302195108759258e-06
0.16174768113063898 2.7378542195251964e-05
0.19757450297694767 7.426091864446583e-06
0.2248021383081361 1.4894044587277511e-05
0.2435569085349576 0.0010934813916612456
0.27866315548864373 8.919656060837094e-05
0.28380167829201275 8.66178428425205e-06
0.29247877435991554 0.0005891925712971148
0.3139704167771773 5.018888905448436e-05
0.32194495088695485 0.00012572148631711554
0.34503360359842417 7.216116362923381e-05
0.3543088772068159 0.0013120408603559106
0.3654626734386829 0.0006128780099195152
0.3699534809950211 0.000128445372050575
0.37496241816818376 5.298236362865121e-06
0.37714361154926435 0.00010816885070936692
0.3866655923291046 0.0002657902760970058
0.3897566748253678 5.689819461201056e-05
0.4047507696779268 1.0682807439902012e-05
0.48987902182466014 3.868539617231313e-06
0.6211349821077627 3.511686803353955e-05
0.735410466503757 1.0318852381603709e-05
0.8316799932042246 7.440721529537809e-05
0.8514399491194596 1.2535744448592526e-05
0.8613150670988173 8.018905543416675e-05
0.877161091770986 7.391324061886962e-05
0.8865350219095397 6.53342612655488e-05
0.8954090468537668 3.817770747764248e-05
0.903733028557141 1.5814951224951405e-05
0.9095869438551468 0.00012261628578336725
0.9227696297835136 4.189345897417275e-06
0.9331388097519167 9.947629119099577e-06
0.9411847898802389 2.6877107983053523e-05
0.9457652965315588 7.985097539741118e-06
0.9680611578503157 3.0270729198285484e-05
0.9951064046109892 1.913358143774874e-05
1.0071349109226642 6.230321687194491e-05
1.0304276254718308 3.23907381614441e-05
1.0470623228993126 5.753769646556448e-05
1.0574998871769659 2.9294269459233726e-05
1.0870722308328185 8.910653246729544e-06
1.1050907179538823 3.521944303441752e-05
1.1275205954170158 4.133365687204124e-06
1.135058370909952 1.1584956919475535e-05
1.1438753513808524 4.194695794097904e-05
1.156578212582005 1.7372559800700575e-05
1.1828067290154332 1.263409662951243e-05
1.19879140353315 1.3183329148072788e-05
1.2414045914165195 2.266607867655576e-05
#kx=4.0, ky=8.0, Jx=1.0, Jy=1.0, Jz=1.0, h=0.05
0.13209115368984004 4.2872305131830575e-05
0.14657909746900677 5.255052680918087e-05
0.1610658749242011 3.9332400068821166e-05
0.1978122954841227 0.00011981383217569862
0.23291132819651117 5.02910974319358e-05
0.24710370561923323 0.0005873977545929298
0.27937360509111164 2.260768526748531e-05
0.2851038369759695 4.455055481202013e-05
0.29127491410876394 0.0012541041333750315
0.3148252690145015 3.328448942705686e-05
0.32200747436234023 0.000203711171777488
0.3455004380734178 0.0001809474729075141
0.35499608362771273 0.0018840136365308958
0.3648936929243557 0.0006886703895292455
0.3707202339580562 0.0003111992308818318
0.3739359677848536 1.9222447505390654e-05
0.37715911207511055 0.000296995041064415
0.3845078243397271 0.0003848327338617607
0.3903779452627898 0.0001794217642876203
0.4026292332052195 2.3194117344846603e-05
0.4998237961076779 1.5003945371796342e-05
0.6357456158475638 1.664983153859746e-05
0.7400361272565664 1.0334452292952814e-05
0.8229508670686508 2.6627978293361238e-05
0.8400601090749965 8.880568541919897e-05
0.8534670370713809 5.104410231989537e-05
0.875631381355132 2.110314568885668e-05
0.8841977384168248 5.551182124426347e-05
0.8963665736907167 1.899563232906794e-05
0.9022561553581504 1.0788251635735223e-05
0.9147086121738046 7.159647877880467e-05
0.9235054430630651 6.4998071557492055e-06
0.932418285768416 4.43764410212215e-05
0.9433065719723077 2.0542037368334717e-06
0.947702686669134 4.623289381492737e-06
0.9684826806224628 1.821683664274807e-05
0.9948030449552453 4.837320202407154e-06
1.007657933291557 2.4009749310713995e-05
1.0305228787726612 2.191516125038118e-05
1.04482448778079 0.00010257907505722704
1.0599566717397817 1.106104827124841e-05
1.0678631384521475 9.111746623657954e-06
1.0884072830443787 1.151002824842475e-06
1.0990073659438337 4.934295095616106e-05
1.1423402847006066 1.4028229837271787e-05
1.1440575955638703 2.8972942289178898e-05
1.1511907778357222 2.939194496070478e-06
1.163402650203766 1.257711083218067e-05
1.2361884904554628 3.1593072257601494e-05
1.274964011584605 1.183892294070156e-06
#kx=5.0, ky=7.0, Jx=1.0, Jy=1.0, Jz=1.0, h=0.05
0.060491091796395224 1.9462076655875303e-05
0.1431302065042811 3.461259391525119e-05
0.1580377969436042 6.670787471799142e-05
0.19762650591494346 1.6973900958355696e-05
0.22613109943612375 1.1881016201823734e-05
0.23551213809074656 3.7312243923632647e-05
0.24714711592952132 0.0010642156932322668
0.2804108441975983 2.1666366747236572e-05
0.2854344312189938 2.9432804080733606e-06
0.29296267726428904 0.0011308914006570286
0.32130619817090145 0.000172562848650082
0.33009664854621146 0.0002703373729957586
0.34482468354513685 0.00021044969651566551
0.35666440767429364 0.0017329940817441747
0.36595334695238957 0.0010405171126016506
0.3721156258212649 8.747643751666591e-05
0.37463299056338883 4.850554314026382e-05
0.37804503965368164 0.0003068588284737139
0.38934760701720417 0.00020340801498717714
0.395148746434581 0.00015968854434381878
0.42491072536271546 4.066102432605639e-05
0.5640146165295712 1.2549656110186504e-05
0.7228152191278686 5.482536321877577e-06
0.7943140896482292 4.1356158571825736e-05
0.8325024424646055 2.146777113231411e-05
0.8504894057101592 0.00012532322345537561
0.861384221879809 3.9389152529154555e-05
0.8808353443493572 4.014950248440204e-05
0.8889407556787116 5.514421924209727e-05
0.8970860184355639 1.2676768486399745e-05
0.9094525876615145 1.2530506761693944e-05
0.9121072439016786 6.829741152178789e-05
0.9304495403978275 4.220306941145962e-05
0.9386004388162905 1.825284266702678e-06
0.9453864513616606 8.926994422885718e-06
0.952291192049991 1.089435387719926e-05
0.9788462653662588 9.928575706554878e-06
0.9993953439670783 1.400919900879816e-05
1.0145411693587585 3.5456785534504266e-05
1.0392838310018104 0.00010699517071579522
1.0632953760306392 2.71836344637026e-05
1.0916445360438165 2.3993713777375545e-05
1.0996592970943926 3.074106535078463e-05
1.120803345245211 1.598304034167393e-05
1.1382065282077003 1.2886160766107576e-05
1.1450257986667118 5.41230742930693e-07
1.152780330838064 9.558676145979115e-06
1.1728207334214673 7.441348889444636e-06
1.2096457509646108 1.8007120726614214e-05
1.340693190680745 6.95251051553695e-06
#kx=6.0, ky=6.0, Jx=1.0, Jy=1.0, Jz=1.0, h=0.05
0.14225707912979335 1.69705353403791e-05
0.15242210224651387 7.607176983558945e-05
0.17766419873445294 1.235022107777805e-05
0.1987566157068954 8.776475516782602e-06
0.22560697446236178 5.344788465008103e-06
0.2432441216348069 0.0015451556766176093
0.27861712321784027 3.808148319472753e-05
0.2838157715368922 1.6170520050706006e-05
0.2929696763190681 0.0009359006339833156
0.3150650256665216 4.256542728140131e-05
0.322012736210599 0.0002482029007232161
0.34158358362337327 7.221570983317826e-05
0.3560451707498363 0.002169061275900489
0.36571921103203286 0.0008024025350860625
0.37089062898256475 0.00011355825035855732
0.37454094395787285 0.00015076648199772929
0.3776266159915115 0.00013570753573605696
0.3883341703962384 0.0001884770016370925
0.395219326856463 0.0001828354878701775
0.40658093004689255 1.7577405292015648e-05
0.5261518261857506 1.763091998107392e-05
0.6772431570261445 6.633588542422316e-06
0.7492590240201069 9.407916932894723e-06
0.8317126516062306 9.542854264386911e-05
0.8455896367422389 7.059383486653674e-05
0.8598762003923349 8.644456035371066e-05
0.8759359469213507 0.00011071490532784298
0.8868224991089968 5.519120357100969e-05
0.8951461407290712 2.2642376230699993e-06
0.9018074428077877 6.98046262243461e-06
0.9079976725265809 8.44215042789424e-05
0.9211796155860064 3.4350033184504e-07
0.9336861922737244 3.1270126249330127e-05
0.9420797313326523 2.8641167811589032e-05
0.9453267073979477 7.82268442090804e-06
0.9744211777667339 1.3204204522757643e-05
0.9956629464304556 1.5648811493573063e-05
1.0065835711801085 4.3476966641840304e-05
1.0358988299763439 4.829759959196928e-05
1.0450503805504663 9.297849881629887e-05
1.0696195803829944 2.2306992381789313e-05
1.0971898682393932 5.400689781897941e-05
1.102057947085452 1.6729094581163087e-06
1.1288107364578086 3.1150688129712063e-06
1.1364100243861486 7.979780066293564e-06
1.1458925025258733 1.3025400939478486e-05
1.1523454452691446 2.007286800092174e-05
1.1905203213696192 7.759693279673686e-06
1.2251407340941882 1.884538884373864e-05
1.4472262137141312 1.4105463279638018e-05
