#kx=6.0, ky=6.0, Jx=1.0, Jy=1.0, Jz=1.0, h=0.05
0.14225707912979335 1.1533071414334202e-05
0.15242210224651387 1.6623181776843483e-05
0.17766419873445294 6.236971439854303e-05
0.1987566157068954 0.00014159874553307697
0.22560697446236178 0.0002957228484779337
0.2432441216348069 1.0440618213152758e-06
0.27861712321784027 7.982674730680746e-05
0.2838157715368922 7.727719758654006e-05
0.2929696763190681 9.229162371997896e-05
0.3150650256665216 7.567176606325675e-06
0.322012736210599 2.6404769050925112e-05
0.34158358362337327 1.5857526072842058e-05
0.3560451707498363 5.2582453486364575e-05
0.36571921103203286 2.4959102650854362e-05
0.37089062898256475 4.084715301122192e-05
0.37454094395787285 4.0106878796260085e-05
0.3776266159915115 0.00012901439841878548
0.3883341703962384 2.5460491644302884e-06
0.395219326856463 1.3356047800103448e-05
0.40658093004689255 1.5292648553944187e-05
0.5261518261857506 3.516558480714375e-05
0.6772431570261445 2.0549851454175255e-05
0.7492590240201069 2.1624930733742178e-05
0.8317126516062306 0.00021166926331652044
0.8455896367422389 0.00021808954797282524
0.8598762003923349 0.0001804743983777798
0.8759359469213507 4.819608569574473e-05
0.8868224991089968 4.1508229406191475e-05
0.8951461407290712 7.223273727589613e-05
0.9018074428077877 5.072219322408009e-05
0.9079976725265809 4.9692989467611515e-05
0.9211796155860064 9.759098978085316e-06
0.9336861922737244 0.00016232862315580606
0.9420797313326523 6.205854689489303e-05
0.9453267073979477 2.9668008877661465e-05
0.9744211777667339 0.00012241946546082678
0.9956629464304556 0.0002649161110923256
1.0065835711801085 9.535233244689367e-05
1.0358988299763439 6.250930843056055e-05
1.0450503805504663 4.878209441749588e-05
1.0696195803829944 5.384709752568113e-05
1.0971898682393932 0.0003987294631987622
1.102057947085452 0.0010321565864227092
1.1288107364578086 0.0001619481662770171
1.1364100243861486 2.6920576268329367e-05
1.1458925025258733 0.00093975560038785
1.1523454452691446 3.846875445957436e-06
1.1905203213696192 0.00020549335536963856
1.2251407340941882 6.0195192613150183e-05
1.4472262137141312 1.8458737785232422e-05
#kx=5.0, ky=5.0, Jx=1.0, Jy=1.0, Jz=1.0, h=0.05
0.011264890426122554 4.2584520158774856e-06
0.14604299387039443 6.3511212821523795e-06
0.15370443299469572 4.3679028553235724e-05
0.19198844150320749 0.0004364906698232646
0.2048282190859091 1.585752295257266e-05
0.22674607107813383 0.00042123931365080786
0.24042597518791176 1.5869904820785967e-05
0.27773823167594747 0.0002108402069123279
0.2837688113164949 9.25789574297322e-05
0.2934691629488234 0.00016116514764255723
0.32181276594805686 5.152945825797384e-05
0.3299721405735162 1.0079493375109411e-05
0.3488816888466023 1.3055978384841239e-05
0.3573875692988915 5.068945040010453e-05
0.36643432332084946 1.3310036314131225e-05
0.3733327423157978 3.556219017372358e-05
0.3770177196321034 5.086505161783492e-07
0.37840681173415935 0.0002361789516983004
0.3894820753107342 2.0382634253306402e-05
0.4007746117701527 4.53678377339361e-06
0.4215513607968391 3.588928531169891e-05
0.5545750153614165 3.189214786040514e-05
0.7090948989954737 0.00013274105072804782
0.7594884810269142 1.089788651744344e-05
0.8399231955998093 0.0007137832978168676
0.8612387326197296 4.0142579814773765e-05
0.8689551538102674 0.00017074652778631977
0.8821550671957118 4.470145039132298e-05
0.8918172314062089 5.991641923773641e-06
0.8988493867427749 0.00015294252729778658
0.9042883359161019 0.0001616882630269858
0.9108060174816246 0.00018366194210799465
0.9282219834926436 9.958470142771909e-05
0.9385653305802921 6.948501658505266e-05
0.9421665555088243 0.00013421313531436456
0.9480041885358137 3.3045435274787784e-05
0.9788986266601846 6.200897980407471e-05
0.9990094336399408 0.0005197825465837492
1.0177808664682724 9.355822423597294e-06
1.0355884508592479 0.00017265949583382495
1.069474681206482 3.6610553514634765e-05
1.0906868139672088 0.00011803047078424505
1.1023028357011162 0.001147100328827497
1.121737185663969 0.0003110531442351719
1.1340817821537774 4.052136735291144e-05
1.144744494317852 0.0005847026670103909
1.1542459137666061 4.8321683318087545e-05
1.171322035804524 0.00023036663978375223
1.2122415223611038 1.0126443041344821e-05
1.2619721032222264 1.5352439553714815e-05
#kx=4.0, ky=4.0, Jx=1.0, Jy=1.0, Jz=1.0, h=0.05
0.14284821626903532 1.833426823546191e-05
0.1571619560926546 1.4551752324105213e-05
0.16677668129618572 0.000123379270185487
0.19814686843994123 0.0004651171321353579
0.223637955191604 0.00035050403673942304
0.23781970869453883 0.0001315684247077864
0.27704612704436693 0.0003061953199569618
0.2835542756461562 0.0001563015511851348
0.2937720971307345 0.00022904647170472877
0.311093001729022 1.696953270311928e-05
0.3215192387959076 7.687592160396275e-05
0.34130168940589456 8.592945155755532e-06
0.35509708175597177 5.040319277176728e-05
0.36606774693945965 3.4549025552576294e-05
0.37092681039436304 1.581176739676836e-05
0.376124855220899 8.148948720560458e-06
0.3778685141600058 0.00017530027298098252
0.38865224885248406 7.628412522316021e-05
0.38980190052306296 1.050106949223046e-05
0.4061384545763874 4.006452168716675e-05
0.5123156390433192 5.796834106587872e-06
0.628130927711052 1.2826313943012587e-05
0.7272468572784052 0.00011017839466823877
0.8372123204318604 0.001014286397471099
0.8607210923096303 0.00011836795932270075
0.8658638310618144 3.904115702601256e-05
0.8749196552516242 0.00014008527474851322
0.8890735932032734 3.594852562940501e-05
0.8996502953353613 0.00013951063761108863
0.9013015058406831 0.00026991890931880657
0.9105278990857879 0.0002664494956220497
0.9133810717792912 5.2576486031210625e-05
0.9338901515947118 0.0001285256337381743
0.9412489573175276 0.00027811898388528086
0.9473433259692565 5.73428986277873e-05
0.9710344595622716 0.00011613613089927211
0.995630616986527 0.00033865422264744787
1.0003084586840032 0.0003479072487170838
1.0322660937189103 0.000146241138824888
1.0367372332130165 9.176885157570448e-05
1.0659745946336736 2.031953067635263e-05
1.0713775779527706 2.059319459489578e-05
1.0920308567569408 6.466182809819929e-05
1.1104485818428138 0.0006905772112689695
1.1184542095500065 0.0006617836844485277
1.1306039294096704 0.00011188977178840597
1.1405655927706144 9.134934065836341e-05
1.156118582398753 3.873455803152758e-05
1.178810783064973 6.929493516071367e-06
1.2171032616381412 0.00010490510571915107
#kx=3.0, ky=3.0, Jx=1.0, Jy=1.0, Jz=1.0, h=0.05
0.1461867910180803 1.2564419924833753e-05
0.16019913787565343 7.752249901502739e-05
0.16671632846628037 7.868717703173465e-05
0.19812443414215508 0.0004976748054380685
0.22347671272362812 0.00015364540789242548
0.23624843952170238 0.0003175505787139581
0.27718015597987367 0.00033704029118438567
0.28613791127476695 9.691723742824e-05
0.29342137992593 0.00023512263624949004
0.31087007205876815 3.2536945978800035e-05
0.3206949375857099 5.764231068783886e-05
0.34324907892062106 1.4871324005432238e-07
0.3545536290192547 2.2590902279287264e-05
0.3663657951753696 3.448329379989049e-05
0.3704224686975194 1.923202271728137e-05
0.3720682093221511 1.0137908508049334e-05
0.37825247853057076 5.231710774491408e-05
0.3818003545358789 7.230287484965634e-05
0.3878521137656904 6.653729268451519e-05
0.4060507416472109 3.5063319601680244e-05
0.4908790177214073 3.413194078532592e-05
0.5840194060060977 2.5267786666454766e-05
0.723509898451134 7.504728081885724e-05
0.8379546552932265 0.0008152177542498141
0.8419326898347823 0.0005049773746138441
0.8635037769540593 0.0005606465419907522
0.8690873069263411 8.110629178257863e-05
0.8824195443486049 3.0589275108274724e-05
0.889405418765491 5.553519327166199e-05
0.9017598004004168 0.00029750049799974547
0.9057727290370643 0.00013229390700300982
0.9117383963855569 0.00016049466354363777
0.9157248755102321 0.00013993960426003855
0.9347220856718946 1.3783485796747803e-05
0.9431167122574213 0.000364284472742533
0.9534272655804643 3.3928343836682465e-05
0.9681590301763776 0.00014530874546095013
0.9949881947285799 0.00014106056180563414
0.9990252535512401 0.0004925175793536006
1.0287355279968324 4.827655780154836e-05
1.0327297478244564 0.00013471389728374102
1.0603830850118507 3.5791905132932354e-05
1.0921945212390844 1.0875726867939958e-05
1.1087738286919757 0.00014828190382341525
1.1171911026895631 0.0006022235309274929
1.1277704314961556 5.192607450908513e-05
1.1362659037429557 7.122389696351618e-05
1.1577507688381672 1.7281966060647226e-05
1.1660980003067778 2.0403187204149888e-05
1.2200091279657936 0.00010946167374036917
#kx=2.0, ky=2.0, Jx=1.0, Jy=1.0, Jz=1.0, h=0.05
0.1510096301700531 2.408830839821612e-06
0.16778888458103491 1.8112282959545473e-07
0.1756780949807002 4.4719557723531193e-05
0.196825979200283 0.0005009990989710151
0.22187734965682215 0.00010655881241985622
0.23444387084174956 0.0003955915591178508
0.2766223939763285 0.00023672258240282492
0.28727170735321994 9.723182685920793e-05
0.28984164190538064 0.0001755441241828187
0.3025142407108272 5.259846676798704e-05
0.3176495479526964 5.804779694259708e-05
0.3263877181947539 4.522840428797493e-05
0.34561898171331873 2.9798287752712547e-07
0.35723243006874905 2.151109891011019e-06
0.3667932230150617 1.668380656104185e-05
0.3712201113811425 3.090995673542384e-06
0.3737375474007021 3.0129242557372983e-05
0.37902827370954684 7.450777229762345e-05
0.3860504159776501 3.885023555571369e-05
0.39339490620062534 3.681312533088426e-05
0.4066824028983873 9.935574433119428e-06
0.568904758743316 1.2708585526926147e-05
0.7183262017528785 8.407635079358302e-05
0.7227043000363187 1.1970279697012071e-05
0.8317779814840631 0.0004975053679359029
0.8579298360495924 0.0002917218473164826
0.8634680228471142 0.0008828148851799885
0.8759834639257902 0.00014683103505875588
0.8865074699946102 4.945758911823306e-05
0.8970386715005713 2.52735348446329e-05
0.905625527898371 0.00016278262909365972
0.9108465325042114 0.00011245827710279932
0.9181599212345387 7.744871374295862e-05
0.9332763316906234 2.872649108299436e-05
0.9413834097402346 0.00031627588942250096
0.9512645442056433 7.585188477938376e-06
0.9662624152570493 0.00015272358116052612
0.993587838450582 0.00012525998954607585
0.9988612144392428 0.0003570974414846224
1.0254705156590331 0.00011440160480918528
1.029568849401683 2.240337855670285e-05
1.049371785967983 2.1284937664830995e-05
1.076762815454524 8.989824894413655e-06
1.1062702625135552 2.5116562630573856e-05
1.114972083804004 6.816190291340722e-05
1.1235151049464032 0.00021789089876131016
1.1358281956172127 4.468144477545251e-05
1.1434011163627473 2.074681802081399e-05
1.1608027738970277 3.671255286046209e-05
1.209663688133043 6.54372561121972e-05
#kx=1.0, ky=1.0, Jx=1.0, Jy=1.0, Jz=1.0, h=0.05
0.017501495032549164 4.149549233235341e-05
0.15035524249867926 1.0382321265638834e-05
0.1708346221206819 1.63292735935673e-05
0.17986747395724034 3.2456263546871987e-06
0.19810014826862288 0.00026962993124047353
0.21795588755825324 9.527445924335532e-05
0.23063494744392232 0.00022667048059567
0.25408875128575426 2.620710991441195e-05
0.28014139094959756 0.00011278149578637958
0.28860360487042935 6.628375320778175e-05
0.2930890369222444 7.567130511504896e-05
0.3201143922564753 5.7450169637385716e-05
0.34284095680801097 0.0001293508683120776
0.35078571843008166 1.1512365924910357e-05
0.35830834704149384 2.8516712534079136e-05
0.3673217329613171 1.6042499061006892e-05
0.3707136986541498 2.622164612921576e-05
0.3753016622499067 2.050498533989762e-06
0.37919473726091335 5.776699278835149e-05
0.38732250814229596 3.431115019969342e-06
0.39473712597505206 1.5359747955753895e-05
0.40767029693974666 1.8641725373157496e-06
0.5251482643357175 4.945951287078189e-05
0.5737058101562909 1.8402290410257617e-05
0.7236655945672887 3.7447853831250944e-05
0.8279505629350786 0.00024150619344805426
0.8558716400801925 0.0001891563922674779
0.8581278501223777 0.00020494881674836901
0.8712210174974577 0.0003945969456985714
0.8800336496118533 0.00030480165394037277
0.8854884221806225 7.013119978952806e-05
0.8979334487082968 2.4157965710368202e-05
0.9056385244001358 5.434347633922611e-05
0.9152379513052672 5.388440349168471e-05
0.924618342581286 1.5313425242880717e-05
0.9383339458372281 1.663140682615809e-05
0.9446413175452167 6.904373240432565e-05
0.9559624572906883 4.538163054158694e-05
0.9692000432347703 0.00010310783108439153
1.0006132878773955 0.00017954031832243103
1.0123840165262314 0.0002898154624815015
1.030320524317454 2.4382642313365457e-05
1.0481088274618067 1.1724886789608135e-05
1.1024458261391978 2.9216439936496374e-05
1.1075646202537226 8.909040119752705e-05
1.1276543408039714 0.00012757224547199403
1.1357516759475306 2.0138951168980892e-05
1.151212743915902 1.0688341257133703e-05
1.160951085232444 4.963467367877539e-05
1.2036430565050626 4.1432656605696225e-05
#kx=0.0, ky=0.0, Jx=1.0, Jy=1.0, Jz=1.0, h=0.05
-0.014006126358627191 3.810502615116886e-05
0.1478940105837001 2.0195108075583926e-05
0.16181022201306516 3.7791843137123105e-05
0.17359103085419048 5.296131883455485e-05
0.19686445094806215 4.196472411051859e-05
0.21972364857865245 1.71806787727335e-05
0.24520761639688748 0.00011618167245030965
0.27317180581907796 9.322715203787439e-05
0.28638364559584184 6.067005837717012e-05
0.28895205810304414 0.00029032312832472654
0.2965566678770398 3.14292035357256e-05
0.3142163515976609 0.00012350301407978306
0.3295050295006513 0.000129199031204171
0.3454292144062471 0.00034184776760911185
0.3555752187807848 0.0001257211420717857
0.36717754632530797 3.447906824926141e-05
0.3693307945509622 6.562318537396994e-05
0.3745410565049895 1.770134674663361e-05
0.37677673391287525 2.299588377926878e-05
0.3822331730865336 1.6241369333752255e-06
0.3852401254735677 6.402309803035006e-06
0.3922715295096618 4.711440228604736e-07
0.40747019518369176 7.322764680039881e-05
0.5738329679568482 4.166083533345795e-05
0.6703324658901411 4.224304411154059e-05
0.744471796694422 2.6648896436814065e-05
0.8287012119260279 0.00019449405874212938
0.8478458815213724 2.0008470570118034e-05
0.8610531923463677 0.0003395126435720608
0.8734281174298575 3.187617170487955e-05
0.8819462123752186 6.00354301227083e-05
0.8932512415567739 5.1834085198955074e-05
0.89991655226975 1.5703317821002106e-05
0.9149731960451335 8.735662708327692e-06
0.9239113277086836 7.84421013008988e-05
0.9332137413699221 8.63611024319809e-05
0.9408696369672009 2.3319790536650063e-05
0.9534764947552543 8.097958812942432e-05
0.9640475997382048 0.00012402411817704967
0.9807902841120464 8.654091838242386e-05
1.0013176013664393 0.00019902081532036835
1.0179807664191465 0.0002576293331382385
1.0350881301768107 8.340900351649455e-05
1.0537066464622673 2.107125319632716e-05
1.1013893854381485 2.3808453115102286e-05
1.110257787619147 5.019529527852735e-05
1.1360926993765115 0.00010232373725110452
1.1406662739591122 3.3548936314794005e-06
1.1595061692948738 6.837226764820818e-05
1.162582163199028 9.781069446006846e-05
1.2082368069114686 3.537409361331423e-05
#kx=1.0, ky=2.0, Jx=1.0, Jy=1.0, Jz=1.0, h=0.05
0.14858573200961844 4.803936068842546e-06
0.16528755227231184 1.1972211268137093e-06
0.1735115334098214 4.831725370049824e-05
0.1969479437433247 0.0004305848250652904
0.22205508167267018 9.222717714270495e-05
0.23443731288570469 0.00035938130178010566
0.27647853249113896 0.00020747097923372738
0.2871844115354255 5.131258096096732e-05
0.289656766895533 0.00016706505828285233
0.30256492225250564 4.684973449512521e-05
0.3173330880843661 6.346600042464334e-05
0.32653261498034214 3.724371368442126e-05
0.34520253425305736 8.037373595507182e-08
0.3572189176350721 4.852831133845562e-06
0.36720484082134464 1.9336915218482424e-05
0.371261140823686 1.190023782073198e-05
0.3733464432422745 2.100868978177869e-05
0.3792266214216966 7.202457093129531e-05
0.3861111854791843 2.768593478180708e-05
0.3930363820190391 3.498761862239253e-05
0.40740809060604455 8.25338650709762e-06
0.5705567806432893 1.813802685196176e-05
0.7180693441725866 6.892550467153188e-05
0.7240881955741291 1.206220781082803e-05
0.8317784132183648 0.00047084302719410393
0.8587395936726105 0.00045524088421407667
0.8627877816047363 0.0005260238913841284
0.8771807736834308 0.00011818394080951443
0.8881387695225568 5.7856043345156826e-05
0.896448234505895 3.964359994185353e-06
0.9050922828372138 0.00015339654944957192
0.9111908735638791 0.00017254209564187837
0.9197950933360605 4.055127284215864e-05
0.9342499831820084 6.21447849316016e-05
0.9415380446153876 0.00023844407945563062
0.9504060424185817 2.0037726354137978e-06
0.9652191371868218 0.00013237010568401648
0.9951903152422809 0.00023448309731054643
0.9971624200593088 0.00027141788603599754
1.0208863059994533 0.00012710616525096876
1.032903592929566 7.367008496713569e-06
1.0474558004413315 1.4470808920041853e-05
1.0565338717631594 1.857842818580082e-05
1.1035462832570038 1.9962312471901618e-05
1.112459544001989 4.916426933207585e-05
1.1238604440499085 0.00020865696260077257
1.135308696456903 4.579858702628015e-05
1.1461721979920676 5.708140930522713e-06
1.16106840694159 3.849523413550415e-05
1.211627027549016 6.020837550004959e-05
#kx=2.0, ky=4.0, Jx=1.0, Jy=1.0, Jz=1.0, h=0.05
0.1381059239878174 3.073146723667688e-05
0.15576769928631773 6.665483603125754e-05
0.16377423160786553 6.764874840547981e-06
0.19732585607580733 0.0005307853815610595
0.22385419256362726 0.0003562415901063388
0.23764470117419 0.00011700195904668502
0.277642561206759 0.000256260419130059
0.28537939125147516 0.0001633572163807385
0.2928125589403424 0.0002887780594770724
0.3133848342635498 2.9567347141361036e-05
0.322249183401504 8.640317398421104e-05
0.344734518325861 6.1245031581309456e-06
0.3544886524765267 6.834063389312038e-05
0.365853002917112 4.32468496827174e-05
0.3701485700194346 3.941542714779553e-08
0.372039059463839 3.0407098804217438e-05
0.37710621255085286 2.1775763202838026e-05
0.38137699853483975 0.0001629547114047597
0.3881011614816854 5.561743855049617e-05
0.4067922180240502 4.195267787573478e-05
0.4705525128893051 2.8179692027734385e-05
0.5844667517748892 5.245557157923145e-06
0.7234964624731771 6.16981662500954e-05
0.8442922532531832 0.0011461738802100436
0.8574637499106219 3.253408074304769e-05
0.8666882750618354 9.914105404595065e-06
0.8745443756985927 4.0234563868275085e-05
0.8925453631818925 4.3179072805557645e-05
0.8996402016999772 7.575035718443913e-05
0.9019528020878204 0.0005024773046958224
0.9135398509487386 1.0160229578018404e-05
0.9169686634847796 5.454879711984976e-05
0.9340246912384359 7.94042809325093e-05
0.9420888622362955 0.0003220004623202303
0.9505124911025808 6.169853982556738e-05
0.9656266992661872 0.00015015790451923018
0.9957287358146327 0.0007506034044538017
1.0030815875416672 8.438148747773277e-05
1.0277691199214263 0.00017326503905713389
1.0419202943578605 4.122268223603322e-05
1.0542511134539445 1.2238166616383214e-05
1.0707454446462261 1.2061979859369394e-05
1.091972465838582 1.4560437319373502e-05
1.115118073792677 0.0005191996956314131
1.1193936348539975 0.0005219286109979176
1.1266419369481921 0.0002346747590421434
1.1385917732888946 3.193455843708961e-05
1.156509472281157 3.270708226467966e-05
1.1700444994447952 1.421220505088981e-06
1.2301052572634363 0.00010076168536530591
#kx=3.0, ky=6.0, Jx=1.0, Jy=1.0, Jz=1.0, h=0.05
0.13396501558341156 7.856989229080121e-06
0.14856969558404431 9.677536972388343e-06
0.16174768113063898 4.363680129401293e-05
0.19757450297694767 0.00032871816740137356
0.2248021383081361 0.0004150210285371256
0.2435569085349576 2.711502134032182e-06
0.27866315548864373 6.620869933156615e-05
0.28380167829201275 0.00011930683200686675
0.29247877435991554 0.0001915783880682122
0.3139704167771773 1.6251174228255925e-05
0.32194495088695485 5.999382858223877e-05
0.34503360359842417 2.828950185019657e-05
0.3543088772068159 0.00010665292851487089
0.3654626734386829 2.8315082355551797e-05
0.3699534809950211 4.433245153454893e-05
0.37496241816818376 8.682021688487222e-05
0.37714361154926435 5.310273716111626e-05
0.3866655923291046 2.5683895176572884e-05
0.3897566748253678 5.6806627032006996e-05
0.4047507696779268 3.060436650305571e-05
0.48987902182466014 6.670756363495762e-06
0.6211349821077627 1.3084403241774843e-05
0.735410466503757 5.149184391548684e-05
0.8316799932042246 6.934998130026315e-05
0.8514399491194596 0.0003987864098710724
0.8613150670988173 0.00020228387691007137
0.877161091770986 4.451287903015056e-05
0.8865350219095397 3.6210364198787726e-05
0.8954090468537668 4.137701960168741e-05
0.903733028557141 0.00014452398210451934
0.9095869438551468 2.1423887808785016e-05
0.9227696297835136 3.3560947920896044e-05
0.9331388097519167 9.843508442333305e-05
0.9411847898802389 3.85263068001761e-05
0.9457652965315588 0.0001409446123496979
0.9680611578503157 0.00013502104613421752
0.9951064046109892 0.00042545919209858047
1.0071349109226642 0.00013084345366100975
1.0304276254718308 8.52445863345469e-05
1.0470623228993126 2.0503833563756505e-05
1.0574998871769659 4.2871285809684415e-05
1.0870722308328185 0.00013239685799589721
1.1050907179538823 0.0005707139315146785
1.1275205954170158 0.0009671589680400776
1.135058370909952 0.00012715425860604547
1.1438753513808524 6.804533213936305e-05
1.156578212582005 4.852502899906452e-06
1.1828067290154332 3.54335047520228e-05
1.19879140353315 0.00023517135707525695
1.2414045914165195 2.325254776830862e-05
#kx=4.0, ky=8.0, Jx=1.0, Jy=1.0, Jz=1.0, h=0.05
0.13209115368984004 4.345950551216256e-06
0.14657909746900677 1.460406805612412e-05
0.1610658749242011 5.2743930626564746e-06
0.1978122954841227 0.00010849899295295315
0.23291132819651117 4.6918141678256936e-05
0.24710370561923323 9.646101804632755e-06
0.27937360509111164 5.43849733322992e-05
0.2851038369759695 5.2740782621115713e-05
0.29127491410876394 4.21996745154843e-05
0.3148252690145015 2.4382785189880028e-06
0.32200747436234023 4.4811075095458594e-05
0.3455004380734178 6.987129800393952e-06
0.35499608362771273 9.698574616816278e-06
0.3648936929243557 3.0058841311074767e-05
0.3707202339580562 5.9509524742609705e-05
0.3739359677848536 3.136105061569642e-07
0.37715911207511055 2.4800808425536522e-05
0.3845078243397271 1.1704299806101738e-05
0.3903779452627898 9.56496584211844e-06
0.4026292332052195 2.8042637030379904e-06
0.4998237961076779 4.6470867967955205e-06
0.6357456158475638 1.941238705027964e-06
0.7400361272565664 2.06726984642426e-05
0.8229508670686508 2.407489671397225e-05
0.8400601090749965 0.0003560502002627465
0.8534670370713809 8.794762703022144e-05
0.875631381355132 0.0004143836373741896
0.8841977384168248 0.00010558301743632366
0.8963665736907167 6.7701939540932675e-06
0.9022561553581504 1.883949271611746e-05
0.9147086121738046 9.032637110064734e-05
0.9235054430630651 3.051255235915554e-05
0.932418285768416 3.4773610911736475e-05
0.9433065719723077 1.942003969434275e-05
0.947702686669134 6.758463678813231e-05
0.9684826806224628 0.00013540478139576663
0.9948030449552453 0.00011402485051569031
1.007657933291557 0.00010570950710384496
1.0305228787726612 1.1604982456453628e-05
1.04482448778079 1.5547460831908232e-05
1.0599566717397817 8.556898716285239e-05
1.0678631384521475 0.00027420542151178676
1.0884072830443787 8.842456538144811e-05
1.0990073659438337 0.001104377567694825
1.1423402847006066 0.00029243483670637416
1.1440575955638703 0.0004542361367538273
1.1511907778357222 0.0002075864096307002
1.163402650203766 1.4100073205786668e-06
1.2361884904554628 3.2202435484989704e-05
1.274964011584605 5.160889861071548e-05
#kx=5.0, ky=7.0, Jx=1.0, Jy=1.0, Jz=1.0, h=0.05
0.060491091796395224 6.8354211332650655e-06
0.1431302065042811 1.388711562655269e-05
0.1580377969436042 8.84692738219322e-06
0.19762650591494346 0.0001005643431084468
0.22613109943612375 0.00014873458661029393
0.23551213809074656 1.0167833039316223e-05
0.24714711592952132 8.256330570270545e-06
0.2804108441975983 4.097745417359286e-05
0.2854344312189938 8.443945088254415e-05
0.29296267726428904 4.2073505124652896e-05
0.32130619817090145 2.1984568946476098e-05
0.33009664854621146 1.3689983860816905e-05
0.34482468354513685 1.9976198081226148e-05
0.35666440767429364 2.2008059629479624e-05
0.36595334695238957 4.2131343355285556e-05
0.3721156258212649 3.921981220109567e-05
0.37463299056338883 1.1943919990837598e-05
0.37804503965368164 9.080192643694054e-05
0.38934760701720417 2.1193457747440973e-06
0.395148746434581 1.4128251917599868e-05
0.42491072536271546 1.0596362195520986e-05
0.5640146165295712 2.358073003007426e-06
0.7228152191278686 1.5553096181280407e-05
0.7943140896482292 8.182519269469822e-05
0.8325024424646055 0.00018000559925875442
0.8504894057101592 4.336886859918593e-05
0.861384221879809 0.0003216726227077135
0.8808353443493572 0.00011384722555143743
0.8889407556787116 6.835058681904376e-05
0.8970860184355639 2.915834055630025e-05
0.9094525876615145 1.90866318251133e-05
0.9121072439016786 4.445538008556908e-05
0.9304495403978275 5.13151721764161e-05
0.9386004388162905 5.626417182943142e-05
0.9453864513616606 4.46674420996938e-05
0.952291192049991 6.615413630401315e-05
0.9788462653662588 5.5001905375234335e-05
0.9993953439670783 0.0002701800945012853
1.0145411693587585 1.8081848093592622e-05
1.0392838310018104 4.0803609637640184e-05
1.0632953760306392 4.870575933683228e-05
1.0916445360438165 7.658547718591776e-05
1.0996592970943926 0.0013743839367599815
1.120803345245211 6.529321471327861e-05
1.1382065282077003 1.8780257639188615e-05
1.1450257986667118 0.0008884744479649552
1.152780330838064 8.111253080073813e-05
1.1728207334214673 0.0002595631673879331
1.2096457509646108 1.680642301388892e-05
1.340693190680745 5.6716787108827616e-05
#kx=6.0, ky=6.0, Jx=1.0, Jy=1.0, Jz=1.0, h=0.05
0.14225707912979335 1.1533071414334202e-05
0.15242210224651387 1.6623181776843483e-05
0.17766419873445294 6.236971439854303e-05
0.1987566157068954 0.00014159874553307697
0.22560697446236178 0.0002957228484779337
0.2432441216348069 1.0440618213152758e-06
0.27861712321784027 7.982674730680746e-05
0.2838157715368922 7.727719758654006e-05
0.2929696763190681 9.229162371997896e-05
0.3150650256665216 7.567176606325675e-06
0.322012736210599 2.6404769050925112e-05
0.34158358362337327 1.5857526072842058e-05
0.3560451707498363 5.2582453486364575e-05
0.36571921103203286 2.4959102650854362e-05
0.37089062898256475 4.084715301122192e-05
0.37454094395787285 4.0106878796260085e-05
0.3776266159915115 0.00012901439841878548
0.3883341703962384 2.5460491644302884e-06
0.395219326856463 1.3356047800103448e-05
0.40658093004689255 1.5292648553944187e-05
0.5261518261857506 3.516558480714375e-05
0.6772431570261445 2.0549851454175255e-05
0.7492590240201069 2.1624930733742178e-05
0.8317126516062306 0.00021166926331652044
0.8455896367422389 0.00021808954797282524
0.8598762003923349 0.0001804743983777798
0.8759359469213507 4.819608569574473e-05
0.8868224991089968 4.1508229406191475e-05
0.8951461407290712 7.223273727589613e-05
0.9018074428077877 5.072219322408009e-05
0.9079976725265809 4.9692989467611515e-05
0.9211796155860064 9.759098978085316e-06
0.9336861922737244 0.00016232862315580606
0.9420797313326523 6.205854689489303e-05
0.9453267073979477 2.9668008877661465e-05
0.9744211777667339 0.00012241946546082678
0.9956629464304556 0.0002649161110923256
1.0065835711801085 9.535233244689367e-05
1.0358988299763439 6.250930843056055e-05
1.0450503805504663 4.878209441749588e-05
1.0696195803829944 5.384709752568113e-05
1.0971898682393932 0.0003987294631987622
1.102057947085452 0.0010321565864227092
1.1288107364578086 0.0001619481662770171
1.1364100243861486 2.6920576268329367e-05
1.1458925025258733 0.00093975560038785
1.1523454452691446 3.846875445957436e-06
1.1905203213696192 0.00020549335536963856
1.2251407340941882 6.0195192613150183e-05
1.4472262137141312 1.8458737785232422e-05
