#kx=6.0, ky=6.0, Jx=1.0, Jy=1.0, Jz=1.0, h=0.05
0.14225707912979335 8.371067468957687e-06
0.15242210224651387 3.496428778966683e-07
0.17766419873445294 1.936930175148851e-05
0.1987566157068954 5.597854173268573e-06
0.22560697446236178 6.818893532976507e-07
0.2432441216348069 1.26690383551485e-05
0.27861712321784027 7.650545501342251e-06
0.2838157715368922 1.9272391982036932e-05
0.2929696763190681 9.978063594713345e-07
0.3150650256665216 1.280585023556507e-05
0.322012736210599 1.5034742458374288e-05
0.34158358362337327 4.962620999026625e-05
0.3560451707498363 6.4449579901284555e-06
0.36571921103203286 9.1682742420511e-06
0.37089062898256475 5.669675733919867e-06
0.37454094395787285 4.72821706438978e-05
0.3776266159915115 4.0790840309163875e-06
0.3883341703962384 3.4330827824401876e-06
0.395219326856463 3.6451071825319367e-06
0.40658093004689255 1.1394620892487038e-05
0.5261518261857506 7.830868725719963e-06
0.6772431570261445 1.5980911217087276e-06
0.7492590240201069 3.2899526876027036e-06
0.8317126516062306 2.5964555961950238e-05
0.8455896367422389 1.7052942371943638e-05
0.8598762003923349 2.8357071951035146e-05
0.8759359469213507 2.5677725574593604e-05
0.8868224991089968 7.298019996838917e-05
0.8951461407290712 2.6301466099132934e-05
0.9018074428077877 5.371084888585987e-05
0.9079976725265809 8.59385122902546e-05
0.9211796155860064 7.028892942482732e-05
0.9336861922737244 4.667785561925961e-05
0.9420797313326523 1.4566401980421318e-05
0.9453267073979477 6.249005653247394e-06
0.9744211777667339 9.71675188548068e-06
0.9956629464304556 7.239722681056337e-06
1.0065835711801085 1.152125891383087e-05
1.0358988299763439 7.490543645200543e-06
1.0450503805504663 1.8461186962051423e-05
1.0696195803829944 3.288075740758284e-05
1.0971898682393932 5.86137049330046e-05
1.102057947085452 4.5182510655913174e-05
1.1288107364578086 4.604237919752397e-05
1.1364100243861486 2.3422944065055345e-05
1.1458925025258733 9.273399222966999e-07
1.1523454452691446 1.956952879394171e-07
1.1905203213696192 5.768723230206645e-06
1.2251407340941882 1.2354624791281828e-06
1.4472262137141312 8.125226978229274e-05
#kx=5.0, ky=5.0, Jx=1.0, Jy=1.0, Jz=1.0, h=0.05
0.011264890426122554 1.8426714820395292e-05
0.14604299387039443 2.9312692862216964e-05
0.15370443299469572 1.7051354165405746e-05
0.19198844150320749 1.3379070844144506e-05
0.2048282190859091 3.6380312298462434e-05
0.22674607107813383 3.9120997508255085e-06
0.24042597518791176 4.579275476874463e-06
0.27773823167594747 2.756780651323604e-05
0.2837688113164949 9.014528644496438e-06
0.2934691629488234 5.020339043672456e-07
0.32181276594805686 1.4643567757607911e-06
0.3299721405735162 2.6093817147818275e-05
0.3488816888466023 4.630690086672713e-06
0.3573875692988915 2.8361375778177596e-06
0.36643432332084946 3.446835101092478e-07
0.3733327423157978 4.3249446340138285e-06
0.3770177196321034 8.96300732251914e-07
0.37840681173415935 3.5333203102781697e-06
0.3894820753107342 1.3938049152600716e-05
0.4007746117701527 6.292016959591417e-06
0.4215513607968391 9.539382803134744e-06
0.5545750153614165 2.3331212010731103e-06
0.7090948989954737 2.9534328035385783e-05
0.7594884810269142 1.6856512630218676e-06
0.8399231955998093 4.918907399551241e-05
0.8612387326197296 1.6147369961197592e-05
0.8689551538102674 4.602737376168958e-05
0.8821550671957118 8.7651306908903e-06
0.8918172314062089 0.00010691204634825247
0.8988493867427749 0.00011210421873600599
0.9042883359161019 0.00015517847382287618
0.9108060174816246 6.502589591896196e-06
0.9282219834926436 4.0148688876236595e-05
0.9385653305802921 1.3128087019808348e-05
0.9421665555088243 2.4661521918540673e-05
0.9480041885358137 4.5294877887172866e-05
0.9788986266601846 4.684116468038106e-05
0.9990094336399408 3.8083113246630926e-05
1.0177808664682724 1.532942753991411e-05
1.0355884508592479 2.045812924523764e-05
1.069474681206482 0.00012006632990993594
1.0906868139672088 0.00018827328528906508
1.1023028357011162 9.641718499064528e-06
1.121737185663969 5.7842863189022924e-05
1.1340817821537774 0.00013269621340285573
1.144744494317852 7.999729394418439e-06
1.1542459137666061 2.651644405521532e-06
1.171322035804524 1.5975806058779562e-06
1.2122415223611038 2.134057607180756e-05
1.2619721032222264 3.383771597695065e-05
#kx=4.0, ky=4.0, Jx=1.0, Jy=1.0, Jz=1.0, h=0.05
0.14284821626903532 1.0372897246413098e-06
0.1571619560926546 1.9609605646704837e-05
0.16677668129618572 1.5626117974328222e-05
0.19814686843994123 7.471728173008179e-07
0.223637955191604 1.3197708245396635e-07
0.23781970869453883 1.623621605133526e-05
0.27704612704436693 1.722482982699595e-05
0.2835542756461562 2.8581539193484122e-05
0.2937720971307345 1.5380763316946152e-06
0.311093001729022 1.3777975368286857e-06
0.3215192387959076 2.8327064827527235e-05
0.34130168940589456 0.0001447548787902993
0.35509708175597177 1.3319378105200938e-05
0.36606774693945965 4.663371179163593e-06
0.37092681039436304 1.535036312715456e-05
0.376124855220899 2.9303484590601123e-05
0.3778685141600058 1.384188306091027e-05
0.38865224885248406 1.1818077011685235e-05
0.38980190052306296 7.174751760379366e-06
0.4061384545763874 1.3511925937872572e-05
0.5123156390433192 3.153876037355822e-05
0.628130927711052 2.0806897793609e-05
0.7272468572784052 2.4086919214346034e-05
0.8372123204318604 2.528509594217362e-06
0.8607210923096303 1.5715383156941777e-05
0.8658638310618144 1.175408652107411e-05
0.8749196552516242 0.00011292333182359588
0.8890735932032734 6.878099908832593e-05
0.8996502953353613 0.00016391403715133767
0.9013015058406831 3.484554448063598e-05
0.9105278990857879 8.757105768369761e-06
0.9133810717792912 7.285068966647436e-05
0.9338901515947118 1.236201083548088e-06
0.9412489573175276 8.713839141571167e-06
0.9473433259692565 2.8835660021113238e-05
0.9710344595622716 2.4765675977772954e-05
0.995630616986527 8.067247248440637e-06
1.0003084586840032 4.781849879292082e-05
1.0322660937189103 1.3346902075466215e-05
1.0367372332130165 1.853601538413955e-05
1.0659745946336736 3.0251204738576836e-05
1.0713775779527706 3.02521993613721e-05
1.0920308567569408 0.0001674304969966319
1.1104485818428138 5.851477249696349e-06
1.1184542095500065 1.8331999826793692e-05
1.1306039294096704 5.842529337366232e-05
1.1405655927706144 3.526173619213575e-05
1.156118582398753 3.6487482118839356e-05
1.178810783064973 0.00010136850621889244
1.2171032616381412 2.958918543012224e-05
#kx=3.0, ky=3.0, Jx=1.0, Jy=1.0, Jz=1.0, h=0.05
0.1461867910180803 8.296080775634533e-07
0.16019913787565343 1.4209640726910247e-07
0.16671632846628037 4.9345865073818456e-05
0.19812443414215508 1.5199568435320164e-06
0.22347671272362812 4.144790985284092e-07
0.23624843952170238 1.996005232493045e-05
0.27718015597987367 1.666357129616267e-05
0.28613791127476695 3.165048403637257e-05
0.29342137992593 2.4757348728378182e-06
0.31087007205876815 1.6944749157102786e-06
0.3206949375857099 4.313968332529534e-05
0.34324907892062106 0.0002480002477977081
0.3545536290192547 1.290498727543868e-05
0.3663657951753696 1.0329100714297535e-05
0.3704224686975194 2.275705303129352e-05
0.3720682093221511 2.6789594590912412e-05
0.37825247853057076 1.2653778694107094e-05
0.3818003545358789 2.814647173583623e-05
0.3878521137656904 1.2569829577554554e-05
0.4060507416472109 1.9994953157636696e-05
0.4908790177214073 2.909913806805653e-05
0.5840194060060977 7.817652445567816e-05
0.723509898451134 7.431903136616225e-05
0.8379546552932265 1.9852333069956712e-05
0.8419326898347823 1.5621349830265794e-05
0.8635037769540593 1.2606986846101196e-05
0.8690873069263411 3.573140977063832e-05
0.8824195443486049 2.0293321604138753e-05
0.889405418765491 0.00011532793420710327
0.9017598004004168 3.186607000721153e-05
0.9057727290370643 8.062569875983127e-05
0.9117383963855569 6.618884574212353e-05
0.9157248755102321 6.555933134461589e-05
0.9347220856718946 4.451071744154546e-06
0.9431167122574213 3.1002285692022766e-05
0.9534272655804643 3.8718653207013684e-05
0.9681590301763776 4.64066352138467e-05
0.9949881947285799 3.581962001319624e-06
0.9990252535512401 3.1579779119233306e-05
1.0287355279968324 7.230466858664117e-06
1.0327297478244564 2.642410988761562e-05
1.0603830850118507 3.660106710162734e-05
1.0921945212390844 0.00017124681085618683
1.1087738286919757 2.061729635020461e-05
1.1171911026895631 1.555461621167331e-05
1.1277704314961556 9.948898693915386e-06
1.1362659037429557 9.216235859227594e-05
1.1577507688381672 6.0129745984915306e-05
1.1660980003067778 4.796319533116065e-05
1.2200091279657936 3.513886001089894e-05
#kx=2.0, ky=2.0, Jx=1.0, Jy=1.0, Jz=1.0, h=0.05
0.1510096301700531 4.641998150907043e-06
0.16778888458103491 1.8416432049116672e-06
0.1756780949807002 3.739125073622205e-05
0.196825979200283 3.4788385195272735e-06
0.22187734965682215 2.218711507717562e-06
0.23444387084174956 2.0725285802970173e-05
0.2766223939763285 1.2001168989839458e-05
0.28727170735321994 3.333274736121041e-05
0.28984164190538064 2.374763097174472e-06
0.3025142407108272 1.0323256436704236e-05
0.3176495479526964 1.2996697487909225e-05
0.3263877181947539 5.447288975987324e-05
0.34561898171331873 0.000281059708772032
0.35723243006874905 2.8118498724250842e-05
0.3667932230150617 1.596167599312623e-05
0.3712201113811425 2.0697393104663596e-05
0.3737375474007021 5.996973939053498e-05
0.37902827370954684 2.672439988577926e-06
0.3860504159776501 4.382691527791215e-06
0.39339490620062534 2.039811110255089e-05
0.4066824028983873 4.668793306910628e-05
0.568904758743316 0.00014563474445771643
0.7183262017528785 7.355676673999125e-05
0.7227043000363187 8.396941225043834e-05
0.8317779814840631 9.786239252662774e-06
0.8579298360495924 3.2517677848702706e-05
0.8634680228471142 1.5693456596669517e-06
0.8759834639257902 2.0525884201796713e-06
0.8865074699946102 0.00013831161170091167
0.8970386715005713 7.932367681744397e-06
0.905625527898371 1.4812801231607757e-05
0.9108465325042114 0.00011253772651744738
0.9181599212345387 1.860022257828784e-05
0.9332763316906234 1.7242296116400347e-05
0.9413834097402346 3.8920563882247834e-05
0.9512645442056433 1.7897574815290294e-05
0.9662624152570493 8.341580762130967e-05
0.993587838450582 2.059595132275365e-06
0.9988612144392428 1.1416578403732437e-05
1.0254705156590331 1.597826964976646e-05
1.029568849401683 2.514828262398529e-05
1.049371785967983 1.4021772604139828e-05
1.076762815454524 0.00014772122006367547
1.1062702625135552 5.2816327604894286e-05
1.114972083804004 2.8319392377929672e-05
1.1235151049464032 4.681011414269647e-06
1.1358281956172127 1.5241127938594113e-05
1.1434011163627473 6.500035344308598e-05
1.1608027738970277 3.795339203421283e-05
1.209663688133043 3.9278266933393106e-05
#kx=1.0, ky=1.0, Jx=1.0, Jy=1.0, Jz=1.0, h=0.05
0.017501495032549164 0.008308501350405189
0.15035524249867926 0.0051925960940377896
0.1708346221206819 0.0006782693241775066
0.17986747395724034 0.002152426989159574
0.19810014826862288 0.001403654242338674
0.21795588755825324 0.0005887432882184873
0.23063494744392232 0.0005569780641069707
0.25408875128575426 0.0007386549549993805
0.28014139094959756 0.00010738515968717883
0.28860360487042935 0.012744547849450418
0.2930890369222444 0.00014522737501915532
0.3201143922564753 0.007818540772834622
0.34284095680801097 0.03715427609739833
0.35078571843008166 0.006669009553966242
0.35830834704149384 0.002682339714025278
0.3673217329613171 0.007685461031444179
0.3707136986541498 0.008526800749510594
0.3753016622499067 0.0003428988726733999
0.37919473726091335 0.00039104169454566204
0.38732250814229596 0.0002428012393551681
0.39473712597505206 0.0015045544456085901
0.40767029693974666 0.007001456530815558
0.5251482643357175 0.00014434746151435594
0.5737058101562909 4.212541130255715e-05
0.7236655945672887 0.003771300325494091
0.8279505629350786 0.00015704569974070478
0.8558716400801925 0.0010428141901529027
0.8581278501223777 0.00030011762218545493
0.8712210174974577 0.0009450502417760248
0.8800336496118533 0.00046552460880493413
0.8854884221806225 0.0005200039468247333
0.8979334487082968 0.0002883242549612637
0.9056385244001358 0.0005019482692464444
0.9152379513052672 0.0007173928216797718
0.924618342581286 0.0015997008883679475
0.9383339458372281 0.0012588557695789129
0.9446413175452167 0.0020679111873593806
0.9559624572906883 0.0022724036305799217
0.9692000432347703 0.0004494030699634897
1.0006132878773955 3.4334613540013527e-05
1.0123840165262314 0.00037735682050713665
1.030320524317454 0.0005371572433517603
1.0481088274618067 9.817704705475626e-05
1.1024458261391978 6.865525656568501e-05
1.1075646202537226 0.0001615227145377418
1.1276543408039714 0.00041283632503034105
1.1357516759475306 0.0009766403473709484
1.151212743915902 9.821330034896415e-05
1.160951085232444 0.0013042976334909516
1.2036430565050626 0.001042741350523936
#kx=0.0, ky=0.0, Jx=1.0, Jy=1.0, Jz=1.0, h=0.05
-0.014006126358627191 0.018850072847946108
0.1478940105837001 0.005698237182134279
0.16181022201306516 0.004290710648238492
0.17359103085419048 0.04247713204134824
0.19686445094806215 0.0075696577741886885
0.21972364857865245 0.0015959078827949163
0.24520761639688748 0.015283803014634369
0.27317180581907796 0.0007119039228987236
0.28638364559584184 0.007631771405109433
0.28895205810304414 0.09581299095075281
0.2965566678770398 0.003925603612823765
0.3142163515976609 0.034797005810137775
0.3295050295006513 0.03356757439212958
0.3454292144062471 0.30478637227275124
0.3555752187807848 0.019772892953762482
0.36717754632530797 0.04523219159459921
0.3693307945509622 0.04003677839858126
0.3745410565049895 0.004424161254380089
0.37677673391287525 0.007675313732650553
0.3822331730865336 5.8319325921399205e-05
0.3852401254735677 0.005900463968529383
0.3922715295096618 0.005327328316723968
0.40747019518369176 0.0581668271000341
0.5738329679568482 0.0021515432802491586
0.6703324658901411 0.014876247169328992
0.744471796694422 0.017747100285060734
0.8287012119260279 0.0008229258554283334
0.8478458815213724 0.00954689673821194
0.8610531923463677 0.002515097006393553
0.8734281174298575 0.004182990102897279
0.8819462123752186 0.0038135123473930044
0.8932512415567739 0.005658330139754757
0.89991655226975 0.007413864423783
0.9149731960451335 0.004197552192701725
0.9239113277086836 0.015095772354946869
0.9332137413699221 0.0017902945909018969
0.9408696369672009 0.01847349922450403
0.9534764947552543 0.012768176523841194
0.9640475997382048 0.005288698236559209
0.9807902841120464 0.002944350100705453
1.0013176013664393 0.0011575759170249149
1.0179807664191465 0.0003350548819019355
1.0350881301768107 0.011601486746449395
1.0537066464622673 0.001272650675571195
1.1013893854381485 0.0024964567179843506
1.110257787619147 0.0017187845555513455
1.1360926993765115 0.0015982935950059906
1.1406662739591122 0.00898622190982471
1.1595061692948738 0.000923733303041736
1.162582163199028 0.010656979069007014
1.2082368069114686 0.0034063790571234147
#kx=1.0, ky=2.0, Jx=1.0, Jy=1.0, Jz=1.0, h=0.05
0.14858573200961844 6.5218002827478606e-06
0.16528755227231184 3.4283368070154245e-06
0.1735115334098214 2.4655382309543324e-05
0.1969479437433247 7.228935953622577e-07
0.22205508167267018 2.263092164415216e-06
0.23443731288570469 1.8883264219364715e-05
0.27647853249113896 1.2681128669214668e-05
0.2871844115354255 2.3567422320604235e-05
0.289656766895533 3.0365786070243584e-06
0.30256492225250564 7.990936326322731e-06
0.3173330880843661 1.1503964095919575e-05
0.32653261498034214 5.442380150951449e-05
0.34520253425305736 0.0002818150467390142
0.3572189176350721 1.564149548941741e-05
0.36720484082134464 2.2706968927274496e-05
0.371261140823686 4.255399787990152e-05
0.3733464432422745 3.0911091251044355e-05
0.3792266214216966 4.850109920609551e-06
0.3861111854791843 2.370673569983636e-06
0.3930363820190391 1.2185400317167757e-05
0.40740809060604455 5.443508438049158e-05
0.5705567806432893 0.00018710981470151746
0.7180693441725866 7.160931808306433e-05
0.7240881955741291 0.0001254813061344581
0.8317784132183648 1.648428194497006e-05
0.8587395936726105 2.5131055250388876e-05
0.8627877816047363 9.584937673227538e-07
0.8771807736834308 3.4897269911571835e-06
0.8881387695225568 0.00011067887759778493
0.896448234505895 7.342210746390883e-06
0.9050922828372138 2.1558686456924174e-05
0.9111908735638791 9.465259859679122e-05
0.9197950933360605 1.8147954655366346e-05
0.9342499831820084 2.8376335758736028e-05
0.9415380446153876 4.0343823892561715e-05
0.9504060424185817 2.3661150563518304e-05
0.9652191371868218 9.048539412922517e-05
0.9951903152422809 1.8675680921878573e-06
0.9971624200593088 8.54593765750836e-06
1.0208863059994533 2.242092791101553e-05
1.032903592929566 2.6706771785762382e-05
1.0474558004413315 7.289951032993339e-07
1.0565338717631594 0.00011631467618089903
1.1035462832570038 6.983919827843728e-05
1.112459544001989 2.7027502520345317e-05
1.1238604440499085 4.429076250594313e-06
1.135308696456903 2.118629866965294e-05
1.1461721979920676 4.324351214586197e-05
1.16106840694159 4.533691878202787e-05
1.211627027549016 1.5504168311951174e-05
#kx=2.0, ky=4.0, Jx=1.0, Jy=1.0, Jz=1.0, h=0.05
0.1381059239878174 9.903706364766367e-07
0.15576769928631773 2.3284715684787315e-05
0.16377423160786553 2.6746945251723297e-05
0.19732585607580733 1.5106727954234738e-06
0.22385419256362726 1.9802057683427295e-07
0.23764470117419 1.8925822293785495e-05
0.277642561206759 1.9620210519285017e-05
0.28537939125147516 2.411563601825289e-05
0.2928125589403424 2.260747431202732e-06
0.3133848342635498 6.020050469683028e-07
0.322249183401504 3.021459088494116e-05
0.344734518325861 0.00019505666482753448
0.3544886524765267 1.7333965928696645e-05
0.365853002917112 1.8529402558764865e-05
0.3701485700194346 2.184029108580925e-05
0.372039059463839 2.806817138478054e-05
0.37710621255085286 1.8568156252658946e-05
0.38137699853483975 7.524428730516087e-06
0.3881011614816854 7.28047459859792e-06
0.4067922180240502 3.1822520642408534e-05
0.4705525128893051 3.9239105769920664e-07
0.5844667517748892 0.0001114634052516747
0.7234964624731771 0.00010044083586456367
0.8442922532531832 2.6639170774853487e-05
0.8574637499106219 3.9070087431221046e-05
0.8666882750618354 3.0016734186789664e-05
0.8745443756985927 2.860504946001689e-05
0.8925453631818925 4.967609862503984e-05
0.8996402016999772 7.313738849726738e-05
0.9019528020878204 9.10667920739699e-05
0.9135398509487386 2.517826650619228e-06
0.9169686634847796 8.490046290530494e-05
0.9340246912384359 1.1235036186963985e-05
0.9420888622362955 2.8528333974903253e-05
0.9505124911025808 5.523000513738001e-05
0.9656266992661872 6.383839466906712e-05
0.9957287358146327 5.329051711354291e-06
1.0030815875416672 1.6824231292782937e-05
1.0277691199214263 1.7442486356532308e-05
1.0419202943578605 1.3627347404497653e-05
1.0542511134539445 1.4211197231204842e-05
1.0707454446462261 9.015204993087024e-06
1.091972465838582 0.0002169830494835498
1.115118073792677 5.1944333979021186e-05
1.1193936348539975 1.8761770987579709e-06
1.1266419369481921 1.0488980392236661e-05
1.1385917732888946 9.750445846548647e-05
1.156509472281157 3.0240697563005902e-05
1.1700444994447952 0.00010675255732355064
1.2301052572634363 1.23591000902974e-05
#kx=3.0, ky=6.0, Jx=1.0, Jy=1.0, Jz=1.0, h=0.05
0.13396501558341156 9.147856799085267e-06
0.14856969558404431 2.1968692788949808e-05
0.16174768113063898 1.3813971841359298e-05
0.19757450297694767 1.8194909044895913e-06
0.2248021383081361 1.8679791025654666e-07
0.2435569085349576 1.528156639354092e-05
0.27866315548864373 1.7879934312619896e-05
0.28380167829201275 1.7319740868749648e-05
0.29247877435991554 6.34186990786468e-07
0.3139704167771773 3.6208983564831017e-06
0.32194495088695485 1.5164248380979696e-05
0.34503360359842417 5.136599477413084e-05
0.3543088772068159 2.6999945004785972e-05
0.3654626734386829 1.1360232477522631e-05
0.3699534809950211 1.8696538897996013e-05
0.37496241816818376 2.7338140899509414e-05
0.37714361154926435 1.2085130936046302e-05
0.3866655923291046 9.904582403273974e-08
0.3897566748253678 7.528714348882981e-06
0.4047507696779268 2.4811132052179538e-05
0.48987902182466014 9.991736813953161e-06
0.6211349821077627 4.2798137434217035e-05
0.735410466503757 2.7664375871652218e-05
0.8316799932042246 2.3697783462091556e-05
0.8514399491194596 6.9410063471095785e-06
0.8613150670988173 8.832766172706872e-06
0.877161091770986 8.638570784961053e-05
0.8865350219095397 0.0001336802962526952
0.8954090468537668 1.0538975448780541e-05
0.903733028557141 9.294409178316785e-05
0.9095869438551468 5.5064888727562334e-05
0.9227696297835136 1.506741810066002e-05
0.9331388097519167 1.8330053742914616e-06
0.9411847898802389 5.419618315375003e-06
0.9457652965315588 4.265138134092074e-05
0.9680611578503157 3.3711569968288186e-05
0.9951064046109892 7.358982761246387e-06
1.0071349109226642 1.761848980170709e-05
1.0304276254718308 1.874285846801099e-05
1.0470623228993126 2.763171186150572e-05
1.0574998871769659 2.8058923308625954e-05
1.0870722308328185 0.00015208227440196052
1.1050907179538823 4.600248433908299e-05
1.1275205954170158 2.865944938733067e-05
1.135058370909952 3.675851214421578e-05
1.1438753513808524 5.959730911975583e-05
1.156578212582005 1.6399897206687617e-05
1.1828067290154332 4.8468719566970744e-05
1.19879140353315 3.998863327146014e-05
1.2414045914165195 6.350170828508527e-06
#kx=4.0, ky=8.0, Jx=1.0, Jy=1.0, Jz=1.0, h=0.05
0.13209115368984004 5.688642330776117e-06
0.14657909746900677 1.5927418883726274e-05
0.1610658749242011 1.911382424375949e-06
0.1978122954841227 9.384612957200401e-06
0.23291132819651117 5.947116285333034e-06
0.24710370561923323 1.2326549735681517e-05
0.27937360509111164 4.356306412351568e-06
0.2851038369759695 2.853322739641265e-05
0.29127491410876394 4.4172153499535324e-06
0.3148252690145015 4.247450399638235e-07
0.32200747436234023 2.9344523570287595e-05
0.3455004380734178 4.0806476442115485e-05
0.35499608362771273 2.996700266604355e-05
0.3648936929243557 1.9764899198211132e-05
0.3707202339580562 1.3398041074569941e-05
0.3739359677848536 4.705539558891226e-05
0.37715911207511055 4.041511734025798e-06
0.3845078243397271 6.504384814393684e-07
0.3903779452627898 1.2186075066307875e-05
0.4026292332052195 9.120938231113085e-06
0.4998237961076779 1.2053498951546173e-05
0.6357456158475638 1.0245196237147757e-05
0.7400361272565664 3.4566978951655708e-06
0.8229508670686508 1.2791245547339455e-05
0.8400601090749965 3.7304551839581656e-06
0.8534670370713809 6.273536629058595e-06
0.875631381355132 5.6314323417249047e-05
0.8841977384168248 0.00011981440994098872
0.8963665736907167 8.721594759943613e-05
0.9022561553581504 1.0330402508413689e-05
0.9147086121738046 7.154225243074064e-05
0.9235054430630651 4.737887040670274e-07
0.932418285768416 4.399711390908843e-06
0.9433065719723077 2.583987314485871e-05
0.947702686669134 5.105177615246941e-06
0.9684826806224628 2.50126064282959e-05
0.9948030449552453 4.6442870058659565e-07
1.007657933291557 1.594204602581595e-05
1.0305228787726612 1.2866651945125074e-05
1.04482448778079 2.0309323167935915e-05
1.0599566717397817 2.1268931107152863e-05
1.0678631384521475 3.219652980477611e-06
1.0884072830443787 0.00012658491269140323
1.0990073659438337 4.8638720609182335e-05
1.1423402847006066 3.794188086783319e-05
1.1440575955638703 5.819706066593386e-06
1.1511907778357222 6.589245816245863e-06
1.163402650203766 5.232622275637383e-06
1.2361884904554628 1.4686899551720962e-05
1.274964011584605 6.382021533364403e-05
#kx=5.0, ky=7.0, Jx=1.0, Jy=1.0, Jz=1.0, h=0.05
0.060491091796395224 0.00029136233391967303
0.1431302065042811 0.0001316238255927895
0.1580377969436042 0.00012302612383478296
0.19762650591494346 2.1953795838555353e-05
0.22613109943612375 9.28381253057032e-06
0.23551213809074656 2.1881631425026532e-05
0.24714711592952132 3.012491626962208e-05
0.2804108441975983 4.44336561756998e-06
0.2854344312189938 0.00010103366101123179
0.29296267726428904 3.0512380222212054e-06
0.32130619817090145 6.77438826786839e-05
0.33009664854621146 0.00015270346196030767
0.34482468354513685 0.0003909505870010544
0.35666440767429364 2.9250546832188136e-05
0.36595334695238957 6.0306461178208566e-05
0.3721156258212649 4.2555595026653534e-05
0.37463299056338883 0.00023344491214751675
0.37804503965368164 1.598560778182596e-05
0.38934760701720417 2.616337671920392e-06
0.395148746434581 2.4772448627733168e-05
0.42491072536271546 6.339944428287299e-05
0.5640146165295712 8.688844519704153e-05
0.7228152191278686 1.897206736822004e-05
0.7943140896482292 2.6962512335793074e-05
0.8325024424646055 7.267967703186009e-05
0.8504894057101592 1.854604420524682e-05
0.861384221879809 8.424790929077863e-05
0.8808353443493572 7.582984184074851e-06
0.8889407556787116 3.6956788425972936e-05
0.8970860184355639 7.48260055416162e-05
0.9094525876615145 1.6316689078919184e-05
0.9121072439016786 2.3511384007298323e-05
0.9304495403978275 5.755609074910036e-05
0.9386004388162905 4.15746006225082e-06
0.9453864513616606 1.5961547158017362e-05
0.952291192049991 3.220754795223061e-05
0.9788462653662588 8.711913363415711e-06
0.9993953439670783 2.509526168750705e-06
1.0145411693587585 4.638362560359443e-06
1.0392838310018104 1.0436083251830691e-07
1.0632953760306392 2.558707804863854e-05
1.0916445360438165 4.7634355905741685e-05
1.0996592970943926 1.1806567606020033e-05
1.120803345245211 2.0214017975709574e-05
1.1382065282077003 1.2212046915339287e-05
1.1450257986667118 6.898739448064028e-07
1.152780330838064 1.0947469965407126e-05
1.1728207334214673 1.0424937661207988e-05
1.2096457509646108 8.915382235157305e-06
1.340693190680745 9.147428558323787e-05
#kx=6.0, ky=6.0, Jx=1.0, Jy=1.0, Jz=1.0, h=0.05
0.14225707912979335 8.371067468957687e-06
0.15242210224651387 3.496428778966683e-07
0.17766419873445294 1.936930175148851e-05
0.1987566157068954 5.597854173268573e-06
0.22560697446236178 6.818893532976507e-07
0.2432441216348069 1.26690383551485e-05
0.27861712321784027 7.650545501342251e-06
0.2838157715368922 1.9272391982036932e-05
0.2929696763190681 9.978063594713345e-07
0.3150650256665216 1.280585023556507e-05
0.322012736210599 1.5034742458374288e-05
0.34158358362337327 4.962620999026625e-05
0.3560451707498363 6.4449579901284555e-06
0.36571921103203286 9.1682742420511e-06
0.37089062898256475 5.669675733919867e-06
0.37454094395787285 4.72821706438978e-05
0.3776266159915115 4.0790840309163875e-06
0.3883341703962384 3.4330827824401876e-06
0.395219326856463 3.6451071825319367e-06
0.40658093004689255 1.1394620892487038e-05
0.5261518261857506 7.830868725719963e-06
0.6772431570261445 1.5980911217087276e-06
0.7492590240201069 3.2899526876027036e-06
0.8317126516062306 2.5964555961950238e-05
0.8455896367422389 1.7052942371943638e-05
0.8598762003923349 2.8357071951035146e-05
0.8759359469213507 2.5677725574593604e-05
0.8868224991089968 7.298019996838917e-05
0.8951461407290712 2.6301466099132934e-05
0.9018074428077877 5.371084888585987e-05
0.9079976725265809 8.59385122902546e-05
0.9211796155860064 7.028892942482732e-05
0.9336861922737244 4.667785561925961e-05
0.9420797313326523 1.4566401980421318e-05
0.9453267073979477 6.249005653247394e-06
0.9744211777667339 9.71675188548068e-06
0.9956629464304556 7.239722681056337e-06
1.0065835711801085 1.152125891383087e-05
1.0358988299763439 7.490543645200543e-06
1.0450503805504663 1.8461186962051423e-05
1.0696195803829944 3.288075740758284e-05
1.0971898682393932 5.86137049330046e-05
1.102057947085452 4.5182510655913174e-05
1.1288107364578086 4.604237919752397e-05
1.1364100243861486 2.3422944065055345e-05
1.1458925025258733 9.273399222966999e-07
1.1523454452691446 1.956952879394171e-07
1.1905203213696192 5.768723230206645e-06
1.2251407340941882 1.2354624791281828e-06
1.4472262137141312 8.125226978229274e-05
