0.000000000000000000e+00 5.342603612783073386e-01 2.770755739350548932e-02 -4.723268688254729786e-01 1.524519545333906032e-02 -5.846350365063676113e-01 -1.203436473733526246e-01 -3.604547632598646967e-01 5.932521489685274596e-02 0.000000000000000000e+00 -7.590771761290715861e-03 0.000000000000000000e+00 1.343651596802867415e-02 0.000000000000000000e+00 -2.251830368109985006e-02 1.000000000000000000e+00 5.435165094969891975e+00 2.424677090331504026e+00 4.101560548433383246e+00 -9.116690588564810849e-01
-5.042016806722688510e-03 5.343198564453445210e-01 2.902145798314016353e-02 -4.723061427906474208e-01 1.512403033709631972e-02 -5.794991990846845020e-01 -1.132289636938407784e-01 -3.716304953070229677e-01 5.420772159443200400e-02 0.000000000000000000e+00 -6.252885727184783436e-03 0.000000000000000000e+00 1.255440755900711323e-02 0.000000000000000000e+00 -2.176426802566697877e-02 1.000000000000000000e+00 5.432593435369088120e+00 2.422947626904901064e+00 4.101231647996814722e+00 -9.069119415002830920e-01
-1.008403361344537702e-02 5.342534061291265290e-01 2.964246933853937130e-02 -4.706403676097039579e-01 1.673952551933766825e-02 -5.761634565159016175e-01 -1.083386026356926296e-01 -3.809699238856737447e-01 4.997952358261279621e-02 0.000000000000000000e+00 -5.831253349871928088e-03 0.000000000000000000e+00 1.150126400473322485e-02 0.000000000000000000e+00 -2.020284620510149828e-02 1.000000000000000000e+00 5.430789596371325523e+00 2.423854024341324909e+00 4.099328246108279394e+00 -9.062292884731492082e-01
-1.512605042016806553e-02 5.341737369663598356e-01 3.022677766133934074e-02 -4.684064843624420882e-01 1.885044078096024048e-02 -5.736489125953079249e-01 -1.047307740599265347e-01 -3.889783672502702405e-01 4.634056488907890153e-02 0.000000000000000000e+00 -5.601534755325304066e-03 0.000000000000000000e+00 1.046424293235006207e-02 0.000000000000000000e+00 -1.872648566946968213e-02 1.000000000000000000e+00 5.429549639748597833e+00 2.425152664346364340e+00 4.097174813689117734e+00 -9.064572268205871586e-01
-2.016806722689075404e-02 5.340959155633626665e-01 3.053956540144848672e-02 -4.661245802862716281e-01 2.092666843404748095e-02 -5.717225286178495569e-01 -1.016024934815864672e-01 -3.957474601775856637e-01 4.324697596925335813e-02 0.000000000000000000e+00 -5.621730540335992225e-03 0.000000000000000000e+00 9.572057641351666354e-03 0.000000000000000000e+00 -1.730723561712588579e-02 1.000000000000000000e+00 5.428289205983088728e+00 2.426823411839177158e+00 4.095473731814927909e+00 -9.074001548772397951e-01
-2.521008403361344255e-02 5.340076139351653817e-01 3.064063352703197407e-02 -4.639419071898008839e-01 2.281139351102666815e-02 -5.701634678231628506e-01 -9.897163507191805709e-02 -4.015364039156777420e-01 4.068392986109910237e-02 0.000000000000000000e+00 -5.635690673126682489e-03 0.000000000000000000e+00 8.744969687425163674e-03 0.000000000000000000e+00 -1.605929649426128189e-02 1.000000000000000000e+00 5.427043375611773968e+00 2.428102635585453140e+00 4.093851853087838499e+00 -9.080762204838832563e-01
-3.025210084033613106e-02 5.339126312377560080e-01 3.055199216478333632e-02 -4.618971832126618771e-01 2.447892111132753470e-02 -5.689247032893592904e-01 -9.676851666519666051e-02 -4.064561127870513491e-01 3.859879349768940981e-02 0.000000000000000000e+00 -5.643177349138881957e-03 0.000000000000000000e+00 7.995771499849927549e-03 0.000000000000000000e+00 -1.496570802188309027e-02 1.000000000000000000e+00 5.425882684615963569e+00 2.429125994237275599e+00 4.092303083959740739e+00 -9.085302321193059472e-01
-3.529411764705882304e-02 5.338122347675759993e-01 3.029058630869886984e-02 -4.600278041374049609e-01 2.592041628737492068e-02 -5.679543671462849996e-01 -9.492048734324846915e-02 -4.106111383521055536e-01 3.693429320078864264e-02 0.000000000000000000e+00 -5.630589197116672023e-03 0.000000000000000000e+00 7.317630921472520131e-03 0.000000000000000000e+00 -1.402025482820763030e-02 1.000000000000000000e+00 5.424820531747539754e+00 2.429943196844100761e+00 4.090839211948263276e+00 -9.087635939074039104e-01
-4.033613445378150808e-02 5.337100357624566804e-01 2.988810698680666178e-02 -4.583226215804943049e-01 2.718362944147597812e-02 -5.672262136703377644e-01 -9.338141359234765349e-02 -4.140962213315000362e-01 3.563932081868467772e-02 0.000000000000000000e+00 -5.619145459031390025e-03 0.000000000000000000e+00 6.703234512648476376e-03 0.000000000000000000e+00 -1.317982882271311398e-02 1.000000000000000000e+00 5.423884742772694167e+00 2.430728663139422707e+00 4.089418974920921990e+00 -9.089715046424077238e-01
-4.537815126050419312e-02 5.336140082336332524e-01 2.939476289067135054e-02 -4.567894982867073406e-01 2.825924802993251550e-02 -5.666880527671306345e-01 -9.207801647328592298e-02 -4.170125339810406562e-01 3.463716484536326357e-02 0.000000000000000000e+00 -5.626012428900856351e-03 0.000000000000000000e+00 6.153487804281087062e-03 0.000000000000000000e+00 -1.242549422438499022e-02 9.473684210526315264e-01 5.423026976433657609e+00 2.431533129697006412e+00 4.088065369533828708e+00 -9.092284380174944225e-01
-5.042016806722688510e-02 5.335200063729627074e-01 2.880922758466913577e-02 -4.554268929899779605e-01 2.916751875603701069e-02 -5.663010045115605129e-01 -9.095655666303550935e-02 -4.194552601305162609e-01 3.387539926173181726e-02 0.000000000000000000e+00 -5.636552588853443839e-03 0.000000000000000000e+00 5.658368202009364523e-03 0.000000000000000000e+00 -1.175004272266961733e-02 9.473684210526315264e-01 5.422247939797123273e+00 2.432288789913828353e+00 4.086782836744957237e+00 -9.094635228763925383e-01
-5.546218487394957708e-02 5.334243295010853148e-01 2.813212376446567672e-02 -4.542314592470864110e-01 2.992892300267881861e-02 -5.660303367604315739e-01 -8.997718059038850580e-02 -4.215042502034895833e-01 3.331245636776136027e-02 0.000000000000000000e+00 -5.643867258707187078e-03 0.000000000000000000e+00 5.212745290192871001e-03 0.000000000000000000e+00 -1.114878948151584032e-02 9.473684210526315264e-01 5.421571025112434938e+00 2.432967809686096050e+00 4.085572953521775297e+00 -9.096327020188701429e-01
-6.050420168067226212e-02 5.333295618867159860e-01 2.740348397810661238e-02 -4.531814886998365988e-01 3.057196978979004331e-02 -5.658434745526101928e-01 -8.911215597659591370e-02 -4.232393961722853426e-01 3.288555228994305413e-02 0.000000000000000000e+00 -5.646427600311209466e-03 0.000000000000000000e+00 4.808794029649185800e-03 0.000000000000000000e+00 -1.061384678753269327e-02 9.473684210526315264e-01 5.420988240012630577e+00 2.433583684379454048e+00 4.084435161159760241e+00 -9.097774315506959031e-01
-6.554621848739494716e-02 5.332394883462290291e-01 2.664889567644111723e-02 -4.522570812914931127e-01 3.110889691164579751e-02 -5.657226640020767139e-01 -8.834616985322098215e-02 -4.247108312633086635e-01 3.256425679632250769e-02 0.000000000000000000e+00 -5.647058134465008511e-03 0.000000000000000000e+00 4.442459034374456571e-03 0.000000000000000000e+00 -1.013554970704484866e-02 9.473684210526315264e-01 5.420480392333682396e+00 2.434167059310539560e+00 4.083362094170069234e+00 -9.099208233797544398e-01
-7.058823529411764608e-02 5.331568632482538428e-01 2.587417349457797958e-02 -4.514413047982758220e-01 3.154060588123456382e-02 -5.656602210478767212e-01 -8.766223569085827838e-02 -4.259527934780893421e-01 3.233248276180251957e-02 0.000000000000000000e+00 -5.649770641187359423e-03 0.000000000000000000e+00 4.108068159726221275e-03 0.000000000000000000e+00 -9.700707811523164026e-03 9.473684210526315264e-01 5.420005775714361818e+00 2.434733246685658159e+00 4.082343248342509057e+00 -9.100704012123438380e-01
-7.563025210084033112e-02 5.330909233054715868e-01 2.510000999816902958e-02 -4.507116539341781691e-01 3.186922630564880538e-02 -5.656533049929092227e-01 -8.708157205596704642e-02 -4.269791904214463307e-01 3.219215133970959597e-02 0.000000000000000000e+00 -5.672242043357822623e-03 0.000000000000000000e+00 3.807190690629784491e-03 0.000000000000000000e+00 -9.290859878576343892e-03 9.473684210526315264e-01 5.419570795588738221e+00 2.435376227484618461e+00 4.081365226165339699e+00 -9.102883334024854944e-01
-8.067226890756301616e-02 5.330323949332277378e-01 2.432408461603622826e-02 -4.500638384817323701e-01 3.213010227817317266e-02 -5.656785668172127357e-01 -8.655295439623833520e-02 -4.278513006491991844e-01 3.209778354924924110e-02 0.000000000000000000e+00 -5.701114484882203147e-03 0.000000000000000000e+00 3.529926113874072135e-03 0.000000000000000000e+00 -8.909632214872892711e-03 9.473684210526315264e-01 5.419163781951616521e+00 2.436001731374747070e+00 4.080433004678275744e+00 -9.105261714038308529e-01
-8.571428571428570120e-02 5.329829066965038331e-01 2.354609393608163292e-02 -4.494772454500772785e-01 3.232595737778730383e-02 -5.657387633016749406e-01 -8.609295945384567994e-02 -4.285820304243014855e-01 3.207215692468255719e-02 0.000000000000000000e+00 -5.740091908005334233e-03 0.000000000000000000e+00 3.265003343625491172e-03 0.000000000000000000e+00 -8.538501503491032277e-03 9.473684210526315264e-01 5.418758688689462311e+00 2.436694273616637929e+00 4.079463521557329386e+00 -9.108546777417491080e-01
-9.075630252100838624e-02 5.329457800996002526e-01 2.276903244600481102e-02 -4.489530561618947369e-01 3.244606311867970216e-02 -5.658164138787099562e-01 -8.569164189499853257e-02 -4.291941535180724410e-01 3.209928889051644890e-02 0.000000000000000000e+00 -5.791707899121435396e-03 0.000000000000000000e+00 3.019897308600547579e-03 0.000000000000000000e+00 -8.176298658668011005e-03 9.473684210526315264e-01 5.418357887239703352e+00 2.437468847792341187e+00 4.078472590308916956e+00 -9.112699759215815432e-01
-9.579831932773108516e-02 5.329193268842373765e-01 2.199963319143869583e-02 -4.484863543844717082e-01 3.249957207498415518e-02 -5.658969943655555168e-01 -8.532890021560761429e-02 -4.297200288205016983e-01 3.215184587762214691e-02 0.000000000000000000e+00 -5.850578674287220185e-03 0.000000000000000000e+00 2.793422624113411391e-03 0.000000000000000000e+00 -7.827428120130880060e-03 9.473684210526315264e-01 5.417963031994143641e+00 2.438275574716470828e+00 4.077480083254930499e+00 -9.117204333806888661e-01
-1.008403361344537702e-01 5.329021823336845820e-01 2.124224952507190733e-02 -4.480691711383898990e-01 3.249710944180926597e-02 -5.659755604943106366e-01 -8.499527841676310369e-02 -4.301788481504496553e-01 3.221529359428134537e-02 0.000000000000000000e+00 -5.914248260971683921e-03 0.000000000000000000e+00 2.583380909661649964e-03 0.000000000000000000e+00 -7.492362482664946012e-03 9.473684210526315264e-01 5.417571355787734966e+00 2.439089148020854747e+00 4.076495327464570551e+00 -9.121825243958930907e-01
-1.058823529411764552e-01 5.328918166838960691e-01 2.049795294928106679e-02 -4.476992602759846118e-01 3.243932677102637913e-02 -5.660455229062396620e-01 -8.467323639847838812e-02 -4.305901379609977098e-01 3.226992896242963232e-02 0.000000000000000000e+00 -5.971233828857924406e-03 0.000000000000000000e+00 2.388476713047088442e-03 0.000000000000000000e+00 -7.179235325217168256e-03 1.000000000000000000e+00 5.417164873866281205e+00 2.439823843020405114e+00 4.075548153977849530e+00 -9.125746047312565112e-01
-1.109243697478991542e-01 5.328859008289810184e-01 1.976753531154231205e-02 -4.473662309294413886e-01 3.233131076882053700e-02 -5.661124259809467985e-01 -8.434770250299548910e-02 -4.309644308109916166e-01 3.230076703768950536e-02 0.000000000000000000e+00 -6.010369753050036172e-03 0.000000000000000000e+00 2.205214484229067913e-03 0.000000000000000000e+00 -6.893587950131755022e-03 1.000000000000000000e+00 5.416707748308439818e+00 2.440391068114903472e+00 4.074673381809519768e+00 -9.128129824417410276e-01
-1.159663865546218392e-01 5.328855459291220731e-01 1.905402489817207418e-02 -4.470492379559753982e-01 3.220043349154846912e-02 -5.661927779460383947e-01 -8.405038102023608404e-02 -4.312907810123389751e-01 3.232756090616235867e-02 0.000000000000000000e+00 -6.043774195601044931e-03 0.000000000000000000e+00 2.029458048269015564e-03 0.000000000000000000e+00 -6.623199088720149903e-03 1.000000000000000000e+00 5.416228591517825208e+00 2.440909335900713018e+00 4.073817242704175001e+00 -9.130139886346828604e-01
-1.210084033613445242e-01 5.328904461330776776e-01 1.836251664847053308e-02 -4.467461228868517820e-01 3.204942139584573274e-02 -5.662817690653895175e-01 -8.377716803283202784e-02 -4.315789531434873205e-01 3.234857568211806783e-02 0.000000000000000000e+00 -6.073563406872402662e-03 0.000000000000000000e+00 1.857005347887158431e-03 0.000000000000000000e+00 -6.364827597294699796e-03 1.000000000000000000e+00 5.415720624288928420e+00 2.441385463449194937e+00 4.072971497143281994e+00 -9.131835615267765993e-01
-1.260504201680672232e-01 5.328999013388583395e-01 1.769443183964322305e-02 -4.464557523326496136e-01 3.188207750274988511e-02 -5.663764762065428560e-01 -8.352625860769054278e-02 -4.318352151599680888e-01 3.236226938922606017e-02 0.000000000000000000e+00 -6.098717473375758757e-03 0.000000000000000000e+00 1.686753923470499326e-03 0.000000000000000000e+00 -6.118731491811935444e-03 1.000000000000000000e+00 5.415185569562011025e+00 2.441819599530225648e+00 4.072131388246305939e+00 -9.133229188291560607e-01
-1.310924369747898943e-01 5.329127695934809950e-01 1.704987300244660206e-02 -4.461790900618040623e-01 3.170047483989225923e-02 -5.664730898731965558e-01 -8.329586574172800906e-02 -4.320652368212364869e-01 3.237060068083472825e-02 0.000000000000000000e+00 -6.119570323093730981e-03 0.000000000000000000e+00 1.517663917642138316e-03 0.000000000000000000e+00 -5.885696107159154970e-03 1.000000000000000000e+00 5.414627855794188704e+00 2.442210609316830094e+00 4.071289748186157631e+00 -9.134319764335767644e-01
-1.361344537815125932e-01 5.329282697419039927e-01 1.643207587137356443e-02 -4.459155420367529876e-01 3.151104807012258119e-02 -5.665675619448907741e-01 -8.308833019168938849e-02 -4.322750479477288077e-01 3.237381559928697444e-02 0.000000000000000000e+00 -6.135645232799331363e-03 0.000000000000000000e+00 1.351225176624561283e-03 0.000000000000000000e+00 -5.666002405525404767e-03 1.000000000000000000e+00 5.414061449759689282e+00 2.442562845153483764e+00 4.070440757068836568e+00 -9.135139772136745551e-01
-1.411764705882352922e-01 5.329452813730999328e-01 1.584541340642438290e-02 -4.456659202341810011e-01 3.132184919991405636e-02 -5.666539177367782010e-01 -8.290798062444289240e-02 -4.324715901354694303e-01 3.237234405372308582e-02 0.000000000000000000e+00 -6.147898395613414155e-03 0.000000000000000000e+00 1.189353164224791950e-03 0.000000000000000000e+00 -5.461442439188468091e-03 1.000000000000000000e+00 5.413514548237903234e+00 2.442885813922674565e+00 4.069579340540420809e+00 -9.135748210262580882e-01
-1.462184873949579633e-01 5.329629127983810388e-01 1.529413486147761236e-02 -4.454310007561742002e-01 3.114060238476635753e-02 -5.667268368029705350e-01 -8.275869127228488442e-02 -4.326609215393673602e-01 3.236546465494524044e-02 0.000000000000000000e+00 -6.158674654049919525e-03 0.000000000000000000e+00 1.033927521422313119e-03 0.000000000000000000e+00 -5.273170368028947362e-03 1.000000000000000000e+00 5.413018239057562297e+00 2.443192474919257950e+00 4.068705336277274931e+00 -9.136229929038544029e-01
-1.512605042016806622e-01 5.329808006299031620e-01 1.477911445885838823e-02 -4.452107019920437114e-01 3.097048060399553923e-02 -5.667846111036050072e-01 -8.263967204236578878e-02 -4.328460454709893712e-01 3.235150385314903426e-02 0.000000000000000000e+00 -6.170548162499869121e-03 0.000000000000000000e+00 8.853119929662221126e-04 0.000000000000000000e+00 -5.100489791116474998e-03 1.000000000000000000e+00 5.412586830197326115e+00 2.443491550865160011e+00 4.067824786460818132e+00 -9.136651818097220046e-01
-1.563025210084033334e-01 5.329989538127195559e-01 1.429728278951577190e-02 -4.450042923869017009e-01 3.080993182832163571e-02 -5.668290964988139669e-01 -8.254631246123035615e-02 -4.330266660372671939e-01 3.232948454778549613e-02 0.000000000000000000e+00 -6.184980693764095296e-03 0.000000000000000000e+00 7.425340091110658406e-04 0.000000000000000000e+00 -4.941461861445064011e-03 1.000000000000000000e+00 5.412214809646122227e+00 2.443784200597567402e+00 4.066945807620502507e+00 -9.137032728354026467e-01
-1.613445378151260323e-01 5.330174947481973735e-01 1.384397267665262062e-02 -4.448108172780789182e-01 3.065571011109177388e-02 -5.668635134639105067e-01 -8.247371207868454956e-02 -4.332008774201768775e-01 3.229992680511872827e-02 0.000000000000000000e+00 -6.202415416864802411e-03 0.000000000000000000e+00 6.043239947104265836e-04 0.000000000000000000e+00 -4.793982526843381005e-03 1.000000000000000000e+00 5.411888782802760645e+00 2.444068556430713191e+00 4.066074430566538389e+00 -9.137366750323733244e-01
-1.663865546218487312e-01 5.330320840872277977e-01 1.339242057854790266e-02 -4.446290210040522162e-01 3.049909874098728768e-02 -5.668920071918636117e-01 -8.241868830924586886e-02 -4.333727884498344007e-01 3.225847238719020682e-02 0.000000000000000000e+00 -6.189168719570017387e-03 0.000000000000000000e+00 4.555959345718920339e-04 0.000000000000000000e+00 -4.668498084803603468e-03 1.000000000000000000e+00 5.411549145059245447e+00 2.444205303490250447e+00 4.065176789396278245e+00 -9.136629955987628504e-01
-1.714285714285714024e-01 5.330455380322319803e-01 1.296294507206253305e-02 -4.444561152257212044e-01 3.034948133655488572e-02 -5.669169701095150282e-01 -8.238454245551787847e-02 -4.335359899874628442e-01 3.221199190902997167e-02 0.000000000000000000e+00 -6.174749291953056558e-03 0.000000000000000000e+00 3.048116453222406781e-04 0.000000000000000000e+00 -4.553652399715337265e-03 1.000000000000000000e+00 5.411232865411571780e+00 2.444308591095868621e+00 4.064275325920552184e+00 -9.135699968165159612e-01
-1.764705882352941013e-01 5.330568419601944274e-01 1.254900380166670826e-02 -4.442959798797306292e-01 3.020362184123748586e-02 -5.669388497622271927e-01 -8.236646406163622425e-02 -4.336885120719083386e-01 3.216182090451285419e-02 0.000000000000000000e+00 -6.157325445401213258e-03 0.000000000000000000e+00 1.519797553090467825e-04 0.000000000000000000e+00 -4.451008889146017451e-03 1.000000000000000000e+00 5.410930620761550180e+00 2.444359966844645626e+00 4.063374159736222957e+00 -9.134381400876069312e-01
-1.815126050420167725e-01 5.330665780957546396e-01 1.214625677833746156e-02 -4.441461268636203163e-01 3.005657473451104136e-02 -5.669557827514891679e-01 -8.236168363995566288e-02 -4.338349219131538703e-01 3.211825674686351328e-02 0.000000000000000000e+00 -6.142339848748445789e-03 0.000000000000000000e+00 -2.962732133223069107e-06 0.000000000000000000e+00 -4.353769404083939441e-03 1.000000000000000000e+00 5.410648378707439754e+00 2.444411073578474980e+00 4.062475339671752117e+00 -9.133082970793720001e-01
-1.865546218487394714e-01 5.330770084949711940e-01 1.176062741175252016e-02 -4.440012180230876737e-01 2.991224874288975211e-02 -5.669723602526000050e-01 -8.236576808438056396e-02 -4.339729156003357957e-01 3.207381839657142547e-02 0.000000000000000000e+00 -6.130927817155280499e-03 0.000000000000000000e+00 -1.583074875906193837e-04 0.000000000000000000e+00 -4.260838556644125190e-03 1.000000000000000000e+00 5.410374910809517601e+00 2.444461235994957349e+00 4.061584326990608673e+00 -9.131804884083923879e-01
-1.915966386554621703e-01 5.330899207324346634e-01 1.139192347511075454e-02 -4.438605299361635947e-01 2.976723827717927054e-02 -5.669883302946813197e-01 -8.237657407586704283e-02 -4.341017052425584222e-01 3.203297205645427165e-02 0.000000000000000000e+00 -6.127656729292729060e-03 0.000000000000000000e+00 -3.083479502038226285e-04 0.000000000000000000e+00 -4.170166377579826236e-03 1.000000000000000000e+00 5.410118016688758580e+00 2.444536482891215723e+00 4.060715826472521606e+00 -9.130621178621446399e-01
-1.966386554621848415e-01 5.331024869730863758e-01 1.103627040155499839e-02 -4.437289035636048928e-01 2.962328935563961207e-02 -5.670017619178446822e-01 -8.239304267394342851e-02 -4.342231170046249589e-01 3.198902408598251063e-02 0.000000000000000000e+00 -6.126802359438231552e-03 0.000000000000000000e+00 -4.580572038090745929e-04 0.000000000000000000e+00 -4.085090326653977727e-03 1.000000000000000000e+00 5.409871920080648877e+00 2.444599424018415235e+00 4.059858430064961610e+00 -9.129355990205770821e-01
-2.016806722689075404e-01 5.331151643348793767e-01 1.069398655221304346e-02 -4.436046548772679676e-01 2.948113063602108078e-02 -5.670131386255207184e-01 -8.241685514391905443e-02 -4.343371860637710302e-01 3.194412133856811692e-02 0.000000000000000000e+00 -6.129859723435089267e-03 0.000000000000000000e+00 -6.063061613009404103e-04 0.000000000000000000e+00 -4.004379652531403662e-03 1.000000000000000000e+00 5.409637986482292327e+00 2.444662843256145468e+00 4.059010585504398527e+00 -9.128091418462740414e-01
-2.067226890756302393e-01 5.331253728776305101e-01 1.035954476939479618e-02 -4.434933110917090859e-01 2.933401381809778649e-02 -5.670148970780887199e-01 -8.243977584570198747e-02 -4.344539756707537781e-01 3.189281815749069743e-02 0.000000000000000000e+00 -6.126329271020337919e-03 0.000000000000000000e+00 -7.527037862576764450e-04 0.000000000000000000e+00 -3.936727962167609583e-03 9.473684210526315264e-01 5.409415217566908574e+00 2.444661099405372351e+00 4.058184634729170348e+00 -9.126154270150734771e-01
-2.117647058823529105e-01 5.331363601635460414e-01 1.003666528321431328e-02 -4.433838953543055017e-01 2.919215903888168137e-02 -5.670200339016211455e-01 -8.247758793027080981e-02 -4.345590486384311446e-01 3.184686657373563684e-02 0.000000000000000000e+00 -6.130579057344759733e-03 0.000000000000000000e+00 -8.967544352895220243e-04 0.000000000000000000e+00 -3.869990162636002991e-03 9.473684210526315264e-01 5.409213019400965550e+00 2.444694432595091893e+00 4.057363704138380101e+00 -9.124470305071656906e-01
-2.168067226890756094e-01 5.331483877460783116e-01 9.724596196179291843e-03 -4.432783227034679530e-01 2.905263483414575326e-02 -5.670255476372335623e-01 -8.252779039452524945e-02 -4.346548237369430856e-01 3.180569215679878575e-02 0.000000000000000000e+00 -6.142328345394346654e-03 0.000000000000000000e+00 -1.038700543335513123e-03 0.000000000000000000e+00 -3.803826307502714867e-03 9.473684210526315264e-01 5.409029369401384457e+00 2.444763211451671747e+00 4.056546980974738759e+00 -9.123044569388548686e-01
-2.218487394957983083e-01 5.331613993517612116e-01 9.423444574724748266e-03 -4.431782445765283240e-01 2.891339374424826969e-02 -5.670285537448396251e-01 -8.258698155078519898e-02 -4.347444198993082320e-01 3.176730000409375143e-02 0.000000000000000000e+00 -6.160119270449113983e-03 0.000000000000000000e+00 -1.178998868935136196e-03 0.000000000000000000e+00 -3.739084827369260067e-03 9.473684210526315264e-01 5.408860486942245416e+00 2.444858305346535143e+00 4.055736019630058919e+00 -9.121798318248079962e-01
-2.268907563025209795e-01 5.331752335233981288e-01 9.133448818907404301e-03 -4.430844823346986594e-01 2.877366471344924154e-02 -5.670274107285443455e-01 -8.265288514165793077e-02 -4.348299643340949872e-01 3.173019704378077233e-02 0.000000000000000000e+00 -6.182755469148995542e-03 0.000000000000000000e+00 -1.318016170186806684e-03 0.000000000000000000e+00 -3.676594115676889984e-03 9.473684210526315264e-01 5.408703856200429705e+00 2.444971704751213171e+00 4.054932563903848930e+00 -9.120660540638166891e-01
-2.319327731092436784e-01 5.331897345191893844e-01 8.854721214248935726e-03 -4.429971815157597859e-01 2.863341566420744139e-02 -5.670214824549685284e-01 -8.272439056468758323e-02 -4.349126251359583528e-01 3.169365948903093283e-02 0.000000000000000000e+00 -6.209507680787535247e-03 0.000000000000000000e+00 -1.456050143463333627e-03 0.000000000000000000e+00 -3.616850871071658827e-03 9.473684210526315264e-01 5.408558141782052076e+00 2.445098649568365978e+00 4.054137821927207064e+00 -9.119587323269843226e-01
-2.369747899159663496e-01 5.332071461295031511e-01 8.574280494839117694e-03 -4.429156517425414941e-01 2.849225589158297170e-02 -5.670207719369771970e-01 -8.280482967810663675e-02 -4.349761690644584622e-01 3.166834667011344390e-02 0.000000000000000000e+00 -6.246935111809404084e-03 0.000000000000000000e+00 -1.591685168908033412e-03 0.000000000000000000e+00 -3.554251722947064217e-03 9.473684210526315264e-01 5.408419873125841271e+00 2.445303795231461130e+00 4.053353428949022508e+00 -9.119113646974756904e-01
-2.420168067226890485e-01 5.332245917215249209e-01 8.308201303945461982e-03 -4.428431672815480447e-01 2.835039907945903145e-02 -5.670091900354259362e-01 -8.288503215676497338e-02 -4.350444427661862568e-01 3.163785435571973836e-02 0.000000000000000000e+00 -6.285699211272013399e-03 0.000000000000000000e+00 -1.726908140195328742e-03 0.000000000000000000e+00 -3.497036181694357718e-03 9.473684210526315264e-01 5.408290846015607833e+00 2.445496172152593406e+00 4.052581218891869064e+00 -9.118490951284428103e-01
-2.470588235294117474e-01 5.332420431353998014e-01 8.055618771200485917e-03 -4.427773732411004470e-01 2.820930800484246215e-02 -5.669897820181156733e-01 -8.296792909134609317e-02 -4.351151335627513883e-01 3.160442064823265618e-02 0.000000000000000000e+00 -6.326290298360556785e-03 0.000000000000000000e+00 -1.862070684096884350e-03 0.000000000000000000e+00 -3.444537694152135197e-03 9.473684210526315264e-01 5.408171474833283199e+00 2.445682274937930778e+00 4.051820455055371362e+00 -9.117763442128584694e-01
-2.521008403361344463e-01 5.332673091643218566e-01 7.810633117116993172e-03 -4.427042027985372830e-01 2.806553364848891896e-02 -5.669833264698869169e-01 -8.306571948761207191e-02 -4.351641351938088098e-01 3.156413472863819902e-02 0.000000000000000000e+00 -6.379784595693068980e-03 0.000000000000000000e+00 -1.983644121604667427e-03 0.000000000000000000e+00 -3.394661692419820038e-03 9.473684210526315264e-01 5.408062425208409962e+00 2.445952571582767465e+00 4.051104430750256391e+00 -9.117384074663970051e-01
-2.571428571428571175e-01 5.333072912384441144e-01 7.569194802633646621e-03 -4.426182184841467304e-01 2.791055759216944446e-02 -5.669996436921734828e-01 -8.317833889583031715e-02 -4.351769715255118798e-01 3.150793691061754692e-02 0.000000000000000000e+00 -6.453084082825646939e-03 0.000000000000000000e+00 -2.079813177211287979e-03 0.000000000000000000e+00 -3.347727995863780757e-03 9.473684210526315264e-01 5.407955573883826084e+00 2.446364200215513929e+00 4.050467178487579645e+00 -9.117574651238742334e-01
-2.621848739495797886e-01 5.333469440466991340e-01 7.342283800181317703e-03 -4.425460042607411437e-01 2.775043909936758882e-02 -5.669983904695455879e-01 -8.328043493337607128e-02 -4.352014879537661751e-01 3.144342684731356308e-02 0.000000000000000000e+00 -6.523921277235176022e-03 0.000000000000000000e+00 -2.178393614909301685e-03 0.000000000000000000e+00 -3.307354364803923377e-03 9.473684210526315264e-01 5.407842481397819867e+00 2.446739678420631225e+00 4.049843384990135853e+00 -9.117445786175695233e-01
-2.672268907563025153e-01 5.333859863077233809e-01 7.128459509197736244e-03 -4.424832420477304851e-01 2.758906871220111884e-02 -5.669849800806426865e-01 -8.338065511825178133e-02 -4.352331437310278939e-01 3.137549746663063910e-02 0.000000000000000000e+00 -6.593812518600384101e-03 0.000000000000000000e+00 -2.280052712089046009e-03 0.000000000000000000e+00 -3.272451362190671557e-03 9.473684210526315264e-01 5.407731500006846659e+00 2.447096899944337878e+00 4.049229133489328447e+00 -9.117123721947637538e-01
-2.722689075630251865e-01 5.334240608309954723e-01 6.926792113237815150e-03 -4.424280792984607857e-01 2.742864334292417425e-02 -5.669618439777320829e-01 -8.348354491212954531e-02 -4.352699251313547624e-01 3.130666687813708771e-02 0.000000000000000000e+00 -6.663291831259618436e-03 0.000000000000000000e+00 -2.385171425770753455e-03 0.000000000000000000e+00 -3.242936458398645080e-03 9.473684210526315264e-01 5.407628164959832340e+00 2.447443495394143742e+00 4.048622597202679252e+00 -9.116654392584236932e-01
-2.773109243697478576e-01 5.334618736448519805e-01 6.737436719466513568e-03 -4.423764769441330680e-01 2.727070694057886352e-02 -5.669342164360534619e-01 -8.358995785818673641e-02 -4.353078867241084171e-01 3.123838968497294824e-02 0.000000000000000000e+00 -6.734704738610974677e-03 0.000000000000000000e+00 -2.493255748380430320e-03 0.000000000000000000e+00 -3.216345142407271967e-03 9.473684210526315264e-01 5.407527510008678817e+00 2.447790051335232864e+00 4.048025948074534419e+00 -9.116133194607937140e-01
-2.823529411764705843e-01 5.334971121444047615e-01 6.560482869979002325e-03 -4.423399191059326774e-01 2.710524577844917321e-02 -5.668974806311060100e-01 -8.370155437448956182e-02 -4.353438061152934413e-01 3.118131087472173976e-02 0.000000000000000000e+00 -6.800041156331359041e-03 0.000000000000000000e+00 -2.610539582734773024e-03 0.000000000000000000e+00 -3.198455358790181381e-03 9.473684210526315264e-01 5.407437164285234132e+00 2.448083263031175960e+00 4.047416525366925200e+00 -9.115171024377496378e-01
-2.873949579831932555e-01 5.335320816691604406e-01 6.396347404928857949e-03 -4.423037667004287021e-01 2.694524021782689072e-02 -5.668586208569859064e-01 -8.381805831205280111e-02 -4.353805763349570257e-01 3.112501096481454579e-02 0.000000000000000000e+00 -6.868249404291809114e-03 0.000000000000000000e+00 -2.730716829546317274e-03 0.000000000000000000e+00 -3.182986204111031090e-03 9.473684210526315264e-01 5.407353204328638974e+00 2.448386415195439536e+00 4.046819299868418263e+00 -9.114205480127934855e-01
-2.924369747899159266e-01 5.335667615039603184e-01 6.244821049939265623e-03 -4.422684901223261078e-01 2.678996475646828329e-02 -5.668173572942940552e-01 -8.393937119137513669e-02 -4.354181422195928519e-01 3.107009706307232305e-02 0.000000000000000000e+00 -6.939464050232352355e-03 0.000000000000000000e+00 -2.853903352121239800e-03 0.000000000000000000e+00 -3.169962820999446939e-03 9.473684210526315264e-01 5.407274988750771172e+00 2.448698900381735211e+00 4.046233823496101500e+00 -9.113231457327836127e-01
-2.974789915966385978e-01 5.336011328016613264e-01 6.105850067414848349e-03 -4.422344020094221007e-01 2.663892383595578561e-02 -5.667735123813002485e-01 -8.406545477932308996e-02 -4.354564505926465379e-01 3.101706167157775029e-02 0.000000000000000000e+00 -7.013831890065417955e-03 0.000000000000000000e+00 -2.980256202131294045e-03 0.000000000000000000e+00 -3.159401427744765872e-03 9.473684210526315264e-01 5.407201995379775639e+00 2.449020511147173895e+00 4.045659728036077318e+00 -9.112246311823148925e-01
-3.025210084033613245e-01 5.336351797970191324e-01 5.979504246938748165e-03 -4.422017123398545024e-01 2.649177221956949130e-02 -5.667269677494759517e-01 -8.419630628255801719e-02 -4.354954574856209071e-01 3.096631071905093721e-02 0.000000000000000000e+00 -7.091511321968765880e-03 0.000000000000000000e+00 -3.109958143257054997e-03 0.000000000000000000e+00 -3.151315843846265452e-03 9.473684210526315264e-01 5.407133773891325212e+00 2.449351288697486417e+00 4.045096710065766210e+00 -9.111248794089943370e-01
-3.075630252100839956e-01 5.336688895655187226e-01 5.865957340489212114e-03 -4.421705648214470097e-01 2.634826697135855475e-02 -5.666776377527596997e-01 -8.433194262291436594e-02 -4.355351309681806948e-01 3.091818423169393273e-02 0.000000000000000000e+00 -7.172671705024560689e-03 0.000000000000000000e+00 -3.243207234803664480e-03 0.000000000000000000e+00 -3.145723392264804848e-03 9.473684210526315264e-01 5.407069918739701109e+00 2.449691421179174267e+00 4.044544523627020993e+00 -9.110238295058240565e-01
-3.126050420168066668e-01 5.337022506389987875e-01 5.765474639145966654e-03 -4.421410614011672124e-01 2.620823997732396604e-02 -5.666254532315140313e-01 -8.447239181853383183e-02 -4.355754515066526666e-01 3.087297342458883778e-02 0.000000000000000000e+00 -7.257493245209099830e-03 0.000000000000000000e+00 -3.380209561024939083e-03 0.000000000000000000e+00 -3.142649813420209191e-03 9.473684210526315264e-01 5.407010055877304211e+00 2.450041172946810786e+00 4.044002973687780944e+00 -9.109214296481533690e-01
-3.176470588235293935e-01 5.337352504289406552e-01 5.678403835939359670e-03 -4.421132791506675042e-01 2.607158491005997364e-02 -5.665703512189101954e-01 -8.461769112639971890e-02 -4.356164114949958588e-01 3.083093725527472073e-02 0.000000000000000000e+00 -7.346168054236367276e-03 0.000000000000000000e+00 -3.521174124522570385e-03 0.000000000000000000e+00 -3.142132772304301411e-03 9.473684210526315264e-01 5.406953839327628408e+00 2.450400831292717019e+00 4.043471902213710223e+00 -9.108175957960140678e-01
-3.226890756302520646e-01 5.337678711039430812e-01 5.605165615608148286e-03 -4.420872821133565722e-01 2.593825607392527544e-02 -5.665122675522272777e-01 -8.476789357147956894e-02 -4.356580153831877689e-01 3.079232166298639592e-02 0.000000000000000000e+00 -7.438903591377997102e-03 0.000000000000000000e+00 -3.666309649810232940e-03 0.000000000000000000e+00 -3.144223153348981760e-03 9.473684210526315264e-01 5.406900956426129667e+00 2.450770662478585216e+00 4.042951155564161958e+00 -9.107121821493520120e-01
-3.277310924369747358e-01 5.338001135598615665e-01 5.546150406070766113e-03 -4.420631606049017504e-01 2.580803765737905292e-02 -5.664511562371278286e-01 -8.492306522534581736e-02 -4.357002004772964621e-01 3.075736317566061390e-02 0.000000000000000000e+00 -7.535983298293138892e-03 0.000000000000000000e+00 -3.815736726690233723e-03 0.000000000000000000e+00 -3.148939705606531875e-03 9.473684210526315264e-01 5.406851813789408823e+00 2.451151633015972831e+00 4.042440656133564403e+00 -9.106054325298719165e-01
-3.327731092436974625e-01 5.338318999333003800e-01 5.501979497981646094e-03 -4.420409138934600080e-01 2.568130530965284999e-02 -5.663869059742492329e-01 -8.508340438381387094e-02 -4.357431046435124022e-01 3.072638279640566711e-02 0.000000000000000000e+00 -7.637622969107789837e-03 0.000000000000000000e+00 -3.969758422311629557e-03 0.000000000000000000e+00 -3.156384916787545979e-03 9.473684210526315264e-01 5.406805518389421472e+00 2.451543077124991310e+00 4.041939844332939735e+00 -9.104965946183261050e-01
-3.378151260504201336e-01 5.338631336773295155e-01 5.473199272253098310e-03 -4.420206190797655310e-01 2.555817740252676329e-02 -5.663193916181028520e-01 -8.524903301235189912e-02 -4.357868471244144004e-01 3.069983698544744705e-02 0.000000000000000000e+00 -7.744061124151733165e-03 0.000000000000000000e+00 -4.128553886875421276e-03 0.000000000000000000e+00 -3.166694877708393224e-03 9.473684210526315264e-01 5.406761787691616306e+00 2.451944660693154532e+00 4.041448164108187413e+00 -9.103847918241072534e-01
-3.428571428571428048e-01 5.338937191317204567e-01 5.460325825901763026e-03 -4.420023655701612597e-01 2.543912945369099926e-02 -5.662484550369398795e-01 -8.542046757769101994e-02 -4.358314762805915454e-01 3.067811971121412948e-02 0.000000000000000000e+00 -7.855758174838859548e-03 0.000000000000000000e+00 -4.292394823961394497e-03 0.000000000000000000e+00 -3.179872311867670831e-03 8.947368421052630527e-01 5.406720931425899046e+00 2.452356748983043566e+00 4.040964518519062132e+00 -9.102702339326530501e-01
-3.478991596638655315e-01 5.339235263105441831e-01 5.463935900684700059e-03 -4.419862746230867612e-01 2.532461531161995724e-02 -5.661738321021416720e-01 -8.559816760752107789e-02 -4.358771862565525290e-01 3.066175712539814455e-02 0.000000000000000000e+00 -7.973150423358426470e-03 0.000000000000000000e+00 -4.461565886381349197e-03 0.000000000000000000e+00 -3.195991073661840539e-03 8.947368421052630527e-01 5.406683195941987208e+00 2.452779374340768648e+00 4.040487652051644396e+00 -9.101525829762701081e-01
-3.529411764705882026e-01 5.339528534282957928e-01 5.485492861328785004e-03 -4.419713636195346518e-01 2.521566437891973808e-02 -5.660953160228560099e-01 -8.578258219752869784e-02 -4.359246188595595206e-01 3.065153085017221710e-02 0.000000000000000000e+00 -8.097457387486680508e-03 0.000000000000000000e+00 -4.636783232808782025e-03 0.000000000000000000e+00 -3.213598664062113693e-03 8.947368421052630527e-01 5.406648295667586979e+00 2.453221629508696822e+00 4.040017254256778045e+00 -9.100389528687493623e-01
-3.579831932773108738e-01 5.339818610205568916e-01 5.526016950247013802e-03 -4.419574733225573593e-01 2.511270032260296339e-02 -5.660124980574647857e-01 -8.597401601457667353e-02 -4.359740736837313668e-01 3.064826382058173995e-02 0.000000000000000000e+00 -8.229585028445843969e-03 0.000000000000000000e+00 -4.818784980630626616e-03 0.000000000000000000e+00 -3.231740951295441165e-03 8.947368421052630527e-01 5.406615625025260385e+00 2.453688817885161466e+00 4.039552733733632550e+00 -9.099333666695289535e-01
-3.630252100840335450e-01 5.340126346283928793e-01 5.592478358834917194e-03 -4.419397926073638239e-01 2.501566695750984115e-02 -5.659254459074283261e-01 -8.617206587180975541e-02 -4.360278391112833440e-01 3.065020723140165701e-02 0.000000000000000000e+00 -8.373838604472395516e-03 0.000000000000000000e+00 -5.005115689338670432e-03 0.000000000000000000e+00 -3.247623488333857989e-03 8.947368421052630527e-01 5.406588878137092991e+00 2.454213003130014670e+00 4.039094665525777117e+00 -9.098618404019126471e-01
-3.680672268907562716e-01 5.340424342408860436e-01 5.678386010457571985e-03 -4.419262137686230107e-01 2.492259007812995530e-02 -5.658329996096141956e-01 -8.637761428830971477e-02 -4.360825860770956575e-01 3.066005140401519349e-02 0.000000000000000000e+00 -8.526006580066239002e-03 0.000000000000000000e+00 -5.197989178348858333e-03 0.000000000000000000e+00 -3.266839676565960054e-03 8.947368421052630527e-01 5.406564767527552995e+00 2.454748636722846822e+00 4.038638638749037391e+00 -9.097860545343908756e-01
-3.731092436974789428e-01 5.340710537562699534e-01 5.785106475939964452e-03 -4.419170527534238002e-01 2.483389057387135751e-02 -5.657348968887934149e-01 -8.659049541524817262e-02 -4.361385578983153488e-01 3.067735449327328376e-02 0.000000000000000000e+00 -8.685945395847901804e-03 0.000000000000000000e+00 -5.397859343342847720e-03 0.000000000000000000e+00 -3.290394528297050075e-03 8.947368421052630527e-01 5.406543232605217852e+00 2.455293065957250498e+00 4.038186377177192199e+00 -9.097012710458651785e-01
-3.781512605042016140e-01 5.340982288054328952e-01 5.914035237371595248e-03 -4.419126862609332185e-01 2.474978610163120277e-02 -5.656309725866683902e-01 -8.681054301171921284e-02 -4.361958979020050808e-01 3.070153684773498440e-02 0.000000000000000000e+00 -8.853272580912365658e-03 0.000000000000000000e+00 -5.605202267610659428e-03 0.000000000000000000e+00 -3.319641117408352049e-03 8.947368421052630527e-01 5.406523627216631489e+00 2.455841473748773485e+00 4.037740244076726270e+00 -9.096005402411760921e-01
-3.831932773109243406e-01 5.341236658919682467e-01 6.066801355673863763e-03 -4.419133536348025526e-01 2.467041765321491970e-02 -5.655211972117910602e-01 -8.703763759859300952e-02 -4.362547451660053754e-01 3.073184579313006579e-02 0.000000000000000000e+00 -9.027447589611268738e-03 0.000000000000000000e+00 -5.820581797882196096e-03 0.000000000000000000e+00 -3.356183060326353718e-03 8.947368421052630527e-01 5.406504719124102465e+00 2.456387707196998615e+00 4.037303165117234194e+00 -9.094755211136618112e-01
-3.882352941176470118e-01 5.341470893763526906e-01 6.245449466372916987e-03 -4.419188915662382589e-01 2.459614879049473041e-02 -5.654057215063911235e-01 -8.727199610885863490e-02 -4.363152858333739226e-01 3.076762623802679203e-02 0.000000000000000000e+00 -9.208064394613720352e-03 0.000000000000000000e+00 -6.044685520697443658e-03 0.000000000000000000e+00 -3.401565399708276951e-03 8.947368421052630527e-01 5.406485175368201723e+00 2.456926413687424926e+00 4.036878056720422769e+00 -9.093185122313725000e-01
-3.932773109243696830e-01 5.341677424764421644e-01 6.449807417821236920e-03 -4.419314899906326422e-01 2.452484020730706649e-02 -5.652841387033344933e-01 -8.751668134024867540e-02 -4.363760530966389606e-01 3.081022358574401696e-02 0.000000000000000000e+00 -9.396150601466236874e-03 0.000000000000000000e+00 -6.278658004511201637e-03 0.000000000000000000e+00 -3.456512825247514114e-03 8.947368421052630527e-01 5.406471264323108983e+00 2.457458247950508046e+00 4.036466511932021106e+00 -9.091281050224007121e-01
-3.983193277310924096e-01 5.341860184696364255e-01 6.685849997203395165e-03 -4.419467299775401981e-01 2.446161190695146995e-02 -5.651574553742690910e-01 -8.777107237466212630e-02 -4.364394628632489170e-01 3.085848394668598213e-02 0.000000000000000000e+00 -9.591693377224480913e-03 0.000000000000000000e+00 -6.523071862851529887e-03 0.000000000000000000e+00 -3.521668824304037288e-03 8.947368421052630527e-01 5.406456613160965929e+00 2.457982161572217272e+00 4.036069597774917028e+00 -9.088996257613064511e-01
-4.033613445378150808e-01 5.342017706410135958e-01 6.956683657610521557e-03 -4.419634488734411337e-01 2.440855488874983659e-02 -5.650259836250277612e-01 -8.803706738746687466e-02 -4.365056827152381524e-01 3.091362480254465292e-02 0.000000000000000000e+00 -9.796025372022031108e-03 0.000000000000000000e+00 -6.778946512399294973e-03 0.000000000000000000e+00 -3.596974976042582439e-03 8.947368421052630527e-01 5.406442622425626787e+00 2.458502575579580185e+00 4.035686561953894191e+00 -9.086346987995627122e-01
-4.084033613445377520e-01 5.342165117302434263e-01 7.257402545411647740e-03 -4.419773545414262261e-01 2.435170931020486096e-02 -5.648925339465042939e-01 -8.831236087963811876e-02 -4.365741300486469800e-01 3.098563509394020379e-02 0.000000000000000000e+00 -1.000618152341104308e-02 0.000000000000000000e+00 -7.044238663114405809e-03 0.000000000000000000e+00 -3.686117161765713277e-03 8.947368421052630527e-01 5.406439892789144608e+00 2.459026032269614692e+00 4.035313215753530969e+00 -9.082998230790713112e-01
-4.134453781512604786e-01 5.342289884508587550e-01 7.600180854335111987e-03 -4.419885878078314012e-01 2.430994350686140754e-02 -5.647552894483715002e-01 -8.860255289530322154e-02 -4.366463255185833447e-01 3.106781452515949143e-02 0.000000000000000000e+00 -1.022839785346204775e-02 0.000000000000000000e+00 -7.323022744213336134e-03 0.000000000000000000e+00 -3.784340311811031608e-03 8.947368421052630527e-01 5.406438611572461639e+00 2.459560106260819445e+00 4.034950583381398559e+00 -9.079346278549341731e-01
-4.184873949579831498e-01 5.342390817177274931e-01 7.989065660843853653e-03 -4.419969971921360319e-01 2.428504373384274620e-02 -5.646136927761026270e-01 -8.890909015568394802e-02 -4.367224384732155684e-01 3.116201982623707789e-02 0.000000000000000000e+00 -1.046454206164528465e-02 0.000000000000000000e+00 -7.616444437506947329e-03 0.000000000000000000e+00 -3.891596664054747592e-03 8.947368421052630527e-01 5.406439412231476282e+00 2.460109158607130642e+00 4.034596503079545649e+00 -9.075405603578516889e-01
-4.235294117647058210e-01 5.342466659665782158e-01 8.429085148339447719e-03 -4.420024126646242002e-01 2.427938616253561693e-02 -5.644671594605293885e-01 -8.923336101904663642e-02 -4.368025825308903265e-01 3.127042116228635066e-02 0.000000000000000000e+00 -1.071670748855642168e-02 0.000000000000000000e+00 -7.925701803254449340e-03 0.000000000000000000e+00 -4.007778860343174342e-03 8.947368421052630527e-01 5.406442714223236301e+00 2.460678819559578567e+00 4.034248659447722041e+00 -9.071196260343908913e-01
-4.285714285714285476e-01 5.342498838583666920e-01 8.920864896751189502e-03 -4.420087990001508316e-01 2.429822728780921953e-02 -5.643143468884409542e-01 -8.957569495387142366e-02 -4.368857845539099727e-01 3.139636980704597902e-02 0.000000000000000000e+00 -1.098636245287226178e-02 0.000000000000000000e+00 -8.252169518528621253e-03 0.000000000000000000e+00 -4.134132227978993754e-03 8.947368421052630527e-01 5.406450783654201508e+00 2.461258573187767418e+00 4.033906742910275511e+00 -9.066598663900788946e-01
-4.336134453781512188e-01 5.342522591480725058e-01 9.478652359106167283e-03 -4.420098218022370795e-01 2.433866108505450612e-02 -5.641560338102497019e-01 -8.993829939319078481e-02 -4.369721649111394934e-01 3.153887898128635014e-02 0.000000000000000000e+00 -1.127949349731917870e-02 0.000000000000000000e+00 -8.596008402142413587e-03 0.000000000000000000e+00 -4.266783425081521752e-03 8.947368421052630527e-01 5.406462764799199405e+00 2.461898901485399360e+00 4.033564506222953483e+00 -9.062019317363440019e-01
-4.386554621848738900e-01 5.342559900736948419e-01 1.007798031372772289e-02 -4.420049351605034871e-01 2.438965161551185853e-02 -5.639996402262710262e-01 -9.033391723096537151e-02 -4.370447493027839747e-01 3.174418547425297138e-02 0.000000000000000000e+00 -1.159339097569583171e-02 0.000000000000000000e+00 -8.962884448976147014e-03 0.000000000000000000e+00 -4.404154496925828145e-03 8.947368421052630527e-01 5.406454541441082284e+00 2.462624330102650028e+00 4.033183935362591122e+00 -9.057146884938727105e-01
-4.436974789915966166e-01 5.342640474424772412e-01 1.072011029335042873e-02 -4.419892562534776248e-01 2.444751080482088917e-02 -5.638446450373848506e-01 -9.077215805858775133e-02 -4.371017481453363107e-01 3.203078842587671338e-02 0.000000000000000000e+00 -1.192668899655716618e-02 0.000000000000000000e+00 -9.361164611751454992e-03 0.000000000000000000e+00 -4.546212652069637865e-03 8.947368421052630527e-01 5.406418770075049451e+00 2.463449128746141525e+00 4.032736548055315673e+00 -9.051794016047709501e-01
-4.487394957983192878e-01 5.342697196892294276e-01 1.152155094665878454e-02 -4.419516619333125340e-01 2.459245095911190976e-02 -5.636785249667722875e-01 -9.122149881817287476e-02 -4.371918107920708119e-01 3.218905434515190178e-02 0.000000000000000000e+00 -1.234408175130221642e-02 0.000000000000000000e+00 -9.755438652733467927e-03 0.000000000000000000e+00 -4.675405967138897279e-03 8.947368421052630527e-01 5.406492553849754579e+00 2.464495371976695548e+00 4.032515218083164044e+00 -9.048952788116235713e-01
-4.537815126050419590e-01 5.342536007869492787e-01 1.247916795491174451e-02 -4.419025956632292029e-01 2.480716552826641233e-02 -5.634587859017357037e-01 -9.174050407605652269e-02 -4.373591732997072490e-01 3.238392478794792362e-02 0.000000000000000000e+00 -1.275231138661704448e-02 0.000000000000000000e+00 -1.020137786353861667e-02 0.000000000000000000e+00 -4.845904436555729770e-03 8.947368421052630527e-01 5.406611203096638896e+00 2.465220640774681282e+00 4.032164915812104233e+00 -9.042708518738415968e-01
-4.588235294117646301e-01 5.342436733919959657e-01 1.356728852567711321e-02 -4.418429467431196911e-01 2.502553464813841652e-02 -5.632173223845521326e-01 -9.226847619304055781e-02 -4.375430847321801764e-01 3.260476010903631816e-02 0.000000000000000000e+00 -1.321213092537411836e-02 0.000000000000000000e+00 -1.068539466551986054e-02 0.000000000000000000e+00 -5.017546924745884367e-03 8.947368421052630527e-01 5.406654096477836902e+00 2.466097308141379951e+00 4.031840862756335575e+00 -9.036689698213322686e-01
-4.638655462184873568e-01 5.342257317305695308e-01 1.478076594272984857e-02 -4.417773119836528872e-01 2.530784367824288894e-02 -5.629731281046684854e-01 -9.285161182563383964e-02 -4.377173684597080450e-01 3.285213773962856326e-02 0.000000000000000000e+00 -1.372777231240909952e-02 0.000000000000000000e+00 -1.119126714375666583e-02 0.000000000000000000e+00 -5.205535041297513002e-03 8.947368421052630527e-01 5.406779411151464210e+00 2.467083819055436500e+00 4.031526496466264931e+00 -9.030933098557197836e-01
-4.689075630252100280e-01 5.341982645447916900e-01 1.616962732347481876e-02 -4.416960827507414034e-01 2.567432759275286788e-02 -5.627197404723884855e-01 -9.349607123517579554e-02 -4.378955596779408044e-01 3.312115891405061074e-02 0.000000000000000000e+00 -1.430964411148178544e-02 0.000000000000000000e+00 -1.172809644756203119e-02 0.000000000000000000e+00 -5.411887544099923744e-03 8.947368421052630527e-01 5.406961274177898069e+00 2.468164106100147581e+00 4.031193982929011099e+00 -9.025443149327962988e-01
-4.739495798319326991e-01 5.341565106847031563e-01 1.778485479091507573e-02 -4.415827658820964952e-01 2.616291933398507893e-02 -5.624635414547353163e-01 -9.424138570858819897e-02 -4.380741416324118731e-01 3.343075465210102598e-02 0.000000000000000000e+00 -1.496845122514121711e-02 0.000000000000000000e+00 -1.231129411011787876e-02 0.000000000000000000e+00 -5.640735470069492899e-03 8.947368421052630527e-01 5.407203340932789537e+00 2.469283927871900097e+00 4.030768647464309851e+00 -9.019861454343738316e-01
-4.789915966386554258e-01 5.341019134219080478e-01 1.968864470714388332e-02 -4.414444013747003681e-01 2.678550058550685509e-02 -5.621936172742374449e-01 -9.508095681088814255e-02 -4.382518323406066063e-01 3.377149081176495510e-02 0.000000000000000000e+00 -1.572422906174473362e-02 0.000000000000000000e+00 -1.294676207107279924e-02 0.000000000000000000e+00 -5.897201094039622796e-03 8.421052631578946901e-01 5.407480721773120891e+00 2.470459636325670338e+00 4.030289622427727814e+00 -9.013973270738200316e-01
-4.840336134453780970e-01 5.340140950511458318e-01 2.202433439444842836e-02 -4.412383263937940114e-01 2.766556245229328734e-02 -5.618931089847065685e-01 -9.604015130342502538e-02 -4.384968918874611599e-01 3.406130253035186128e-02 0.000000000000000000e+00 -1.657097847012672237e-02 0.000000000000000000e+00 -1.367113907912872149e-02 0.000000000000000000e+00 -6.201650868846156871e-03 8.421052631578946901e-01 5.407778236002805272e+00 2.471458537085633012e+00 4.029640539102373076e+00 -9.007616632303996340e-01
-4.890756302521007681e-01 5.339110658760662931e-01 2.478403441437916979e-02 -4.409469385528309582e-01 2.877801716080807815e-02 -5.616036717949017820e-01 -9.724475473901977862e-02 -4.386992082162631257e-01 3.449083732141242781e-02 0.000000000000000000e+00 -1.758963639854752362e-02 0.000000000000000000e+00 -1.443039688595977761e-02 0.000000000000000000e+00 -6.548066356729075055e-03 8.421052631578946901e-01 5.408333057740169814e+00 2.472742621923549766e+00 4.028776581896377884e+00 -9.001240983252301042e-01
-4.941176470588234948e-01 5.338435764080066148e-01 2.792982690817983130e-02 -4.406332863005624212e-01 2.986747685735802529e-02 -5.611986697086905895e-01 -9.860827032208278886e-02 -4.389112124742545196e-01 3.515141610716022297e-02 0.000000000000000000e+00 -1.881737434167557455e-02 0.000000000000000000e+00 -1.527386858041252307e-02 0.000000000000000000e+00 -6.899604316716321725e-03 8.421052631578946901e-01 5.408723492610814532e+00 2.474588362928170859e+00 4.027890808557039293e+00 -8.994440964863316124e-01
-4.991596638655461660e-01 5.338115978284861951e-01 3.089348377353770200e-02 -4.400494626390343278e-01 3.115644990335988268e-02 -5.608645743663860372e-01 -1.003685148470519761e-01 -4.390540169401813131e-01 3.657496302117711068e-02 0.000000000000000000e+00 -2.023617806502090583e-02 0.000000000000000000e+00 -1.631426375350771701e-02 0.000000000000000000e+00 -7.196622614188298052e-03 8.421052631578946901e-01 5.409253685486092422e+00 2.477260615565601398e+00 4.026125258370448101e+00 -8.988654602823783479e-01
-5.042016806722688926e-01 5.339677371316017274e-01 3.301295618212572724e-02 -4.386336243790016631e-01 3.287173866331832839e-02 -5.605825892412688027e-01 -1.026747038191054562e-01 -4.394365790258456528e-01 3.941969770923921257e-02 0.000000000000000000e+00 -2.202051641428156778e-02 0.000000000000000000e+00 -1.785299426577029516e-02 0.000000000000000000e+00 -7.183767983974196150e-03 7.368421052631578538e-01 5.409351609802043548e+00 2.482250794490541868e+00 4.022428776681664431e+00 -8.996808247287614302e-01
-5.092436974789915638e-01 5.338903483413690587e-01 3.935777103263818355e-02 -4.366914271957724747e-01 3.627398152530008496e-02 -5.604703098016422524e-01 -1.060635537494312580e-01 -4.396436805453117769e-01 4.114779366791339321e-02 0.000000000000000000e+00 -2.453700472108975156e-02 0.000000000000000000e+00 -1.948391667103546374e-02 0.000000000000000000e+00 -7.682285174102101294e-03 7.368421052631578538e-01 5.410022824970627475e+00 2.485542988857135427e+00 4.019043579309482972e+00 -8.997860296785117340e-01
-5.142857142857142350e-01 3.804827152862892414e-01 3.416672713339225509e-01 -1.937863335668146003e-01 3.486122973852595064e-01 -4.646977874101520523e-01 -3.552197492310429916e-01 -3.499973350159675256e-01 2.399767034532243257e-02 0.000000000000000000e+00 -3.183787308887221501e-01 0.000000000000000000e+00 -1.129979209697910408e-01 0.000000000000000000e+00 -8.945898968823763273e-03 5.263157894736841813e-02 5.674511849673907982e+00 2.595360301009210779e+00 3.582346725418754207e+00 -1.463949134026729659e+00
-5.193277310924369061e-01 3.789530609212446999e-01 4.311830021690722936e-01 -2.186268497118241672e-01 3.324474124556928700e-01 -4.458278970799386953e-01 -2.917711763685650883e-01 -3.512456631790912831e-01 2.818449838957410442e-02 0.000000000000000000e+00 -3.022500191632307986e-01 0.000000000000000000e+00 -1.127293473704008842e-01 0.000000000000000000e+00 -5.746296802741765117e-03 0.000000000000000000e+00 5.606847226383552929e+00 2.563852161315714806e+00 3.554435130097026274e+00 -1.506845224210385803e+00
-5.243697478991595773e-01 3.787440392221729235e-01 4.288420356981247350e-01 -2.226937662139127638e-01 3.275467689564818818e-01 -4.496182359368336989e-01 -2.924284229210430963e-01 -3.519067968582245132e-01 2.756228309771898907e-02 0.000000000000000000e+00 -3.008906405974418052e-01 0.000000000000000000e+00 -1.137184964900247869e-01 0.000000000000000000e+00 -5.654557532633898952e-03 0.000000000000000000e+00 5.607405007159418808e+00 2.561995476250945813e+00 3.553392223363465163e+00 -1.507354654262752502e+00
-5.294117647058822484e-01 3.785485981983626180e-01 4.281823202425716901e-01 -2.262260150450552121e-01 3.232305379671307488e-01 -4.523981055075287361e-01 -2.920139145147025994e-01 -3.523553134836386880e-01 2.684997880068410933e-02 0.000000000000000000e+00 -2.995640757019416012e-01 0.000000000000000000e+00 -1.145648257478167759e-01 0.000000000000000000e+00 -5.438169500693311106e-03 0.000000000000000000e+00 5.607148790201029520e+00 2.560020069408488919e+00 3.552131693723007633e+00 -1.508569194859356921e+00
-5.344537815126050306e-01 3.783623959678618642e-01 4.287665728165211410e-01 -2.292736300193403132e-01 3.193894927746868118e-01 -4.544192655295117289e-01 -2.908651150264899843e-01 -3.526174316310183854e-01 2.605344898786611865e-02 0.000000000000000000e+00 -2.983050287844511428e-01 0.000000000000000000e+00 -1.153066510146583956e-01 0.000000000000000000e+00 -5.132694344574437705e-03 0.000000000000000000e+00 5.606395412145531054e+00 2.558018586958319851e+00 3.550719294938987858e+00 -1.510323550338199317e+00
-5.394957983193277018e-01 3.781825754869774237e-01 4.302631551772575502e-01 -2.318791146427137961e-01 3.159351069499616305e-01 -4.558711576143120725e-01 -2.892304253253937807e-01 -3.527093431560393011e-01 2.517727108467504929e-02 0.000000000000000000e+00 -2.971301568081600175e-01 0.000000000000000000e+00 -1.159702346903642711e-01 0.000000000000000000e+00 -4.763282233754302132e-03 0.000000000000000000e+00 5.605373068364214006e+00 2.556051409362306792e+00 3.549198538627866828e+00 -1.512496070103289902e+00
-5.445378151260503730e-01 3.780069970886376085e-01 4.324252041177525929e-01 -2.340789356600903870e-01 3.127978848942911116e-01 -4.568950888295951751e-01 -2.872903397055788233e-01 -3.526420989616506629e-01 2.422446981414072206e-02 0.000000000000000000e+00 -2.960463545953762043e-01 0.000000000000000000e+00 -1.165727267604788897e-01 0.000000000000000000e+00 -4.348218653403715730e-03 0.000000000000000000e+00 5.604248737170142824e+00 2.554157740550381472e+00 3.547597450261034346e+00 -1.515000020426431782e+00
-5.495798319327730441e-01 3.778341775920335821e-01 4.350723475030779386e-01 -2.359030054379080699e-01 3.099249287929313201e-01 -4.575959678775698425e-01 -2.851743117939679051e-01 -3.524230698422851082e-01 2.319816433822305055e-02 0.000000000000000000e+00 -2.950551474109879280e-01 0.000000000000000000e+00 -1.171251995258235229e-01 0.000000000000000000e+00 -3.900247580738457672e-03 0.000000000000000000e+00 5.603141543221180854e+00 2.552361389216389220e+00 3.545931217008320591e+00 -1.517777488381030437e+00
-5.546218487394957153e-01 3.776628134463205777e-01 4.380793626283718267e-01 -2.373781696466708280e-01 3.072703286709671522e-01 -4.580482297607696984e-01 -2.829704847493774711e-01 -3.520592255070210674e-01 2.210109284663542423e-02 0.000000000000000000e+00 -2.941584740579005763e-01 0.000000000000000000e+00 -1.176359899166144474e-01 0.000000000000000000e+00 -3.428482599570393825e-03 0.000000000000000000e+00 5.602132309444109559e+00 2.550673376358711497e+00 3.544211356910247801e+00 -1.520788156567064231e+00
-5.596638655462183864e-01 3.774904994494461818e-01 4.413585273617371407e-01 -2.385393217776105856e-01 3.047911340015644899e-01 -4.583048234761170625e-01 -2.807368933401100941e-01 -3.515625846623626760e-01 2.093628817596159333e-02 0.000000000000000000e+00 -2.933518548925021507e-01 0.000000000000000000e+00 -1.181096250037878687e-01 0.000000000000000000e+00 -2.939704440610232342e-03 0.000000000000000000e+00 5.601313798254114573e+00 2.549108898188587435e+00 3.542446706013403279e+00 -1.524008824545815877e+00
-5.647058823529411686e-01 3.773139040601835581e-01 4.448368832399440254e-01 -2.394226369135114829e-01 3.024622926936230138e-01 -4.584091475001910720e-01 -2.785163807295059635e-01 -3.509502004257826768e-01 1.970666813214975999e-02 0.000000000000000000e+00 -2.926164129886018039e-01 0.000000000000000000e+00 -1.185440873063153960e-01 0.000000000000000000e+00 -2.438229736327368093e-03 0.000000000000000000e+00 5.600812845277451046e+00 2.547695304068142708e+00 3.540632182097303016e+00 -1.527431956482053099e+00
-5.697478991596638398e-01 3.771305520026467795e-01 4.484753371219208362e-01 -2.400618856100120435e-01 3.002581408180207689e-01 -4.583872659424412244e-01 -2.763293735952241370e-01 -3.502355114716627638e-01 1.841950704650498552e-02 0.000000000000000000e+00 -2.919363074462160701e-01 0.000000000000000000e+00 -1.189380069184998445e-01 0.000000000000000000e+00 -1.923946200960542641e-03 0.000000000000000000e+00 5.600715852627807578e+00 2.546446676078748972e+00 3.538750881676119953e+00 -1.531072378029285641e+00
-5.747899159663865110e-01 3.769402555128126830e-01 4.522412482290316116e-01 -2.404735195070936693e-01 2.981554700841170802e-01 -4.582647932989892259e-01 -2.741944396623447466e-01 -3.494186694315609132e-01 1.707609495727143920e-02 0.000000000000000000e+00 -2.913097345296234431e-01 0.000000000000000000e+00 -1.192986097929481931e-01 0.000000000000000000e+00 -1.403008659589404655e-03 0.000000000000000000e+00 5.601029067059545064e+00 2.545355207923697183e+00 3.536814585580897230e+00 -1.534907743134956482e+00
-5.798319327731091821e-01 3.767465350402957602e-01 4.561064690369395769e-01 -2.406378520167362645e-01 2.961569604928663835e-01 -4.580689527023605878e-01 -2.721333107694350328e-01 -3.484810087983650773e-01 1.567989763513618143e-02 0.000000000000000000e+00 -2.907434845131902645e-01 0.000000000000000000e+00 -1.196340074422655164e-01 0.000000000000000000e+00 -8.773251795302792946e-04 0.000000000000000000e+00 5.601641701890560654e+00 2.544377961508118347e+00 3.534823161363714217e+00 -1.538917272732251318e+00
-5.848739495798318533e-01 3.765526105886412567e-01 4.600493773124045283e-01 -2.405371081350215212e-01 2.942703119993848593e-01 -4.578201844840161239e-01 -2.701608006331172596e-01 -3.474077746273229184e-01 1.423446960225122244e-02 0.000000000000000000e+00 -2.902444771138735224e-01 0.000000000000000000e+00 -1.199443470224697966e-01 0.000000000000000000e+00 -3.472540126462520665e-04 0.000000000000000000e+00 5.602461289213954920e+00 2.543480012973530435e+00 3.532770527104508229e+00 -1.543089440489452402e+00
-5.899159663865545244e-01 3.763553694036071984e-01 4.640617584824467401e-01 -2.402050052256799462e-01 2.924737486578433132e-01 -4.575244154253569895e-01 -2.682707908719769163e-01 -3.462157713018442773e-01 1.274046600322788561e-02 0.000000000000000000e+00 -2.898002385248322765e-01 0.000000000000000000e+00 -1.202259589160679515e-01 0.000000000000000000e+00 1.867671674846083584e-04 0.000000000000000000e+00 5.603561764166555825e+00 2.542678370588981274e+00 3.530656871285873244e+00 -1.547428704355591433e+00
-5.949579831932771956e-01 3.761635904852386192e-01 4.681113493846038032e-01 -2.395912227245734216e-01 2.908022235202814554e-01 -4.572128181239323852e-01 -2.664949187662422059e-01 -3.448582324560616197e-01 1.119305503982111726e-02 0.000000000000000000e+00 -2.894340258089282969e-01 0.000000000000000000e+00 -1.204768727522010502e-01 0.000000000000000000e+00 7.145883935818610547e-04 0.000000000000000000e+00 5.604693794207419977e+00 2.541889512619231350e+00 3.528478699927729778e+00 -1.551908042714140290e+00
-5.999999999999999778e-01 3.759659868101111746e-01 4.721812569892253619e-01 -2.387938290278615594e-01 2.892048024517967497e-01 -4.568836864616325211e-01 -2.648107785930529090e-01 -3.434064329431223417e-01 9.601168393956756308e-03 0.000000000000000000e+00 -2.890942116104681658e-01 0.000000000000000000e+00 -1.206975781881085563e-01 0.000000000000000000e+00 1.243448741541273127e-03 0.000000000000000000e+00 5.606225720023365611e+00 2.541233019915032809e+00 3.526232491859503604e+00 -1.556548339775419398e+00
