0.000000000000000000e+00 -1.747817543545106614e-02 -1.841025073798695580e-02 -7.824963071579003893e-02 -2.282761137784561356e-01
-5.042016806722688510e-03 -2.747406397045192364e-02 -2.734645384639143237e-02 -6.184758858163832973e-02 -2.333362127969633715e-01
-1.008403361344537702e-02 -2.706197346600028308e-02 -2.703992489537402483e-02 -6.261400159597088622e-02 -2.334317999146903744e-01
-1.512605042016806553e-02 -2.673831477419706323e-02 -2.680106831039532483e-02 -6.320685737828107831e-02 -2.334924809257469258e-01
-2.016806722689075404e-02 -2.653226044796852534e-02 -2.663989914899474176e-02 -6.359128345265627202e-02 -2.335268860992390783e-01
-2.521008403361344255e-02 -2.639283099058178927e-02 -2.652569872512294813e-02 -6.385654034883225805e-02 -2.335501401290739909e-01
-3.025210084033613106e-02 -2.630119842255943322e-02 -2.644406992041451604e-02 -6.403848929883608487e-02 -2.335675152836200752e-01
-3.529411764705882304e-02 -2.623842658983473186e-02 -2.638595443598933804e-02 -6.416655374627919239e-02 -2.335818695442065385e-01
-4.033613445378150808e-02 -2.619460828429358290e-02 -2.634765699597097291e-02 -6.425411843277151203e-02 -2.335927674260721287e-01
-4.537815126050419312e-02 -2.616390028689093844e-02 -2.632109885898343063e-02 -6.431485372324813321e-02 -2.335997057382450115e-01
-5.042016806722688510e-02 -2.615365826096061053e-02 -2.631176716729908410e-02 -6.433831351208546545e-02 -2.336074778806903063e-01
-5.546218487394957708e-02 -2.613346361295500880e-02 -2.629635386189189961e-02 -6.437743972619143495e-02 -2.336145144020767006e-01
-6.050420168067226212e-02 -2.611523489466090892e-02 -2.627649264746111102e-02 -6.441642610730007046e-02 -2.336163072988441947e-01
-6.554621848739494716e-02 -2.609942834050407723e-02 -2.627098496673295133e-02 -6.444239679203972448e-02 -2.336256201985535130e-01
-7.058823529411764608e-02 -2.609097141426470340e-02 -2.626796331950261021e-02 -6.445344867083421803e-02 -2.336247668092030494e-01
-7.563025210084033112e-02 -2.608491277067490066e-02 -2.626899107544668904e-02 -6.445955757297269773e-02 -2.336269228381885887e-01
-8.067226890756301616e-02 -2.608610427822521255e-02 -2.627086833095922808e-02 -6.445831073047220139e-02 -2.336305666793132840e-01
-8.571428571428570120e-02 -2.608769691112258066e-02 -2.627157628597928674e-02 -6.445810116329646344e-02 -2.336347487207966478e-01
-9.075630252100838624e-02 -2.608519712880188329e-02 -2.627538325816338588e-02 -6.445813069237736614e-02 -2.336374221586852706e-01
-9.579831932773108516e-02 -2.608552789495978061e-02 -2.627632413286796684e-02 -6.445872123225196426e-02 -2.336411465201594095e-01
-1.008403361344537702e-01 -2.608406029241601420e-02 -2.627764911659582342e-02 -6.446069721208683156e-02 -2.336448132421973245e-01
-1.058823529411764552e-01 -2.608116011633913531e-02 -2.627938797582364538e-02 -6.446352659596568668e-02 -2.336481493762569139e-01
-1.109243697478991542e-01 -2.607654152492888677e-02 -2.628056378867935777e-02 -6.446853918496633917e-02 -2.336512889971491536e-01
-1.159663865546218392e-01 -2.607219619299781105e-02 -2.628295276572820138e-02 -6.447193068279399863e-02 -2.336541592830400083e-01
-1.210084033613445242e-01 -2.606758755437372371e-02 -2.628668001398971887e-02 -6.447404106608883856e-02 -2.336566172689045762e-01
-1.260504201680672232e-01 -2.605953020320852034e-02 -2.629351984158159738e-02 -6.447586309127083248e-02 -2.336578262721218935e-01
-1.310924369747898943e-01 -2.603840894732313213e-02 -2.630575770661940094e-02 -6.448400057580960798e-02 -2.336563344595042890e-01
-1.361344537815125932e-01 -2.603029603243943446e-02 -2.631588577143031960e-02 -6.448050776427435848e-02 -2.336533791362882251e-01
-1.411764705882352922e-01 -2.604029994649861846e-02 -2.632754996339519912e-02 -6.445856062098473394e-02 -2.336528210617571100e-01
-1.462184873949579633e-01 -2.603486590541814055e-02 -2.631222934020923873e-02 -6.448192093831800475e-02 -2.336580323678907611e-01
-1.512605042016806622e-01 -2.603754787955189082e-02 -2.630837942649118938e-02 -6.448477069156338670e-02 -2.336613959952129338e-01
-1.563025210084033334e-01 -2.603792854804526380e-02 -2.630574368631085833e-02 -6.448851786130058161e-02 -2.336643801913134144e-01
-1.613445378151260323e-01 -2.603731286207330853e-02 -2.630502438677179838e-02 -6.449121046947073332e-02 -2.336670954366316666e-01
-1.663865546218487312e-01 -2.603585488240735962e-02 -2.630570265074541614e-02 -6.449324485388530093e-02 -2.336696047740761673e-01
-1.714285714285714024e-01 -2.602330990402490843e-02 -2.631446477910843323e-02 -6.449611156040158111e-02 -2.336677724870698525e-01
-1.764705882352941013e-01 -2.602019160898300446e-02 -2.631494158003461897e-02 -6.449979574266163918e-02 -2.336698578633585321e-01
-1.815126050420167725e-01 -2.601656800492044286e-02 -2.631643120382765738e-02 -6.450286445721051254e-02 -2.336717273319172117e-01
-1.865546218487394714e-01 -2.601261102098019473e-02 -2.631865947318282745e-02 -6.450543960968263546e-02 -2.336734202076913014e-01
-1.915966386554621703e-01 -2.600850896913791538e-02 -2.632143270015684100e-02 -6.450754462079900942e-02 -2.336749725801875455e-01
-1.966386554621848415e-01 -2.600443937186819321e-02 -2.632460800341386575e-02 -6.450916172175710783e-02 -2.336764181940783336e-01
-2.016806722689075404e-01 -2.600053851143208777e-02 -2.632809772710995033e-02 -6.451025728710049756e-02 -2.336777870512850575e-01
-2.067226890756302393e-01 -2.600113552519635676e-02 -2.633748899261639451e-02 -6.450063938950731379e-02 -2.336785278146401301e-01
-2.117647058823529105e-01 -2.600058129915151089e-02 -2.634543321402960797e-02 -6.449366994301093670e-02 -2.336793689123841111e-01
-2.168067226890756094e-01 -2.599977829702031576e-02 -2.635241356497601203e-02 -6.448797899650264565e-02 -2.336803417169979191e-01
-2.218487394957983083e-01 -2.599982187433921149e-02 -2.635882242730009511e-02 -6.448212831210922702e-02 -2.336815452274970673e-01
-2.268907563025209795e-01 -2.600291675214590897e-02 -2.636508495157059012e-02 -6.447363655739851707e-02 -2.336832765222300323e-01
-2.319327731092436784e-01 -2.601411095311868815e-02 -2.637131387699294741e-02 -6.445778238027471962e-02 -2.336864144207727312e-01
-2.369747899159663496e-01 -2.600301545965124847e-02 -2.637307754019943898e-02 -6.446747105879227502e-02 -2.336871281172859249e-01
-2.420168067226890485e-01 -2.601224628890252966e-02 -2.637638036715579670e-02 -6.445656177590740332e-02 -2.336903768639314594e-01
-2.470588235294117474e-01 -2.598747142357073214e-02 -2.638236313713757109e-02 -6.447404578812103437e-02 -2.336877606976586752e-01
-2.521008403361344463e-01 -2.600351788635583625e-02 -2.638735570452075546e-02 -6.445470825981153284e-02 -2.336911637013762422e-01
-2.571428571428571175e-01 -2.598105658632033493e-02 -2.639342632352764673e-02 -6.446973620599716348e-02 -2.336884382316902764e-01
-2.621848739495797886e-01 -2.599961159011580231e-02 -2.639834442425888217e-02 -6.444807908963533227e-02 -2.336920702080200196e-01
-2.672268907563025153e-01 -2.597788113717503650e-02 -2.640397647470113518e-02 -6.446268550174993894e-02 -2.336890862272522074e-01
-2.722689075630251865e-01 -2.599798898428290483e-02 -2.640864087509984387e-02 -6.443972680687914956e-02 -2.336927133325237826e-01
-2.773109243697478576e-01 -2.598403283895708502e-02 -2.641147543448245372e-02 -6.445049476474837280e-02 -2.336920060763758300e-01
-2.823529411764705843e-01 -2.599399051007236436e-02 -2.641253589559413445e-02 -6.444101748743689961e-02 -2.336950877862067899e-01
-2.873949579831932555e-01 -2.597605810210811342e-02 -2.642768546137611724e-02 -6.444128569610053925e-02 -2.336900585191695745e-01
-2.924369747899159266e-01 -2.599793500318173245e-02 -2.643235164719959229e-02 -6.441640844641685626e-02 -2.336933901935963898e-01
-2.974789915966385978e-01 -2.599742438317668644e-02 -2.642914932902354699e-02 -6.442144469321223199e-02 -2.336960368108249309e-01
-3.025210084033613245e-01 -2.597888175640759162e-02 -2.643287407011375018e-02 -6.443533664819028894e-02 -2.336941849494232615e-01
-3.075630252100839956e-01 -2.598941000074413837e-02 -2.643373786430263175e-02 -6.442543430384883862e-02 -2.336971643377912244e-01
-3.126050420168066668e-01 -2.597261729530211949e-02 -2.643839696069132106e-02 -6.443664261578319064e-02 -2.336953137435532901e-01
-3.176470588235293935e-01 -2.598487610570127115e-02 -2.643852546228116218e-02 -6.442583812024552103e-02 -2.336984793764559087e-01
-3.226890756302520646e-01 -2.596892137339157358e-02 -2.644434610745129144e-02 -6.443494052608672584e-02 -2.336964160138592095e-01
-3.277310924369747358e-01 -2.598191816789824360e-02 -2.644265759301037827e-02 -6.442539827783064221e-02 -2.336999480774785143e-01
-3.327731092436974625e-01 -2.596089117900215668e-02 -2.644952126646464910e-02 -6.443779215470170352e-02 -2.336964092003370186e-01
-3.378151260504201336e-01 -2.598383060987045912e-02 -2.644800600119946374e-02 -6.441856318128406922e-02 -2.337007995847079633e-01
-3.428571428571428048e-01 -2.596259611988027682e-02 -2.645384060494467005e-02 -6.443237669312956717e-02 -2.336976268359090003e-01
-3.478991596638655315e-01 -2.598344909033280942e-02 -2.645059935918812194e-02 -6.441702387793662998e-02 -2.337021446549151227e-01
-3.529411764705882026e-01 -2.595555417007285037e-02 -2.644725173767689327e-02 -6.439643728782751264e-02 -2.337018718242231674e-01
-3.579831932773108738e-01 -2.597705998844392072e-02 -2.644528714113567047e-02 -6.437905285363326735e-02 -2.337058889020377506e-01
-3.630252100840335450e-01 -2.595704764053163166e-02 -2.645353290166562940e-02 -6.438912372832983344e-02 -2.337067909794861287e-01
-3.680672268907562716e-01 -2.598070674262151908e-02 -2.645496388942231158e-02 -6.436579010992181382e-02 -2.337100851958247849e-01
-3.731092436974789428e-01 -2.596098327549054355e-02 -2.646174417884331748e-02 -6.437722696789628662e-02 -2.337112917536061374e-01
-3.781512605042016140e-01 -2.598587704296131257e-02 -2.646401391036982617e-02 -6.435165135721435115e-02 -2.337142384963831199e-01
-3.831932773109243406e-01 -2.596582226791547404e-02 -2.646942260415124579e-02 -6.436492386474340632e-02 -2.337157070044550145e-01
-3.882352941176470118e-01 -2.599152440985692120e-02 -2.647196242688284323e-02 -6.433815973244036424e-02 -2.337184078064130921e-01
-3.932773109243696830e-01 -2.596955923125034149e-02 -2.647491206969472891e-02 -6.435599404369297949e-02 -2.337202999770339462e-01
-3.983193277310924096e-01 -2.599602742814420553e-02 -2.647815746512852120e-02 -6.432761946560192068e-02 -2.337227269462301138e-01
-4.033613445378150808e-01 -2.597353633762580771e-02 -2.647998287330529527e-02 -6.434720639365346107e-02 -2.337248556074628392e-01
-4.084033613445377520e-01 -2.600061694140348365e-02 -2.648360947347681502e-02 -6.431772834070623168e-02 -2.337270672072701005e-01
-4.134453781512604786e-01 -2.597674827283381893e-02 -2.648457715653966191e-02 -6.433910627776483204e-02 -2.337284172433982954e-01
-4.184873949579831498e-01 -2.600520441444483660e-02 -2.648829429541012248e-02 -6.430858098133482303e-02 -2.337314236490714570e-01
-4.235294117647058210e-01 -2.598278633275491467e-02 -2.648859021891238757e-02 -6.432933020283276848e-02 -2.337330024729019629e-01
-4.285714285714285476e-01 -2.601148025415437465e-02 -2.649384337206817791e-02 -6.429621171699534399e-02 -2.337345815258297932e-01
-4.336134453781512188e-01 -2.600135757735153041e-02 -2.649423992498199654e-02 -6.430575543106192837e-02 -2.337372503537462065e-01
-4.386554621848738900e-01 -2.601956109640056469e-02 -2.649840001326378425e-02 -6.428401974456793289e-02 -2.337391804823297226e-01
-4.436974789915966166e-01 -2.599285801386906278e-02 -2.649530682321672714e-02 -6.431307359292053050e-02 -2.337423732692430201e-01
-4.487394957983192878e-01 -2.601721989420507225e-02 -2.650010495855165474e-02 -6.428448917318280165e-02 -2.337440086554640750e-01
-4.537815126050419590e-01 -2.600709312696066616e-02 -2.650020299301105581e-02 -6.429414546683534515e-02 -2.337466367056026117e-01
-4.588235294117646301e-01 -2.602556137082911308e-02 -2.650338485088946788e-02 -6.427294863248435297e-02 -2.337484157806669072e-01
-4.638655462184873568e-01 -2.603205003079497870e-02 -2.650579127741042873e-02 -6.426429488469265205e-02 -2.337505870614131065e-01
-4.689075630252100280e-01 -2.602972338652722803e-02 -2.650861601117426164e-02 -6.426370227210302655e-02 -2.337529090228768203e-01
-4.739495798319326991e-01 -2.602804944736566983e-02 -2.651141468497464349e-02 -6.426244583574086677e-02 -2.337551653041281541e-01
-4.789915966386554258e-01 -2.602720152319757535e-02 -2.651405802051718524e-02 -6.426050104861397161e-02 -2.337573663218130149e-01
-4.840336134453780970e-01 -2.602694990284953186e-02 -2.651647844931109138e-02 -6.425816768890033059e-02 -2.337595297161542962e-01
-4.890756302521007681e-01 -2.602713609763096514e-02 -2.651862515972595868e-02 -6.425565793604429143e-02 -2.337616702980514494e-01
-4.941176470588234948e-01 -2.602750581940417585e-02 -2.652041738572245150e-02 -6.425331308966597543e-02 -2.337638152492222121e-01
-4.991596638655461660e-01 -2.600476946139620993e-02 -2.651496342637307130e-02 -6.428011783057112349e-02 -2.337667671929642421e-01
-5.042016806722688926e-01 -2.601295604505810682e-02 -2.652052295726584769e-02 -6.426548846626640998e-02 -2.337677595481703063e-01
-5.092436974789915638e-01 -2.600643357133145678e-02 -2.653075357564060183e-02 -6.426127007431710336e-02 -2.337696575765521589e-01
-5.142857142857142350e-01 -2.600022017258277890e-02 -2.653968740905190624e-02 -6.425790952216900442e-02 -2.337714862930548587e-01
-5.193277310924369061e-01 -2.599387734844652020e-02 -2.654556027175274807e-02 -6.425802194093621633e-02 -2.337736497543054237e-01
-5.243697478991595773e-01 -2.598859979571756934e-02 -2.655125858458384086e-02 -6.425715961731048864e-02 -2.337757196884867605e-01
-5.294117647058822484e-01 -2.598358268639649332e-02 -2.655547206391858928e-02 -6.425763836716968935e-02 -2.337779170692471931e-01
-5.344537815126050306e-01 -2.597833726287145789e-02 -2.655841184190918525e-02 -6.425965909599123949e-02 -2.337802374001621830e-01
-5.394957983193277018e-01 -2.597291882237180716e-02 -2.656030975336554079e-02 -6.426292017981172222e-02 -2.337826656200871489e-01
-5.445378151260503730e-01 -2.596735125976584735e-02 -2.656132362624671547e-02 -6.426722995859257548e-02 -2.337851933512108127e-01
-5.495798319327730441e-01 -2.596211324945267573e-02 -2.656187957362456109e-02 -6.427166352531221705e-02 -2.337877667932264092e-01
-5.546218487394957153e-01 -2.595671051616946223e-02 -2.656174189793629806e-02 -6.427695549521589280e-02 -2.337904313463677330e-01
-5.596638655462183864e-01 -2.595111132729269882e-02 -2.656097310439395343e-02 -6.428306845248672741e-02 -2.337931873423435281e-01
-5.647058823529411686e-01 -2.594524137664816488e-02 -2.655960830412442894e-02 -6.429003474913894123e-02 -2.337960398372305182e-01
-5.697478991596638398e-01 -2.593898417087395908e-02 -2.655766847361173272e-02 -6.429794195100221876e-02 -2.337989981216710422e-01
-5.747899159663865110e-01 -2.593240873293518184e-02 -2.655521082453509221e-02 -6.430665974856748790e-02 -2.338020534179739707e-01
-5.798319327731091821e-01 -2.592578730936815137e-02 -2.655227248947203064e-02 -6.431588125177459259e-02 -2.338051781025848319e-01
-5.848739495798318533e-01 -2.591866702996738214e-02 -2.654886544871865733e-02 -6.432601631679783771e-02 -2.338083884655650646e-01
-5.899159663865545244e-01 -2.591841111295967517e-02 -2.655794050438671852e-02 -6.431528623784096843e-02 -2.338095795676242150e-01
-5.949579831932771956e-01 -2.592160948480267887e-02 -2.657713186773132813e-02 -6.428904793112812099e-02 -2.338084667993921839e-01
-5.999999999999999778e-01 -2.591931182624791080e-02 -2.659544997028438773e-02 -6.426790169614994552e-02 -2.338062233908752008e-01
