0.000000000000000000e+00 2.265558609752878899e-02 -1.587619663733845152e-02 -9.778464840116483925e-02 -1.820105178819489966e-01
-5.042016806722688510e-03 5.577541422901609227e-04 -1.544885901004139535e-03 -1.240636243028069574e-01 -2.503289663795700282e-01
-1.008403361344537702e-02 5.505391380599284614e-04 -1.562879199222441153e-03 -1.240573989003313782e-01 -2.505953098144969582e-01
-1.512605042016806553e-02 5.431867507867514265e-04 -1.580961584898145193e-03 -1.240511297574640875e-01 -2.508629154300817121e-01
-2.016806722689075404e-02 5.357015381490015703e-04 -1.599145073204119583e-03 -1.240448075272132938e-01 -2.511317568075233098e-01
-2.521008403361344255e-02 5.280875814843020077e-04 -1.617441547495153441e-03 -1.240384227655091653e-01 -2.514018118558840054e-01
-3.025210084033613106e-02 5.203423721107459975e-04 -1.635849914194932196e-03 -1.240319818648511069e-01 -2.516730703688800364e-01
-3.529411764705882304e-02 5.124763012372922626e-04 -1.654394518732028689e-03 -1.240254583968073421e-01 -2.519455037766001326e-01
-4.033613445378150808e-02 5.044999955978047689e-04 -1.673087931121766680e-03 -1.240188302939126963e-01 -2.522190780757668227e-01
-4.537815126050419312e-02 4.964069061403895197e-04 -1.691940353286274434e-03 -1.240121013153207830e-01 -2.524938174983877293e-01
-5.042016806722688510e-02 4.881992713805636164e-04 -1.710964091354115176e-03 -1.240052605979498485e-01 -2.527697193844686829e-01
-5.546218487394957708e-02 4.798766395027677010e-04 -1.730170029456686064e-03 -1.239983000228473131e-01 -2.530467883109841498e-01
-6.050420168067226212e-02 4.714429912050059623e-04 -1.749572576514452950e-03 -1.239912048226232133e-01 -2.533250255618355040e-01
-6.554621848739494716e-02 4.628995864738030754e-04 -1.769184681491918487e-03 -1.239839629845731622e-01 -2.536044404205658465e-01
-7.058823529411764608e-02 4.542388141319897801e-04 -1.789050793079146121e-03 -1.239765205477273008e-01 -2.538850886009054730e-01
-7.563025210084033112e-02 4.454698768774879251e-04 -1.809153496669232411e-03 -1.239689053967848592e-01 -2.541669501420680266e-01
-8.067226890756301616e-02 4.365932346452380125e-04 -1.829506035224704721e-03 -1.239611045592437372e-01 -2.544500448309784391e-01
-8.571428571428570120e-02 4.276091106822717432e-04 -1.850121863411263202e-03 -1.239531046234134265e-01 -2.547343959283565051e-01
-9.075630252100838624e-02 4.185175122735097764e-04 -1.871014632034864169e-03 -1.239448917384591703e-01 -2.550200300356815220e-01
-9.579831932773108516e-02 4.093182556456597928e-04 -1.892198174906390903e-03 -1.239364516172728470e-01 -2.553069769382979026e-01
-1.008403361344537702e-01 4.000109948817702423e-04 -1.913686527410445341e-03 -1.239277695219653530e-01 -2.555952694890832877e-01
-1.058823529411764552e-01 3.905832624935029647e-04 -1.935490013686344806e-03 -1.239188698387228144e-01 -2.558849318143390228e-01
-1.109243697478991542e-01 3.810474650200647447e-04 -1.957629583904192585e-03 -1.239096953828490305e-01 -2.561760082034160724e-01
-1.159663865546218392e-01 3.714028125771372561e-04 -1.980121507416496458e-03 -1.239002288590116962e-01 -2.564685446032404781e-01
-1.210084033613445242e-01 3.616483026702950270e-04 -2.002984397796410583e-03 -1.238904507366586222e-01 -2.567625957725532815e-01
-1.260504201680672232e-01 3.517825567439184105e-04 -2.026240388602985627e-03 -1.238803380991631703e-01 -2.570582296723630256e-01
-1.310924369747898943e-01 3.418062938310866862e-04 -2.049921093030111514e-03 -1.238698549213225752e-01 -2.573555422975087881e-01
-1.361344537815125932e-01 3.317188626380927915e-04 -2.074061349952761521e-03 -1.238589619213242982e-01 -2.576546500854463573e-01
-1.411764705882352922e-01 3.215114401610235880e-04 -2.098682173790586240e-03 -1.238476424917745317e-01 -2.579556474025821444e-01
-1.462184873949579633e-01 3.111801674862571618e-04 -2.123814867826633816e-03 -1.238358612489082744e-01 -2.582586558219136519e-01
-1.512605042016806622e-01 3.007209675089094489e-04 -2.149489909692593910e-03 -1.238235820216632699e-01 -2.585638010021967803e-01
-1.563025210084033334e-01 2.901296704330218429e-04 -2.175737368814557524e-03 -1.238107675816772224e-01 -2.588712130190546357e-01
-1.613445378151260323e-01 2.794020774151187415e-04 -2.202590514990035355e-03 -1.237973700289681234e-01 -2.591810440381297487e-01
-1.663865546218487312e-01 2.685276982975328200e-04 -2.230039012961627497e-03 -1.237833901018350335e-01 -2.594933505188886658e-01
-1.714285714285714024e-01 2.575183224364398899e-04 -2.258218336040992112e-03 -1.237686837319342953e-01 -2.598085119419634714e-01
-1.764705882352941013e-01 2.463594963854834753e-04 -2.287109136675105972e-03 -1.237532578546078066e-01 -2.601265757258058309e-01
-1.815126050420167725e-01 2.350578780965245250e-04 -2.316814065191818463e-03 -1.237369817474322925e-01 -2.604478821323368276e-01
-1.865546218487394714e-01 2.235464720721600396e-04 -2.347049687658696836e-03 -1.237202022778829125e-01 -2.607718249296899771e-01
-1.915966386554621703e-01 2.119093246422401535e-04 -2.378247107178513894e-03 -1.237023435312671754e-01 -2.610996980965876735e-01
-1.966386554621848415e-01 2.000803411446657343e-04 -2.410227996219150605e-03 -1.236836106961597265e-01 -2.614311824729442235e-01
-2.016806722689075404e-01 1.880841123115667413e-04 -2.443207464750444483e-03 -1.236637344998209875e-01 -2.617670234777881300e-01
-2.067226890756302393e-01 1.759157443956584890e-04 -2.477259782782422100e-03 -1.236425981545551250e-01 -2.621076413847245878e-01
-2.117647058823529105e-01 1.635757268104778828e-04 -2.512497572741606566e-03 -1.236200388704223607e-01 -2.624535803748307972e-01
-2.168067226890756094e-01 1.510435320068813218e-04 -2.548908989036112026e-03 -1.235959949537239061e-01 -2.628052082323071303e-01
-2.218487394957983083e-01 1.383331667279963774e-04 -2.586697530573226628e-03 -1.235701597187703615e-01 -2.631635197658688252e-01
-2.268907563025209795e-01 1.254716624315725595e-04 -2.626090158559593601e-03 -1.235421804077803248e-01 -2.635296345449042454e-01
-2.319327731092436784e-01 1.124577568041435752e-04 -2.667184911020910581e-03 -1.235118508735713189e-01 -2.639042901184465162e-01
-2.369747899159663496e-01 9.924064733124748916e-05 -2.710854556545957278e-03 -1.234778234861592522e-01 -2.642914612800279506e-01
-2.420168067226890485e-01 8.926566919155940469e-05 -2.765656984479455873e-03 -1.234206016227400865e-01 -2.647422733207567824e-01
-2.470588235294117474e-01 1.630288104211277331e-04 -2.939128452173816672e-03 -1.229596796371735939e-01 -2.663320048202996726e-01
-2.521008403361344463e-01 1.386748507467378216e-04 -2.960604981838436869e-03 -1.229670723110468794e-01 -2.666441439838392879e-01
-2.571428571428571175e-01 1.156260602392305084e-04 -2.985959071527970448e-03 -1.229667624825381000e-01 -2.669717504112533724e-01
-2.621848739495797886e-01 9.378992250256892849e-05 -3.020874534301696418e-03 -1.229493611656939794e-01 -2.673436402501990217e-01
-2.672268907563025153e-01 7.315755412463898714e-05 -3.061598844808380813e-03 -1.229216298603661717e-01 -2.677417134932568721e-01
-2.722689075630251865e-01 5.396790975598572140e-05 -3.108625661002397626e-03 -1.228819271085292292e-01 -2.681721664981767117e-01
-2.773109243697478576e-01 3.667231273571391632e-05 -3.161553063584144566e-03 -1.228287969430260224e-01 -2.686452498554428026e-01
-2.823529411764705843e-01 5.542887260263008225e-04 -5.662508373381564507e-03 -1.160961903793679556e-01 -2.818274470658044262e-01
-2.873949579831932555e-01 5.166648899469024250e-04 -5.676937542472079365e-03 -1.159975508988904946e-01 -2.827819314247725924e-01
-2.924369747899159266e-01 4.838693119716068036e-04 -5.694419952366827804e-03 -1.158760353736483367e-01 -2.837668915134525793e-01
-2.974789915966385978e-01 4.555705839941065222e-04 -5.714372042918504369e-03 -1.157322253125534772e-01 -2.847846603377248709e-01
-3.025210084033613245e-01 4.315025184576275815e-04 -5.736264219711881968e-03 -1.155664598763024437e-01 -2.858373513408359878e-01
-3.075630252100839956e-01 4.115045897353573727e-04 -5.759569021751711516e-03 -1.153787832787196571e-01 -2.869271003685128774e-01
-3.126050420168066668e-01 3.954496882847538183e-04 -5.783795855268814533e-03 -1.151690869773655951e-01 -2.880558275293885750e-01
-3.176470588235293935e-01 3.832625018323500797e-04 -5.808465077137175622e-03 -1.149370906866866437e-01 -2.892253563598201072e-01
-3.226890756302520646e-01 3.749109561771611036e-04 -5.833105206467555613e-03 -1.146823671859635435e-01 -2.904373919383122504e-01
-3.277310924369747358e-01 3.704173470316098841e-04 -5.857252956507794268e-03 -1.144043200236859181e-01 -2.916934316743325928e-01
-3.327731092436974625e-01 3.697802908028291913e-04 -5.880426632077393259e-03 -1.141024014584621493e-01 -2.929951212299294894e-01
-3.378151260504201336e-01 3.730853325793672542e-04 -5.902163472612558665e-03 -1.137758168229302119e-01 -2.943436693827611306e-01
-3.428571428571428048e-01 3.804252687119522025e-04 -5.921991056173899447e-03 -1.134237556393322827e-01 -2.957402196524721028e-01
-3.478991596638655315e-01 3.919084832353428565e-04 -5.939442884135385202e-03 -1.130453702910758362e-01 -2.971856874433121409e-01
-3.529411764705882026e-01 4.076642415946493073e-04 -5.954054227116871607e-03 -1.126397855019091593e-01 -2.986807753697364731e-01
-3.579831932773108738e-01 4.278677583619266023e-04 -5.965333067525850110e-03 -1.122060686181695632e-01 -3.002261233108531879e-01
-3.630252100840335450e-01 4.526910567919186813e-04 -5.972810455788912093e-03 -1.117433337235548690e-01 -3.018220211377271034e-01
-3.680672268907562716e-01 4.823203825147389084e-04 -5.976028771458757535e-03 -1.112507260857778096e-01 -3.034685053183902026e-01
-3.731092436974789428e-01 5.169602004429360229e-04 -5.974541187112133826e-03 -1.107274291566968105e-01 -3.051653897351563893e-01
-3.781512605042016140e-01 5.568177651474196313e-04 -5.967922969222189990e-03 -1.101727249608562137e-01 -3.069121903486015657e-01
-3.831932773109243406e-01 6.021046040619118262e-04 -5.955775264205650371e-03 -1.095860038885141940e-01 -3.087081546246349673e-01
-3.882352941176470118e-01 6.530364969290461570e-04 -5.937727930163387569e-03 -1.089667841385091318e-01 -3.105522828123038481e-01
-3.932773109243696830e-01 7.098210576571850356e-04 -5.913455901693301375e-03 -1.083147383833436006e-01 -3.124433090920473166e-01
-3.983193277310924096e-01 7.726645605673635245e-04 -5.882671930932198423e-03 -1.076297041437246915e-01 -3.143797668483531149e-01
-4.033613445378150808e-01 8.417627588493750701e-04 -5.845138376920659337e-03 -1.069117019041985472e-01 -3.163599955492819582e-01
-4.084033613445377520e-01 9.172706459103241190e-04 -5.800678466769984727e-03 -1.061609533761221635e-01 -3.183822121777415970e-01
-4.134453781512604786e-01 9.993935102340523874e-04 -5.749168010074304051e-03 -1.053778733452409577e-01 -3.204443292401543686e-01
-4.184873949579831498e-01 1.088248604726214843e-03 -5.690536255282803088e-03 -1.045630651515168513e-01 -3.225444160031680219e-01
-4.235294117647058210e-01 1.183953187353913809e-03 -5.624769389786128670e-03 -1.037173308066306615e-01 -3.246804284552031739e-01
-4.285714285714285476e-01 1.286597281171004666e-03 -5.551909600135452455e-03 -1.028416459087194146e-01 -3.268503379469797077e-01
-4.336134453781512188e-01 1.396257166476520643e-03 -5.472029127737984902e-03 -1.019371443782107478e-01 -3.290522478053196642e-01
-4.386554621848738900e-01 1.512955929586491622e-03 -5.385286812744383492e-03 -1.010050874814560490e-01 -3.312842220490630485e-01
-4.436974789915966166e-01 1.636699072979550060e-03 -5.291862710445661977e-03 -1.000468533464148047e-01 -3.335445167119848731e-01
-4.487394957983192878e-01 1.767464473689281650e-03 -5.191970246331201709e-03 -9.906390117868243972e-02 -3.358315450664609014e-01
-4.537815126050419590e-01 1.905204011205379475e-03 -5.085848593923433456e-03 -9.805774056370404612e-02 -3.381438985875881986e-01
-4.588235294117646301e-01 2.049845480120678250e-03 -4.973755500426058074e-03 -9.702990175707060239e-02 -3.404803554884560102e-01
-4.638655462184873568e-01 2.201293926575525074e-03 -4.855959483159808139e-03 -9.598192024862603478e-02 -3.428398866607906270e-01
-4.689075630252100280e-01 2.359438530787600231e-03 -4.732731828551977465e-03 -9.491527614501248100e-02 -3.452216670526442321e-01
-4.739495798319326991e-01 2.524151323121062544e-03 -4.604341138949038549e-03 -9.383140398225015000e-02 -3.476250578100531508e-01
-4.789915966386554258e-01 2.695290837019291477e-03 -4.471047889841180470e-03 -9.273166217721770521e-02 -3.500495983661964239e-01
-4.840336134453780970e-01 2.872702942665637370e-03 -4.333101106332202385e-03 -9.161731840745913902e-02 -3.524949886944192534e-01
-4.890756302521007681e-01 3.056152369914731139e-03 -4.190736889196810394e-03 -9.048954024377353633e-02 -3.549612493727973273e-01
-4.941176470588234948e-01 3.245584072910895346e-03 -4.044180682746020827e-03 -8.934938337992999469e-02 -3.574479779070830476e-01
-4.991596638655461660e-01 3.449774624463632783e-03 -3.899641685844745711e-03 -8.815455159864221679e-02 -3.599563213314864729e-01
-5.042016806722688926e-01 3.651063789547467735e-03 -3.745820883404904315e-03 -8.699182698497322230e-02 -3.624860240554254043e-01
-5.092436974789915638e-01 3.857774739519591843e-03 -3.588227454821132836e-03 -8.581926781133511484e-02 -3.650371302811510343e-01
-5.142857142857142350e-01 4.069769758539729283e-03 -3.426951901995422493e-03 -8.463748960789506393e-02 -3.676100399866562563e-01
-5.193277310924369061e-01 4.286854870557833819e-03 -3.262104628791574409e-03 -8.344699329100052632e-02 -3.702050936353377120e-01
-5.243697478991595773e-01 4.508839003538512961e-03 -3.093770652655590189e-03 -8.224818553866378168e-02 -3.728226757109014411e-01
-5.294117647058822484e-01 4.735498151575711495e-03 -2.922006035955759199e-03 -8.104138934831171814e-02 -3.754633567527309590e-01
-5.344537815126050306e-01 4.966721462938099643e-03 -2.746860850040560350e-03 -7.982694900122504211e-02 -3.781273730758172857e-01
-5.394957983193277018e-01 5.208344706217944535e-03 -2.573097545419583514e-03 -7.858313471066243061e-02 -3.808152254675151727e-01
-5.445378151260503730e-01 5.448245713941158794e-03 -2.391358438714205701e-03 -7.735397412429582953e-02 -3.835279370012917299e-01
-5.495798319327730441e-01 5.692155987034493159e-03 -2.206202978947349388e-03 -7.611764349705185673e-02 -3.862654348793185255e-01
-5.546218487394957153e-01 5.939892172362904767e-03 -2.017609042180194736e-03 -7.487427059698512077e-02 -3.890281377761566906e-01
-5.596638655462183864e-01 6.191263083005927453e-03 -1.825547966622336708e-03 -7.362397586678733064e-02 -3.918164393182478333e-01
-5.647058823529411686e-01 6.453494311652647857e-03 -1.632090773385843534e-03 -7.235777527238403117e-02 -3.946365273555444420e-01
-5.697478991596638398e-01 6.711397149404534773e-03 -1.433001473080728607e-03 -7.109419768947466967e-02 -3.974773255245315773e-01
-5.747899159663865110e-01 6.972293482765162115e-03 -1.230340734978099988e-03 -6.982411209930511342e-02 -4.003447132986803769e-01
-5.798319327731091821e-01 7.236977058647206355e-03 -1.025013102466666845e-03 -6.854424084929162941e-02 -4.032390266698914205e-01
-5.848739495798318533e-01 7.503501018540410621e-03 -8.154623228002698919e-04 -6.726052710416507985e-02 -4.061604263488813871e-01
-5.899159663865545244e-01 7.771898888671079607e-03 -6.019206412369288274e-04 -6.597221465055569389e-02 -4.091090832034549596e-01
-5.949579831932771956e-01 8.042247525412838868e-03 -3.847125506982086046e-04 -6.467842384461069960e-02 -4.120851092959996187e-01
-5.999999999999999778e-01 8.314245008934365022e-03 -1.638382574264225983e-04 -6.337954616489678561e-02 -4.150885902046982379e-01
