0.000000000000000000e+00 -3.128289108917672867e-02 -3.141772267554410192e-02 -4.465789223914739398e-02 -2.147170120077364630e-01
-5.042016806722688510e-03 -3.052031842627436417e-02 -3.063419534174394165e-02 -4.650407560143942493e-02 -2.153171787389154823e-01
-1.008403361344537702e-02 -2.997148862306606848e-02 -3.006700061267183338e-02 -4.777900382506369142e-02 -2.156349861216032004e-01
-1.512605042016806553e-02 -2.960005366047931824e-02 -2.966978555890295577e-02 -4.863522958400223056e-02 -2.158101376067690091e-01
-2.016806722689075404e-02 -2.935894018343033346e-02 -2.941254471983884011e-02 -4.918772348351264229e-02 -2.159184167735636317e-01
-2.521008403361344255e-02 -2.921573706159677486e-02 -2.925298646272079042e-02 -4.952583455386691536e-02 -2.159891161563689543e-01
-3.025210084033613106e-02 -3.023151747858249250e-02 -2.915334408594583149e-02 -4.853106639161250402e-02 -2.158318559122816560e-01
-3.529411764705882304e-02 -2.964584400783061569e-02 -2.899257128388166987e-02 -4.934557064095813905e-02 -2.159679718653408353e-01
-4.033613445378150808e-02 -2.931950272509074515e-02 -2.890289462576472665e-02 -4.979521394124358791e-02 -2.160352225841981055e-01
-4.537815126050419312e-02 -2.914881022502554403e-02 -2.887429937076463685e-02 -5.001486715050261489e-02 -2.160759534925855707e-01
-5.042016806722688510e-02 -2.909564842745734903e-02 -2.888315305635777777e-02 -5.007359854186362730e-02 -2.161048000513575151e-01
-5.546218487394957708e-02 -3.670802264125666570e-02 -2.791971876863935317e-02 -4.130477815605189396e-02 -2.118650391318958048e-01
-6.050420168067226212e-02 -3.463282375132614721e-02 -2.929714791770934856e-02 -4.276233613553313134e-02 -2.133846156091372404e-01
-6.554621848739494716e-02 -3.341299549368954847e-02 -3.005698142924514982e-02 -4.351117302081049243e-02 -2.139622998874903814e-01
-7.058823529411764608e-02 -3.263905225408528232e-02 -3.052217249427783413e-02 -4.394439941151054990e-02 -2.142112483197473050e-01
-7.563025210084033112e-02 -3.214365976683095094e-02 -3.086749581401981510e-02 -4.427332594573722691e-02 -2.146079306759019478e-01
-8.067226890756301616e-02 -3.176463675435994838e-02 -3.107734913535071739e-02 -4.448498645082857306e-02 -2.146907687483836924e-01
-8.571428571428570120e-02 -3.147840213270201859e-02 -3.122697649962738464e-02 -4.465153294769451386e-02 -2.147491754978108347e-01
-9.075630252100838624e-02 -3.125404886068513383e-02 -3.134350850799168947e-02 -4.478679476071425331e-02 -2.148035720260907944e-01
-9.579831932773108516e-02 -3.109719681281010450e-02 -3.145658327115821717e-02 -4.491300053683146276e-02 -2.149335612415995689e-01
-1.008403361344537702e-01 -3.094630614758712289e-02 -3.153328897052887214e-02 -4.500914735059747401e-02 -2.149774849374269381e-01
-1.058823529411764552e-01 -3.082968749051898799e-02 -3.159109676550105050e-02 -4.508904514249124224e-02 -2.150196587970225615e-01
-1.109243697478991542e-01 -3.073390112424328677e-02 -3.164040932010345197e-02 -4.515657349260922965e-02 -2.150617678739119576e-01
-1.159663865546218392e-01 -3.062659802573694870e-02 -3.166156643579563085e-02 -4.520633799124182395e-02 -2.150254488835712796e-01
-1.210084033613445242e-01 -3.056969785772146314e-02 -3.168819470380987435e-02 -4.525820610918338677e-02 -2.150693538398650573e-01
-1.260504201680672232e-01 -3.052149691837417050e-02 -3.170952497873671949e-02 -4.530464799152759264e-02 -2.151096638274768436e-01
-1.310924369747898943e-01 -3.047555369318030033e-02 -3.172926514286021626e-02 -4.535162721929116014e-02 -2.151521444724987242e-01
-1.361344537815125932e-01 -3.043921485850215047e-02 -3.174216071056928240e-02 -4.539613301060962947e-02 -2.151952026373216142e-01
-1.411764705882352922e-01 -3.041046153089981344e-02 -3.174901186195364100e-02 -4.543949022119109921e-02 -2.152390417139932177e-01
-1.462184873949579633e-01 -3.039052517617332749e-02 -3.174734521865307108e-02 -4.548351340007366489e-02 -2.152847993426994511e-01
-1.512605042016806622e-01 -3.031893433406476074e-02 -3.172912165839495563e-02 -4.549331845569754007e-02 -2.150827488963145129e-01
-1.563025210084033334e-01 -3.030365685713397317e-02 -3.172723979866166194e-02 -4.553253233093455116e-02 -2.151268579734603448e-01
-1.613445378151260323e-01 -3.028699772691615527e-02 -3.172464122642527917e-02 -4.557151386751515099e-02 -2.151663056417131570e-01
-1.663865546218487312e-01 -3.026726108668594331e-02 -3.172426152446260195e-02 -4.561311082138565925e-02 -2.152092668650684437e-01
-1.714285714285714024e-01 -3.025157059778096555e-02 -3.171454816898916507e-02 -4.565994924485995698e-02 -2.152521360232601544e-01
-1.764705882352941013e-01 -3.024045069529490704e-02 -3.170018787360158463e-02 -4.570865262332664963e-02 -2.152985823844462965e-01
-1.815126050420167725e-01 -3.023086832320253520e-02 -3.168199517580598534e-02 -4.575993955542546204e-02 -2.153456061088679374e-01
-1.865546218487394714e-01 -3.022061712856351917e-02 -3.166249485523928153e-02 -4.581296253155326542e-02 -2.153921490307121323e-01
-1.915966386554621703e-01 -3.020913916717406222e-02 -3.164261696432653370e-02 -4.586703617123900206e-02 -2.154375846054791821e-01
-1.966386554621848415e-01 -3.019865380843067201e-02 -3.162135200209624519e-02 -4.592116546986731163e-02 -2.154823425607884646e-01
-2.016806722689075404e-01 -3.018879565890149330e-02 -3.160006468541134983e-02 -4.597363092669302237e-02 -2.155249825420117449e-01
-2.067226890756302393e-01 -3.016807063092529634e-02 -3.158222063904389532e-02 -4.603202733570731231e-02 -2.155646372113529941e-01
-2.117647058823529105e-01 -3.014610340943728664e-02 -3.156573072943121006e-02 -4.608916036818064971e-02 -2.156019890140982997e-01
-2.168067226890756094e-01 -3.012992834894533817e-02 -3.154749997460601363e-02 -4.614183894212917081e-02 -2.156385345313610591e-01
-2.218487394957983083e-01 -3.011514464451110762e-02 -3.153025516584759269e-02 -4.619145075526338157e-02 -2.156737011312441499e-01
-2.268907563025209795e-01 -3.011730237452787604e-02 -3.150785103263944315e-02 -4.623017715037981007e-02 -2.157106611150942099e-01
-2.319327731092436784e-01 -3.011844627498147520e-02 -3.148431600748910486e-02 -4.627084763356393432e-02 -2.157472198320690149e-01
-2.369747899159663496e-01 -3.011640574115017135e-02 -3.146213269942078894e-02 -4.631195541956659861e-02 -2.157809877202750692e-01
-2.420168067226890485e-01 -3.012033228261060125e-02 -3.143814258323804345e-02 -4.634784268317188038e-02 -2.158126350980410502e-01
-2.470588235294117474e-01 -3.007693897327348362e-02 -3.140407651910454012e-02 -4.639045022754093722e-02 -2.157958453575714031e-01
-2.521008403361344463e-01 -3.006411638011244336e-02 -3.138121589960943258e-02 -4.644229063196651797e-02 -2.158301539984649742e-01
-2.571428571428571175e-01 -3.007373103607435122e-02 -3.135422477280657566e-02 -4.647339311640289600e-02 -2.158608001783210439e-01
-2.621848739495797886e-01 -3.006856105748523939e-02 -3.131821255681355165e-02 -4.653111039355933842e-02 -2.158944884756663352e-01
-2.672268907563025153e-01 -3.005457666961911661e-02 -3.129645570716269726e-02 -4.658067996437659924e-02 -2.159244165241273328e-01
-2.722689075630251865e-01 -3.003673925577360349e-02 -3.127993955372602997e-02 -4.662809784116154349e-02 -2.159526952881605233e-01
-2.773109243697478576e-01 -3.002867692650778089e-02 -3.126100270237995582e-02 -4.666808817748097082e-02 -2.159816312568108854e-01
-2.823529411764705843e-01 -3.002305100884886460e-02 -3.124098770124235022e-02 -4.670664029917323545e-02 -2.160102761919579228e-01
-2.873949579831932555e-01 -3.002573093568819060e-02 -3.121316339584864763e-02 -4.674613556047121921e-02 -2.160403549498070286e-01
-2.924369747899159266e-01 -3.003733620889331019e-02 -3.119778470782354207e-02 -4.676146944765488533e-02 -2.160677411993524311e-01
-2.974789915966385978e-01 -3.004789463709098968e-02 -3.117660179221000416e-02 -4.678591318922644543e-02 -2.160972701270618412e-01
-3.025210084033613245e-01 -3.006147446035506085e-02 -3.115265256973250713e-02 -4.681279275517016836e-02 -2.161324943068232696e-01
-3.075630252100839956e-01 -3.005901197076838241e-02 -3.115761906798646813e-02 -4.682339942546693418e-02 -2.161612385625446831e-01
-3.126050420168066668e-01 -3.011578966057092133e-02 -3.119791701710028856e-02 -4.677911312004334743e-02 -2.161856395954291354e-01
-3.176470588235293935e-01 -3.021271220188559078e-02 -3.113679134873710563e-02 -4.676439241725901391e-02 -2.162277919357634415e-01
-3.226890756302520646e-01 -3.023626014761814085e-02 -3.112616404237032730e-02 -4.676210721409090193e-02 -2.162490628081587540e-01
-3.277310924369747358e-01 -3.025040127040401830e-02 -3.110876664159879443e-02 -4.677861920463260992e-02 -2.162755742332707898e-01
-3.327731092436974625e-01 -3.024537066521549092e-02 -3.109921197065211237e-02 -4.680441213298305175e-02 -2.162979895377013240e-01
-3.378151260504201336e-01 -3.023748895537818268e-02 -3.107044479144022153e-02 -4.680573136304778253e-02 -2.163293797092035176e-01
-3.428571428571428048e-01 -3.016228863438105007e-02 -3.099826312854745552e-02 -4.687414081425358980e-02 -2.163547998519209370e-01
-3.478991596638655315e-01 -3.015335679320338760e-02 -3.098011827123215225e-02 -4.691052896880801987e-02 -2.163842919676649823e-01
-3.529411764705882026e-01 -3.014390559888448229e-02 -3.095604418170251962e-02 -4.695048833681636502e-02 -2.164071962657658776e-01
-3.579831932773108738e-01 -3.014600012023006120e-02 -3.092734047041753934e-02 -4.698356235870850689e-02 -2.164311058949028865e-01
-3.630252100840335450e-01 -3.015213885626899862e-02 -3.090047047857333654e-02 -4.700952828981507653e-02 -2.164540024088780767e-01
-3.680672268907562716e-01 -3.015423926681501735e-02 -3.088088847710598883e-02 -4.703075565314476791e-02 -2.164752857385089935e-01
-3.731092436974789428e-01 -3.016123920247723578e-02 -3.086210709232443256e-02 -4.704589180016993666e-02 -2.164963858638179472e-01
-3.781512605042016140e-01 -3.017057729485306261e-02 -3.084504318491228247e-02 -4.705643543806678486e-02 -2.165172966430431722e-01
-3.831932773109243406e-01 -3.018122675315427009e-02 -3.082912606612736237e-02 -4.706403143809139572e-02 -2.165384362324502820e-01
-3.882352941176470118e-01 -3.018836604051211916e-02 -3.081707189890237758e-02 -4.707120201271933202e-02 -2.165626188715255585e-01
-3.932773109243696830e-01 -3.020060055457943204e-02 -3.080468670528971678e-02 -4.707182539395627502e-02 -2.165818636844523692e-01
-3.983193277310924096e-01 -3.020910743766816453e-02 -3.079365940014219122e-02 -4.707442671880326945e-02 -2.165988526795366298e-01
-4.033613445378150808e-01 -3.022297693958683057e-02 -3.077646652049561421e-02 -4.707766852157815179e-02 -2.166177204422177205e-01
-4.084033613445377520e-01 -3.024283475270489463e-02 -3.075828204393053766e-02 -4.707496865031886996e-02 -2.166357485443966280e-01
-4.134453781512604786e-01 -3.026764306645224334e-02 -3.073947510792049073e-02 -4.706648986341318425e-02 -2.166522363273136187e-01
-4.184873949579831498e-01 -3.029834501274019862e-02 -3.072309503428443875e-02 -4.704901463847013798e-02 -2.166681745582373364e-01
-4.235294117647058210e-01 -3.043544399491960456e-02 -3.076972520338162528e-02 -4.706218840212469945e-02 -2.167865294732257142e-01
-4.285714285714285476e-01 -3.047514727068493384e-02 -3.075705761277623684e-02 -4.703090004938188795e-02 -2.167884656965200496e-01
-4.336134453781512188e-01 -3.052077999055995486e-02 -3.074369836900138486e-02 -4.699161598576477583e-02 -2.167856771624685486e-01
-4.386554621848738900e-01 -3.050742365687082736e-02 -3.067130586527228031e-02 -4.695010271644178140e-02 -2.169038678810029097e-01
-4.436974789915966166e-01 -3.056797055755425263e-02 -3.065497748982477788e-02 -4.689430259539377477e-02 -2.169121272373432663e-01
-4.487394957983192878e-01 -3.062816660171192168e-02 -3.064122921561356766e-02 -4.683939412815382036e-02 -2.169242014612612346e-01
-4.537815126050419590e-01 -3.068915348844738350e-02 -3.062270977660393190e-02 -4.678702277106386309e-02 -2.169341708927086665e-01
-4.588235294117646301e-01 -3.076125255789768920e-02 -3.060083515831597128e-02 -4.672523399514190434e-02 -2.169431212356305039e-01
-4.638655462184873568e-01 -3.084386808103805819e-02 -3.057603158889774658e-02 -4.665404520974434505e-02 -2.169500413649166348e-01
-4.689075630252100280e-01 -3.093961813202524003e-02 -3.054480643500564335e-02 -4.657389387621491822e-02 -2.169546008439516005e-01
-4.739495798319326991e-01 -3.105066495827345230e-02 -3.050451304777501357e-02 -4.648454874925332658e-02 -2.169561629263892510e-01
-4.789915966386554258e-01 -3.117875944922179898e-02 -3.045284853884879656e-02 -4.638973509310422016e-02 -2.169595386123130409e-01
-4.840336134453780970e-01 -3.134010511586864806e-02 -3.037822082840371807e-02 -4.627424024474201258e-02 -2.169493342099781952e-01
-4.890756302521007681e-01 -3.154518085953521289e-02 -3.026701520310862495e-02 -4.614390591449040596e-02 -2.169300897737805323e-01
-4.941176470588234948e-01 -3.183119583702553879e-02 -3.008618198871492247e-02 -4.598356408302733955e-02 -2.168892584462267792e-01
-4.991596638655461660e-01 -3.228841043921967802e-02 -2.974322059865450174e-02 -4.577190099240300430e-02 -2.167970693288860939e-01
-5.042016806722688926e-01 -3.309711941177369277e-02 -2.871908318429442289e-02 -4.522623134663315836e-02 -2.165198673029918586e-01
-5.092436974789915638e-01 1.042377929127154615e-02 1.278928455897031941e-02 5.197401457111009565e-03 -3.345469620711017944e-01
-5.142857142857142350e-01 9.772002994405190254e-03 1.229348925645773125e-02 4.684182321233238203e-03 -3.390132477362176600e-01
-5.193277310924369061e-01 9.179365973703598747e-03 1.183496823556989298e-02 4.215620770445311499e-03 -3.433570120423057870e-01
-5.243697478991595773e-01 8.653594604051349434e-03 1.142019882493874872e-02 3.799503570533835535e-03 -3.475847172515921790e-01
-5.294117647058822484e-01 8.201389430347753862e-03 1.105450842187015968e-02 3.442128626305561694e-03 -3.517057949205970591e-01
-5.344537815126050306e-01 7.823820141278518825e-03 1.073975442831574811e-02 3.147069667786610032e-03 -3.557331964469688246e-01
-5.394957983193277018e-01 7.520841626857282559e-03 1.047646612198255625e-02 2.915754733952323832e-03 -3.596807593283135596e-01
-5.445378151260503730e-01 7.290125121905348393e-03 1.026335667874190768e-02 2.747388515098798164e-03 -3.635627927556744909e-01
-5.495798319327730441e-01 7.126620696617316092e-03 1.009753619901675344e-02 2.639294484440598675e-03 -3.673933477213210952e-01
-5.546218487394957153e-01 7.025678007410516256e-03 9.975317426070577295e-03 2.587302300524224087e-03 -3.711851179571227233e-01
-5.596638655462183864e-01 6.981026530633427374e-03 9.892209105135510439e-03 2.586264982678289880e-03 -3.749495277871919829e-01
-5.647058823529411686e-01 6.986641298736060227e-03 9.843458319155201641e-03 2.630566505509831024e-03 -3.786962992840511300e-01
-5.697478991596638398e-01 7.035306064613516645e-03 9.824270477556105302e-03 2.714313630040033481e-03 -3.824336714350810018e-01
-5.747899159663865110e-01 7.120787740012441032e-03 9.830112348768448374e-03 2.831849287945460009e-03 -3.861682312726876232e-01
-5.798319327731091821e-01 7.237299824230152868e-03 9.856820505472135147e-03 2.977873301469385718e-03 -3.899052165325691544e-01
-5.848739495798318533e-01 7.379585032404117721e-03 9.900640369401626090e-03 3.147511131149848332e-03 -3.936486349555817776e-01
-5.899159663865545244e-01 7.542898613790079664e-03 9.958287589999854222e-03 3.336416465703054279e-03 -3.974015157363942063e-01
-5.949579831932771956e-01 7.722904705701911024e-03 1.002697358886510577e-02 3.540682646962810005e-03 -4.011661244702088291e-01
-5.999999999999999778e-01 7.916173850260629571e-03 1.010418352794562047e-02 3.757003186207051593e-03 -4.049440537260116102e-01
