0.000000000000000000e+00 -2.097845836997548272e-02 -1.645667882999187967e-02 -8.740236536732344519e-02 -2.496750051345816290e-01
-5.042016806722688510e-03 -2.171274740415216065e-02 -1.746830939549572775e-02 -8.590111287420326702e-02 -2.501643393477023247e-01
-1.008403361344537702e-02 -2.207125732359133813e-02 -1.823637472073570340e-02 -8.496680313136621698e-02 -2.505488703513865101e-01
-1.512605042016806553e-02 -2.225993917647698522e-02 -1.886018823249530074e-02 -8.430267113919776012e-02 -2.508455970963400783e-01
-2.016806722689075404e-02 -2.238128958214417874e-02 -1.939049478089074907e-02 -8.376160024827598860e-02 -2.510667692226218328e-01
-2.521008403361344255e-02 -2.245577186615109466e-02 -1.984468400852900521e-02 -8.331037752535247476e-02 -2.512216668000651354e-01
-3.025210084033613106e-02 -2.250267278868236728e-02 -2.023091171784092979e-02 -8.293714197469916061e-02 -2.513414529624449223e-01
-3.529411764705882304e-02 -2.252827524719748162e-02 -2.055550493302976331e-02 -8.262977282485735320e-02 -2.514271060101692101e-01
-4.033613445378150808e-02 -2.253449379744823858e-02 -2.082395549895262044e-02 -8.238628707053959055e-02 -2.514894727338808922e-01
-4.537815126050419312e-02 -2.249476942399825097e-02 -2.102305118381370824e-02 -8.227146786494278496e-02 -2.515967997131219325e-01
-5.042016806722688510e-02 -2.248286715927242524e-02 -2.120714256855391402e-02 -8.211654011403636544e-02 -2.516337929028265585e-01
-5.546218487394957708e-02 -2.246867100759130167e-02 -2.136040435998282083e-02 -8.199072959789302506e-02 -2.516627751520704726e-01
-6.050420168067226212e-02 -2.245379599355720041e-02 -2.148973135246496843e-02 -8.188665260233543575e-02 -2.516859912858179227e-01
-6.554621848739494716e-02 -2.243898468435098423e-02 -2.159891186992188988e-02 -8.180068444437428588e-02 -2.517052456791439852e-01
-7.058823529411764608e-02 -2.242484614024851941e-02 -2.169083063501806019e-02 -8.172991404153112649e-02 -2.517216915974322400e-01
-7.563025210084033112e-02 -2.240899028751325989e-02 -2.176480153122722916e-02 -8.167808345961982686e-02 -2.517366717469392001e-01
-8.067226890756301616e-02 -2.239454452584925190e-02 -2.182771904365281984e-02 -8.163521140935121878e-02 -2.517502537892395420e-01
-8.571428571428570120e-02 -2.237880386803070901e-02 -2.187849138582494135e-02 -8.160560172516501121e-02 -2.517634793011058192e-01
-9.075630252100838624e-02 -2.236369779067424318e-02 -2.191985905702618226e-02 -8.158463198407263361e-02 -2.517764216836356206e-01
-9.579831932773108516e-02 -2.235085310928881797e-02 -2.195550187833410216e-02 -8.156684945895649463e-02 -2.517887739698691507e-01
-1.008403361344537702e-01 -2.234050492955799369e-02 -2.198720037565719820e-02 -8.155020152508575537e-02 -2.518004604427324655e-01
-1.058823529411764552e-01 -2.237314774690515873e-02 -2.204409898094284587e-02 -8.144441053584929036e-02 -2.517233145273946038e-01
-1.109243697478991542e-01 -2.237199240534482048e-02 -2.207375546948827164e-02 -8.141936652174912303e-02 -2.517302287931644234e-01
-1.159663865546218392e-01 -2.236988780939658944e-02 -2.210067247620122952e-02 -8.139763461099436270e-02 -2.517363897931843564e-01
-1.210084033613445242e-01 -2.236758765840454050e-02 -2.212482545005949736e-02 -8.137858931258959427e-02 -2.517420048421072920e-01
-1.260504201680672232e-01 -2.236515022064655689e-02 -2.214668348082469984e-02 -8.136171972192568491e-02 -2.517471068467939110e-01
-1.310924369747898943e-01 -2.236277985095886170e-02 -2.216665213435595194e-02 -8.134642259765835492e-02 -2.517517091659463579e-01
-1.361344537815125932e-01 -2.236026289927243310e-02 -2.218492121645497528e-02 -8.133274125204548177e-02 -2.517558507355457942e-01
-1.411764705882352922e-01 -2.235735489977679763e-02 -2.220163117770572458e-02 -8.132081112989451854e-02 -2.517595944147540954e-01
-1.462184873949579633e-01 -2.235382671728775028e-02 -2.221690223240844336e-02 -8.131078413615731859e-02 -2.517630261717070383e-01
-1.512605042016806622e-01 -2.234969131120412289e-02 -2.223093641978222956e-02 -8.130247956225379602e-02 -2.517662145864802969e-01
-1.563025210084033334e-01 -2.234390812375557783e-02 -2.224389137852453985e-02 -8.129672940486182275e-02 -2.517690578142838809e-01
-1.613445378151260323e-01 -2.233911399991237237e-02 -2.225594659231640293e-02 -8.129090388367093967e-02 -2.517719289517994508e-01
-1.663865546218487312e-01 -2.233463463188233369e-02 -2.226770059197185486e-02 -8.128462201522801411e-02 -2.517739144781644400e-01
-1.714285714285714024e-01 -2.233088119966244317e-02 -2.227828122813370684e-02 -8.127855046140462780e-02 -2.517754257784015626e-01
-1.764705882352941013e-01 -2.232570939758711862e-02 -2.228764117632179437e-02 -8.127501511608911655e-02 -2.517767313799960660e-01
-1.815126050420167725e-01 -2.232050534090465263e-02 -2.229608347984396444e-02 -8.127240727556804545e-02 -2.517779921926333042e-01
-1.865546218487394714e-01 -2.231501952071612838e-02 -2.230368106881792239e-02 -8.127089923140751182e-02 -2.517791996418831113e-01
-1.915966386554621703e-01 -2.230821601375791718e-02 -2.231049526619025697e-02 -8.127254837904569762e-02 -2.517825193179877297e-01
-1.966386554621848415e-01 -2.230288390796709985e-02 -2.231677527882616058e-02 -8.127216434631584496e-02 -2.517836470662182524e-01
-2.016806722689075404e-01 -2.229756270488436609e-02 -2.232242069185238348e-02 -8.127237987400680319e-02 -2.517847265414870916e-01
-2.067226890756302393e-01 -2.228931303047995000e-02 -2.231469025083739760e-02 -8.124227631309334507e-02 -2.517864510200255590e-01
-2.117647058823529105e-01 -2.228429511454720416e-02 -2.231943369294348695e-02 -8.124300106555065737e-02 -2.517898359596357771e-01
-2.168067226890756094e-01 -2.227856724577130521e-02 -2.232290832604837474e-02 -8.124581610788306207e-02 -2.517934676426152318e-01
-2.218487394957983083e-01 -2.227262740638559849e-02 -2.232563745791007331e-02 -8.124964639805075384e-02 -2.517972328560756368e-01
-2.268907563025209795e-01 -2.226677334106523173e-02 -2.232795983438121135e-02 -8.125381453630922679e-02 -2.518010467794729035e-01
-2.319327731092436784e-01 -2.226112420818763399e-02 -2.233003720779008772e-02 -8.125801721397431232e-02 -2.518048638782766635e-01
-2.369747899159663496e-01 -2.225477117153933787e-02 -2.233032541510390073e-02 -8.126497700810585145e-02 -2.518092032680904202e-01
-2.420168067226890485e-01 -2.224945659125514980e-02 -2.233141804117439941e-02 -8.126996232528789499e-02 -2.518132891461841716e-01
-2.470588235294117474e-01 -2.224469922129240079e-02 -2.233286084883544936e-02 -8.127394836861799587e-02 -2.518172077137117992e-01
-2.521008403361344463e-01 -2.223834162579685358e-02 -2.233220762957110334e-02 -8.128184343056828187e-02 -2.518215513582469645e-01
-2.571428571428571175e-01 -2.223004846421306607e-02 -2.232875514287503346e-02 -8.129481740702146353e-02 -2.518265412108255941e-01
-2.621848739495797886e-01 -2.222409160804513298e-02 -2.232741538136967172e-02 -8.130308399174626666e-02 -2.518310051802873928e-01
-2.672268907563025153e-01 -2.221934740338169650e-02 -2.232712299310414886e-02 -8.130893307998399155e-02 -2.518351629388155821e-01
-2.722689075630251865e-01 -2.221526340803448712e-02 -2.232735023609103836e-02 -8.131349082747534041e-02 -2.518391162858646393e-01
-2.773109243697478576e-01 -2.221129773139602151e-02 -2.232761601574970167e-02 -8.131783002913989256e-02 -2.518429703458993640e-01
-2.823529411764705843e-01 -2.220831937198180367e-02 -2.232768282148051703e-02 -8.132118727893790366e-02 -2.518464560731542012e-01
-2.873949579831932555e-01 -2.220503024068054554e-02 -2.232754839112403855e-02 -8.132503842948551886e-02 -2.518499399379122705e-01
-2.924369747899159266e-01 -2.220148604130308539e-02 -2.232722239387453095e-02 -8.132931492731269862e-02 -2.518534157808033358e-01
-2.974789915966385978e-01 -2.219772088684051833e-02 -2.232670703292750913e-02 -8.133397862550091617e-02 -2.518568807939324805e-01
-3.025210084033613245e-01 -2.219375554319135552e-02 -2.232600080405412399e-02 -8.133900914763367296e-02 -2.518603340846789496e-01
-3.075630252100839956e-01 -2.218960259667142332e-02 -2.232510066855235287e-02 -8.134439613472849162e-02 -2.518637757473458638e-01
-3.126050420168066668e-01 -2.218526956963885396e-02 -2.232400313844305415e-02 -8.135013477914818103e-02 -2.518672062770695441e-01
-3.176470588235293935e-01 -2.218076054957249937e-02 -2.232270454234551796e-02 -8.135622376523571342e-02 -2.518706262270950513e-01
-3.226890756302520646e-01 -2.217607652419914532e-02 -2.232120052148689471e-02 -8.136266535674535616e-02 -2.518740360789539223e-01
-3.277310924369747358e-01 -2.217122130611749731e-02 -2.231948150155984786e-02 -8.136946645269359235e-02 -2.518774401158695997e-01
-3.327731092436974625e-01 -2.216617498843474754e-02 -2.231753919794325636e-02 -8.137665135690910767e-02 -2.518808355652413788e-01
-3.378151260504201336e-01 -2.216093163429151691e-02 -2.231536607623103158e-02 -8.138423038492099970e-02 -2.518842202888142423e-01
-3.428571428571428048e-01 -2.210499081488350587e-02 -2.224971015582391520e-02 -8.139487320063490405e-02 -2.518905216115339685e-01
-3.478991596638655315e-01 -2.209946338982894665e-02 -2.224706122098303596e-02 -8.140335419457263300e-02 -2.518985077650739979e-01
-3.529411764705882026e-01 -2.209344946795958539e-02 -2.224405637196071733e-02 -8.141262132461632439e-02 -2.519066225548127202e-01
-3.579831932773108738e-01 -2.208701118256407164e-02 -2.224079167788775915e-02 -8.142231707255581652e-02 -2.519143891923670275e-01
-3.630252100840335450e-01 -2.207988893366471042e-02 -2.223729580666365668e-02 -8.143328806139328579e-02 -2.519231217965524072e-01
-3.680672268907562716e-01 -2.207257275044099271e-02 -2.223345979124108016e-02 -8.144474715310444368e-02 -2.519319723312064552e-01
-3.731092436974789428e-01 -2.206510072728695010e-02 -2.222932462567745598e-02 -8.145659602274363253e-02 -2.519409171176156814e-01
-3.781512605042016140e-01 -2.205752472157808744e-02 -2.222493108439826948e-02 -8.146871463728272422e-02 -2.519499165744068514e-01
-3.831932773109243406e-01 -2.204989140430485897e-02 -2.222031891715725571e-02 -8.148098396468174409e-02 -2.519589229656956086e-01
-3.882352941176470118e-01 -2.204219391266347763e-02 -2.221550018759353706e-02 -8.149336938556053789e-02 -2.519679010138724529e-01
-3.932773109243696830e-01 -2.203443901858898740e-02 -2.221025161819480120e-02 -8.150608772098964783e-02 -2.519768559444134359e-01
-3.983193277310924096e-01 -2.202627843148130538e-02 -2.220465708631327861e-02 -8.151938439746843346e-02 -2.519858275797139946e-01
-4.033613445378150808e-01 -2.201745327194722796e-02 -2.219855811439610041e-02 -8.153368622489484685e-02 -2.519948863257324145e-01
-4.084033613445377520e-01 -2.200810469347235648e-02 -2.219175846978246880e-02 -8.154901020159460723e-02 -2.520039003844107284e-01
-4.134453781512604786e-01 -2.199745635110582354e-02 -2.218414624790787659e-02 -8.156631213078416320e-02 -2.520131819563087294e-01
-4.184873949579831498e-01 -2.198535432496696515e-02 -2.217561246312328704e-02 -8.158585442027647960e-02 -2.520227914107397438e-01
-4.235294117647058210e-01 -2.197162317689441147e-02 -2.216603745795586722e-02 -8.160793218290667006e-02 -2.520328003644569659e-01
-4.285714285714285476e-01 -2.195629161001654700e-02 -2.215529824443500384e-02 -8.163260378918957283e-02 -2.520431915379842125e-01
-4.336134453781512188e-01 -2.193890237231484533e-02 -2.214327115042698246e-02 -8.166055838493718744e-02 -2.520542771367016432e-01
-4.386554621848738900e-01 -2.191823139728531211e-02 -2.212732067473253961e-02 -8.169571632775898817e-02 -2.520662240252981579e-01
-4.436974789915966166e-01 -2.189339816683755213e-02 -2.210647832779926575e-02 -8.173989078015901633e-02 -2.520791466088761479e-01
-4.487394957983192878e-01 -2.186597396875748778e-02 -2.208916550696712888e-02 -8.178355468256932881e-02 -2.520939354445451697e-01
-4.537815126050419590e-01 -2.183318597368443317e-02 -2.207165722808417455e-02 -8.183373676523497675e-02 -2.521116636471735228e-01
-4.588235294117646301e-01 -2.180087761752733111e-02 -2.205543162661607881e-02 -8.187913523095793900e-02 -2.521263610065953009e-01
-4.638655462184873568e-01 -2.176282996266985792e-02 -2.203459178636892751e-02 -8.193466849285273301e-02 -2.521423572189496198e-01
-4.689075630252100280e-01 -2.171804476696771735e-02 -2.200962801037489175e-02 -8.200083296683746692e-02 -2.521603917664367311e-01
-4.739495798319326991e-01 -2.166179649072930147e-02 -2.197709887934694989e-02 -8.208536853691736357e-02 -2.521807090283714747e-01
-4.789915966386554258e-01 -2.154381181849150673e-02 -2.181748175535107651e-02 -8.204528935204356832e-02 -2.522170122847973150e-01
-4.840336134453780970e-01 -2.146104580680185947e-02 -2.177598533683081788e-02 -8.216449316241819512e-02 -2.522766575829097357e-01
-4.890756302521007681e-01 -2.135082837672763051e-02 -2.171297342006148906e-02 -8.233194020136205826e-02 -2.523481370722371331e-01
-4.941176470588234948e-01 -2.123378032453941688e-02 -2.164274733640192058e-02 -8.251144916982142141e-02 -2.524257141077392852e-01
-4.991596638655461660e-01 -2.106365308468534370e-02 -2.152314629830246601e-02 -8.279465241295623501e-02 -2.525224760340890051e-01
-5.042016806722688926e-01 -2.037577332833323540e-02 -2.053446759863742505e-02 -8.240569803706623841e-02 -2.528801793143161669e-01
-5.092436974789915638e-01 -1.998460855160870062e-02 -2.031872045065825916e-02 -8.303893262419123622e-02 -2.536615995241098265e-01
-5.142857142857142350e-01 4.941051539192518882e-03 -6.284671575170215629e-03 -7.983124627740381674e-02 -3.325189091325363999e-01
-5.193277310924369061e-01 4.148722349716325863e-03 -4.168184949014072313e-03 -6.245183472802754571e-02 -3.555686663604128994e-01
-5.243697478991595773e-01 3.857057123088038133e-03 -4.281801213701872180e-03 -6.342454418451623499e-02 -3.574169624935834566e-01
-5.294117647058822484e-01 3.607688704667324012e-03 -4.334281231072840274e-03 -6.390719687673222793e-02 -3.595156513878478011e-01
-5.344537815126050306e-01 3.394186086875354991e-03 -4.342335656831145148e-03 -6.403519127675783018e-02 -3.618272181126823139e-01
-5.394957983193277018e-01 3.211691483618332038e-03 -4.316836087769818434e-03 -6.390510727028447802e-02 -3.643112382918961001e-01
-5.445378151260503730e-01 3.056654987046573176e-03 -4.265014928489520643e-03 -6.358615392484939788e-02 -3.669317650477111892e-01
-5.495798319327730441e-01 2.926614056267149051e-03 -4.191695623578695247e-03 -6.312786237739012596e-02 -3.696598351519733150e-01
-5.546218487394957153e-01 2.819720307174662394e-03 -4.100070295917575096e-03 -6.256458064680463227e-02 -3.724743746670439171e-01
-5.596638655462183864e-01 2.734118279936089291e-03 -3.992478654526630637e-03 -6.192097999493114541e-02 -3.753605431420311001e-01
-5.647058823529411686e-01 2.668312450215893587e-03 -3.871048083731102978e-03 -6.121762730474541309e-02 -3.783060837861602632e-01
-5.697478991596638398e-01 2.621121999892565575e-03 -3.736748368876509005e-03 -6.046601528655378560e-02 -3.813057393120893312e-01
-5.747899159663865110e-01 2.591730964438999571e-03 -3.590312624486124288e-03 -5.967615549827291060e-02 -3.843535458778015723e-01
-5.798319327731091821e-01 2.580927235035824791e-03 -3.431753186111476984e-03 -5.885526417614573430e-02 -3.874439279357707600e-01
-5.848739495798318533e-01 2.589616303984063062e-03 -3.260994380552315487e-03 -5.800837120595836449e-02 -3.905732869188850431e-01
-5.899159663865545244e-01 2.616456724978671790e-03 -3.078683895779133622e-03 -5.713888743922211633e-02 -3.937417655997825228e-01
-5.949579831932771956e-01 2.663741114654865315e-03 -2.884363532714989339e-03 -5.625356872220182991e-02 -3.969422062403255014e-01
-5.999999999999999778e-01 2.727349606259750307e-03 -2.680884022564086581e-03 -5.536106738851222925e-02 -4.001745381887368280e-01
