0.000000000000000000e+00 -1.875795147667909886e-17 -3.981102380148742346e-19 0.000000000000000000e+00 -7.224330307499336848e-18 3.789282028737818256e-16 -5.551115123125782702e-17 -9.997039852568633487e-18 -9.795974432971060728e-18 5.551115123125782702e-17 9.050535671643579103e-18 2.796784275553344431e-18 1.104287052140702983e-19 -5.551115123125782702e-17
-5.042016806722688510e-03 -7.657995008486751797e-18 -2.155929671101889461e-17 -2.775557561562891351e-17 -8.298223295560087738e-18 4.535465414748743418e-16 0.000000000000000000e+00 6.216593236564494245e-19 1.098306282498726319e-17 -2.775557561562891351e-17 -5.203898218115445713e-18 -7.158708516775144080e-18 2.263398283678038996e-19 1.110223024625156540e-16
-1.008403361344537702e-02 1.692901935855205541e-17 5.385919547551523377e-19 0.000000000000000000e+00 -2.908744612127642533e-18 -6.701180267786330881e-17 0.000000000000000000e+00 1.646798582497693436e-17 3.215248049281871108e-18 -5.551115123125782702e-17 5.493251496183474441e-18 -1.231531059558547907e-18 5.452528383785038716e-20 0.000000000000000000e+00
-1.512605042016806553e-02 -1.031437076479690706e-17 -1.426127064983547565e-18 -5.551115123125782702e-17 -1.034270659367451189e-17 -3.871491323173310218e-16 0.000000000000000000e+00 4.517453059259625501e-18 2.312674349999330848e-17 1.110223024625156540e-16 -8.476032854592308722e-18 1.714597260844114667e-18 -1.082422896798758656e-19 1.110223024625156540e-16
-2.016806722689075404e-02 4.574130530783958619e-18 -4.447561183393040237e-17 0.000000000000000000e+00 6.105380838904240025e-18 -1.008727496513372584e-16 0.000000000000000000e+00 1.291138191875599156e-18 4.737265391192624215e-18 -2.775557561562891351e-17 9.477798152467736214e-19 3.265826607871277783e-18 3.770556425226363136e-19 0.000000000000000000e+00
-2.521008403361344255e-02 1.785935909094670052e-17 4.124823755003775690e-17 0.000000000000000000e+00 3.538251221688242982e-18 1.383737718486548852e-16 0.000000000000000000e+00 -2.794687962633919508e-18 -5.428276941561105849e-18 0.000000000000000000e+00 -4.194262258291733570e-18 1.227699949449441927e-18 1.170877807551546478e-19 0.000000000000000000e+00
-3.025210084033613106e-02 -1.013520055050955770e-17 5.401626818219283551e-17 0.000000000000000000e+00 2.096130728155623527e-17 -2.779082741517195558e-16 -1.110223024625156540e-16 -5.978905113185997340e-18 -1.140942309067028103e-17 0.000000000000000000e+00 4.200778646756329108e-18 4.885743816261331571e-18 1.043215070242053827e-19 -5.551115123125782702e-17
-3.529411764705882304e-02 -1.715563362942388475e-18 -1.986753393737852227e-17 2.775557561562891351e-17 1.057037835169993310e-17 -3.894957130018318940e-16 -1.110223024625156540e-16 1.665146025030178639e-18 -1.018645539827220915e-17 8.326672684688674053e-17 7.323702232727247835e-18 -4.408936156431677415e-18 9.946775164588100546e-20 5.551115123125782702e-17
-4.033613445378150808e-02 5.514017862346573656e-18 -4.763334845731634422e-17 -1.110223024625156540e-16 -3.687569884711501321e-17 -2.623862142788954004e-17 -1.110223024625156540e-16 3.264800027359895366e-18 -9.063584164728368999e-18 0.000000000000000000e+00 -2.720462857594122809e-18 -1.042127995770135752e-18 -2.313039894839751063e-19 -2.220446049250313081e-16
-4.537815126050419312e-02 7.933189859370041219e-18 2.200579286494149329e-18 -5.551115123125782702e-17 2.690738136094382858e-17 4.965568186952677532e-17 0.000000000000000000e+00 3.416117216428405937e-18 -9.967259420006931022e-18 -1.110223024625156540e-16 7.252122467375508548e-18 1.171274257504370557e-18 -2.017186919178869242e-19 0.000000000000000000e+00
-5.042016806722688510e-02 -4.808995043874003512e-18 1.901997820888088332e-17 0.000000000000000000e+00 -2.387470179025363843e-17 -2.520387084300532370e-16 0.000000000000000000e+00 8.666905386992038494e-18 5.809274528931093616e-18 -5.551115123125782702e-17 4.519908186877727287e-18 1.591346987586483574e-18 -1.845895546083974319e-21 2.220446049250313081e-16
-5.546218487394957708e-02 1.643850572209151470e-17 4.154595970513589015e-17 -2.775557561562891351e-17 -1.432795580262079795e-17 4.806854588562117948e-17 1.665334536937734811e-16 1.873684720584285138e-19 -5.191822509173864704e-18 -1.110223024625156540e-16 1.303105515308520746e-18 3.360978396014039283e-19 -2.289718547554087143e-19 0.000000000000000000e+00
-6.050420168067226212e-02 -3.528155375283222111e-19 3.504945812978615127e-17 -8.326672684688674053e-17 -6.041312317093804204e-19 -1.419055568977097549e-17 0.000000000000000000e+00 -5.827109789521008294e-18 2.696029824385546633e-17 -8.326672684688674053e-17 5.881017671548711991e-18 3.124356047649826431e-18 1.902438382571921438e-19 -3.330669073875469621e-16
-6.554621848739494716e-02 3.760478678881919988e-18 2.119301928011818691e-17 5.551115123125782702e-17 -1.008411094398296802e-17 -3.064074872975243455e-17 0.000000000000000000e+00 -4.213604808946479487e-18 -3.405093336646563517e-18 -5.551115123125782702e-17 3.267950274204850540e-18 -9.639581953913878713e-18 1.242159992742063625e-19 1.110223024625156540e-16
-7.058823529411764608e-02 -1.043236794004554225e-17 4.991110469078394944e-18 5.551115123125782702e-17 3.379827210447739587e-18 1.278795358180754832e-18 5.551115123125782702e-17 2.314667462236277225e-18 8.214519477289142321e-18 1.110223024625156540e-16 1.430280742371322318e-18 -2.857309830581589940e-18 -3.585908730130773479e-20 -5.551115123125782702e-17
-7.563025210084033112e-02 1.572319546195044201e-02 1.226772382278684334e-02 -4.671491195520377504e-03 -1.655603845600964186e-02 -1.237526106094623789e-02 7.672825696355856095e-03 1.567842006331365140e-02 1.230347002957624981e-02 -4.556974551930603745e-03 -1.653437745515706075e-02 -1.228430614994642511e-02 -2.912507668545870516e-04 7.706876361890935279e-03
-8.067226890756301616e-02 1.498147762019387194e-02 1.281467492688468518e-02 -4.967062048552739473e-03 -1.590504553344845862e-02 -1.298307822209082696e-02 7.884893260897585243e-03 1.493680957626974254e-02 1.285517902992771959e-02 -4.855924037271946991e-03 -1.588109668243982420e-02 -1.289336884700380097e-02 -2.874918124521205699e-04 7.918489704747289082e-03
-8.571428571428570120e-02 1.444036490194606018e-02 1.324217485565503012e-02 -5.141983143934603095e-03 -1.542925544806284834e-02 -1.345057846754741868e-02 7.989053064218598621e-03 1.439736655266874929e-02 1.328265228472935017e-02 -5.026721436722197955e-03 -1.540496213400917302e-02 -1.335532173293698180e-02 -2.854844486318421450e-04 8.022247756409250918e-03
-9.075630252100838624e-02 1.403790627497511836e-02 1.358541323783057746e-02 -5.211584441233263476e-03 -1.506841832350930971e-02 -1.382260079535518014e-02 8.016048606450609793e-03 1.398796918205782655e-02 1.362709905986411209e-02 -5.105711670885137998e-03 -1.503773088735454837e-02 -1.372539362361662948e-02 -2.846229612971345048e-04 8.045850086045691629e-03
-9.579831932773108516e-02 1.258860993175241592e-18 -3.487114011797212825e-18 5.551115123125782702e-17 3.022770617224847963e-18 -7.033185865638813112e-17 -2.220446049250313081e-16 3.961075655739166387e-18 -1.060998800861534664e-17 0.000000000000000000e+00 1.991261522210459547e-18 5.680082353128418727e-18 -3.387778311802477369e-20 0.000000000000000000e+00
-1.008403361344537702e-01 4.433334798692869741e-18 -3.465744125495599136e-17 -5.551115123125782702e-17 -1.400616816825916433e-18 1.722007532233747563e-17 -5.551115123125782702e-17 6.461227793202502765e-18 -1.860369282160684178e-17 5.551115123125782702e-17 -1.507114467901660476e-19 6.809630397397509802e-19 1.318382502758409814e-19 0.000000000000000000e+00
-1.058823529411764552e-01 2.573218426782129815e-18 -6.342470256159001700e-18 0.000000000000000000e+00 3.432415639949010266e-18 2.571937337720277205e-16 -1.110223024625156540e-16 2.627804891234502167e-19 -7.227578310877970882e-18 5.551115123125782702e-17 2.743187613522818243e-18 9.787203581850790458e-18 -1.014571919256874812e-20 0.000000000000000000e+00
-1.109243697478991542e-01 -2.124641721236416045e-17 -1.071485220195853929e-17 -5.551115123125782702e-17 -2.788166515260952269e-19 -1.689304102657392378e-17 -2.220446049250313081e-16 -5.036320829228967878e-18 -3.259182453085090378e-18 -5.551115123125782702e-17 3.167384544008180673e-18 1.075487007949128673e-18 1.142938241547816357e-20 -1.110223024625156540e-16
-1.159663865546218392e-01 1.293260769994017748e-02 1.470515784213398403e-02 -4.914706577609978533e-03 -1.404832559799365152e-02 -1.497672611179739696e-02 7.559045900304983689e-03 1.289092763040093972e-02 1.474042465756120190e-02 -4.796925283189978906e-03 -1.401956802107844416e-02 -1.487610003276670402e-02 -2.865320667069108694e-04 7.592744040774646042e-03
-1.210084033613445242e-01 1.284032967231552025e-02 1.482974381169267081e-02 -4.795039079374896485e-03 -1.395960550274945658e-02 -1.510328581892285242e-02 7.416085615327250302e-03 1.280036154789709196e-02 1.486385935504705436e-02 -4.676268139106765087e-03 -1.393127550635952366e-02 -1.500160532273871541e-02 -2.874434196347554031e-04 7.450177651742773133e-03
-1.260504201680672232e-01 1.276972281966527560e-02 1.493484167549271463e-02 -4.655990663351150527e-03 -1.388882138578427863e-02 -1.521093093455634475e-02 7.267328348209534106e-03 1.272375268845218552e-02 1.497595046196163390e-02 -4.548533682540739642e-03 -1.384778992771721479e-02 -1.511702766019999700e-02 -2.884093355061054242e-04 7.285495290804355761e-03
-1.310924369747898943e-01 1.269821596296859603e-02 1.503891064784641275e-02 -4.510052869434372225e-03 -1.381682264048337064e-02 -1.531425609087310423e-02 7.101705261363222554e-03 1.265332862291932044e-02 1.508039237532932467e-02 -4.400696581911611727e-03 -1.377644949211224643e-02 -1.521864948304563030e-02 -2.894272167660715965e-04 7.119386393254711898e-03
-1.361344537815125932e-01 1.264571090288624418e-02 1.512514266522277211e-02 -4.358562925103837138e-03 -1.376226605231314903e-02 -1.539989068476323164e-02 6.930624582262567834e-03 1.260207053215285991e-02 1.516702586129511920e-02 -4.246884292834651742e-03 -1.372264157995670489e-02 -1.530200617189919621e-02 -2.905107023207000863e-04 6.947947671149201643e-03
-1.411764705882352922e-01 1.260787244162736923e-02 1.519550630983331797e-02 -4.203707501012871051e-03 -1.372151530850857989e-02 -1.546993021618472963e-02 6.756684708194793387e-03 1.256545350311281777e-02 1.523800696514081635e-02 -4.089729637022393449e-03 -1.368223581165342942e-02 -1.536974717765260401e-02 -2.916214246490981578e-04 6.773794867865334801e-03
-1.462184873949579633e-01 1.258768230772459168e-02 1.524584291897909324e-02 -4.052398176584398604e-03 -1.369795660993066919e-02 -1.552099575573251053e-02 6.587659475318141666e-03 1.254655792997197428e-02 1.528861861276877530e-02 -3.937168921446326797e-03 -1.365858442933169312e-02 -1.541946089577361095e-02 -2.927021202537474342e-04 6.603964621499591736e-03
-1.512605042016806622e-01 9.113077942206877212e-18 2.630603842998166340e-17 5.551115123125782702e-17 -7.701343113183423637e-18 -1.271026321802507172e-16 0.000000000000000000e+00 -8.137011919879497231e-19 2.266749036574634922e-18 -5.551115123125782702e-17 -5.083584900772567951e-18 -8.255869679293050312e-19 3.000919564746984283e-20 0.000000000000000000e+00
-1.563025210084033334e-01 4.516286757166639077e-18 6.359942516141114023e-17 0.000000000000000000e+00 3.432372285955399138e-18 2.899700095603263575e-17 0.000000000000000000e+00 7.464619662609419157e-18 7.514212496349176873e-18 -5.551115123125782702e-17 4.727433165890490411e-18 -4.606604512260651764e-18 8.710421096386649171e-20 5.551115123125782702e-17
-1.613445378151260323e-01 -1.071632514601969494e-18 -3.496657200728076230e-17 0.000000000000000000e+00 1.547184708528489700e-19 -1.021575844915902482e-16 -1.665334536937734811e-16 5.689376417927381975e-18 -2.144358739126424905e-18 2.775557561562891351e-17 -3.180871036600906590e-18 -1.843048602784494470e-18 -1.253222425903410186e-19 1.110223024625156540e-16
-1.663865546218487312e-01 1.958198555441253107e-18 -2.607895536325810864e-17 0.000000000000000000e+00 -5.151115222976921953e-18 1.350439789361465166e-16 0.000000000000000000e+00 7.177027519005533599e-19 -1.665757823898051611e-17 0.000000000000000000e+00 -4.262591766542121724e-19 -5.402290615802172558e-18 -3.212101471070291873e-21 0.000000000000000000e+00
-1.714285714285714024e-01 4.462683802912684967e-18 3.294039048867737313e-18 -2.775557561562891351e-17 7.464012774415010104e-19 -9.591091732272144282e-17 5.551115123125782702e-17 2.540500824797389111e-18 -2.119215773980755715e-17 -2.775557561562891351e-17 -2.957110967834954893e-19 -3.116991422112029572e-18 -8.285908184959347884e-21 -5.551115123125782702e-17
-1.764705882352941013e-01 -4.608756456185015320e-18 1.604136543719935563e-17 0.000000000000000000e+00 -2.685170774363502404e-17 -1.756735446491367137e-16 0.000000000000000000e+00 -6.639068741937576368e-18 -1.048715331322887099e-17 0.000000000000000000e+00 -4.337811721210082331e-18 4.676984905433276222e-18 6.412184749185663074e-20 0.000000000000000000e+00
-1.815126050420167725e-01 -4.598177691751002641e-18 1.964110371975762621e-17 0.000000000000000000e+00 4.497814793122871246e-19 9.877115355199251325e-17 0.000000000000000000e+00 7.155310571855703443e-19 1.982482438064934541e-17 0.000000000000000000e+00 -7.668152583772071404e-18 9.193317475907077233e-18 -2.017166677208403948e-19 0.000000000000000000e+00
-1.865546218487394714e-01 -2.172488304234997735e-17 5.208981534750263841e-18 -8.326672684688674053e-17 7.567978902723452063e-18 1.281246912691163359e-16 5.551115123125782702e-17 -2.950704784384833329e-18 6.567513844414187796e-18 2.775557561562891351e-17 -3.823183713117800269e-18 5.655278134109100471e-18 9.297220966399214372e-20 -2.220446049250313081e-16
-1.915966386554621703e-01 1.847385245141425797e-17 -1.689453136439394580e-17 -2.775557561562891351e-17 6.474982669525672250e-18 -2.805323829138668117e-16 0.000000000000000000e+00 1.038885620599098509e-17 1.450161033477362132e-17 -5.551115123125782702e-17 -4.739423703777237549e-18 2.529558004521567070e-19 3.109632935827985288e-20 5.551115123125782702e-17
-1.966386554621848415e-01 4.377841759382143800e-18 5.309310768637641310e-18 5.551115123125782702e-17 5.857592382625506224e-18 -2.020653519095546187e-17 -1.110223024625156540e-16 -2.961864836812333671e-18 -2.826133269945846738e-18 1.665334536937734811e-16 1.760753687878570883e-18 -2.991942924467524399e-18 1.166676557008625516e-19 -1.110223024625156540e-16
-2.016806722689075404e-01 -9.961316817553447471e-18 8.681604078147577724e-18 2.775557561562891351e-17 -8.125006216054265939e-18 -1.647959827329661257e-16 -1.110223024625156540e-16 -5.291397952356373955e-19 -1.405938443088209976e-17 0.000000000000000000e+00 1.609745906998107044e-18 -6.148381416367986437e-19 8.867577531907274674e-20 5.551115123125782702e-17
-2.067226890756302393e-01 8.060407854103688303e-18 -1.784207105460817076e-17 -2.775557561562891351e-17 3.149545617907283372e-18 -2.277996801397644906e-16 1.110223024625156540e-16 1.807759839762677547e-18 -5.173328359539160436e-18 0.000000000000000000e+00 4.644007347185390178e-19 1.328962295755857618e-18 -5.052143577530465956e-20 1.110223024625156540e-16
-2.117647058823529105e-01 -2.124640541479950093e-19 9.373963201685848119e-18 -5.551115123125782702e-17 2.057468183628416334e-18 1.495573112527064827e-16 0.000000000000000000e+00 -3.977179233690204903e-18 6.203852084728545484e-18 5.551115123125782702e-17 -1.486981629492371205e-18 3.528805208467484252e-18 -7.588956147939674307e-20 0.000000000000000000e+00
-2.168067226890756094e-01 7.624543885202712975e-18 1.506146631908532370e-18 0.000000000000000000e+00 4.295876569744172844e-18 -2.201234835046641887e-16 5.551115123125782702e-17 9.867831599691190659e-18 -6.991460403284836572e-18 0.000000000000000000e+00 4.493419010715624104e-18 3.522784369180895857e-19 6.701683916232872540e-20 1.110223024625156540e-16
-2.218487394957983083e-01 -1.627453134414683711e-17 1.513455933369028561e-17 8.326672684688674053e-17 -4.558243858991897656e-19 -3.515838693071075531e-16 5.551115123125782702e-17 1.318186026579385476e-18 7.831254030051454539e-18 0.000000000000000000e+00 -3.580629510745015344e-18 4.907322881821144931e-18 -1.614994098786255113e-19 1.110223024625156540e-16
-2.268907563025209795e-01 3.424550413085978803e-18 4.152452498616243655e-17 -2.775557561562891351e-17 -9.345955575479640025e-18 -4.536806613481810242e-16 0.000000000000000000e+00 -3.488073948782366342e-18 -4.423597934890313933e-18 -1.110223024625156540e-16 -1.219694081232536860e-18 -5.592636686178551193e-19 4.517556323874042944e-20 -5.551115123125782702e-17
-2.319327731092436784e-01 -1.225965552731357285e-17 3.046120058912729530e-17 -1.110223024625156540e-16 2.496861450073187921e-17 -3.856551479492787683e-17 0.000000000000000000e+00 -4.343828801710496566e-18 -4.599513202126274357e-18 -1.110223024625156540e-16 3.461213326944473691e-18 -1.598189697293377288e-19 -1.252330530535774074e-19 0.000000000000000000e+00
-2.369747899159663496e-01 2.651044523420537475e-18 4.307043476515299455e-18 0.000000000000000000e+00 7.330874947106933218e-18 -3.568628613646346262e-16 0.000000000000000000e+00 4.862791041689888101e-18 -2.806410364183085427e-18 0.000000000000000000e+00 1.327347722271629363e-18 -2.864681336728706985e-18 -8.050158725916117526e-20 0.000000000000000000e+00
-2.420168067226890485e-01 9.442275624272530783e-19 -3.250200226650683369e-18 5.551115123125782702e-17 -1.817221620688088106e-18 1.023171373466697732e-16 5.551115123125782702e-17 6.674479195192996440e-19 1.264278685705643071e-17 -2.775557561562891351e-17 -9.112884421083201795e-19 -5.249364237233250845e-18 1.258840134615816301e-19 1.665334536937734811e-16
-2.470588235294117474e-01 1.262379031339882357e-02 1.584947899292506526e-02 -1.206547632481763666e-03 -1.365869937451590424e-02 -1.602920945499149152e-02 3.277888680874418981e-03 1.255018806365718401e-02 1.588125458144686031e-02 -1.014257470556445551e-03 -1.356497889689691622e-02 -1.598882650033339389e-02 -3.236519789448271062e-04 3.183843608343950304e-03
-2.521008403361344463e-01 1.261968013066815456e-02 1.584314176469564517e-02 -1.031767080613754661e-03 -1.364661656664966326e-02 -1.601455525963107335e-02 3.101326722930231039e-03 1.254837430190466376e-02 1.587293764373687993e-02 -8.389127425764697499e-04 -1.355691945765928261e-02 -1.597012129069820541e-02 -3.246036665577789384e-04 3.005086795384470655e-03
-2.571428571428571175e-01 1.269484909181869264e-02 1.585149510359200320e-02 -8.334474049161433307e-04 -1.370546924767734182e-02 -1.600206699748785155e-02 2.898453441945503251e-03 1.262654645643599902e-02 1.588039309944870581e-02 -6.384732053894559556e-04 -1.361862534763146407e-02 -1.595759376002974655e-02 -3.265185000012634084e-04 2.797839924130629541e-03
-2.621848739495797886e-01 1.269286559333968577e-02 1.579247114297602228e-02 -7.132659026121701551e-04 -1.370071651901649638e-02 -1.594761218786035217e-02 2.772121300616825490e-03 1.262608669765350085e-02 1.582032093344234308e-02 -5.186440645459367005e-04 -1.361516697661907874e-02 -1.590443835281546425e-02 -3.270637765580082144e-04 2.670901432657135643e-03
-2.672268907563025153e-01 1.269368421642497365e-02 1.578447560568220845e-02 -5.421495783423657677e-04 -1.369277240845703444e-02 -1.593110870662137191e-02 2.600830516024166261e-03 1.262907244276384108e-02 1.581140682835582498e-02 -3.465618499654821161e-04 -1.360914038462832099e-02 -1.588890420811197787e-02 -3.280752545617021134e-04 2.497108158133642952e-03
-2.722689075630251865e-01 1.268520916767232679e-02 1.578322006218420975e-02 -3.762729442952639225e-04 -1.367645699668990251e-02 -1.592317458219109569e-02 2.435116828349404017e-03 1.262248090084816012e-02 1.580953604878659879e-02 -1.802154947195266921e-04 -1.359442252482851582e-02 -1.588185176793231040e-02 -3.289189830135979143e-04 2.329196814968514939e-03
-2.773109243697478576e-01 1.270846372701732625e-02 1.578360216357826973e-02 -1.868202043941447066e-04 -1.368738521554594550e-02 -1.591239138196248737e-02 2.247910504609484938e-03 1.264716730494904601e-02 1.581062838729208053e-02 1.006194333622034698e-05 -1.360679033197571136e-02 -1.587125802465449986e-02 -3.301383450844613343e-04 2.138710661136911106e-03
-2.823529411764705843e-01 1.273578364609278223e-02 1.577666645553777239e-02 -4.286755382582052576e-06 -1.370280392685746182e-02 -1.589717149680072716e-02 2.068152867654937666e-03 1.267491695222631824e-02 1.580581357919915581e-02 1.925950058759839933e-04 -1.362280944912884831e-02 -1.585577246066410123e-02 -3.313033859956400961e-04 1.955875810740581588e-03
-2.873949579831932555e-01 1.274589148523547211e-02 1.571920587812561387e-02 1.267582322228011371e-04 -1.370898238968617545e-02 -1.584412261009016804e-02 1.939626565492902355e-03 1.268543152987748959e-02 1.574934798318929421e-02 3.218882566805858492e-04 -1.362954156521781028e-02 -1.580343804048858422e-02 -3.316135621917882647e-04 1.827024776081986879e-03
-2.924369747899159266e-01 1.282407260375413235e-02 1.572320329301082897e-02 3.456776157744756439e-04 -1.376975364644106477e-02 -1.583364397089408876e-02 1.730294220021855178e-03 1.276240082845992059e-02 1.575927228217557582e-02 5.395656742430976482e-04 -1.368985145271977774e-02 -1.579195662355572377e-02 -3.331724613962279338e-04 1.613376366262464501e-03
-2.974789915966385978e-01 1.285416439023449355e-02 1.568244145647866919e-02 4.869718959066571262e-04 -1.379393385285141750e-02 -1.579503023383977203e-02 1.593370062809129628e-03 1.279257343228078908e-02 1.572092293576851652e-02 6.775609447190189538e-04 -1.371435259322279290e-02 -1.575414772194766444e-02 -3.334818296145057289e-04 1.475580647305574367e-03
-3.025210084033613245e-01 1.291216647493879238e-02 1.563351415533295249e-02 6.700205741488329814e-04 -1.384009194785306568e-02 -1.574774440377662774e-02 1.412125549501319632e-03 1.285321657902209307e-02 1.568772940107722447e-02 8.656280660019333162e-04 -1.376159209038207640e-02 -1.571742361976999694e-02 -3.344519108712656072e-04 1.297208000421268270e-03
-3.075630252100839956e-01 1.296621370206853079e-02 1.564085306007946541e-02 8.294787224300548267e-04 -1.387163850181811695e-02 -1.575093996214217001e-02 1.241785816325668979e-03 1.290629912573794738e-02 1.568179635766252245e-02 1.037698597835312597e-03 -1.378829612980687555e-02 -1.572721876087847942e-02 -3.349310116099323172e-04 1.133464100773307059e-03
-3.126050420168066668e-01 3.023165576231131491e-18 9.111669606820029193e-17 8.326672684688674053e-17 -2.202043671812570583e-17 -6.147926218830469958e-17 0.000000000000000000e+00 -1.944667513819271711e-18 -7.370170976445415890e-18 0.000000000000000000e+00 -8.968058205951758912e-20 -6.351564916595464735e-18 -1.155807167020410978e-19 -5.551115123125782702e-17
-3.176470588235293935e-01 -8.631245796669739694e-20 -1.051765284464780744e-17 5.551115123125782702e-17 -7.957638672622649762e-19 1.683096745379434867e-16 -1.110223024625156540e-16 2.123555949233867092e-18 1.691751011488090849e-17 0.000000000000000000e+00 -3.055019431255757989e-18 -5.099922567338128976e-19 -3.003648621161166351e-20 -1.110223024625156540e-16
-3.226890756302520646e-01 -3.754431586573541450e-18 -1.342085040696885640e-17 0.000000000000000000e+00 -2.646718982338887983e-18 -1.255398917723593140e-17 0.000000000000000000e+00 2.549532237067554376e-18 1.076435315733114860e-17 0.000000000000000000e+00 -2.278291735979846519e-18 -1.319109824231373256e-18 6.415040222821091805e-21 0.000000000000000000e+00
-3.277310924369747358e-01 1.622208368131676139e-17 2.057051950045071900e-17 0.000000000000000000e+00 6.234691646347065361e-18 -3.431735947049627739e-16 0.000000000000000000e+00 4.857757144574890804e-18 1.409307793315291538e-17 -5.551115123125782702e-17 1.360796448910939457e-18 -3.753316926916684857e-18 -4.815812406028344898e-20 0.000000000000000000e+00
-3.327731092436974625e-01 2.570104573304526778e-17 1.507223391216515242e-17 5.551115123125782702e-17 3.686631646363291877e-19 1.837322396928669863e-16 0.000000000000000000e+00 8.352301263464773670e-18 -3.481148424575131571e-18 0.000000000000000000e+00 -2.284671834880595415e-18 2.019810994352741855e-18 -3.474978922027390708e-20 -1.110223024625156540e-16
-3.378151260504201336e-01 1.350762559520808995e-02 1.554053272936614660e-02 1.942700211573306079e-03 -1.433545918785776238e-02 -1.560882071248558510e-02 1.617685529585743964e-04 1.346551287411641880e-02 1.559188397372683783e-02 2.157497735113228510e-03 -1.426822344540993812e-02 -1.559385911511814750e-02 -3.401707797497506526e-04 4.883045576553612932e-05
-3.428571428571428048e-01 3.113794179420033628e-02 3.539582301920551899e-02 5.174214014791400640e-03 -3.290915165964560657e-02 -3.537054206074547597e-02 -9.844696964411703277e-05 3.107439037387222866e-02 3.549516520137205311e-02 5.344126134102344938e-03 -3.281917078533177351e-02 -3.526657948051264285e-02 -1.665158896517635436e-03 -2.728638810087224975e-04
-3.478991596638655315e-01 3.111110183596753689e-02 3.533146412110955287e-02 5.576408542227795362e-03 -3.287455055706156593e-02 -3.528852056938529269e-02 -4.493541709094661663e-04 3.105540397056323620e-02 3.541218673034216002e-02 5.735662059351859243e-03 -3.278907017279070191e-02 -3.518020834378185469e-02 -1.666482479698450179e-03 -6.280238057070341995e-04
-3.529411764705882026e-01 3.112348139528644045e-02 3.527352209040567760e-02 5.843342568813997273e-03 -3.287638481229111093e-02 -3.521187755750268544e-02 -6.804566671753109475e-04 3.107427390505056175e-02 3.534563586584830996e-02 5.995900424022621023e-03 -3.279255006424630636e-02 -3.510094395329506345e-02 -1.670163747304229465e-03 -8.651355232068835832e-04
-3.579831932773108738e-01 3.119107321339801772e-02 3.518479971179076793e-02 6.125668292594282915e-03 -3.292540468504484563e-02 -3.510368698150315159e-02 -9.270317534237904056e-04 3.114514886415011008e-02 3.525160545194754025e-02 6.276595674355262000e-03 -3.284237611682180868e-02 -3.499093104689798839e-02 -1.674114229581518710e-03 -1.119986987335952477e-03
-3.630252100840335450e-01 3.128185982644361707e-02 3.510326309557854074e-02 6.424278326866206257e-03 -3.298961691928732620e-02 -3.499394878446259599e-02 -1.192730731432389835e-03 3.123023132316214354e-02 3.516290776138425445e-02 6.583389985305582170e-03 -3.290614077067971488e-02 -3.488699779388500927e-02 -1.678135003663510771e-03 -1.387635569171208338e-03
-3.680672268907562716e-01 3.135586670759289707e-02 3.505488712691680331e-02 6.744317605670430149e-03 -3.303634961473869702e-02 -3.491100624403472436e-02 -1.474496003241121400e-03 3.129640444709373692e-02 3.510776161134897266e-02 6.914215825724739917e-03 -3.295167920880667789e-02 -3.481477115241564391e-02 -1.682114773737254567e-03 -1.667970392102702260e-03
-3.731092436974789428e-01 3.144954021146573880e-02 3.499842274711613410e-02 7.067834671975470329e-03 -3.310323354634941290e-02 -3.482002881522823501e-02 -1.755485612124241257e-03 3.138373860931074205e-02 3.504720076382726590e-02 7.247607674162381830e-03 -3.301772392722863991e-02 -3.473560043499514249e-02 -1.686044299705838963e-03 -1.946835771842736484e-03
-3.781512605042016140e-01 3.155531169345550391e-02 3.494374440000531934e-02 7.402485806576930560e-03 -3.318151915949504871e-02 -3.472994751494782456e-02 -2.042609263097683314e-03 3.148500911873489128e-02 3.499181516681303117e-02 7.591746520872411086e-03 -3.309594527329628999e-02 -3.465756273406044030e-02 -1.690116815051110125e-03 -2.232691528667951619e-03
-3.831932773109243406e-01 3.167324040946570968e-02 3.489334207851027547e-02 7.755570680244294746e-03 -3.327034296580625577e-02 -3.464206608894128403e-02 -2.342160042700880407e-03 3.160138248640100012e-02 3.494531888596716374e-02 7.953610185565562762e-03 -3.318645151165594553e-02 -3.458055499668985511e-02 -1.694644160295429849e-03 -2.532923960525734763e-03
-3.882352941176470118e-01 3.177655739189953754e-02 3.489489064989675926e-02 8.122798353540544580e-03 -3.335634497449849883e-02 -3.457774295888867144e-02 -2.642726678080409286e-03 3.171666686681989117e-02 3.491890306369180991e-02 8.325555198479023256e-03 -3.327311941902838521e-02 -3.452195867116744643e-02 -1.699727621617044132e-03 -2.849269172850665832e-03
-3.932773109243696830e-01 3.190033371229927806e-02 3.485556391971979945e-02 8.492081832253695062e-03 -3.345767714940586779e-02 -3.449711327625282209e-02 -2.943704693367799052e-03 3.184675654554267044e-02 3.488341141703647785e-02 8.698148342416028855e-03 -3.337915402565100331e-02 -3.444675111357831110e-02 -1.704460415199564056e-03 -3.150650635724394633e-03
-3.983193277310924096e-01 3.200448124381673198e-02 3.478250390281302507e-02 8.888602515615046107e-03 -3.353487512189662345e-02 -3.441916640966918850e-02 -3.258136646222098420e-03 3.195971508130589223e-02 3.485877334030727803e-02 9.088518035039738763e-03 -3.347218604070195669e-02 -3.435860102364862029e-02 -1.709028518056265010e-03 -3.460102754387628377e-03
-4.033613445378150808e-01 3.212134485132290412e-02 3.469401938943239561e-02 9.254289209934124516e-03 -3.363460908494990409e-02 -3.429213486382085008e-02 -3.546569419528133871e-03 3.208350477926010663e-02 3.476591956259371397e-02 9.455245064664080656e-03 -3.357801647173930260e-02 -3.423247348062444240e-02 -1.713342893844406337e-03 -3.749612431507065580e-03
-4.084033613445377520e-01 3.226889874606846120e-02 3.459388315672536074e-02 9.619018514048338631e-03 -3.376450006963036682e-02 -3.414972460144878597e-02 -3.831300815057225861e-03 3.223702389836631543e-02 3.465728356019498468e-02 9.822401943343328501e-03 -3.371328874311781132e-02 -3.409237141927826814e-02 -1.717836265804652306e-03 -4.034599911482916745e-03
-4.134453781512604786e-01 3.243997352438021675e-02 3.449315100010218182e-02 9.982930162810987884e-03 -3.392037854200289498e-02 -3.399782945760147085e-02 -4.111878398479984487e-03 3.241771555130008170e-02 3.454181934366257894e-02 1.019171644706765023e-02 -3.387462924626231942e-02 -3.394371275090561635e-02 -1.722332197213868529e-03 -4.318971684069028427e-03
-4.184873949579831498e-01 3.263845968574403261e-02 3.438047599753521477e-02 1.034584759237680562e-02 -3.410042600850518579e-02 -3.383742044864600923e-02 -4.387213341999984806e-03 3.262094882949788388e-02 3.441822795014264080e-02 1.055819140257779898e-02 -3.405886941690079023e-02 -3.378806555677064949e-02 -1.726770921123346302e-03 -4.595288219285620368e-03
-4.235294117647058210e-01 1.411355073650325323e-02 1.476987827764666625e-02 4.593391086333026285e-03 -1.474805257768755685e-02 -1.455555053285817815e-02 -1.794971084183916155e-03 1.413712021921920484e-02 1.479813228617743101e-02 4.733881718671256733e-03 -1.476647116068091625e-02 -1.449959965698227778e-02 -3.412530507227958302e-04 -1.871954656035956788e-03
-4.285714285714285476e-01 1.421190032224935347e-02 1.471772792150898013e-02 4.739742705565264114e-03 -1.483592099806545911e-02 -1.448444152349127531e-02 -1.901287339983626090e-03 1.423080876095210098e-02 1.474693620587184256e-02 4.879425533232700785e-03 -1.485250490162722502e-02 -1.442931233554926515e-02 -3.420919909527324028e-04 -1.982451750004943225e-03
-4.336134453781512188e-01 1.432377002615013543e-02 1.465528539814048813e-02 4.880165582296175364e-03 -1.493783689449064769e-02 -1.439674714648091561e-02 -2.001758814751952720e-03 1.433777995806816835e-02 1.467728810858552266e-02 5.023118579189272959e-03 -1.495122093269778650e-02 -1.434955002987604346e-02 -3.428174088203153093e-04 -2.081564125994361802e-03
-4.386554621848738900e-01 3.337068116752687358e-02 3.321837837694852080e-02 1.164360955571092093e-02 -3.470066536644440813e-02 -3.262038689293079302e-02 -5.019034077888395728e-03 3.340490711380976474e-02 3.331906202943138440e-02 1.181424810289591343e-02 -3.472837763657711518e-02 -3.250441884240502788e-02 -1.694630043780725060e-03 -5.142112855220482004e-03
-4.436974789915966166e-01 3.368855095720723475e-02 3.305747465606488633e-02 1.195194263305573990e-02 -3.500242951777698952e-02 -3.236815498631435972e-02 -5.218483116181726889e-03 3.368297852796010849e-02 3.310416648953221075e-02 1.211149765852209681e-02 -3.499422516167751546e-02 -3.231147540438426835e-02 -1.697806222514623969e-03 -5.341118854171711394e-03
-4.487394957983192878e-01 3.401179716022473959e-02 3.287913424955647701e-02 1.225811888107936065e-02 -3.530498738419041854e-02 -3.213841453516686625e-02 -5.406924261689871614e-03 3.400866325237916765e-02 3.292124570370096037e-02 1.241637897187902739e-02 -3.529896949612675028e-02 -3.208497722585158113e-02 -1.701827987684487089e-03 -5.533310065338414852e-03
-4.537815126050419590e-01 3.436261146917238968e-02 3.268430597927940440e-02 1.254846085038202608e-02 -3.563464007347616480e-02 -3.189014195801835594e-02 -5.579377034974908334e-03 3.436761489164073119e-02 3.271912532461267870e-02 1.270976185562208705e-02 -3.563490670906305224e-02 -3.184008318380715519e-02 -1.707107384442920449e-03 -5.703235019959729257e-03
-4.588235294117646301e-01 3.476903394384331381e-02 3.245896303232737728e-02 1.283865465293179686e-02 -3.601755145399317126e-02 -3.160725635428072999e-02 -5.742293656915808953e-03 3.477720931453201492e-02 3.248990017276433273e-02 1.300052973664847511e-02 -3.602122496942652963e-02 -3.155873937975681859e-02 -1.712708827951710082e-03 -5.869967764737360483e-03
-4.638655462184873568e-01 3.522665427409211319e-02 3.220181215154019339e-02 1.312049185806868357e-02 -3.645092223288094735e-02 -3.129004468379505133e-02 -5.890886942299999873e-03 3.523798198287631661e-02 3.222949978803643645e-02 1.328381470589237723e-02 -3.645842816541099846e-02 -3.124073275351087892e-02 -1.718551228164827980e-03 -6.023302431914179245e-03
-4.689075630252100280e-01 3.575640311116604769e-02 3.189884876837405236e-02 1.339865149429192437e-02 -3.695502063355347866e-02 -3.092241115405841220e-02 -6.028248579930395312e-03 3.577109675716425019e-02 3.192355355868019967e-02 1.356402968668160569e-02 -3.696716513351388372e-02 -3.087206811841441967e-02 -1.725146180340753933e-03 -6.164412084782244783e-03
-4.739495798319326991e-01 3.637823250019206478e-02 3.154104025638039543e-02 1.368642828885091589e-02 -3.754880696397040751e-02 -3.049267152675368825e-02 -6.165043797359270883e-03 3.639676710915346058e-02 3.156292084261622111e-02 1.385460201425253723e-02 -3.756634762698111973e-02 -3.044315087784168691e-02 -1.732985171776419732e-03 -6.302512008021565748e-03
-4.789915966386554258e-01 3.711065730274299562e-02 3.110814977952598703e-02 1.398459321632267160e-02 -3.824350660322306528e-02 -3.000678438544302634e-02 -6.296587096195571664e-03 3.716143773411401119e-02 3.117580171468489411e-02 1.415911209788861536e-02 -3.829970017290752066e-02 -2.990855417999500540e-02 -1.743198468350665165e-03 -6.442414416685138256e-03
-4.840336134453780970e-01 3.803825070031427447e-02 3.056780985661073161e-02 1.430545845828548601e-02 -3.913372615689347106e-02 -2.936505365413461660e-02 -6.444682398488943420e-03 3.808473270412084111e-02 3.063910305376661702e-02 1.448871751587124668e-02 -3.919071211215119366e-02 -2.928648978015859980e-02 -1.755412402592043501e-03 -6.589296978270042793e-03
-4.890756302521007681e-01 3.924631053711961914e-02 2.984860688599136336e-02 1.469245037640440343e-02 -4.029715188656485259e-02 -2.853622689386377254e-02 -6.629012213455465208e-03 3.931632696580848740e-02 2.993452631100771560e-02 1.488138305598740718e-02 -4.037550374312572077e-02 -2.847159814514357845e-02 -1.772757323856398535e-03 -6.769495240051770502e-03
-4.941176470588234948e-01 4.098633613224303418e-02 2.882584820322252328e-02 1.520343227686357657e-02 -4.197255891628733082e-02 -2.734657867295786637e-02 -6.893922505107841214e-03 4.105834912754957600e-02 2.889678085722609951e-02 1.540787306756213892e-02 -4.205756048338744196e-02 -2.728473611232589552e-02 -1.799291852137157449e-03 -7.031300119890337985e-03
-4.991596638655461660e-01 4.388173392836733355e-02 2.713332061674009199e-02 1.601990111708032072e-02 -4.476072960031093895e-02 -2.536877531707724259e-02 -7.369381591164680945e-03 4.396565003318415876e-02 2.717213631712325772e-02 1.626456509833010267e-02 -4.486786032263000157e-02 -2.530506665130282870e-02 -1.848952707935908307e-03 -7.492168844618951606e-03
-5.042016806722688926e-01 9.181662038262980441e-02 4.365628708986770551e-02 3.349884689019727579e-02 -9.346304129001453687e-02 -3.884121041931650614e-02 -1.734984060715488718e-02 9.185893548293264099e-02 4.362935416178484460e-02 3.379025876167415787e-02 -9.356076577315509957e-02 -3.884903628474065118e-02 -6.029840307781938677e-03 -1.756018884701904259e-02
-5.092436974789915638e-01 8.581601382138727141e-01 3.695843049232300226e-01 2.699992480123161176e-01 2.506629758654269624e-01 7.149105650869025386e-01 6.107936081366082126e-01 8.581600830175767358e-01 3.695810751147962092e-01 2.700034167966415266e-01 2.506624448715558673e-01 7.149107025821359596e-01 3.630723724054599894e-02 6.107944062042753863e-01
-5.142857142857142350e-01 8.619016409335679141e-01 3.618620490269426893e-01 2.631417058111276130e-01 2.369587866404040677e-01 7.142196721438881513e-01 6.147918989583697202e-01 8.619015246091852323e-01 3.618584793649827214e-01 2.631463417818242778e-01 2.369580659995022820e-01 7.142197104443439581e-01 3.510139330246959954e-02 6.147929990753224772e-01
-5.193277310924369061e-01 8.650827414619510769e-01 3.548896004517824165e-01 2.569814866819062904e-01 2.246974056629848226e-01 7.132807205768676440e-01 6.183504864724344019e-01 8.650826354481186975e-01 3.548856864970387215e-01 2.569864659781782579e-01 2.246965906803095325e-01 7.132808034033804034e-01 3.399515678401285323e-02 6.183517894097587675e-01
-5.243697478991595773e-01 8.677312129362506621e-01 3.487267767312008382e-01 2.515804456348370577e-01 2.139788200302924492e-01 7.121695442270827847e-01 6.214815362625261130e-01 8.677311335313978580e-01 3.487225449744648653e-01 2.515856807940224371e-01 2.139779106814739262e-01 7.121696699423747390e-01 3.300749885110868670e-02 6.214830630673644496e-01
-5.294117647058822484e-01 8.698798116859478569e-01 3.434163253407234717e-01 2.469890544630807261e-01 2.048830883602124342e-01 7.109624592301621027e-01 6.241943337731846730e-01 8.698797746869258996e-01 3.434118161748208053e-01 2.469944451787410289e-01 2.048820897556049569e-01 7.109626210945858560e-01 3.215514478932659376e-02 6.241960879849961508e-01
-5.344537815126050306e-01 8.715761330050288969e-01 3.389519168003964911e-01 2.432212270784445685e-01 1.973885326591212075e-01 7.097203968563599030e-01 6.265244165997645442e-01 8.715761504463584997e-01 3.389471821218218439e-01 2.432266730001495514e-01 1.973874545714709161e-01 7.097205860037441028e-01 3.144377856783889258e-02 6.265263849907400928e-01
-5.394957983193277018e-01 8.728664930698556423e-01 3.353119362711198814e-01 2.402737563948018629e-01 1.914567101821069151e-01 7.084954501755151846e-01 6.285002788893951919e-01 8.728665710252507814e-01 3.353070379122642941e-01 2.402791634813042920e-01 1.914555655132859080e-01 7.084956581842646317e-01 3.087610329508949994e-02 6.285024370796863380e-01
-5.445378151260503730e-01 8.737973254374753473e-01 3.324536833699360816e-01 2.381214106537552222e-01 1.870121153332089947e-01 7.073255573799861473e-01 6.301528382622325619e-01 8.737974640122571079e-01 3.324486886641107586e-01 2.381266949145449674e-01 1.870109178166393660e-01 7.073257772409424771e-01 3.044965883433248255e-02 6.301551585942952727e-01
-5.495798319327730441e-01 8.744135115920015355e-01 3.303186593916443980e-01 2.367176824597321816e-01 1.839356584683817242e-01 7.062315915050746407e-01 6.315211110966202357e-01 8.744137065878150317e-01 3.303136362220400191e-01 2.367227709728135787e-01 1.839344210294504012e-01 7.062318177327796542e-01 3.015601078800022455e-02 6.315235680629748272e-01
-5.546218487394957153e-01 8.747552591681336809e-01 3.288391714031985158e-01 2.360075102581310480e-01 1.821188921892386015e-01 7.052273839519213050e-01 6.326302010651879693e-01 8.747555035850462790e-01 3.288341838911595372e-01 2.360123418912287718e-01 1.821176264188860139e-01 7.052276115034405990e-01 2.998677437573004506e-02 6.326327719091309199e-01
-5.596638655462183864e-01 8.748592245709427839e-01 3.279422538635571316e-01 2.359239969247693969e-01 1.814290959676194137e-01 7.043136212262233187e-01 6.335110839553739215e-01 8.748595101942379104e-01 3.279373594410516235e-01 2.359285227907388649e-01 1.814278121417388090e-01 7.043138453734081317e-01 2.992992341922626892e-02 6.335137481896904177e-01
-5.647058823529411686e-01 8.747576183616168066e-01 3.275553530784255374e-01 2.363964056050086304e-01 1.817410334914623671e-01 7.034822060397158960e-01 6.341922734339819900e-01 8.747579366064742734e-01 3.275506008499398103e-01 2.364005898063186450e-01 1.817397408062868813e-01 7.034824220538069550e-01 2.997345407574042442e-02 6.341950117769096229e-01
-5.697478991596638398e-01 8.744783876273714007e-01 3.276072266455953841e-01 2.373527806832276821e-01 1.829126785998758387e-01 7.027231845952495171e-01 6.347011260233432761e-01 8.744787303899562714e-01 3.276026569859163406e-01 2.373565987772937591e-01 1.829113855436728664e-01 7.027233882632637485e-01 3.010293107629437651e-02 6.347039193958788905e-01
-5.747899159663865110e-01 8.740455530665631745e-01 3.280326268081943386e-01 2.387245823799579170e-01 1.848213804502557012e-01 7.020226291689772857e-01 6.350616417582566342e-01 8.740459129845564723e-01 3.280282714583488413e-01 2.387280207792445985e-01 1.848200948799516852e-01 7.020228166940734038e-01 3.030561272026087785e-02 6.350644714010198477e-01
-5.798319327731091821e-01 8.734795117408389320e-01 3.287728609081741471e-01 2.404482189032899342e-01 1.873545821999060279e-01 7.013659876115097003e-01 6.352950851055335635e-01 8.734798824336887924e-01 3.287687436324719936e-01 2.404512731561701533e-01 1.873533113548656315e-01 7.013661557129726720e-01 3.056957505761173990e-02 6.352979330621344456e-01
-5.848739495798318533e-01 8.727982457235954339e-01 3.297748341221704571e-01 2.424654875457275260e-01 1.904105576147862855e-01 7.007396504998748554e-01 6.354197793534818173e-01 8.727986206443854034e-01 3.297709746782268025e-01 2.424681541640072713e-01 1.904093875389535062e-01 7.007396727829440231e-01 3.088394036784988805e-02 6.354227310527447159e-01
-5.899159663865545244e-01 8.720172675570058152e-01 3.309922892698505814e-01 2.447245295127642717e-01 1.938979535296671275e-01 7.001316280854325003e-01 6.354517057187982765e-01 8.720176435542622562e-01 3.309886950972352193e-01 2.447268237981997940e-01 1.938968111152186424e-01 7.001316246236684027e-01 3.123886141788444204e-02 6.354546454020947310e-01
-5.949579831932771956e-01 8.711494545145728186e-01 3.323845494912381349e-01 2.471811868407396695e-01 1.977341937327542487e-01 6.995351895528714170e-01 6.354008674519463495e-01 8.711498283423331213e-01 3.323812258207736736e-01 2.471831208986504658e-01 1.977330833137608546e-01 6.995351596526608873e-01 3.162542657853950612e-02 6.354037818339248744e-01
-5.999999999999999778e-01 8.702067120594535465e-01 3.339175469337364310e-01 2.497945434617894755e-01 2.018527043525037423e-01 6.989383326517139006e-01 6.352819929063906468e-01 8.702070814111442232e-01 3.339144946916015044e-01 2.497961325836937363e-01 2.018516292723903094e-01 6.989382761408591271e-01 3.203649963413659346e-02 6.352848715638097499e-01
