0.000000000000000000e+00 1.000000000000001554e+00
-5.042016806722688510e-03 9.999999999999993339e-01
-1.008403361344537702e-02 9.999999999999993339e-01
-1.512605042016806553e-02 9.999999999999986677e-01
-2.016806722689075404e-02 9.999999999999977796e-01
-2.521008403361344255e-02 1.000000000000003553e+00
-3.025210084033613106e-02 1.000000000000000444e+00
-3.529411764705882304e-02 1.000000000000000000e+00
-4.033613445378150808e-02 9.999999999999993339e-01
-4.537815126050419312e-02 9.999999999999978906e-01
-5.042016806722688510e-02 9.999999999999987788e-01
-5.546218487394957708e-02 1.000000000000000888e+00
-6.050420168067226212e-02 1.000000000000001776e+00
-6.554621848739494716e-02 1.000000000000001332e+00
-7.058823529411764608e-02 9.999999999999980016e-01
-7.563025210084033112e-02 9.960026257307690312e-01
-8.067226890756301616e-02 9.960392361580032716e-01
-8.571428571428570120e-02 9.960566082349902040e-01
-9.075630252100838624e-02 9.960620206188773862e-01
-9.579831932773108516e-02 1.000000000000001776e+00
-1.008403361344537702e-01 9.999999999999966693e-01
-1.058823529411764552e-01 9.999999999999993339e-01
-1.109243697478991542e-01 1.000000000000000666e+00
-1.159663865546218392e-01 9.960361453020787348e-01
-1.210084033613445242e-01 9.960300254406013742e-01
-1.260504201680672232e-01 9.960235573454454538e-01
-1.310924369747898943e-01 9.960161667739068081e-01
-1.361344537815125932e-01 9.960086136228180065e-01
-1.411764705882352922e-01 9.960013954077822085e-01
-1.462184873949579633e-01 9.959964643525267558e-01
-1.512605042016806622e-01 1.000000000000002220e+00
-1.563025210084033334e-01 1.000000000000003553e+00
-1.613445378151260323e-01 9.999999999999977796e-01
-1.663865546218487312e-01 9.999999999999993339e-01
-1.714285714285714024e-01 1.000000000000000000e+00
-1.764705882352941013e-01 9.999999999999986677e-01
-1.815126050420167725e-01 9.999999999999955591e-01
-1.865546218487394714e-01 1.000000000000001332e+00
-1.915966386554621703e-01 9.999999999999976685e-01
-1.966386554621848415e-01 1.000000000000000444e+00
-2.016806722689075404e-01 9.999999999999978906e-01
-2.067226890756302393e-01 9.999999999999997780e-01
-2.117647058823529105e-01 1.000000000000002220e+00
-2.168067226890756094e-01 1.000000000000001554e+00
-2.218487394957983083e-01 1.000000000000001110e+00
-2.268907563025209795e-01 1.000000000000000444e+00
-2.319327731092436784e-01 9.999999999999991118e-01
-2.369747899159663496e-01 1.000000000000000000e+00
-2.420168067226890485e-01 9.999999999999982236e-01
-2.470588235294117474e-01 9.954962000854340465e-01
-2.521008403361344463e-01 9.954879669912157780e-01
-2.571428571428571175e-01 9.954570435290623909e-01
-2.621848739495797886e-01 9.954605298577549055e-01
-2.672268907563025153e-01 9.954485867168798574e-01
-2.722689075630251865e-01 9.954391305590846173e-01
-2.773109243697478576e-01 9.954207275712035896e-01
-2.823529411764705843e-01 9.954034177923123394e-01
-2.873949579831932555e-01 9.954082841820057759e-01
-2.924369747899159266e-01 9.953785117510987046e-01
-2.974789915966385978e-01 9.953820038521896674e-01
-3.025210084033613245e-01 9.953650443500721146e-01
-3.075630252100839956e-01 9.953623452489370749e-01
-3.126050420168066668e-01 9.999999999999976685e-01
-3.176470588235293935e-01 1.000000000000001110e+00
-3.226890756302520646e-01 9.999999999999995559e-01
-3.277310924369747358e-01 1.000000000000000444e+00
-3.327731092436974625e-01 1.000000000000001998e+00
-3.378151260504201336e-01 9.952723050064878896e-01
-3.428571428571428048e-01 9.779794857104642247e-01
-3.478991596638655315e-01 9.779689761132143166e-01
-3.529411764705882026e-01 9.779138866787143725e-01
-3.579831932773108738e-01 9.778530436519597968e-01
-3.630252100840335450e-01 9.777834433423637783e-01
-3.680672268907562716e-01 9.777029852950914757e-01
-3.731092436974789428e-01 9.776217124471422437e-01
-3.781512605042016140e-01 9.775331556686939205e-01
-3.831932773109243406e-01 9.774303181491985626e-01
-3.882352941176470118e-01 9.773091140123917331e-01
-3.932773109243696830e-01 9.771893220220326803e-01
-3.983193277310924096e-01 9.770680874276800321e-01
-4.033613445378150808e-01 9.769562710551418228e-01
-4.084033613445377520e-01 9.768380888298543452e-01
-4.134453781512604786e-01 9.767162371762516671e-01
-4.184873949579831498e-01 9.765910123496954753e-01
-4.235294117647058210e-01 9.953857554924718798e-01
-4.285714285714285476e-01 9.953584740093882610e-01
-4.336134453781512188e-01 9.953315785017540218e-01
-4.386554621848738900e-01 9.776448530878579790e-01
-4.436974789915966166e-01 9.775247644023054017e-01
-4.487394957983192878e-01 9.773977198919907572e-01
-4.537815126050419590e-01 9.772466360019258502e-01
-4.588235294117646301e-01 9.770890725206651251e-01
-4.638655462184873568e-01 9.769278054450264426e-01
-4.689075630252100280e-01 9.767553991774542421e-01
-4.739495798319326991e-01 9.765621150209486956e-01
-4.789915966386554258e-01 9.763444851095645083e-01
-4.840336134453780970e-01 9.760838436760324033e-01
-4.890756302521007681e-01 9.757482405787010205e-01
-4.941176470588234948e-01 9.752762015671354590e-01
-4.991596638655461660e-01 9.744602312190995264e-01
-5.042016806722688926e-01 9.178664420240607580e-01
-5.092436974789915638e-01 -2.246215963680809474e-02
-5.142857142857142350e-01 -2.427327642089825016e-02
-5.193277310924369061e-01 -2.591194938306341788e-02
-5.243697478991595773e-01 -2.735874569155553881e-02
-5.294117647058822484e-01 -2.860006805030781973e-02
-5.344537815126050306e-01 -2.963426352368158517e-02
-5.394957983193277018e-01 -3.046478365814845810e-02
-5.445378151260503730e-01 -3.110093371464038581e-02
-5.495798319327730441e-01 -3.155685214296657937e-02
-5.546218487394957153e-01 -3.184835838339911129e-02
-5.596638655462183864e-01 -3.199320030910476897e-02
-5.647058823529411686e-01 -3.200898496046931940e-02
-5.697478991596638398e-01 -3.191353369709294674e-02
-5.747899159663865110e-01 -3.172304821246477169e-02
-5.798319327731091821e-01 -3.145232721634477757e-02
-5.848739495798318533e-01 -3.111450745962992051e-02
-5.899159663865545244e-01 -3.072139779626107889e-02
-5.949579831932771956e-01 -3.028331624162364233e-02
-5.999999999999999778e-01 -2.980915376435646844e-02
