0.000000000000000000e+00 9.589293774664653380e-01
-5.042016806722688510e-03 9.591937016760306856e-01
-1.008403361344537702e-02 9.594244864986130050e-01
-1.512605042016806553e-02 9.999999999999980016e-01
-2.016806722689075404e-02 1.000000000000001998e+00
-2.521008403361344255e-02 1.000000000000000888e+00
-3.025210084033613106e-02 9.999999999999963363e-01
-3.529411764705882304e-02 9.999999999999982236e-01
-4.033613445378150808e-02 9.915076788297767507e-01
-4.537815126050419312e-02 9.624306014906212070e-01
-5.042016806722688510e-02 9.915996445467764042e-01
-5.546218487394957708e-02 9.916285568421201457e-01
-6.050420168067226212e-02 9.916704903050940212e-01
-6.554621848739494716e-02 9.917145145740388079e-01
-7.058823529411764608e-02 9.633788798711675483e-01
-7.563025210084033112e-02 9.634387079303015078e-01
-8.067226890756301616e-02 9.917556531314111190e-01
-8.571428571428570120e-02 9.917469472871957015e-01
-9.075630252100838624e-02 9.917198407305600760e-01
-9.579831932773108516e-02 9.916471567583670099e-01
-1.008403361344537702e-01 9.915249359090609893e-01
-1.058823529411764552e-01 9.914820760116744847e-01
-1.109243697478991542e-01 9.915332408493535699e-01
-1.159663865546218392e-01 9.915664367228148590e-01
-1.210084033613445242e-01 9.617633845652925340e-01
-1.260504201680672232e-01 9.616505603645547628e-01
-1.310924369747898943e-01 9.615033874213030352e-01
-1.361344537815125932e-01 9.615346063280494349e-01
-1.411764705882352922e-01 9.617008490942922094e-01
-1.462184873949579633e-01 9.618399645139307230e-01
-1.512605042016806622e-01 9.619473330720342830e-01
-1.563025210084033334e-01 9.636062748846440096e-01
-1.613445378151260323e-01 9.635753511252702630e-01
-1.663865546218487312e-01 9.637649011899283025e-01
-1.714285714285714024e-01 9.637448394065244450e-01
-1.764705882352941013e-01 9.637193604381930623e-01
-1.815126050420167725e-01 9.636774233126962352e-01
-1.865546218487394714e-01 9.636812285362107433e-01
-1.915966386554621703e-01 9.637067600474895634e-01
-1.966386554621848415e-01 9.637380737099212613e-01
-2.016806722689075404e-01 9.637779699818741497e-01
-2.067226890756302393e-01 9.637944699240228452e-01
-2.117647058823529105e-01 9.638148791137026716e-01
-2.168067226890756094e-01 9.638584791911982697e-01
-2.218487394957983083e-01 9.639036118784626295e-01
-2.268907563025209795e-01 9.639369125523027382e-01
-2.319327731092436784e-01 9.639645980377402612e-01
-2.369747899159663496e-01 9.640094439857040953e-01
-2.420168067226890485e-01 9.640412779175654423e-01
-2.470588235294117474e-01 9.641578500492655746e-01
-2.521008403361344463e-01 9.641622387304669139e-01
-2.571428571428571175e-01 9.018757063261331197e-01
-2.621848739495797886e-01 9.018827330013189369e-01
-2.672268907563025153e-01 9.018729019580462580e-01
-2.722689075630251865e-01 9.018629367089909810e-01
-2.773109243697478576e-01 9.018412707224159330e-01
-2.823529411764705843e-01 9.018132684310298242e-01
-2.873949579831932555e-01 9.017901803721507514e-01
-2.924369747899159266e-01 9.017682953117017730e-01
-2.974789915966385978e-01 9.017475266199723727e-01
-3.025210084033613245e-01 9.017238079827445407e-01
-3.075630252100839956e-01 9.016897699704102820e-01
-3.126050420168066668e-01 7.502321177879750502e-01
-3.176470588235293935e-01 4.009580099370875228e-01
-3.226890756302520646e-01 4.010160724319088432e-01
-3.277310924369747358e-01 4.010737898214602470e-01
-3.327731092436974625e-01 4.011288225042157762e-01
-3.378151260504201336e-01 4.011873521281958399e-01
-3.428571428571428048e-01 2.261749835318373203e-01
-3.478991596638655315e-01 -1.275593256861824124e-03
-3.529411764705882026e-01 -2.015437389794320217e-03
-3.579831932773108738e-01 -2.728545366298008173e-03
-3.630252100840335450e-01 -3.395710464301439878e-03
-3.680672268907562716e-01 -4.014428076969118152e-03
-3.731092436974789428e-01 -4.592829019949999647e-03
-3.781512605042016140e-01 -5.142966428938913585e-03
-3.831932773109243406e-01 -5.676041021212623397e-03
-3.882352941176470118e-01 -6.201222529756903433e-03
-3.932773109243696830e-01 -6.725121462346135906e-03
-3.983193277310924096e-01 -7.252126401813198397e-03
-4.033613445378150808e-01 -7.784924145837290518e-03
-4.084033613445377520e-01 -8.324989533014423918e-03
-4.134453781512604786e-01 -8.872973215734641234e-03
-4.184873949579831498e-01 -9.428981220778853006e-03
-4.235294117647058210e-01 -9.992764484420608995e-03
-4.285714285714285476e-01 -1.056384160113750872e-02
-4.336134453781512188e-01 -1.114157542152087975e-02
-4.386554621848738900e-01 -1.172521937341400658e-02
-4.436974789915966166e-01 -1.231394475693403309e-02
-4.487394957983192878e-01 -1.290640471982093355e-02
-4.537815126050419590e-01 -1.350288917101613584e-02
-4.588235294117646301e-01 -1.410278431517221313e-02
-4.638655462184873568e-01 -1.470336850335172627e-02
-4.689075630252100280e-01 -1.530377964348351473e-02
-4.739495798319326991e-01 -1.589453944106683503e-02
-4.789915966386554258e-01 -1.648582496611074658e-02
-4.840336134453780970e-01 -1.707553982555863256e-02
-4.890756302521007681e-01 -1.766061018232332677e-02
-4.941176470588234948e-01 -1.823989280980905722e-02
-4.991596638655461660e-01 -1.881089715235268259e-02
-5.042016806722688926e-01 -1.937367411382556401e-02
-5.092436974789915638e-01 -1.992665625471658555e-02
-5.142857142857142350e-01 -2.046814553125858235e-02
-5.193277310924369061e-01 -2.099673336387470127e-02
-5.243697478991595773e-01 -2.151095579361730903e-02
-5.294117647058822484e-01 -2.200934242939187047e-02
-5.344537815126050306e-01 -2.249040625998712656e-02
-5.394957983193277018e-01 -2.295248631358705327e-02
-5.445378151260503730e-01 -2.339430273222403364e-02
-5.495798319327730441e-01 -2.381449256372239823e-02
-5.546218487394957153e-01 -2.421152863923718354e-02
-5.596638655462183864e-01 -2.458341609817117981e-02
-5.647058823529411686e-01 -2.492870726408704177e-02
-5.697478991596638398e-01 -2.524587038489421731e-02
-5.747899159663865110e-01 -2.553351351951813064e-02
-5.798319327731091821e-01 -2.579042787266077469e-02
-5.848739495798318533e-01 -2.601478828676613911e-02
-5.899159663865545244e-01 -2.620475977492266878e-02
-5.949579831932771956e-01 -2.635948062550503776e-02
-5.999999999999999778e-01 -2.647723059598287160e-02
