0.000000000000000000e+00 -2.225035534553831268e-02 -1.915966644419680315e-02 -2.493185076426915336e-02 -1.326837451080085384e-01
-5.042016806722688510e-03 -3.976431541856290802e-02 -2.606590663956393980e-02 -2.395406985633144470e-02 -1.796122354988157199e-01
-1.008403361344537702e-02 -3.966141302406549218e-02 -2.610263378545977370e-02 -2.402872759169907835e-02 -1.796756806599114908e-01
-1.512605042016806553e-02 -3.962699700432262273e-02 -2.611869428487025718e-02 -2.404657971430326779e-02 -1.797227272356519412e-01
-2.016806722689075404e-02 -3.957950640573743017e-02 -2.614119306961799200e-02 -2.407071244584773478e-02 -1.797726542506628000e-01
-2.521008403361344255e-02 -3.952033219276707143e-02 -2.616932698800314427e-02 -2.410043240830863839e-02 -1.798262351378684398e-01
-3.025210084033613106e-02 -3.945075173783906680e-02 -2.620234181560004982e-02 -2.413509811629842988e-02 -1.798840606274855758e-01
-3.529411764705882304e-02 -3.852165024010321959e-02 -2.730911879642149848e-02 -2.429901215344926549e-02 -1.812870044925783686e-01
-4.033613445378150808e-02 -3.854228762128660696e-02 -2.731511202638532004e-02 -2.427420585696258779e-02 -1.814381235517990854e-01
-4.537815126050419312e-02 -3.850999465100057861e-02 -2.732787623069185198e-02 -2.428927210081952004e-02 -1.815874327533755772e-01
-5.042016806722688510e-02 -3.846471087349100093e-02 -2.734552919954466588e-02 -2.431040381917942694e-02 -1.817403480006245242e-01
-5.546218487394957708e-02 -3.840792731939036975e-02 -2.736731309960167835e-02 -2.433689591332199864e-02 -1.818977795520121676e-01
-6.050420168067226212e-02 -3.752351236403329848e-02 -2.798083704694069931e-02 -2.444998127432222723e-02 -1.824842149453198559e-01
-6.554621848739494716e-02 -3.749066933768448184e-02 -2.797745537991332826e-02 -2.447053252408947985e-02 -1.826986986611487396e-01
-7.058823529411764608e-02 -3.764297275333981091e-02 -2.789188134160960550e-02 -2.422859204626583163e-02 -1.830151148564745645e-01
-7.563025210084033112e-02 -3.766773778542333029e-02 -2.788774785226035349e-02 -2.420205831827269838e-02 -1.832629317801398317e-01
-8.067226890756301616e-02 -3.764106577921196017e-02 -2.789348414977829704e-02 -2.421392698074021146e-02 -1.835157049977428623e-01
-8.571428571428570120e-02 -3.760511338422517502e-02 -2.790133410175064596e-02 -2.422951063266004165e-02 -1.837721655350955663e-01
-9.075630252100838624e-02 -3.756102191857779021e-02 -2.791091966744831121e-02 -2.424826468629102949e-02 -1.840331124078700975e-01
-9.579831932773108516e-02 -3.829942662348896631e-02 -2.606810880391245352e-02 -2.425246146525491392e-02 -1.843262522299937423e-01
-1.008403361344537702e-01 -3.832973196517552861e-02 -2.608459932867977782e-02 -2.422376675339502766e-02 -1.847009426546703248e-01
-1.058823529411764552e-01 -3.832964455387414399e-02 -2.608463048133798090e-02 -2.422378807864211669e-02 -1.850721843340696893e-01
-1.109243697478991542e-01 -3.831460336198511812e-02 -2.608950116665692889e-02 -2.422773341622667942e-02 -1.854447593212937007e-01
-1.159663865546218392e-01 -3.829390272084709501e-02 -2.609587481355429839e-02 -2.423329094651129750e-02 -1.858192197600788687e-01
-1.210084033613445242e-01 -3.826795091735789300e-02 -2.610358752117206832e-02 -2.424032237320417060e-02 -1.861961215432578198e-01
-1.260504201680672232e-01 -3.823714246075785028e-02 -2.611247615652759896e-02 -2.424869151683800572e-02 -1.865759358712160698e-01
-1.310924369747898943e-01 -3.820185803915036871e-02 -2.612237988236803393e-02 -2.425826482755503999e-02 -1.869590572636757597e-01
-1.361344537815125932e-01 -3.816246456235172779e-02 -2.613314143959930697e-02 -2.426891181402545533e-02 -1.873458112964067057e-01
-1.411764705882352922e-01 -3.811931531710757021e-02 -2.614460818684265567e-02 -2.428050538232567196e-02 -1.877364619842981086e-01
-1.462184873949579633e-01 -3.807275024213858938e-02 -2.615663290934373483e-02 -2.429292208538767067e-02 -1.881312187517494017e-01
-1.512605042016806622e-01 -3.798354122070587979e-02 -2.657015190227002971e-02 -2.552011005946041439e-02 -1.808142368299956726e-01
-1.563025210084033334e-01 -3.797905969411397020e-02 -2.659982055776632243e-02 -2.549513855131763443e-02 -1.808471748237186760e-01
-1.613445378151260323e-01 -3.797900416525320372e-02 -2.660005204158336772e-02 -2.549499226068709795e-02 -1.808697458575868056e-01
-1.663865546218487312e-01 -3.797901314303670645e-02 -2.660023281286385058e-02 -2.549481535602241000e-02 -1.808923141176357330e-01
-1.714285714285714024e-01 -3.797908656938097510e-02 -2.660036292704968941e-02 -2.549460785635001767e-02 -1.809148826452246506e-01
-1.764705882352941013e-01 -3.798317028354446234e-02 -2.660170422927445738e-02 -2.548848028948901695e-02 -1.809379329726852892e-01
-1.815126050420167725e-01 -3.799438093204344363e-02 -2.660186089444618526e-02 -2.547486257630180231e-02 -1.809617423316987050e-01
-1.865546218487394714e-01 -3.800822714742872060e-02 -2.659953798589946572e-02 -2.546030695921976811e-02 -1.809859494840436456e-01
-1.915966386554621703e-01 -3.802462616490441538e-02 -2.659482485122985351e-02 -2.544481824414591281e-02 -1.810106646077618286e-01
-1.966386554621848415e-01 -3.804350650559390479e-02 -2.658780070269366191e-02 -2.542839858426250432e-02 -1.810359902336431681e-01
-2.016806722689075404e-01 -3.806479662857101265e-02 -2.657853797138091945e-02 -2.541104931388211627e-02 -1.810620190341841462e-01
-2.067226890756302393e-01 -3.808843122458672320e-02 -2.656710320237771344e-02 -2.539276891005850384e-02 -1.810888369624272798e-01
-2.117647058823529105e-01 -3.811433543282180536e-02 -2.655355825058335409e-02 -2.537356664676485019e-02 -1.811165172866376072e-01
-2.168067226890756094e-01 -3.814245860945214561e-02 -2.653794868215246516e-02 -2.535344086253540560e-02 -1.811451443922389992e-01
-2.218487394957983083e-01 -3.817274515198849916e-02 -2.652030904586458876e-02 -2.533239964093400576e-02 -1.811747803623257880e-01
-2.268907563025209795e-01 -3.820514245744099924e-02 -2.650067568964249720e-02 -2.531044559385800877e-02 -1.812054882128737443e-01
-2.319327731092436784e-01 -3.823959596123154003e-02 -2.647909015473943334e-02 -2.528757720397332986e-02 -1.812373262343441038e-01
-2.369747899159663496e-01 -3.827605940504057169e-02 -2.645558245260534735e-02 -2.526379179532699942e-02 -1.812703490472853118e-01
-2.420168067226890485e-01 -3.831449831084624696e-02 -2.643017132442466305e-02 -2.523908101829836978e-02 -1.813046088655872190e-01
-2.470588235294117474e-01 -3.835484388019397284e-02 -2.640290113396560542e-02 -2.521345288196262177e-02 -1.813401495093224791e-01
-2.521008403361344463e-01 -3.839705974887179518e-02 -2.637378884337732154e-02 -2.518689998728095014e-02 -1.813770153250917339e-01
-2.571428571428571175e-01 -3.844109101511261617e-02 -2.634286014921204469e-02 -2.515942951989484991e-02 -1.814152451607769501e-01
-2.621848739495797886e-01 -3.848689074630300827e-02 -2.631013000108378339e-02 -2.513104504791500299e-02 -1.814548720777954260e-01
-2.672268907563025153e-01 -3.853439193536477292e-02 -2.627562985797491507e-02 -2.510175989905968907e-02 -1.814959276880794559e-01
-2.722689075630251865e-01 -3.858353116740546873e-02 -2.623938458470347068e-02 -2.507158775850863025e-02 -1.815384396406082013e-01
-2.773109243697478576e-01 -3.863424662795870990e-02 -2.620142482057117445e-02 -2.504053424628427393e-02 -1.815824300246416112e-01
-2.823529411764705843e-01 -3.868647656034181898e-02 -2.616176908840486814e-02 -2.500861783886253881e-02 -1.816279243008371846e-01
-2.873949579831932555e-01 -3.816701239483870356e-02 -2.825981772431784486e-02 -2.315095446814557575e-02 -1.832582487951113226e-01
-2.924369747899159266e-01 -3.748822157832074758e-02 -2.775613654769707589e-02 -2.393190410743717411e-02 -1.836773951844739294e-01
-2.974789915966385978e-01 -3.752967766318163201e-02 -2.770101245440353271e-02 -2.391916258957983016e-02 -1.837732998861736078e-01
-3.025210084033613245e-01 -3.752968549238078211e-02 -2.770098091666747461e-02 -2.391916412338827153e-02 -1.838660746461829310e-01
-3.075630252100839956e-01 -3.752969788674388046e-02 -2.770093850350033304e-02 -2.391916287350548051e-02 -1.839588520379762393e-01
-3.126050420168066668e-01 -3.752971484748117426e-02 -2.770088521371694840e-02 -2.391915883819212274e-02 -1.840516330091787334e-01
-3.176470588235293935e-01 -3.752973637609646751e-02 -2.770082104551814528e-02 -2.391915201551728792e-02 -1.841444185074754269e-01
-3.226890756302520646e-01 -3.752976247437979362e-02 -2.770074599647022462e-02 -2.391914240336285094e-02 -1.842372094806533078e-01
-3.277310924369747358e-01 -3.752979314442173725e-02 -2.770066006351850837e-02 -2.391912999942295143e-02 -1.843300068768826128e-01
-3.327731092436974625e-01 -3.753168034557297084e-02 -2.769554254248567104e-02 -2.391828249785570709e-02 -1.844239827015700106e-01
-3.378151260504201336e-01 -3.753382996933016247e-02 -2.768984992224292341e-02 -2.391725036926663564e-02 -1.845183873340523195e-01
-3.428571428571428048e-01 -3.753625487187237098e-02 -2.768355623917084785e-02 -2.391602092777795480e-02 -1.846132749739851919e-01
-3.478991596638655315e-01 -3.753896708087648554e-02 -2.767661002801889703e-02 -2.391457245030761958e-02 -1.847087158144127828e-01
-3.529411764705882026e-01 -3.754198595982567721e-02 -2.766893462348951963e-02 -2.391288782503600205e-02 -1.848047912585029096e-01
-3.579831932773108738e-01 -3.754535273735894185e-02 -2.766039540349101572e-02 -2.391094795820120772e-02 -1.849016062584011022e-01
-3.630252100840335450e-01 -3.754908005419915762e-02 -2.765099255264692746e-02 -2.390870049528372870e-02 -1.849992449025149588e-01
-3.680672268907562716e-01 -3.766298003011815665e-02 -2.681369092484451808e-02 -2.379415170729403534e-02 -1.853218572218786053e-01
-3.731092436974789428e-01 -3.767272602070631526e-02 -2.682129129289873015e-02 -2.377830398093160047e-02 -1.854425650889312549e-01
-3.781512605042016140e-01 -3.767257205749068721e-02 -2.682127828294690597e-02 -2.377843741193789301e-02 -1.855628176701729082e-01
-3.831932773109243406e-01 -3.767242550277588586e-02 -2.682123386896508727e-02 -2.377856864427792261e-02 -1.856830749329315966e-01
-3.882352941176470118e-01 -3.766514908617195345e-02 -2.681642735964059887e-02 -2.378539403779746791e-02 -1.858044112824717986e-01
-3.932773109243696830e-01 -3.765682092899656774e-02 -2.680835025571865274e-02 -2.379368893414463004e-02 -1.859264807157261779e-01
-3.983193277310924096e-01 -3.765009505361694570e-02 -2.679954518568845867e-02 -2.380089034836176121e-02 -1.860488807934504163e-01
-4.033613445378150808e-01 -3.765445088146518460e-02 -2.679341442638498438e-02 -2.379727470436784897e-02 -1.861708883180451246e-01
-4.084033613445377520e-01 -3.765918934500697007e-02 -2.678574416608567321e-02 -2.379360271752063369e-02 -1.862934336414206749e-01
-4.134453781512604786e-01 -3.766423540943863307e-02 -2.677658348860732090e-02 -2.378994378243844826e-02 -1.864165901227241018e-01
-4.184873949579831498e-01 -3.766957156824371489e-02 -2.676588114048412959e-02 -2.378630370326906968e-02 -1.865404552022927875e-01
-4.235294117647058210e-01 -3.767522714667932704e-02 -2.675348450022915076e-02 -2.378261820152477446e-02 -1.866651682093820319e-01
-4.285714285714285476e-01 -3.768103647239333387e-02 -2.673958332882449621e-02 -2.377909222242184650e-02 -1.867907428873704367e-01
-4.336134453781512188e-01 -3.768692366990909065e-02 -2.672416724140583288e-02 -2.377579843120386505e-02 -1.869172571114360859e-01
-4.386554621848738900e-01 -3.769278801526530082e-02 -2.670721892364999461e-02 -2.377283263118714490e-02 -1.870447917427850437e-01
-4.436974789915966166e-01 -3.769861663634396787e-02 -2.668879676570789367e-02 -2.377018676202137526e-02 -1.871734023159644933e-01
-4.487394957983192878e-01 -3.696840747452428966e-02 -2.672971673654587349e-02 -2.219963064259468377e-02 -1.882779478905877157e-01
-4.537815126050419590e-01 -3.697451092877258871e-02 -2.670180552460358486e-02 -2.220421807991058635e-02 -1.884683990880433035e-01
-4.588235294117646301e-01 -3.697354146150100274e-02 -2.669421673135584372e-02 -2.220264953986954282e-02 -1.886551442522410027e-01
-4.638655462184873568e-01 -3.697197796811879655e-02 -2.668471249990559888e-02 -2.220150468734444910e-02 -1.888425809472289996e-01
-4.689075630252100280e-01 -3.696982503831647976e-02 -2.667332106237669392e-02 -2.220077354675106113e-02 -1.890308208614003838e-01
-4.739495798319326991e-01 -3.696708737279320867e-02 -2.666006815082640202e-02 -2.220044321559736661e-02 -1.892199696613687254e-01
-4.789915966386554258e-01 -3.696376629262836111e-02 -2.664497080690008193e-02 -2.220050426569229393e-02 -1.894101264213894353e-01
-4.840336134453780970e-01 -3.695985273112888797e-02 -2.662802951917285499e-02 -2.220095919638834930e-02 -1.896013882504145320e-01
-4.890756302521007681e-01 -3.695534108260188633e-02 -2.660924705287017258e-02 -2.220180364637772130e-02 -1.897938467655360395e-01
-4.941176470588234948e-01 -3.689012614313176563e-02 -2.634811231611388499e-02 -2.222041421785189708e-02 -1.900361472721856237e-01
-4.991596638655461660e-01 -3.657218278480213469e-02 -2.603276065788098781e-02 -2.192052145938078178e-02 -1.903428011213840199e-01
-5.042016806722688926e-01 -3.656577719635792367e-02 -2.605572970365619551e-02 -2.189146938768653933e-02 -1.905597370298978688e-01
-5.092436974789915638e-01 -3.656573787165401379e-02 -2.605560715913074477e-02 -2.189149441771718468e-02 -1.907750828440079316e-01
-5.142857142857142350e-01 -3.656567619543879544e-02 -2.605541452138527420e-02 -2.189153060904111200e-02 -1.909904403256583449e-01
-5.193277310924369061e-01 -3.656131093248925212e-02 -2.604158361266484950e-02 -2.189377471408035861e-02 -1.912072827371357198e-01
-5.243697478991595773e-01 -3.613285034033981991e-02 -2.611713607620383404e-02 -2.154003677911331405e-02 -1.915673420280087080e-01
-5.294117647058822484e-01 -3.613063807202068767e-02 -2.611816088990549789e-02 -2.155072285260992843e-02 -1.917986243180617167e-01
-5.344537815126050306e-01 -3.613057245522934696e-02 -2.611801447603763829e-02 -2.155078243036803731e-02 -1.920291060409950734e-01
-5.394957983193277018e-01 -3.612494016231068694e-02 -2.610478572381922172e-02 -2.155471496309560586e-02 -1.922607037545989994e-01
-5.445378151260503730e-01 -3.611795422217571605e-02 -2.608817536459533820e-02 -2.155915409858045334e-02 -1.924931697454006219e-01
-5.495798319327730441e-01 -3.610968815669703125e-02 -2.606838562574284590e-02 -2.156405377577945426e-02 -1.927266595238515401e-01
-5.546218487394957153e-01 -3.610020346719929052e-02 -2.604558732027142248e-02 -2.156937399267307154e-02 -1.929613058524603797e-01
-5.596638655462183864e-01 -3.480421573380507172e-02 -2.563343177187992969e-02 -2.182976403465355236e-02 -1.934443116243187433e-01
-5.647058823529411686e-01 -3.475604990937664063e-02 -2.564848025350714017e-02 -2.178753312686131094e-02 -1.937557217046100844e-01
-5.697478991596638398e-01 -3.475612876124309358e-02 -2.564860170218004332e-02 -2.178728272950373676e-02 -1.940179731577418853e-01
-5.747899159663865110e-01 -3.475612554693460754e-02 -2.564860905628749826e-02 -2.178707275428191231e-02 -1.942802328498640096e-01
-5.798319327731091821e-01 -3.475027798936740353e-02 -2.564103312165406240e-02 -2.177969171306605445e-02 -1.945439361940196621e-01
-5.848739495798318533e-01 -3.474128144291516868e-02 -2.562906839064411912e-02 -2.177442621808588913e-02 -1.948084862135356921e-01
-5.899159663865545244e-01 -3.472931217307510809e-02 -2.561293177766410523e-02 -2.177121049920755294e-02 -1.950741521906526887e-01
-5.949579831932771956e-01 -3.469891433555233329e-02 -2.557479512764360835e-02 -2.177105950808989193e-02 -1.953554892784059027e-01
-5.999999999999999778e-01 -3.466695498234573236e-02 -2.553062315806138224e-02 -2.177993603710755288e-02 -1.956261877577173958e-01
