0.000000000000000000e+00 1.753349354950606742e-04 1.922876450691326285e-04 5.383711252557321636e-05 -2.164839891707018445e-04 -2.982968139527186801e-04 -5.145728144761996248e-05 1.750503374693155396e-04 1.928225241715656542e-04 5.159531333268074782e-05 -2.167393100858125226e-04 -2.995081420109231281e-04 -5.721106818347792138e-08 -4.934668894518434712e-05
-5.042016806722688510e-03 -5.238854462869185291e-04 -4.193795709410752309e-04 -2.612326190347957766e-04 7.806219392548312524e-04 5.937430687655495531e-04 2.796521067830459728e-04 -5.253852087364074570e-04 -4.235758801149330094e-04 -2.577808791250912890e-04 7.816818044972639445e-04 5.998027084682407530e-04 -5.171710130780459202e-07 2.691141525332230167e-04
-1.008403361344537702e-02 -4.474227915340404601e-04 -3.700584497162303331e-04 -2.385337734391590470e-04 6.736906343343848332e-04 5.259351497049454330e-04 2.527785432956397571e-04 -4.484142609550252276e-04 -3.739370409423637786e-04 -2.358851925456928456e-04 6.742163618645379518e-04 5.314733722358150596e-04 -3.937132045570785067e-07 2.437935792621859221e-04
-1.512605042016806553e-02 -1.682588818556197919e-03 -9.402146382704965489e-04 -9.399111123593040240e-04 2.189717149413127582e-03 1.905398137717154725e-03 7.566103062888185349e-04 -1.672585029665384819e-03 -9.725836440267166764e-04 -9.500503903868140476e-04 2.175197807967247602e-03 1.932315382480891131e-03 -3.707366435161311253e-06 7.289147234714743462e-04
-2.016806722689075404e-02 -1.189887778155799712e-03 -8.561722504175852018e-04 -4.714560085031516135e-04 1.630071003404374953e-03 1.688982218283530904e-03 4.104791818558273242e-04 -1.180896693986817304e-03 -8.716860146741606382e-04 -4.837408771339035685e-04 1.618822986176853516e-03 1.700426257168538091e-03 -2.493540521483600184e-06 4.042400083541508593e-04
-2.521008403361344255e-02 -1.129371704091653794e-03 -8.168811570220444428e-04 -4.361767504644786797e-04 1.549352251647310129e-03 1.624579769895522462e-03 3.747116641533709824e-04 -1.120650209355992990e-03 -8.317084205983335185e-04 -4.481342428823975599e-04 1.538383194932090806e-03 1.635301348589915642e-03 -2.217134428606309013e-06 3.692405844011870109e-04
-3.025210084033613106e-02 -1.726181364287092054e-03 -1.321939414894880011e-03 -6.757786346703043012e-04 2.372952733556475333e-03 2.364655595010345043e-03 6.169287832578085329e-04 -1.717533666705266119e-03 -1.342769271720387894e-03 -6.924838834658497699e-04 2.361663991158487706e-03 2.382295902903506721e-03 -5.911592209220921734e-06 6.024182115509368884e-04
-3.529411764705882304e-02 -3.247481153115140337e-03 -2.445616327746592735e-03 1.492838165287613261e-04 4.545338649338013376e-03 4.689284729563782811e-03 -2.569109493437693459e-04 -3.213301221576024894e-03 -2.477192436476705496e-03 1.137979457623283785e-04 4.508446041245213996e-03 4.706944867873597872e-03 -2.089454541308762207e-05 -2.741568611880906836e-04
-4.033613445378150808e-02 -3.041105040131772581e-03 -2.276764565734459411e-03 1.757853031941758459e-04 4.244841266067435510e-03 4.350355884191619421e-03 -2.628036367614550173e-04 -3.009228426605023085e-03 -2.305306898751677269e-03 1.434418846836815753e-04 4.211223292923973321e-03 4.366191908458539467e-03 -1.853926291208971925e-05 -2.808555097128517808e-04
-4.537815126050419312e-02 -3.068402916644580574e-03 -2.295734434836056714e-03 1.767680521557735140e-04 4.282092161988692788e-03 4.385029547305906682e-03 -2.639746303735313049e-04 -3.036291134131762545e-03 -2.324488745754888820e-03 1.442139004508846689e-04 4.248252160101021954e-03 4.400977482929033062e-03 -1.888504431336549021e-05 -2.822511606884736679e-04
-5.042016806722688510e-02 -5.399881480600167774e-03 -2.611092495524762469e-03 1.172026827232858226e-03 7.585343017809415000e-03 5.869092155227014634e-03 -1.446856519880190817e-03 -5.366264522429502366e-03 -2.666808061160584088e-03 1.108504016412159565e-03 7.552620527016626860e-03 5.886066299381661517e-03 -5.296795863467268365e-05 -1.504972792963188422e-03
-5.546218487394957708e-02 -5.387189246235573291e-03 -2.551140985884070914e-03 1.226473935260874448e-03 7.571199386960329042e-03 5.849420543322947537e-03 -1.519567799004528652e-03 -5.353426596256189059e-03 -2.606408119821328369e-03 1.161631375866389870e-03 7.538032294720191893e-03 5.865334924719134424e-03 -5.290529474510851054e-05 -1.577404265445947473e-03
-6.050420168067226212e-02 -5.685663391768664907e-03 -2.686799999948986592e-03 1.290032077652686349e-03 7.992590294568755610e-03 6.173454727928738214e-03 -1.601137481549441688e-03 -5.649942746253586515e-03 -2.744972768872693415e-03 1.221728157772966616e-03 7.957507937087235014e-03 6.190312191504681802e-03 -5.915498328817500698e-05 -1.662533525422782432e-03
-6.554621848739494716e-02 -7.119824461542799930e-03 -3.873342794953482486e-03 1.595825375760279163e-03 1.022374515842615350e-02 9.263240696750984007e-03 -1.793700503547102088e-03 -7.016043249238953713e-03 -3.913824911580867857e-03 1.489506072060858832e-03 1.013313562482902330e-02 9.280423535335875773e-03 -1.226397180655875840e-04 -1.861984801458382854e-03
-7.058823529411764608e-02 -7.330110626919695768e-03 -4.335866716939511950e-03 6.686376193890675168e-04 1.085459967972524434e-02 9.814699038598238834e-03 -8.330011595076847186e-04 -7.244345600110294048e-03 -4.385165237919519919e-03 5.601259306285133466e-04 1.077521367129198257e-02 9.852400784968436478e-03 -1.435166119217318181e-04 -9.320861524935164510e-04
-7.563025210084033112e-02 -8.568173531907979576e-03 -4.883911456652590202e-03 -7.558652393269138514e-06 1.306488133741574159e-02 1.110845195933151189e-02 -3.034015161793579551e-04 -8.492902896747383037e-03 -4.961260987505947129e-03 -1.186922827828007510e-04 1.299390109723362607e-02 1.117184847342404808e-02 -1.923023571932879578e-04 -4.616365879693828944e-04
-8.067226890756301616e-02 -8.493524959791259182e-03 -4.635910662878441404e-03 2.293546013731578848e-03 1.330866677888086283e-02 1.130324931652370093e-02 -2.691662697159813433e-03 -8.398361448869247348e-03 -4.700000411248958683e-03 2.137253929885868375e-03 1.321876039680995943e-02 1.132774290404250234e-02 -1.995563527448859927e-04 -2.823727507339390819e-03
-8.571428571428570120e-02 -9.319267081920264845e-03 -6.234958197396408761e-03 3.433161166668308173e-03 1.549615134331537407e-02 1.436233195410633115e-02 -3.742656684013356827e-03 -9.226669391027318007e-03 -6.327565230034219376e-03 3.244575054801801528e-03 1.540122658130594659e-02 1.439792969657463333e-02 -2.602583392214340109e-04 -3.899345817078292420e-03
-9.075630252100838624e-02 -9.726717667475466567e-03 -6.664990874381897593e-03 3.718526403649058398e-03 1.593182732392590256e-02 1.546338542129607578e-02 -4.030829672864499891e-03 -9.659208792307406172e-03 -6.755589193113805541e-03 3.523343749823520943e-03 1.585096420521316107e-02 1.549480872957294947e-02 -2.880288444480380398e-04 -4.212615944176323346e-03
-9.579831932773108516e-02 9.272897322251862778e-03 4.576493863148687127e-03 -1.414277243352710101e-02 -2.105941735882591037e-03 -3.774331402577832308e-03 1.446311686406820396e-02 9.302814009439731510e-03 4.564362851115931832e-03 -1.419262162881301803e-02 -2.136477184225178856e-03 -3.809754643502826811e-03 -1.470635227665785993e-04 1.448419814016582707e-02
-1.008403361344537702e-01 1.579188065879029435e-02 1.333042382018410077e-01 8.471083032036805793e-01 1.634162727941594340e-01 -1.493200309142881516e-02 -8.554004152484151469e-01 1.578673490446921152e-02 1.332969120530434759e-01 8.471476323247022489e-01 1.634268345061540284e-01 -1.492463053781655641e-02 -2.039481239904931097e-03 -8.553841332274282339e-01
-1.058823529411764552e-01 5.764499954561012884e-02 7.797931423980973553e-02 9.044041370672292190e-01 8.818983991805379175e-02 6.632732370568909797e-02 -9.047612984971850070e-01 5.764442994325811448e-02 7.797868312981774686e-02 9.044044753981572704e-01 8.819003732933392015e-02 6.632760521798213016e-02 2.365674258801578594e-03 -9.047612749405948840e-01
-1.109243697478991542e-01 8.062936556910958730e-02 8.667380492274479042e-02 9.042083201361250655e-01 7.380512080328094360e-02 6.842471817829348657e-02 -9.089949680750389893e-01 8.062878195904582546e-02 8.667326149145553049e-02 9.042085702590614282e-01 7.380536252901347127e-02 6.842490729575843866e-02 1.981235825853332362e-03 -9.089948787500419236e-01
-1.159663865546218392e-01 5.108621359211426571e-02 7.547025927640586829e-02 9.032220692084211855e-01 1.082184776617435423e-01 7.217005406007569179e-02 -8.997154955154197387e-01 5.108561631723689683e-02 7.546957528665927672e-02 9.032225196244680898e-01 1.082189195398790965e-01 7.217044162397220908e-02 1.933221238024470734e-03 -8.997154823368491705e-01
-1.210084033613445242e-01 6.636818945536074321e-02 7.948028715813421075e-02 9.018761823303214076e-01 1.003376182854043702e-01 8.351633286028083136e-02 -9.002158374622692971e-01 6.636726399511067020e-02 7.947925254601440059e-02 9.018768607831614270e-01 1.003383781552990850e-01 8.351698628383345813e-02 2.311913169417994032e-03 -9.002156307505672084e-01
-1.260504201680672232e-01 6.925241210673555026e-02 7.920787244018943907e-02 8.969286030546071986e-01 1.066058455974149138e-01 9.068640527759601333e-02 -8.929495555432885867e-01 6.925061108368518736e-02 7.920577433897567354e-02 8.969301343036133467e-01 1.066077142921117160e-01 9.068821491201516094e-02 3.060752470481432810e-03 -8.929491441666492779e-01
-1.310924369747898943e-01 6.216336269714905355e-02 7.416232017967855361e-02 8.981940231706876387e-01 1.214262414529896084e-01 1.117487427565093533e-01 -8.880793972618586940e-01 6.216219952319002040e-02 7.416095312549689234e-02 8.981945395488932782e-01 1.214277135969942939e-01 1.117501828836769129e-01 5.546422117314786862e-03 -8.880786197725111242e-01
-1.361344537815125932e-01 6.600422432841296372e-02 7.741726420204765591e-02 8.990577859203437994e-01 1.312434025032294949e-01 1.165316929357178150e-01 -8.865478630030906304e-01 6.600381173359105846e-02 7.741677289412701723e-02 8.990581204410823535e-01 1.312445794147132083e-01 1.165319025507938894e-01 5.990676981582036473e-03 -8.865475693429895054e-01
-1.411764705882352922e-01 6.604797817845531327e-02 7.746103174178829709e-02 8.990265672162128796e-01 1.310734008371301496e-01 1.164594388068071473e-01 -8.865645818914352772e-01 6.604756218297218318e-02 7.746053067454045093e-02 8.990268940983187074e-01 1.310745487009237764e-01 1.164597219036452858e-01 6.008743034411292809e-03 -8.865642891741917220e-01
-1.462184873949579633e-01 6.289039986269008564e-02 8.063944618926130459e-02 8.968969739365482141e-01 1.471031532322165103e-01 1.322045753748543606e-01 -8.792718633357453628e-01 6.288980999584238563e-02 8.063871910679629162e-02 8.968972259314677009e-01 1.471036775604510627e-01 1.322060337553444820e-01 6.414759975405207905e-03 -8.792712721386783947e-01
-1.512605042016806622e-01 6.516257397682231889e-02 8.008548184332509035e-02 8.977998884089182230e-01 1.498457406070980991e-01 1.371769387944341001e-01 -8.787180646370400527e-01 6.516199231882828513e-02 8.008487883612691594e-02 8.977998779198943513e-01 1.498465937338175069e-01 1.371780454365575386e-01 6.709342920952546946e-03 -8.787173315478055136e-01
-1.563025210084033334e-01 6.521141149250241076e-02 8.292164834952603369e-02 8.953488647110102727e-01 1.578373087890420357e-01 1.427562405583555905e-01 -8.741411337863241870e-01 6.521091322252897671e-02 8.292094942942868085e-02 8.953490822431438012e-01 1.578378302735544969e-01 1.427576702805680442e-01 6.878156362680317923e-03 -8.741405835025899407e-01
-1.613445378151260323e-01 6.771838729847910743e-02 8.426564370806206850e-02 8.956728430205600500e-01 1.631259720688778281e-01 1.491684949392395043e-01 -8.721371436904821195e-01 6.771795451333287308e-02 8.426518488825535114e-02 8.956728364349684224e-01 1.631266647905285638e-01 1.491694962199813235e-01 7.471187587502328697e-03 -8.721365263976108562e-01
-1.663865546218487312e-01 6.798772274806388904e-02 9.179121292803586740e-02 8.915317848529188405e-01 1.740234955165407271e-01 1.567095599936842443e-01 -8.646836386375730266e-01 6.798760460523889382e-02 9.179104241883004334e-02 8.915318670517661248e-01 1.740235900964974824e-01 1.567097922594353210e-01 9.313764110718965664e-03 -8.646835940385023678e-01
-1.714285714285714024e-01 7.243003223424143711e-02 8.689020515039036496e-02 8.932486138025104161e-01 1.756164430865256032e-01 1.611165982192083457e-01 -8.649296977078239079e-01 7.243010237744068602e-02 8.688990849917346826e-02 8.932486610100239810e-01 1.756164548709854556e-01 1.611178413733680703e-01 8.942408116198232240e-03 -8.649296717967497328e-01
-1.764705882352941013e-01 7.308463832674026717e-02 9.249379985317934816e-02 8.907388141614966948e-01 1.844105667072626076e-01 1.684973971292665074e-01 -8.591175551060011850e-01 7.308458327728657722e-02 9.249371362135289099e-02 8.907388547721024619e-01 1.844106183072113658e-01 1.684975133395709701e-01 9.982852478782659744e-03 -8.591175352489011097e-01
-1.815126050420167725e-01 7.386778314785956423e-02 9.497148330151741757e-02 8.901164890488184600e-01 1.907509981316660441e-01 1.729793898730866974e-01 -8.560331966501274481e-01 7.386774826401548699e-02 9.497143088116501153e-02 8.901165141711430140e-01 1.907510315790173772e-01 1.729794639402701395e-01 1.040628198796238191e-02 -8.560331869551631723e-01
-1.865546218487394714e-01 7.881918674747886988e-02 1.024736082409991589e-01 8.860801642028396374e-01 1.978563989808049539e-01 1.788707947505192852e-01 -8.500473658610966377e-01 7.881918393633102760e-02 1.024737457489760528e-01 8.860800872268597139e-01 1.978561627602050121e-01 1.788704786430150018e-01 1.329542397869949710e-02 -8.500473553806962013e-01
-1.915966386554621703e-01 8.580789229606405888e-02 9.573177848664969625e-02 8.882632118692296297e-01 1.994919143778417503e-01 1.866436475969361630e-01 -8.493162007382814016e-01 8.580792047587645910e-02 9.573197303042682571e-02 8.882632197468068869e-01 1.994914558943756688e-01 1.866436566381184381e-01 1.422152191724605948e-02 -8.493162479724722935e-01
-1.966386554621848415e-01 9.557512421474531616e-02 1.011533911369107558e-01 8.819100967587145679e-01 2.047020095033786347e-01 1.980314313388008285e-01 -8.395069598225262109e-01 9.557666097951386663e-02 1.011549951255289737e-01 8.819089735665525120e-01 2.046992777741465652e-01 1.980309753956901453e-01 1.873414806284773651e-02 -8.395075570310137625e-01
-2.016806722689075404e-01 1.053195591031500788e-01 1.058313352350790520e-01 8.762462853400808660e-01 2.081201529231620218e-01 2.081761674466182932e-01 -8.314818615471336605e-01 1.053319209927651712e-01 1.058387277987884595e-01 8.762390507728703426e-01 2.081085026809153804e-01 2.081739022134640182e-01 2.328902751098262808e-02 -8.314839793856946271e-01
-2.067226890756302393e-01 1.107955266576491765e-01 1.105135951527680682e-01 8.708375938033402486e-01 2.142765482064795390e-01 2.140626932442008523e-01 -8.233949751521368876e-01 1.107944612014947205e-01 1.105127206668374967e-01 8.708383869453513171e-01 2.142773538239582387e-01 2.140630594886236970e-01 2.564164986794728943e-02 -8.233949794457369187e-01
-2.117647058823529105e-01 1.152622237108926473e-01 1.145611017607059690e-01 8.663291705562843337e-01 2.200170729119912960e-01 2.203952401639973080e-01 -8.161086946311748580e-01 1.152605305723145707e-01 1.145597843631750157e-01 8.663304207084723263e-01 2.200182547031947489e-01 2.203957136157387864e-01 2.742605496609989979e-02 -8.161087180664233776e-01
-2.168067226890756094e-01 1.180133223240540374e-01 1.170889233145243902e-01 8.640354017638249839e-01 2.260163577391270384e-01 2.263276755391885608e-01 -8.107150526728560402e-01 1.180113353489286587e-01 1.170873520453069444e-01 8.640368877744398768e-01 2.260176958271148950e-01 2.263281977628575636e-01 2.826589389753869641e-02 -8.107151186716555769e-01
-2.218487394957983083e-01 1.266794958769839330e-01 1.239951305387626268e-01 8.535565613147645392e-01 2.303383197255461645e-01 2.329583020241028091e-01 -7.981538238017190645e-01 1.266747319655375792e-01 1.239915679912731300e-01 8.535600455088143690e-01 2.303408469665893799e-01 2.329587853846548651e-01 3.250199507755939521e-02 -7.981543942954780757e-01
-2.268907563025209795e-01 1.411409244831736409e-01 1.314600822266829006e-01 8.346545030542230625e-01 2.321045850913826536e-01 2.399225941480399027e-01 -7.784132589370886812e-01 1.411284533716260503e-01 1.314524911772614879e-01 8.346625637675735288e-01 2.321074501480598906e-01 2.399177822196419396e-01 3.987148070220174201e-02 -7.784205241714605705e-01
-2.319327731092436784e-01 1.459812625055476876e-01 1.380404523617687063e-01 8.253052274888441620e-01 2.382467616041637481e-01 2.443927206531490426e-01 -7.666181736222197340e-01 1.459661568437624346e-01 1.380297584261326871e-01 8.253155260397139203e-01 2.382482718721110060e-01 2.443847607757202445e-01 4.265691126414302564e-02 -7.666301599431694092e-01
-2.369747899159663496e-01 1.573726048192745919e-01 1.450006844492494062e-01 8.057711605313189196e-01 2.404912286004912692e-01 2.496277390416968833e-01 -7.464501606925161292e-01 1.573512436171878581e-01 1.449878017665753305e-01 8.057836024819011733e-01 2.404887908055966805e-01 2.496065995052923481e-01 4.834940416379390760e-02 -7.464756450610862126e-01
-2.420168067226890485e-01 1.692389609945732509e-01 1.557055082121724110e-01 7.756571573797854668e-01 2.450048735292550406e-01 2.513507919322371942e-01 -7.163878325899252220e-01 1.692120967321093239e-01 1.556886199377513214e-01 7.756702521523756166e-01 2.449899729744240140e-01 2.513078141557034684e-01 5.567907503715111006e-02 -7.164384302038290242e-01
-2.470588235294117474e-01 1.703235824535412335e-01 1.639967826657914296e-01 7.676181656374665430e-01 2.545424035948385399e-01 2.538310966782191258e-01 -7.048126114982651291e-01 1.703006442503555706e-01 1.639737604961979678e-01 7.676313257353144515e-01 2.545164077891219345e-01 2.537860185736794394e-01 5.727586191475803751e-02 -7.048747561404689055e-01
-2.521008403361344463e-01 1.745300302709136553e-01 1.890406480345325491e-01 7.094464759638007267e-01 2.679583313263735334e-01 2.403828827688760938e-01 -6.479285295705077274e-01 1.745264424197986997e-01 1.889893992480265461e-01 7.094548740030898193e-01 2.678639518942077524e-01 2.403354357479698666e-01 6.777331022722481169e-02 -6.480461198843515680e-01
-2.571428571428571175e-01 1.816412686067853111e-01 2.005797784820901319e-01 6.773401417058402263e-01 2.768893340689961291e-01 2.433381959440436559e-01 -6.121303857254676295e-01 1.816389755051821264e-01 2.005864138028924104e-01 6.773405477801957009e-01 2.769079460718118502e-01 2.433441033927049857e-01 7.240944470346850903e-02 -6.121108340532177561e-01
-2.621848739495797886e-01 2.032585006486240520e-01 2.329235226449746232e-01 5.049138901018137560e-01 2.826955749488345715e-01 2.331256299693423573e-01 -4.378349605684247470e-01 2.032480573554867886e-01 2.329333994220127435e-01 5.049174399138873781e-01 2.827365027987557289e-01 2.331255302633135629e-01 9.072576977700902434e-02 -4.378041824664598014e-01
-2.672268907563025153e-01 2.004077510264755668e-01 2.587274183429212893e-01 4.219032456371529793e-01 3.000961506945891144e-01 2.185720893928952413e-01 -3.503933570155252086e-01 2.003901335777985016e-01 2.587351654001762147e-01 4.219061518504632069e-01 3.001477587622901066e-01 2.185491322213222454e-01 9.466635977949641734e-02 -3.503690225214395326e-01
-2.722689075630251865e-01 1.912067157929296379e-01 2.890896497571530666e-01 3.295473366757884492e-01 3.183609388464820888e-01 2.002663044808008497e-01 -2.536424439738510506e-01 1.911919945098134177e-01 2.890917551297707000e-01 3.295463392074399200e-01 3.183899703102975876e-01 2.002297712006953501e-01 9.458826903879070935e-02 -2.536393808577153131e-01
-2.773109243697478576e-01 2.247480010970148989e-01 2.866596327489590035e-01 2.133169289897175469e-01 2.985127975148238466e-01 2.238974525410190042e-01 -1.294711377507785088e-01 2.247287052029456889e-01 2.866666042515621515e-01 2.133187433442206571e-01 2.985773169628374024e-01 2.238656733125647946e-01 1.038563431004955462e-01 -1.294549859873503350e-01
-2.823529411764705843e-01 2.029848508542229646e-01 3.101361386725909330e-01 2.077321591684573032e-01 3.252793032073491575e-01 1.993788515998784483e-01 -1.243090857423587714e-01 2.029691638951641175e-01 3.101397355520125743e-01 2.077300330475210233e-01 3.253110443814657415e-01 1.993344578408752787e-01 9.761432168979125579e-02 -1.243083195005860730e-01
-2.873949579831932555e-01 2.474348742332243001e-01 2.765294313016590788e-01 2.184799490529114596e-01 2.921008483644217946e-01 2.448427165980327502e-01 -1.362115447620524389e-01 2.474199336291408313e-01 2.765353964110581764e-01 2.184856531144195591e-01 2.921591368199831784e-01 2.448400876398832970e-01 1.057936221070505389e-01 -1.361770231355404759e-01
-2.924369747899159266e-01 2.487143428943086598e-01 2.865524889780256546e-01 2.321284906868843756e-01 3.007619678381078243e-01 2.543080738052443390e-01 -1.402048790307424131e-01 2.487032428361946046e-01 2.865568279001074470e-01 2.321333058134283922e-01 3.008069162753542747e-01 2.543051332552968002e-01 1.057390236091906993e-01 -1.401778983919019228e-01
-2.974789915966385978e-01 2.464086763589096174e-01 3.008492334592416384e-01 1.625994710492583428e-01 3.114288446659055909e-01 2.379811624265423253e-01 -7.018483712803186281e-02 2.463965471104932470e-01 3.008537930365516866e-01 1.626007248747669276e-01 3.114701756651375164e-01 2.379647811873449037e-01 1.048444749159385125e-01 -7.017033413888862370e-02
-3.025210084033613245e-01 2.147322441395072556e-01 3.368060657579341477e-01 1.789946280789787847e-01 3.500941881290807745e-01 2.088811954686944916e-01 -8.098331487586790667e-02 2.147209772006079542e-01 3.368096152678519140e-01 1.789931021050223947e-01 3.501168358046521378e-01 2.088462770431934734e-01 9.624016444434788098e-02 -8.098483532111216965e-02
-3.075630252100839956e-01 2.292036373567557517e-01 3.432384390472690838e-01 7.659521034609581558e-02 3.439739110065364036e-01 2.121770042818246493e-01 2.509448754922533054e-02 2.291948706571071137e-01 3.432393008008023383e-01 7.659267160157429144e-02 3.439949492753833771e-01 2.121382653565770660e-01 9.898086375155748518e-02 2.509121632198307861e-02
-3.126050420168066668e-01 2.336557900414192590e-01 3.467503909844332211e-01 8.518973615026970148e-02 3.522365766646885499e-01 2.131515451070357114e-01 1.865194722287505380e-02 2.336478978197926715e-01 3.467552181630921271e-01 8.518873166730722701e-02 3.522505274087436300e-01 2.131169647981242532e-01 9.865895444781691559e-02 1.865079168503336327e-02
-3.176470588235293935e-01 2.389334269964005775e-01 3.453950710799210677e-01 1.218031304346631205e-01 3.520090572427441167e-01 2.287847578878968724e-01 -1.740833225617866020e-02 2.389224427702759390e-01 3.453975199889337544e-01 1.218017292313801070e-01 3.520392465971704521e-01 2.287459315562301865e-01 1.002648516698870229e-01 -1.740894009286486632e-02
-3.226890756302520646e-01 2.393174793060965089e-01 3.576210186283765857e-01 1.009906020437402185e-01 3.633949381680000590e-01 2.228104997932146836e-01 8.185741147108793747e-03 2.393107070505782197e-01 3.576254604458447006e-01 1.009897424140836775e-01 3.634041638120033002e-01 2.227782958088271870e-01 9.840369817778163442e-02 8.184274467995189539e-03
-3.277310924369747358e-01 2.512338543529111234e-01 3.575044484696328073e-01 1.074820743568371539e-01 3.626547668822962533e-01 2.382664656292969307e-01 5.349082736243959690e-03 2.512250431067138967e-01 3.575069203124435768e-01 1.074810691783887884e-01 3.626809850316657924e-01 2.382356591819342062e-01 1.003788943803875094e-01 5.348788158685835459e-03
-3.327731092436974625e-01 2.507918506343974618e-01 3.699204223414427339e-01 8.704726460513145803e-02 3.735832432160277605e-01 2.316431991822850145e-01 3.060587324835550849e-02 2.507854070286034132e-01 3.699222562827185756e-01 8.704578385980810129e-02 3.736012638814071307e-01 2.316141129409014510e-01 9.845966297217081942e-02 3.060168861572654109e-02
-3.378151260504201336e-01 2.475623410336870445e-01 3.801586126888879535e-01 9.756640459430815371e-02 3.840886311850822410e-01 2.332292235369247679e-01 2.375049546463009476e-02 2.475557357811411785e-01 3.801644955461955799e-01 9.756577828959148158e-02 3.840972177688101730e-01 2.331969233929248597e-01 9.754251317240320018e-02 2.374620006024097396e-02
-3.428571428571428048e-01 2.605869127515330064e-01 3.772096121700768689e-01 7.853366233299843846e-02 3.791385334724488576e-01 2.417507670281193732e-01 4.595752328589053359e-02 2.605817265377456948e-01 3.772112299461940488e-01 7.853294814483249842e-02 3.791564477666611310e-01 2.417261500982025024e-01 9.909398712529969566e-02 4.595518300949108514e-02
-3.478991596638655315e-01 2.871202705246728160e-01 3.628361822493843536e-01 8.527764750101590741e-02 3.650222616565421685e-01 2.714739619925305436e-01 4.310292432065004897e-02 2.871179910494387477e-01 3.628364421726715805e-01 8.527762011424183664e-02 3.650289878662189569e-01 2.714674552442750688e-01 1.030620129021361520e-01 4.310834597070389851e-02
-3.529411764705882026e-01 2.881658670619071660e-01 3.687040898339011830e-01 9.818137051166639373e-02 3.732377861024150922e-01 2.737581735725239107e-01 3.358575798574664484e-02 2.881639887510448750e-01 3.687046168530134782e-01 9.818162638451466417e-02 3.732417750715589788e-01 2.737511726314116878e-01 1.025159267384236211e-01 3.359080915861067940e-02
-3.579831932773108738e-01 2.913790077093144082e-01 3.753100326289094957e-01 9.385852064549507490e-02 3.787829442754915288e-01 2.762371951874047493e-01 4.180827163295253168e-02 2.913775755274436441e-01 3.753129780275444860e-01 9.385658789827994175e-02 3.787855382029252649e-01 2.762302736360323641e-01 1.021278121679039530e-01 4.181208877062270179e-02
-3.630252100840335450e-01 2.931640958024419041e-01 3.829116095013984644e-01 8.875486251651462655e-02 3.848669038813180565e-01 2.777024921594954954e-01 5.054319460041389878e-02 2.931905829819004827e-01 3.829118943004216069e-01 8.875387670856485500e-02 3.847743074431180244e-01 2.777821130940260619e-01 1.016018877219951044e-01 5.050062190759696534e-02
-3.680672268907562716e-01 2.910646617809662384e-01 3.950492725946340711e-01 8.024355966025834008e-02 3.954142870355545347e-01 2.743959823759496985e-01 6.274617831557816050e-02 2.910889991591470993e-01 3.950440251878950537e-01 8.024080302163033585e-02 3.953281047091302680e-01 2.744966259593742963e-01 1.003481250005814618e-01 6.272434614576799516e-02
-3.731092436974789428e-01 2.982780785490509734e-01 3.953699695338911413e-01 9.640870178260557699e-02 3.980083028311877102e-01 2.836900104173010750e-01 5.248266438744220164e-02 2.982975621932136834e-01 3.953725504185712780e-01 9.640784693095402758e-02 3.979405802789836022e-01 2.837612640343374348e-01 1.006416648526134994e-01 5.244867129029034958e-02
-3.781512605042016140e-01 3.017677948376793484e-01 4.013393816766941402e-01 9.829539728556446754e-02 4.043548212909345296e-01 2.874465060302671127e-01 5.405075941879233792e-02 3.017850460571298576e-01 4.013403942489900400e-01 9.829591952657187881e-02 4.043009989486809896e-01 2.875172434292074808e-01 1.003700825832981036e-01 5.402280687148930394e-02
-3.831932773109243406e-01 3.040948704487701493e-01 4.074485256598541216e-01 1.001745204409039136e-01 4.104570906198355962e-01 2.900400476846708986e-01 5.629470722849122533e-02 3.041124928120731985e-01 4.074465595771650794e-01 1.001754534943366803e-01 4.104065272087906724e-01 2.901032426576081735e-01 9.993176370497836025e-02 5.626996312910886866e-02
-3.882352941176470118e-01 3.118037346336712812e-01 4.107547497974770589e-01 1.008993787190043123e-01 4.140281215885533994e-01 2.976183883470562286e-01 6.003637124815869308e-02 3.118223253213242008e-01 4.107520200987311298e-01 1.009027120524329524e-01 4.139678246203114531e-01 2.976719865040849955e-01 1.001592312021563069e-01 6.001054164657493306e-02
-3.932773109243696830e-01 3.176356003596286781e-01 4.138883626088312173e-01 1.009503256156479012e-01 4.169482722721028489e-01 3.030260274124988440e-01 6.407980422746051286e-02 3.176518974747046808e-01 4.138864532336592461e-01 1.009535492609723306e-01 4.168976999778112313e-01 3.030719455686684549e-01 1.002205481177894930e-01 6.405484687439921831e-02
-3.983193277310924096e-01 3.259325457381347935e-01 4.161915926822553624e-01 9.929864731024365399e-02 4.175594533207704906e-01 3.122112218525414651e-01 7.015696397739001888e-02 3.259441934124598372e-01 4.161895486289447499e-01 9.930013686286223717e-02 4.175372881567098182e-01 3.122554872628812705e-01 1.005585821163857974e-01 7.013639460856224694e-02
-4.033613445378150808e-01 3.250377230418026731e-01 4.225671326419112583e-01 1.004559059608640670e-01 4.235822848980009270e-01 3.113725961930052244e-01 7.306930529021654630e-02 3.250457733708579378e-01 4.225647428068820544e-01 1.004563342881338306e-01 4.235810041088146072e-01 3.114229410287195909e-01 9.981122400753114632e-02 7.305554399446445579e-02
-4.084033613445377520e-01 3.478827615983926536e-01 4.172528374096425852e-01 8.810109413112354737e-02 4.133082012169640995e-01 3.347418519172824514e-01 9.026722016065485965e-02 3.478929900779272888e-01 4.172515168374572037e-01 8.810706150634597944e-02 4.132849256113498848e-01 3.347683391956978172e-01 1.014844136051752527e-01 9.024574523349870869e-02
-4.134453781512604786e-01 3.498880414556719831e-01 4.209809527974650578e-01 1.026513849710624926e-01 4.213422722064464887e-01 3.374710679456995321e-01 8.215655579462011193e-02 3.498870883661853171e-01 4.209861686341273002e-01 1.026534271742256255e-01 4.213403074670565296e-01 3.374597658078788975e-01 1.008963538776522090e-01 8.215830886535002708e-02
-4.184873949579831498e-01 3.499839575605887543e-01 4.209693070902170708e-01 1.030249439251434695e-01 4.213907900601532308e-01 3.376659030025892516e-01 8.170579637582209287e-02 3.499830076306619242e-01 4.209744514389063275e-01 1.030269336868260277e-01 4.213887922993161395e-01 3.376546967557438883e-01 1.008941076371144274e-01 8.170750606968735230e-02
-4.235294117647058210e-01 3.503357249482662583e-01 4.353376063595312262e-01 9.118028336282521518e-02 4.326354479059972835e-01 3.339252019720531095e-01 1.015430141487644877e-01 3.503405523879213335e-01 4.353359025062346621e-01 9.117967910175189816e-02 4.326222511283882577e-01 3.339555279522831155e-01 9.959963814848286912e-02 1.015559646637936297e-01
-4.285714285714285476e-01 5.973511976747249985e-01 3.793965059831753139e-01 -4.864841324584089910e-01 1.937011362430572647e-01 3.333975362632545236e-01 7.683741930879455229e-01 5.973513440024650345e-01 3.793962869696849149e-01 -4.864834400401192305e-01 1.937011081359616416e-01 3.333985203136379805e-01 4.471669120442695738e-02 7.683738679926348514e-01
-4.336134453781512188e-01 3.938409135172676878e-01 4.123871393266153040e-01 1.327863916268633149e-01 4.139349414619331036e-01 3.852189712553754086e-01 8.038112785920237258e-02 3.938286305522378239e-01 4.123799599761234780e-01 1.327862485686844840e-01 4.140151647196081419e-01 3.852257367980664871e-01 1.002147752162743516e-01 8.038185213264714690e-02
-4.386554621848738900e-01 3.914792950791596837e-01 4.126911836479018048e-01 1.743105748078875306e-01 4.237428818958488552e-01 3.936577042256098613e-01 4.366079966102942578e-02 3.914678877200513107e-01 4.126891040112724007e-01 1.743183041397695088e-01 4.238108900419026992e-01 3.936565681073190826e-01 9.956176054388593544e-02 4.365799256052904642e-02
-4.436974789915966166e-01 3.944553555843131054e-01 4.303975661271685071e-01 1.319918016049731191e-01 4.306240444585741622e-01 3.846176804800469085e-01 9.258169484190181819e-02 3.944440943541397404e-01 4.303904568116098117e-01 1.319901346490035821e-01 4.307014606486553321e-01 3.846053528458773796e-01 9.943264767625906164e-02 9.258080117436473522e-02
-4.487394957983192878e-01 3.987078874112909288e-01 4.357025936896432583e-01 1.288028721335175708e-01 4.340631020762867331e-01 3.884624740008423283e-01 1.010273358588224535e-01 3.986968088626876017e-01 4.356954914729907480e-01 1.288012989650629270e-01 4.341365564502738250e-01 3.884517755697562968e-01 9.912492374161901987e-02 1.010308430972823857e-01
-4.537815126050419590e-01 4.034185483443952780e-01 4.400684884199511648e-01 1.296186104222410707e-01 4.379656241132448002e-01 3.931477539017251832e-01 1.059845484404760008e-01 4.034078373569555676e-01 4.400616198482453778e-01 1.296169980960164281e-01 4.380350873146648394e-01 3.931382458636070720e-01 9.880514332321138626e-02 1.059912629052136568e-01
-4.588235294117646301e-01 4.139100986151532657e-01 4.408264553373473227e-01 1.249454163103474180e-01 4.375723731152406093e-01 4.017088809699455032e-01 1.168140067784261271e-01 4.138982657472461413e-01 4.408199505327169976e-01 1.249447522301156688e-01 4.376373249228143747e-01 4.017087752962902325e-01 9.855205572217057286e-02 1.168280672757184835e-01
-4.638655462184873568e-01 4.178112149460779801e-01 4.461130102095353100e-01 1.255186898218652591e-01 4.419624941629004544e-01 4.055520086974948590e-01 1.225770633435767643e-01 4.178000660330095095e-01 4.461067321760662230e-01 1.255177212255876862e-01 4.420232487410301059e-01 4.055513907691097319e-01 9.817087056484347096e-02 1.225932622496764823e-01
-4.689075630252100280e-01 4.229057687989743464e-01 4.503555470566062979e-01 1.267086504411818193e-01 4.457825543421510828e-01 4.103404300607670363e-01 1.278899660752255696e-01 4.228953027491478833e-01 4.503495894597183691e-01 1.267075011568587761e-01 4.458389359500358751e-01 4.103399942643246590e-01 9.781952439268770672e-02 1.279081665282156832e-01
-4.739495798319326991e-01 4.291188525659218045e-01 4.537070790936035269e-01 1.288074847879170926e-01 4.491005531715751009e-01 4.160982456981399680e-01 1.329194594660964013e-01 4.291090455963144090e-01 4.537015807413795621e-01 1.288063373579352300e-01 4.491525647142624034e-01 4.160987640221120998e-01 9.745772415687886658e-02 1.329398429472047893e-01
-4.789915966386554258e-01 4.342309999648766294e-01 4.558792622759557656e-01 1.387474336786367890e-01 4.529200354643966309e-01 4.227640408052149024e-01 1.310588364282849749e-01 4.342199960108715784e-01 4.558741259776494803e-01 1.387464187730480802e-01 4.529696598595464585e-01 4.227687900241898777e-01 9.691495962072824155e-02 1.310854687783473693e-01
-4.840336134453780970e-01 4.380564294900779476e-01 4.609647066177689489e-01 1.382892577568487491e-01 4.568042252084879018e-01 4.261884540142548694e-01 1.377799875169176680e-01 4.380463391877442714e-01 4.609599178963419974e-01 1.382879105651909912e-01 4.568494791861983373e-01 4.261920810465110732e-01 9.654420108565069103e-02 1.378070061986182981e-01
-4.890756302521007681e-01 4.439718780090308181e-01 4.537403931016772418e-01 1.754566356435230678e-01 4.560640933231241978e-01 4.444120243854962071e-01 1.137075011386197154e-01 4.439578848727099292e-01 4.537280530939870049e-01 1.754531771563194453e-01 4.560910777823582452e-01 4.444270911775792809e-01 9.504851546398332407e-02 1.137609910002500002e-01
-4.941176470588234948e-01 4.499102197651723700e-01 4.615085261531144400e-01 1.530364662742651483e-01 4.586254196905696912e-01 4.431318147576940869e-01 1.379186085450357924e-01 4.498974657025762713e-01 4.615043869059342052e-01 1.530289579940634637e-01 4.586559681117945431e-01 4.431418422751096098e-01 9.547536179067697693e-02 1.379643647035323495e-01
-4.991596638655461660e-01 4.578535396466237861e-01 4.601147764048046374e-01 1.622615946321780134e-01 4.609508872554629044e-01 4.517008961107535914e-01 1.397963339860019971e-01 4.578367225713596556e-01 4.601114429154273266e-01 1.622503745563428357e-01 4.609795409023849100e-01 4.517143992118415330e-01 9.472716032107522666e-02 1.398464246018641388e-01
-5.042016806722688926e-01 4.623675391445333793e-01 4.646214655800181004e-01 1.601908962878846321e-01 4.636622125071616640e-01 4.549096371456896604e-01 1.478442549960631291e-01 4.623547286433796755e-01 4.646183447225552543e-01 1.601796966768414821e-01 4.636844082981504966e-01 4.549191364275321225e-01 9.445704155189139917e-02 1.478924531764321815e-01
-5.092436974789915638e-01 4.678280044689189232e-01 4.680903876198553859e-01 1.613702563476710761e-01 4.665742073019333302e-01 4.597544551750915032e-01 1.541507903264185408e-01 4.678167617844756765e-01 4.680882208394437916e-01 1.613591267354679282e-01 4.665918861616992763e-01 4.597622534904760028e-01 9.405112057104073053e-02 1.541971162511182047e-01
-5.142857142857142350e-01 4.715386156647037308e-01 4.724582916450070225e-01 1.634605671449159137e-01 4.703395004133854584e-01 4.634490251990456833e-01 1.592009298964851549e-01 4.715286874078034041e-01 4.724569282315537189e-01 1.634494648629401248e-01 4.703537566537075443e-01 4.634550897153403293e-01 9.362774567398368664e-02 1.592453347051345780e-01
-5.193277310924369061e-01 4.740934735435864966e-01 4.757085459791163262e-01 1.728500459169121928e-01 4.749186336945749320e-01 4.684503422944699125e-01 1.583130367765979152e-01 4.740847228879506714e-01 4.757017925361198829e-01 1.728421292722769897e-01 4.749283771711566571e-01 4.684561357761340972e-01 9.294720666986766577e-02 1.583613017386122923e-01
-5.243697478991595773e-01 4.791222399307828450e-01 4.789063511209008528e-01 1.752115600998992440e-01 4.782266921637730595e-01 4.728268082594598298e-01 1.635814701118419867e-01 4.791131811154162312e-01 4.789082006402425318e-01 1.751987359244254749e-01 4.782337335178304949e-01 4.728300348872587211e-01 9.255517240163063653e-02 1.636265031436323070e-01
-5.294117647058822484e-01 4.835735617665822828e-01 4.826209923421755921e-01 1.773460856344542258e-01 4.814917078044514409e-01 4.769407326832563188e-01 1.690780428256094536e-01 4.835658244992322441e-01 4.826231005591932188e-01 1.773334957796045830e-01 4.814957905573659103e-01 4.769428216685817068e-01 9.212121082137256223e-02 1.691202594597021047e-01
-5.344537815126050306e-01 4.871527709029076503e-01 4.866553083576672378e-01 1.795711970884642517e-01 4.848992137379398715e-01 4.803868635938475240e-01 1.744129209327898167e-01 4.871460885054477719e-01 4.866580340867873167e-01 1.795589165317593716e-01 4.849010564539339985e-01 4.803876471193857522e-01 9.167661856994635539e-02 1.744525914877812500e-01
-5.394957983193277018e-01 4.913282578436948267e-01 4.902338176156286753e-01 1.824595965024148891e-01 4.882998259078794590e-01 4.844208641011322758e-01 1.790959420447905126e-01 4.913225327508451423e-01 4.902371376590205498e-01 1.824477251582500292e-01 4.882996695009483301e-01 4.844205098253762110e-01 9.124219414437806375e-02 1.791329208033019538e-01
-5.445378151260503730e-01 8.147478667146720865e-02 4.130317374125905827e-01 7.386797630147060589e-01 4.894507274482545744e-01 4.519247047568946685e-01 -5.078737778803339431e-01 8.147992299694081786e-02 4.130378188732834466e-01 7.386885032751768776e-01 4.894571845509591568e-01 4.519174164692938978e-01 1.562129563989589180e-02 -5.078681393018522616e-01
-5.495798319327730441e-01 7.672646257485810084e-01 3.391327831452281560e-01 2.842100307085457800e-01 7.295989686095155635e-02 6.502301819166682595e-01 5.928692240979360761e-01 7.672715070307760676e-01 3.391307415619970733e-01 2.842033436261279244e-01 7.295669599841599073e-02 6.502289024791059191e-01 8.084721472795462077e-03 5.928719812259017896e-01
-5.546218487394957153e-01 3.422983465602711939e-01 4.147500980798501935e-01 7.453925883301610877e-01 6.326245756992012748e-01 6.051562647867636535e-01 -2.685424357761053149e-01 3.422972524055067911e-01 4.147509538038779420e-01 7.453925950862383409e-01 6.326148730419172139e-01 6.051614987821150038e-01 5.447354534689691219e-02 -2.685462242502620889e-01
-5.596638655462183864e-01 6.260524583365226770e-01 4.307991661654518856e-01 2.296580710723737928e-01 4.105938115888657647e-01 6.399905316718238479e-01 2.145968681619855878e-01 6.260518601296785057e-01 4.308008884606832067e-01 2.296538678367468500e-01 4.105937342853909211e-01 6.399906505684260782e-01 8.147055032227884519e-02 2.146006379872263947e-01
-5.647058823529411686e-01 5.283618350626139160e-01 4.865545979945428701e-01 2.154800563383500733e-01 4.960555847106471461e-01 5.174385982280105267e-01 2.008489034313090116e-01 5.283686896658857934e-01 4.865573784306282401e-01 2.154547464068920226e-01 4.960424046153003586e-01 5.174242751014418440e-01 8.636780042581873595e-02 2.008845502935676652e-01
-5.697478991596638398e-01 5.351515211983404186e-01 5.584104988935478797e-01 4.599445961805295746e-02 4.945273740461415546e-01 4.664523730560439230e-01 3.656745111216685995e-01 5.351575704188089588e-01 5.584173079166266929e-01 4.597751109610972997e-02 4.945113752180592126e-01 4.664426617856644031e-01 8.569071714847700805e-02 3.656864568983838604e-01
-5.747899159663865110e-01 1.970630539416696192e-01 4.298755018984559140e-01 7.881655635014243044e-01 6.144035836706571718e-01 5.507438944447928808e-01 -3.940932104219536658e-01 1.970659499854999497e-01 4.298747867630108299e-01 7.881653924533158495e-01 6.143786246235682924e-01 5.507497634837514866e-01 3.657865955413741599e-02 -3.941038975408582279e-01
-5.798319327731091821e-01 5.162161590539130485e-01 6.534366444732064849e-01 -4.243421121634345650e-02 4.103033732686344193e-01 3.951303259907559262e-01 6.124627662688939544e-01 5.162169906778578676e-01 6.534392752650979297e-01 -4.243446874351139431e-02 4.102987574400828175e-01 3.951298160426347517e-01 6.570453087953952165e-02 6.124620238274458561e-01
-5.848739495798318533e-01 1.017721156456469350e-01 4.606002014179949589e-01 8.050671576227551585e-01 7.163241080530663440e-01 4.591927599297899731e-01 -3.702014461287739255e-01 1.017723070870649171e-01 4.605999824001760778e-01 8.050667883112043732e-01 7.163239004692610878e-01 4.591925196109394869e-01 2.601463861145080630e-02 -3.702006180402418467e-01
-5.899159663865545244e-01 3.747861772165676092e-02 2.845492204806918113e-01 -1.174531395971728231e-01 2.026905901075450878e-01 2.054579084423021063e-01 1.307190322804686056e-01 3.749159673792695768e-02 2.844737724615265528e-01 -1.174605489969989813e-01 2.027582145038044903e-01 2.054559536059386016e-01 1.658214157430875062e-03 1.306506968904291854e-01
-5.949579831932771956e-01 -2.697360770051810963e-01 -1.660148021322498668e-01 1.063085942079760871e-01 2.993590986815143351e-01 1.609385605994305968e-01 2.688190986082983347e-02 -2.697727479493209346e-01 -1.659849294268803122e-01 1.063287499581838103e-01 2.993980887933439528e-01 1.609549711786272264e-01 -1.756364533765930602e-02 2.688399723198442448e-02
-5.999999999999999778e-01 -7.101738146244719607e-02 -8.126221650375153871e-02 2.329483541325282625e-01 1.352010600765827519e-01 1.344101574210614658e-01 -1.846391939209231503e-01 -7.104560914737087507e-02 -8.140188051394994795e-02 2.329674940673991945e-01 1.351967916892288790e-01 1.344701444133548363e-01 -1.133485618326312248e-02 -1.845305559594937472e-01
