#kx=0.0, ky=8.0, Jx=1.0, Jy=1.0, Jz=2.5, h=0.08
-0.11777534969200892 0.04794313706670955 0.06899478780648982 0.09505159113875838 0.12729558609283986 0.24520961879227254 0.3099281308553384 0.39001137634031435 0.41659663063918145 0.44097411782460416 0.5443350183271765 0.6484926791112241 0.6923052173118815 0.6950832358078083 0.7114638952158476 0.8959735145576825
#kx=0.0, ky=6.0, Jx=1.0, Jy=1.0, Jz=2.5, h=0.08
-0.11660679181007344 0.04740665369900021 0.06534674210710079 0.09959158993947825 0.12828397710975983 0.23537810698812187 0.33510053284196883 0.3949415529109901 0.41492812280840996 0.44653720662396845 0.5425834901001149 0.6524343444578807 0.689989283212062 0.6944307907977927 0.7083396887539064 0.7490023659068907
#kx=0.0, ky=4.0, Jx=1.0, Jy=1.0, Jz=2.5, h=0.08
-0.11825441491458138 0.04520668296907582 0.06751790863121593 0.08736509177690277 0.1343242111771214 0.22537318326568434 0.3668951052588519 0.3781828573103362 0.39374825195823293 0.4199484285756309 0.4486158715972768 0.5951160112909448 0.6539667904497206 0.6765179571138801 0.6910418646977907 0.7043838343991888
#kx=0.0, ky=2.0, Jx=1.0, Jy=1.0, Jz=2.5, h=0.08
-0.11702514778375966 0.02353927295038427 0.0426309994472483 0.07458097332587604 0.08316918141210172 0.14150284251766376 0.2382321212681789 0.3747937532998238 0.38914032250899644 0.43386786178693815 0.4633333440049447 0.6056020842162864 0.6513615573992606 0.6691070491012185 0.6861006243073804 0.7063267098107119
#kx=0.0, ky=0.0, Jx=1.0, Jy=1.0, Jz=2.5, h=0.08
-0.3050044365027334 -0.11714402564276699 0.04831140757491226 0.08121077081561817 0.09648223442574452 0.15914860821005086 0.2550975901594533 0.38320932202553415 0.3881868023773495 0.4458869993279868 0.48201082999252 0.5223184479648647 0.6412109765323759 0.6639417452336744 0.6945811587719073 0.8326661938544071
#kx=4.0, ky=2.0, Jx=1.0, Jy=1.0, Jz=2.5, h=0.08
0.022943797260624288 0.043091434811789286 0.07100916990625034 0.08244694141421327 0.1544078010869803 0.20933124508862952 0.3610610294517399 0.38003104506689855 0.38933315997683626 0.42730941164289377 0.45764628277156133 0.5706836027901352 0.6565234204559423 0.6780328422257934 0.6946355113004463 0.7043816559012044
#kx=8.0, ky=4.0, Jx=1.0, Jy=1.0, Jz=2.5, h=0.08
0.050913262288986405 0.08135392608966763 0.08807757978881581 0.12490154493544287 0.2225139353826163 0.35543649811560074 0.38309188457817916 0.38896217599996946 0.4079160457882126 0.43293173790852874 0.5930673159231409 0.6621898065418406 0.6812264729299149 0.6927129463289337 0.711773340312954 0.8953778837614244
#kx=12.0, ky=6.0, Jx=1.0, Jy=1.0, Jz=2.5, h=0.08
0.04527931160846077 0.06747644104581996 0.0845025965637346 0.1270122465545526 0.24410201685338578 0.31703455958404436 0.36457834457886495 0.38982561872669025 0.4027435033986604 0.4418488778304402 0.5601138063580335 0.655225831829913 0.6801652735765611 0.6975283395684431 0.7175605774663225 0.7483496486289843
#kx=16.0, ky=8.0, Jx=1.0, Jy=1.0, Jz=2.5, h=0.08
-0.11777534969201048 0.04794313706671033 0.06899478780648927 0.09505159113876271 0.12729558609282446 0.24520961879228348 0.30992813085533755 0.39001137634031574 0.41659663063917973 0.4409741178246031 0.5443350183271707 0.6484926791112264 0.6923052173118807 0.6950832358078116 0.7114638952158598 0.895973514557683
#kx=14.0, ky=8.0, Jx=1.0, Jy=1.0, Jz=2.5, h=0.08
0.028645349388928487 0.043185107173603465 0.07034762239993214 0.09077055686424515 0.1400149707288909 0.23073292381316757 0.3084946115765363 0.37719368978829426 0.4110516295231172 0.4372067122696611 0.5534983328151626 0.6479893061533616 0.6910248707120781 0.6953981685938136 0.7201010562959358 0.895937931313725
#kx=12.0, ky=8.0, Jx=1.0, Jy=1.0, Jz=2.5, h=0.08
0.04156912191986378 0.07129361001052986 0.08676241211609004 0.14372748035112193 0.22438628853344067 0.29877575895967556 0.34571920153479063 0.387629223737416 0.3963738621161661 0.43292110287125246 0.5649026727676207 0.656074660310066 0.6846377754307749 0.6975152717177342 0.7224406872570218 0.8962295601041381
#kx=10.0, ky=8.0, Jx=1.0, Jy=1.0, Jz=2.5, h=0.08
0.04331480897545442 0.07133027484883275 0.08427095375316362 0.14133974100880695 0.22303621399270396 0.29930011538517487 0.33479161064867946 0.38099022026428275 0.4299041404135388 0.5605091492318179 0.6615204697551605 0.6821076876173694 0.6986967089148047 0.7105653478722155 0.7539225685658717 0.8965729005635843
#kx=8.0, ky=8.0, Jx=1.0, Jy=1.0, Jz=2.5, h=0.08
0.04709359154152454 0.07755175468894704 0.08439452011806153 0.1394709741294045 0.22166357047523083 0.30086104357459714 0.3467300817781017 0.376687995319995 0.4284300828089888 0.5680349672022594 0.6640664678997956 0.6815750870731656 0.6964507069583695 0.7101648176494819 0.8942020471794744 0.8995614575510618
#kx=6.0, ky=8.0, Jx=1.0, Jy=1.0, Jz=2.5, h=0.08
0.04773533572223487 0.08279944761163 0.09302412821245348 0.13020156072900055 0.2293000791231966 0.30479142876316623 0.3628259336461588 0.3813799013130851 0.4297978877965721 0.5863538815816138 0.6643502287934426 0.678626655448811 0.6903987406257248 0.7067070370693578 0.7476684063072696 0.8971311250311278
#kx=4.0, ky=8.0, Jx=1.0, Jy=1.0, Jz=2.5, h=0.08
0.047907156494106484 0.08153111524063733 0.10264735563704691 0.11895224130250856 0.24373232472466813 0.3079245076472557 0.3737070076810213 0.38827752485806877 0.3975944412031895 0.43197191998970846 0.5967644196327578 0.6557527060257974 0.6791455297339997 0.6872750277895385 0.7013131614556729 0.8971336482234513
#kx=2.0, ky=8.0, Jx=1.0, Jy=1.0, Jz=2.5, h=0.08
0.026948229530964984 0.04954739363629712 0.07503231858762055 0.10069461678153191 0.12302541831112862 0.25481176304933495 0.3131217425159904 0.3865829954359541 0.4062010738182857 0.4368448434259431 0.5705002002863153 0.6528785460489155 0.6813274264666999 0.6909712147140951 0.703216636986578 0.8966475106277536
#kx=0.0, ky=8.0, Jx=1.0, Jy=1.0, Jz=2.5, h=0.08
-0.11777534969200903 0.04794313706670944 0.06899478780648971 0.09505159113875827 0.12729558609283975 0.24520961879227243 0.30992813085533827 0.39001137634031424 0.41659663063918134 0.44097411782460405 0.5443350183271763 0.648492679111224 0.6923052173118814 0.6950832358078082 0.7114638952158474 0.8959735145576824
