1.000000000000000000e+00 1.761372030087370588e-01 -5.413597459202890150e-09 4.010260145108655028e-01 2.240417633961175325e-01 -4.901752087560495852e-09 4.943957954161166679e-01 7.316207695229337560e-09
1.050000000000000044e+00 1.724087737374857821e-01 1.414425271351049673e-09 3.902769931424702188e-01 2.322638362126647482e-01 -9.055678901193076058e-09 4.799025283983564538e-01 -1.135045288314096013e-08
1.100000000000000089e+00 1.690259042488252983e-01 6.745960234866288374e-09 3.787687041923344933e-01 2.435682772671925178e-01 -1.120705010737577112e-08 4.635577662312612146e-01 -6.307628613866356204e-09
1.149999999999999911e+00 1.664032277131142767e-01 -8.212081847869256990e-10 3.662255591674750121e-01 2.592492531327525995e-01 1.265105145642486661e-08 4.447855578281562083e-01 1.866775406478282662e-08
1.199999999999999956e+00 1.649256877291312429e-01 -4.879005061075858407e-09 3.520893300120033764e-01 2.812814392531064467e-01 -7.027890353006327473e-10 4.225369710350339592e-01 -1.401326879535425007e-08
1.250000000000000000e+00 1.650177002044603269e-01 -8.677330104456260074e-09 3.358118100287441621e-01 3.116591292699845694e-01 -5.807127848034276951e-09 3.957898319086176064e-01 -3.350893951203914867e-09
1.300000000000000044e+00 1.706676087667531316e-01 -3.999873546267629365e-08 3.178120984350666367e-01 3.653969392849317210e-01 -5.294803764877009655e-08 3.597239479456897371e-01 -6.035617133859361161e-08
1.350000000000000089e+00 1.614154821935662731e-01 3.350232807841635463e-08 2.885662445635494011e-01 4.009241346666184702e-01 6.823624478652368097e-08 3.217612488372706969e-01 6.387436959909287282e-08
1.399999999999999911e+00 1.594010320988973328e-01 7.528676376766796352e-09 2.608933825582490651e-01 4.479964852099356798e-01 3.038859073406507960e-08 2.799930407496901141e-01 1.812318123350920018e-08
1.449999999999999956e+00 1.505050609374600501e-01 2.917037084104734390e-09 2.278564146004787572e-01 4.899650081680397284e-01 1.863560311621270671e-08 2.363336083501213492e-01 3.231201933795446735e-08
1.500000000000000000e+00 1.283404640094243931e-01 2.583807026668161200e-08 1.734196318303350415e-01 5.360970717569667476e-01 6.172069785814748855e-09 1.721136822749536055e-01 1.162993468195594460e-08
1.550000000000000044e+00 1.243943379970155888e-01 -9.641476880761779000e-09 1.666311599371463337e-01 5.414256723420487472e-01 1.787325839414100059e-08 1.633588157905804250e-01 -1.640173774575259813e-09
1.600000000000000089e+00 1.197925921132869664e-01 -2.003066532085817641e-09 1.592153778346806214e-01 5.467184957421501457e-01 2.632428284382593020e-08 1.539771646656976078e-01 6.656771023294538736e-09
1.649999999999999911e+00 1.145778829312125852e-01 -5.967750627000611985e-09 1.512529486808570356e-01 5.519357166739176090e-01 -3.838506698605748113e-08 1.440099922926259268e-01 -7.300293980438965491e-09
1.699999999999999956e+00 1.088015034797355923e-01 1.565925793201028426e-08 1.428025944811840975e-01 5.569081532562032422e-01 2.497468357121057636e-09 1.336742556650453717e-01 -1.058806770037890033e-08
1.750000000000000000e+00 1.027377511341622529e-01 1.663677899610416233e-08 1.341918286717371234e-01 5.614094830896024790e-01 1.073105717480649091e-08 1.234517522205034606e-01 5.242801637272975768e-09
1.800000000000000044e+00 9.432509175742037622e-02 3.294019991495478195e-08 1.249756287954934819e-01 5.651832896432862352e-01 1.770039914639198741e-08 1.137989680205867965e-01 2.491065426157845764e-08
1.850000000000000089e+00 8.959158050051399536e-02 9.194168835990890187e-09 1.183414194349849402e-01 5.680491250111399104e-01 -6.714137475161141566e-09 1.061957843104558430e-01 1.080821543375520832e-08
1.899999999999999911e+00 8.500120117927119356e-02 -5.237674224889410368e-09 1.119444136807726115e-01 5.705826182576407835e-01 1.381201766847972578e-08 9.903029663456931753e-02 -3.587795061044118938e-10
1.949999999999999956e+00 7.999313610228690752e-02 -1.344255551316564379e-08 1.054286716390080009e-01 5.732410812087688212e-01 -5.519438267542753351e-09 9.123266685138262111e-02 -2.389991426987592149e-09
2.000000000000000000e+00 7.559040900839469890e-02 3.306578892636746758e-09 9.975462400175111322e-02 5.753798074324192324e-01 8.968556258759363686e-09 8.452834441468481952e-02 7.912005994814563792e-09
2.049999999999999822e+00 7.192287489823147306e-02 1.084980385396283609e-08 9.518344960747611438e-02 5.770564037712182515e-01 -2.871802267517820084e-08 7.901647170934980591e-02 -9.324752470174502150e-09
2.100000000000000089e+00 6.887373576445386669e-02 4.999308952924330640e-09 9.200855021449792781e-02 5.784656633887539368e-01 -1.085749223861398605e-08 7.435665880204590794e-02 -8.389049677148818773e-09
2.149999999999999911e+00 6.603934025983963785e-02 4.494520064457496744e-08 8.912837671817135099e-02 5.796971483980257744e-01 2.364515681169132577e-08 7.009252506317292797e-02 4.497025696270640083e-09
2.200000000000000178e+00 6.336790297363811830e-02 2.079521259357175467e-08 8.618313260043289348e-02 5.807495011305978672e-01 1.610945497831917095e-08 6.619708934664285394e-02 1.074719602200957524e-08
2.250000000000000000e+00 6.091889911660881840e-02 3.795054062671887607e-10 8.341493830480636862e-02 5.816536554052229580e-01 -2.572011138790575302e-09 6.268907271107521106e-02 1.796297172118599406e-08
2.299999999999999822e+00 5.913342085134928872e-02 1.740772233999043905e-08 8.075033481882712416e-02 5.825715626165621774e-01 -2.023319781857546573e-08 5.956935127557017040e-02 2.417289879375061901e-08
2.350000000000000089e+00 5.669908276529769808e-02 -1.382338232110147391e-07 7.705300533785824912e-02 5.835339618253261307e-01 -1.308172246083927348e-07 5.608867075167603411e-02 -1.438566508138450217e-07
2.399999999999999911e+00 5.268658792511256989e-02 -2.481174342372494124e-08 7.416068378129422878e-02 5.838806654548376329e-01 1.436471839394437566e-08 5.362422910607658744e-02 2.179927960366256912e-09
2.450000000000000178e+00 5.067621548963550937e-02 9.962704359406382437e-09 7.161177704633947538e-02 5.844580572351363301e-01 7.736214328868395995e-09 5.096091343075760671e-02 -1.642396052492500758e-09
2.500000000000000000e+00 4.883514373551069154e-02 3.224705256987814295e-08 6.923403748105315392e-02 5.849613549421350811e-01 4.022986483526169721e-08 4.856641256110737909e-02 2.682808358800414794e-08
