#kx=6.0, ky=6.0, Jx=1.0, Jy=1.0, Jz=1.0, h=0.1
0.1795552919004334 0.00010725254233712628
0.1958585646276062 4.851272512528776e-06
0.22390232600061677 2.366857510019458e-05
0.2426191131971306 1.927041361459785e-05
0.260154345001784 4.2522788172383286e-05
0.29175030876980423 4.185914729089328e-05
0.32061539532969974 4.9609880465939766e-05
0.3295569651698732 4.49833630108472e-05
0.3393073478797143 4.634614353676954e-06
0.35871564232627773 6.96580391738735e-06
0.36946012594467836 2.104827330543814e-05
0.3842436928829873 3.78883559983023e-05
0.3985464881924433 3.992291750984218e-05
0.41075769919817373 2.6209011006378015e-05
0.4159518290336067 9.417614277331317e-06
0.4221936920782615 7.642744618398389e-05
0.42508410926361206 2.6002269979152504e-07
0.4336654512368532 6.30956770829421e-05
0.44388329063361986 7.003661805477323e-06
0.4565117722070755 1.8581810392722842e-06
0.5942163484708546 4.9582064884245885e-05
0.73105350994219 0.00017034151782451836
0.800966082089335 0.0003397718943048804
0.8597879979127532 0.0005200677134224804
0.8750250356656941 8.809187453918871e-06
0.8909956460725915 3.566446196635315e-05
0.9052536867723793 4.517400517825436e-05
0.9330865817084399 0.00013212543512140977
0.9420365620453741 0.00018677819206370803
0.9475778372607241 0.00025455638205138984
0.9583417890292883 9.378722857639344e-06
0.9807886961087575 5.0335025380196824e-05
0.9863280993727569 0.00015729795125071978
0.9957493185097943 3.9470612757385244e-05
1.0104856911814437 0.0001346179095194792
1.0361974624198993 9.586202938651026e-06
1.0502793194070048 0.00011397306549687672
1.062760067124232 0.00010308599035209134
1.0848703023439654 9.011182869578274e-06
1.1030673812183984 9.528652750559324e-05
1.1228267603397675 1.876138073134527e-05
1.1305218322816164 0.0009435586688960873
1.1518186945126063 8.205047706455796e-05
1.1860207811778611 0.00015490981925977065
1.1971577266665123 2.5196077590096234e-05
1.2128377026900168 0.0001524971160122934
1.2229021744825053 0.0007759556767772307
1.2386939336428267 4.486148832536712e-05
1.2966019305479426 2.2597865193114872e-05
1.5148658277993747 2.7112686490055147e-05
#kx=5.0, ky=5.0, Jx=1.0, Jy=1.0, Jz=1.0, h=0.1
0.06198251475911798 0.0001300274905802419
0.1831636951229465 1.6877779557047117e-05
0.19638904927418988 1.66918309887073e-05
0.22375545582095702 2.214424711086178e-05
0.2401012152887122 3.561128271891219e-06
0.25834116175978916 3.0301231399072223e-05
0.28743183402247074 1.576593087469584e-05
0.32013250839367235 5.722298727316477e-05
0.3294373034777215 7.841719873956993e-05
0.34015976275389215 1.945841749439668e-08
0.36645644997451876 1.4102287883456235e-05
0.36739610022593183 1.596211144638936e-05
0.3911803934911151 2.745110899733791e-05
0.39984153867924754 3.5404986030733404e-05
0.4111912902069176 9.206302176397089e-06
0.4167131017144238 1.2517515482320568e-05
0.423868664436865 4.7541980022682e-05
0.425725252628556 4.411886843602926e-06
0.43455416550436554 4.4285921882744324e-05
0.44509370543058924 6.928897147938927e-07
0.4587589392001262 2.122711331709428e-06
0.6093413458565117 0.00010213959920040526
0.7677775742868259 0.0002589697774668792
0.8450957317245011 0.0003716123935086497
0.866120723421196 0.00025723508033567016
0.8922647734918515 1.2510034428778529e-05
0.9079180041938867 8.078779307298096e-06
0.9142538177215381 0.0001007342366006235
0.9394868623470742 0.00029925599004696895
0.9433140520731664 0.00016975044848667058
0.9576443568395432 1.2883158311862272e-05
0.9659394167257979 9.079727621779399e-05
0.985319592262256 3.742527885175279e-05
0.9955610481648902 0.00010363307289291454
1.0050380296794232 4.4547304408029124e-05
1.0199074296609234 0.00012892537310308063
1.0414235370525415 2.1136012189229778e-05
1.0523146624785074 0.0002269767482757202
1.0782829731543564 4.427081832295697e-05
1.0943715787969426 0.0001392780548566511
1.1191311799396275 7.049878538839568e-05
1.1379475867297821 0.0003887446873165733
1.143994048081186 1.9783968188562e-05
1.1818559728546214 3.3731671640144426e-05
1.1882929390497816 0.0003373363219345678
1.209221062572066 0.0002169889771750796
1.219929605094261 0.0003362905072856352
1.2241153244315446 2.3592307842214536e-05
1.287415850535898 4.408426773488902e-06
1.3311099482831013 5.150806420644099e-06
#kx=4.0, ky=4.0, Jx=1.0, Jy=1.0, Jz=1.0, h=0.1
0.17783203495449318 8.878236104154428e-06
0.19979808903157814 1.2440139876524816e-05
0.20443968813828928 1.5043909528199898e-05
0.23854431540279442 3.3216264662077875e-06
0.2586641943625212 1.1493793795460871e-05
0.27988872937846243 2.060962296057669e-05
0.3207332378177241 3.158439045238569e-05
0.33043769388126254 8.511283755591119e-05
0.3405480362637492 1.2210650695547358e-07
0.3546938994764842 2.894909822820317e-07
0.36689032173943925 2.5926860992714223e-05
0.38661415880034855 3.374624080873874e-05
0.3980102063339308 3.3124467436198286e-05
0.41065524762041394 8.469041635689508e-07
0.415283381758047 1.337549831025747e-05
0.4188939545509718 3.454187498172203e-06
0.425055774775398 2.832769904377786e-05
0.42966201089141176 2.2966635999560312e-05
0.43632961384147295 1.6988479745358515e-05
0.4550112615719548 5.760048423501946e-06
0.5444647847679746 2.2989680463816783e-05
0.6252466649751581 0.00012921229803661323
0.7666304038121807 0.00023733565360609438
0.864183342440088 0.0002336971970821287
0.8899543939166554 0.0001133244590773239
0.8953540419674627 2.3775910801991694e-05
0.906267361850982 1.2611158041379144e-05
0.9260833614232422 0.00017888520142524228
0.9377372413629681 0.00022735102590329233
0.9507180487974781 4.956062882958968e-05
0.9612506074451732 1.40589615636969e-05
0.9709536227195087 0.0002768429083093269
0.9885664575241565 2.04986291313581e-05
0.9972671857078835 0.0001430542424800637
1.0083262904629275 3.574115617304162e-05
1.0306630149109863 7.46634146675985e-05
1.043672480960311 7.658021497181754e-06
1.0525782940150803 0.0002652394805552889
1.079701229706569 5.804380621304675e-05
1.090738378472293 0.00015819710543238998
1.1126432261840602 3.072680504552025e-05
1.122839222607287 1.4900149257337643e-05
1.1464643960904315 2.9042450455429726e-05
1.15556811336424 7.118647888604703e-05
1.172607861290262 0.0001807667263334472
1.192357096663243 0.0002988999872113978
1.2058064357869673 1.122079091430586e-05
1.2193610252703464 8.955974882858432e-05
1.2477015320696982 3.978889532342707e-05
1.297290417913926 1.7385645738745353e-05
#kx=3.0, ky=3.0, Jx=1.0, Jy=1.0, Jz=1.0, h=0.1
0.1835057174668181 2.1063094748294976e-05
0.19940304220164295 2.5066488096625404e-05
0.20537267298220474 4.261697302269342e-09
0.2392484476961515 5.482766406973068e-06
0.26151297534695306 4.413283687870699e-06
0.2747059511828659 2.5654572659396437e-05
0.3232280439010521 2.2722608595014506e-05
0.33077577744912046 6.338980787766366e-05
0.33987316515675103 1.9585011855244582e-07
0.35670029597724306 7.310170613489033e-07
0.3669899831782575 3.407189492059366e-05
0.3876879157470986 3.558902539401074e-05
0.39852697743979315 2.5864323028697742e-05
0.41034406857516914 1.2661501534974808e-05
0.41206897187141545 1.659454452638479e-06
0.4199342234862746 3.821152673283212e-06
0.4254481659791559 2.0623473714506013e-05
0.428315824879002 1.0214190244508729e-05
0.43528232387929855 1.3286720675921288e-05
0.454141768291203 1.7138980809175262e-05
0.5290089945961313 3.790153455750199e-05
0.6126630000191413 3.9708543622672655e-05
0.7679917173198103 0.00016946260738324296
0.8611587484573313 0.00021608990410590883
0.8817053070012376 4.764904202904728e-05
0.8958529340795696 4.434421431675878e-05
0.9016921368732206 4.0801155871222604e-05
0.9183193102537635 3.597266152952416e-06
0.9352640582371163 0.0003909551896077522
0.9420713541805986 6.576991360016726e-06
0.9564005413230453 3.6778589640613317e-06
0.9625578955569808 7.51503087329581e-05
0.9790047524415674 0.00023798070292581664
0.9902411131835981 7.638000766740244e-05
1.0039131206424745 9.305477143280164e-05
1.013607805979087 2.2682891525832072e-08
1.0229545920344814 6.20701687095576e-05
1.044739933404761 4.124713941572868e-06
1.056802798824283 0.0002977802733308251
1.0759771926468136 6.033524726510913e-05
1.0830457190725584 6.237609295323426e-05
1.1147369538549197 1.460095335589495e-05
1.1439352103177414 5.561839725652814e-06
1.1580300560590855 4.440794096053504e-05
1.1713653031414706 9.573203575167381e-05
1.1840876973203969 0.00010483592473490666
1.202822192714827 8.590473776028485e-05
1.2194304867900425 5.2116804459336494e-05
1.2372511779710826 5.099071280120814e-05
1.2932713596444474 4.524700918378317e-05
#kx=2.0, ky=2.0, Jx=1.0, Jy=1.0, Jz=1.0, h=0.1
0.18965928738162385 1.080908665689028e-05
0.20045062405447733 5.0925073912570953e-05
0.2101351208172586 6.308213418696618e-06
0.23978811391623334 2.3489658678596828e-06
0.25909150844821205 1.6075149441681223e-05
0.2755602342932495 1.1051581464103888e-05
0.32441262932598525 3.0131821914320204e-05
0.3307390101663271 1.4332433927495308e-05
0.33385377948459416 1.0437615387803932e-05
0.3473494056945492 2.0570373633456583e-05
0.36210894299773644 6.216751610177062e-06
0.3777674023932698 3.7054332366332184e-05
0.38997230842391817 2.246863704232703e-05
0.40175034027921386 1.5730599021852422e-05
0.4125621313561162 1.114671063448592e-06
0.4182516425400279 4.755417219176057e-06
0.4221438767235003 2.4379606539464713e-06
0.4259284580379852 1.699239372707947e-05
0.4315489852695481 1.1345954729184225e-05
0.44094593183804875 1.630915815581469e-06
0.45425149578848134 3.613629588148727e-05
0.6057094188080514 7.174207457425003e-06
0.7636062868049848 4.507186739918361e-05
0.7694992025275305 0.00014166870025570074
0.8516453173262667 0.00018988536179429623
0.8852045488498506 3.55570425930964e-05
0.8955729017988406 0.00012666953321752874
0.9115646871367983 1.528117431871663e-05
0.9282911549634948 0.00014244142542843953
0.9452803555190159 6.854019519725807e-05
0.9531540472694822 1.5497280932829775e-05
0.9663643070374273 5.409960851229209e-05
0.9805400673500947 8.130450339129999e-05
0.9871044659631262 0.0001892860327917126
0.9993932705928044 4.6717083548724796e-05
1.0119571134755634 3.6629626749384437e-06
1.0204596818423817 3.3506475348111026e-05
1.041180485867565 5.432579472653662e-06
1.0571654947666325 0.00027676023844822457
1.063690429200358 0.00010224874508244084
1.074827780795351 2.1347100262431927e-06
1.1081818336288918 1.9421223319404208e-05
1.1304636320389294 2.261375623039083e-05
1.1565536384600794 5.9999750404203065e-06
1.167030132021759 0.00010526627712225293
1.1780041017708398 1.1079507051324109e-05
1.2066498352171373 2.5470383868545517e-05
1.2172843545545269 3.640951712505079e-05
1.2257048091061395 0.00011178983913895617
1.2838541377388806 7.952933293575376e-05
#kx=1.0, ky=1.0, Jx=1.0, Jy=1.0, Jz=1.0, h=0.1
0.04385970476563694 7.455287697692858e-05
0.1893895068962359 1.430520841563468e-06
0.20558580096083856 4.2791076014055745e-05
0.21308644512581576 2.2414236826376194e-05
0.2465079767728684 2.2407236809581754e-05
0.2535892827446179 1.6674242342806965e-05
0.2717997206596362 3.121235645794102e-06
0.3006033876662001 2.535827170180288e-06
0.3285845150541289 2.2676158806143885e-05
0.3334332765316861 7.37606079339881e-05
0.3396279224814669 2.0619165345202096e-05
0.36736711156295176 1.4663569000659933e-05
0.38839667485307705 0.0001579941240718787
0.39822347879631625 4.4401787152227565e-05
0.40324230248641235 4.390958108430458e-05
0.41344450853466497 3.451658375465129e-05
0.4196523312805983 3.820740970496172e-06
0.4222370356751681 1.3389131860210124e-05
0.42672416609014996 1.9384615524928813e-05
0.43294668183055607 2.079527710309194e-05
0.44206677898531443 8.3790615801783e-06
0.45522018356719374 9.054719432401808e-05
0.573508323490462 1.0795117565855116e-05
0.6144418435929505 3.108979907282026e-05
0.7729181879017705 4.540328856879535e-05
0.8462691610279877 0.00015505784197211389
0.8841761944073917 8.80393465728225e-05
0.8888578587186219 0.0001601622273589776
0.9022846782777882 0.00012698020380697334
0.9168583682187259 2.9425226566203275e-05
0.9291612497173446 8.613092764611936e-06
0.9476612053410782 8.986068044488773e-05
0.9511837504407433 1.3578827874300869e-05
0.9710563827071295 0.00011984544663455752
0.9845539764482875 0.00012994049934575365
1.0012389392701027 7.76333027408226e-05
1.0039349877747261 1.0799347002772343e-05
1.0180286284863809 2.260793722573784e-07
1.031256306257774 8.933899206459473e-05
1.0513487682827516 0.0001537367842268427
1.0659616433939179 5.7735651747080365e-05
1.0819093784301992 9.471379367412981e-05
1.1104647534435323 2.34889692420857e-05
1.1530871082103211 5.51016674465879e-05
1.1595833870690886 5.2445525268061316e-05
1.1847389840485334 4.0971611622959335e-05
1.204704810568014 2.1569310287255353e-06
1.2217446206783804 6.570514027306497e-05
1.2387250133459244 4.5985515877982653e-05
1.2736701489858038 0.00010203893893990369
#kx=0.0, ky=0.0, Jx=1.0, Jy=1.0, Jz=1.0, h=0.1
-0.009012052203669074 6.223630416809812e-05
0.1870199637753306 2.1157434492876937e-05
0.19662022918462474 5.145789726677344e-05
0.2115250938921842 0.00013805111983279897
0.24304617926400263 7.257720873628651e-05
0.25386230726809567 2.9748784711699064e-06
0.29561327988682995 6.44135977490037e-05
0.3122186444144259 2.7533686336732475e-05
0.3286222115159543 5.418948854016384e-06
0.3327257015607643 0.000728751373577213
0.34226606623105116 5.660341752279303e-05
0.3578324846881836 0.00016121995397281962
0.38768129572327115 0.000524844887865611
0.3903435497403329 0.0006853053355492005
0.4005902272524886 0.0003807175591173749
0.4134350148748467 0.0003757347364217332
0.41774295937056116 4.950270996713075e-05
0.4221976672667366 4.08803347636713e-05
0.4251569921423892 7.654143955362022e-05
0.43070302575591135 1.5045281208478669e-05
0.43470978098137325 2.4678228463362327e-05
0.4397625772649211 3.42318215152436e-05
0.45532729577000275 0.00045089370489507943
0.6189641514514405 3.9578672418211084e-05
0.7069642224232292 0.00031987472310037596
0.7877050526572754 1.9147715099000705e-06
0.8465454762567803 0.0002720048006398988
0.8714136847136889 3.058907619818684e-05
0.8907486328735115 0.00024965433086465813
0.9133776941631327 1.5851149978123438e-05
0.921810417859274 2.8041292399751687e-05
0.9363469560931476 3.127474952969972e-05
0.9483540588566169 4.9305376233267675e-05
0.970120997162654 0.00017298009874362058
0.978218988489899 0.0002577205546183595
0.9950453209930854 0.00013238732239947103
1.004557409174505 8.124877953306306e-05
1.015603426231169 9.167676827413487e-06
1.0231138288288317 6.58848438048944e-05
1.039234306033674 5.566113358207475e-06
1.0525166475010217 0.0001381692037405777
1.0722774882467256 6.042171821099848e-06
1.0896403302028563 0.0003680115350300748
1.1108793739456542 4.3139980480705586e-05
1.1560882930248688 6.432535601375769e-05
1.1632996717102517 6.249867433732431e-05
1.195973783275257 3.824422832838347e-05
1.2066399814086481 6.514302453999885e-05
1.2254708104442442 0.0001200738193660647
1.266666381204271 2.914193827595724e-08
1.2744940809818506 7.970500281987169e-05
#kx=1.0, ky=2.0, Jx=1.0, Jy=1.0, Jz=1.0, h=0.1
0.18777558860519072 4.75013345859025e-05
0.19986793756751997 7.226530715405542e-05
0.2114160911970575 1.5315270372978748e-05
0.24069631324949492 1.9091479764693948e-06
0.25940460931780485 1.143414479213029e-05
0.2756942638313892 7.314961806789393e-06
0.32371448178059037 3.755288796724792e-05
0.3301562214890802 1.473334088543055e-05
0.3342505826359493 1.0239777045710941e-05
0.3472415259081535 1.6858355250223407e-05
0.36224135186635587 9.331515292810404e-06
0.3776894463212588 4.730448227917242e-05
0.3895129007935372 3.553330416182973e-05
0.40192191528895527 8.51386262997718e-06
0.4129973970759748 5.778647371451018e-06
0.4184738259136206 1.1615161899345716e-05
0.42208667277570333 4.107374724761051e-06
0.42627616588865713 1.8937191997957072e-05
0.43165185768634984 1.4448605056568028e-05
0.44040885433502264 3.5187656526645245e-06
0.45457850445856374 6.175558585128202e-05
0.6087606754701175 1.7774281994068516e-06
0.7641703648792464 2.1428526945785707e-05
0.7716158126823874 0.00012265487807104912
0.8512379161205758 0.00020222277172705292
0.8872147212239267 3.7759830731909934e-05
0.8951605832077958 0.00012079518283595848
0.9095393766283327 4.3151418259781635e-05
0.9314351889067085 8.786977887853622e-05
0.9445842997780973 7.864735394084664e-05
0.9540414345029452 3.283470842468643e-05
0.9683924965954299 2.316729481975351e-05
0.9811122176745446 0.00010906050348184369
0.9890415156421467 0.00011312981416553694
0.9990624312145346 5.41133185594729e-05
1.0111380783254353 9.21938752249337e-06
1.0201624126721902 3.8507488555634075e-05
1.039438109916742 6.918302311738958e-06
1.0552221947858658 0.00012430400804960544
1.0569347116849777 0.00022632058157199452
1.0757289107893069 2.678298651304682e-06
1.1054424482194236 2.0321486567570486e-05
1.1156786477931009 7.38937703439733e-05
1.1538732599717438 3.872388882230493e-06
1.1642019929386986 0.00011504720678862463
1.1776597553856356 2.7035071765954817e-05
1.20613168308915 1.5176358526691086e-05
1.2172456162069456 3.4612641914208616e-05
1.2301176508390355 9.862132184632217e-05
1.2826499328253038 7.967610607914688e-05
#kx=2.0, ky=4.0, Jx=1.0, Jy=1.0, Jz=1.0, h=0.1
0.17591454561947883 2.2115798881744588e-05
0.193724837351667 0.00015083083167165962
0.2042978335032708 7.153450546686676e-05
0.23759601585281065 4.204440305970525e-06
0.2583070748499561 9.736625361001349e-06
0.2798907970891501 1.1062639334027818e-06
0.32230266852881273 1.2222231360366489e-05
0.3289124753753858 5.4392849827734466e-05
0.3393604639039066 5.541207211973793e-07
0.35833587173978776 2.5692854340753656e-06
0.36778523337975655 2.5868317522771646e-05
0.3887372359048946 4.641628716317936e-05
0.39880196151683533 1.0456840916601336e-05
0.4099627936917638 4.400630727154495e-06
0.4128285173862972 4.5085063418044485e-06
0.41952331614739824 6.8080445250422935e-06
0.4252199887764335 3.156910947834245e-05
0.42840670677318893 1.6859755910479745e-05
0.435820033944076 1.751139073108192e-05
0.4546161893765216 4.803330774980167e-05
0.5134474149193902 2.1136025129677462e-05
0.6211211696211633 3.540192828951051e-05
0.7688133673959224 0.00016168130448733522
0.8677676902612252 0.0002856946297166779
0.889943215570495 5.016603682328406e-05
0.8979326591568126 2.7326686772969616e-06
0.9096376393770972 2.8307674447113177e-05
0.934778080729049 9.595180230488132e-05
0.9390573660765839 0.0002761719103631498
0.9530223193549792 8.498402736936659e-05
0.9646082522961158 1.2339832819326209e-05
0.9761768568174101 0.00018640620950227525
0.9885792915918901 1.8793148856461602e-05
0.9991667882388833 0.00014701687649509474
1.009271792396253 5.777924860634644e-05
1.0259743606294318 4.74173194636008e-05
1.0496899148235932 0.0001359922153176424
1.0562860521479023 2.231018941181243e-05
1.0737621608686088 5.525575879555613e-05
1.089677844706996 0.00012580191972432015
1.1081127996030844 2.583231321847563e-05
1.1225823963304098 2.5683970918824947e-05
1.147199899117604 8.021108810819365e-07
1.1663736676679708 7.99406858677027e-05
1.1724541727826447 0.00011114730622642728
1.184504516335162 9.741139914141366e-06
1.2019451175958762 8.029886875640757e-05
1.2196557680141928 7.56827625829449e-05
1.24145503210989 6.700677563399144e-05
1.3045171912507274 3.417736587429444e-05
#kx=3.0, ky=6.0, Jx=1.0, Jy=1.0, Jz=1.0, h=0.1
0.16773343579249422 4.293693278255309e-05
0.18702747839694556 4.6193715712862975e-05
0.20096594180960992 0.00020155181203597151
0.23801308201066018 1.3858768933376683e-05
0.2583789445928031 1.2098551379727978e-05
0.29215102113587965 1.6051607246464487e-05
0.3200893742420302 1.3417178251912824e-05
0.3305515826379962 2.3060126721084685e-05
0.33872917488923515 4.2844876595571937e-07
0.3569804084152295 4.954803241379332e-07
0.3671775990209525 1.4393905752868537e-05
0.38894901002991755 2.744473599418935e-05
0.3972305046249752 7.2291239608563576e-06
0.40990734875956336 9.463650479660732e-06
0.41645190659667264 7.36147510545506e-06
0.4191215562373629 5.101560970533818e-06
0.4251896852903797 3.519397895061345e-05
0.4282503459146114 2.707050457945651e-05
0.4379679945800258 1.6159164002010227e-05
0.45464547044309966 2.5731738927593675e-05
0.5258960470511465 1.789291395801022e-05
0.6533688626406281 6.201283820139801e-05
0.7786591566832801 0.00021301608683670884
0.8567832301688622 0.0002055584559793948
0.8805223262944029 8.260252356079179e-05
0.8959374912026463 3.11130095749459e-05
0.9069873971872683 4.8629217849654885e-05
0.9236079229875616 5.386963612428901e-05
0.9353105893302466 0.0001490462290722584
0.9498423057842748 0.00023321836125122036
0.9617994696446064 7.237915319848572e-05
0.978981320821275 9.67240562263002e-06
0.9868593571494089 7.490460447828828e-05
0.9939882385400178 0.00020043956123631421
1.007951632641955 0.00023165037779647433
1.035234754065003 3.9875381480300975e-05
1.0495037863885819 8.903250430481249e-05
1.0677273239847451 5.43892454994833e-06
1.074475725869416 4.7228170379210146e-05
1.10075848929382 0.00016677440877468463
1.1129407462185725 0.00010423928182902612
1.1393136122382113 0.00010634927024784687
1.152292712284662 7.448626187269923e-05
1.1844971072694128 0.00022174598411906258
1.1990986911613093 0.00010911956241497594
1.2034656246053883 2.712933578246215e-05
1.2201335027386062 0.00014505885834546254
1.2412782647331673 4.349704462009466e-05
1.2528916806484236 4.843902220438925e-05
1.322157039005079 1.4926728049776827e-05
#kx=4.0, ky=8.0, Jx=1.0, Jy=1.0, Jz=1.0, h=0.1
0.17145993443419105 5.339944986472625e-05
0.18606916781699845 0.00012449243320806786
0.19954850471853303 9.086983365651692e-05
0.24157743529806042 1.2842276842642882e-05
0.27438452727526097 1.3406149694999484e-05
0.2933452956876137 2.392519479679277e-05
0.32212409263023434 5.460019391213947e-06
0.3319823320302878 7.097193150270022e-06
0.33812989403264104 4.100157874669402e-06
0.3590753301870836 3.3236380939328643e-06
0.36686347467669467 1.0512443957294215e-05
0.3881464385556871 1.192764062066603e-05
0.39893025113919733 4.679315130100698e-06
0.41038416087927077 5.782514791769866e-06
0.4173379769187091 2.1927780697562202e-05
0.4205829343600781 2.1696555313501366e-05
0.42306920027992967 3.7251981547166035e-05
0.4264822492835729 1.0215265838845132e-05
0.43823693991727475 1.410696230813712e-05
0.4531075673178414 1.3577870511271627e-05
0.5423136653290772 1.6656069503468167e-05
0.6711368961658076 2.472272062683001e-05
0.7850620220638566 0.00017319236778961074
0.8478665398402546 0.00010365516515660361
0.863989938436947 0.00011184523798868893
0.8797323836757687 9.652659900588738e-05
0.9057431343223671 2.7300629260034568e-05
0.9252525068040124 7.547348746149353e-05
0.9349699633873199 0.00013019174162732676
0.953704113096791 2.912198754725296e-05
0.9661449258687393 0.00010590593482791398
0.9801713337237455 0.00017106579692194814
0.9878132279258728 0.00010665264368326506
0.9968121157957754 2.653266757260296e-05
1.0121937814608812 0.00036939880695184655
1.0339351000091213 8.373063888479827e-05
1.0480861921480866 2.0414439862386282e-05
1.069429988847873 4.551260544336291e-05
1.0777376070693012 1.574203198680711e-06
1.1013938903332838 0.0001289297025253126
1.1105982559990146 0.0002623307184848872
1.1216313277865386 1.7579277340606476e-05
1.1294192337999327 0.0006149017103752812
1.1440374409643728 0.00012184165519861689
1.2037052720350339 0.00015028596542225207
1.2118901153768358 3.87074542730671e-06
1.2162198606086565 0.0003360898233066881
1.2243792380505432 0.0003650765227640303
1.3058703071864741 0.00014092966801639448
1.3363340550056069 7.913100321394391e-05
#kx=5.0, ky=7.0, Jx=1.0, Jy=1.0, Jz=1.0, h=0.1
0.10636967037864986 8.59296099994001e-05
0.18057493449535555 1.7294336582537582e-05
0.19877428234729932 1.4211139859692668e-05
0.2394554004787891 7.585064362428494e-07
0.25709642198498805 8.07626999445767e-06
0.26656389108603407 3.5639338324029195e-05
0.2954544207195342 2.4420594792263233e-05
0.3219419174085614 2.695211852396172e-05
0.33186121088637166 1.0835466676609034e-05
0.33979663812620686 3.2244698939990696e-06
0.3652134989420569 4.154392447482598e-06
0.3699833062077823 1.0878247286438324e-05
0.3890304713481818 1.6453877502362243e-05
0.39990070245642495 2.979757727810146e-05
0.4108670757227695 7.320148625217026e-06
0.4169975487260269 1.1005325562609348e-05
0.42286188818076054 2.7140776711946968e-05
0.42527293596556826 4.018140300043556e-06
0.4353553868937837 2.6467725690802598e-05
0.4425232935120754 6.01651456896301e-06
0.4650473651082876 9.941023335682977e-07
0.6261982008896549 0.00010658069326512583
0.7732266859723197 0.00012459334916899522
0.8481497465978249 0.000378901018623567
0.8577228191523678 0.00010452008286521416
0.8810048612714916 5.3874271770723465e-05
0.8963423622174654 6.2097513012653175e-06
0.9234749282766225 0.00012672936386056647
0.93044583941775 0.00018377325097438906
0.9434888159071475 9.702496845456768e-06
0.9593066676527862 0.00017659309885771564
0.9696552836719474 1.2546935340320275e-06
0.9829243232117874 0.00020952787904512723
0.9945199156631307 6.266838018398182e-06
1.009952977925899 0.00013647758016217592
1.0194584630020915 0.00015790004364699757
1.0434981941271086 5.131568569780646e-05
1.0563303321489 6.256473844810397e-05
1.0704780759768568 3.961554554340158e-05
1.0972430655796646 6.17712333412507e-05
1.1176461292094482 0.00014405020825367673
1.1302638962119316 0.0007843815940989578
1.1474136282163716 6.28546322407909e-05
1.170135989498145 0.00018253027898185948
1.2016145385844927 2.53364669142573e-05
1.2134843212797874 0.00021540073776656405
1.2224443330063306 0.0006418710622362988
1.225673771021489 5.8647650041616864e-05
1.2849644909543727 4.496376928430293e-05
1.4033164116191177 7.173778015748472e-05
#kx=6.0, ky=6.0, Jx=1.0, Jy=1.0, Jz=1.0, h=0.1
0.17955529190043173 0.00010725254233712628
0.19585856462760454 4.851272512528776e-06
0.2239023260006151 2.366857510019458e-05
0.24261911319712892 1.927041361459785e-05
0.26015434500178236 4.2522788172383286e-05
0.29175030876980257 4.185914729089328e-05
0.32061539532969807 4.9609880465939766e-05
0.32955696516987154 4.49833630108472e-05
0.3393073478797126 4.634614353676954e-06
0.35871564232627606 6.96580391738735e-06
0.3694601259446767 2.104827330543814e-05
0.38424369288298565 3.78883559983023e-05
0.39854648819244165 3.992291750984218e-05
0.41075769919817207 2.6209011006378015e-05
0.41595182903360506 9.417614277331317e-06
0.42219369207825985 7.642744618398389e-05
0.4250841092636104 2.6002269979152504e-07
0.4336654512368515 6.30956770829421e-05
0.4438832906336182 7.003661805477323e-06
0.45651177220707384 1.8581810392722842e-06
0.5942163484708529 4.9582064884245885e-05
0.7310535099421883 0.00017034151782451836
0.8009660820893333 0.0003397718943048804
0.8597879979127515 0.0005200677134224804
0.8750250356656925 8.809187453918871e-06
0.8909956460725899 3.566446196635315e-05
0.9052536867723776 4.517400517825436e-05
0.9330865817084383 0.00013212543512140977
0.9420365620453724 0.00018677819206370803
0.9475778372607224 0.00025455638205138984
0.9583417890292867 9.378722857639344e-06
0.9807886961087559 5.0335025380196824e-05
0.9863280993727552 0.00015729795125071978
0.9957493185097926 3.9470612757385244e-05
1.010485691181442 0.0001346179095194792
1.0361974624198977 9.586202938651026e-06
1.0502793194070033 0.00011397306549687672
1.0627600671242305 0.00010308599035209134
1.0848703023439636 9.011182869578274e-06
1.1030673812183966 9.528652750559324e-05
1.1228267603397657 1.876138073134527e-05
1.1305218322816146 0.0009435586688960873
1.1518186945126048 8.205047706455796e-05
1.1860207811778594 0.00015490981925977065
1.1971577266665108 2.5196077590096234e-05
1.212837702690015 0.0001524971160122934
1.2229021744825035 0.0007759556767772307
1.2386939336428249 4.486148832536712e-05
1.2966019305479408 2.2597865193114872e-05
1.5148658277993732 2.7112686490055147e-05
