#kx=6.0, ky=6.0, Jx=1.0, Jy=1.0, Jz=1.0, h=0.1
0.1795552919004334 9.397165371788608e-05
0.1958585646276062 3.087304731805264e-05
0.22390232600061677 2.3161733696100535e-05
0.2426191131971306 7.577793251082378e-05
0.260154345001784 4.792404442130235e-06
0.29175030876980423 3.6492721895640623e-06
0.32061539532969974 2.0586664077887294e-05
0.3295569651698732 3.032487317347548e-05
0.3393073478797143 8.721923871509909e-06
0.35871564232627773 1.0069214050928588e-06
0.36946012594467836 6.089519423647454e-05
0.3842436928829873 0.00030587400363255805
0.3985464881924433 4.610935329779231e-05
0.41075769919817373 1.0525074067082486e-06
0.4159518290336067 8.19233859898979e-05
0.4221936920782615 2.851580085363939e-05
0.42508410926361206 4.900476996548116e-06
0.4336654512368532 0.00012490771497300425
0.44388329063361986 4.136455704518341e-05
0.4565117722070755 1.7326594829471066e-05
0.5942163484708546 7.030468453892047e-06
0.73105350994219 0.00011563539993929155
0.800966082089335 6.300805011807269e-05
0.8597879979127532 1.4243548082975501e-05
0.8750250356656941 3.6638202434795602e-06
0.8909956460725915 1.985853708065372e-05
0.9052536867723793 1.2301581887390173e-05
0.9330865817084399 6.130371267460503e-05
0.9420365620453741 5.7419009164025414e-05
0.9475778372607241 0.00011687560446132248
0.9583417890292883 0.0001648404167683995
0.9807886961087575 9.896608368641209e-05
0.9863280993727569 0.00013454820268993844
0.9957493185097943 3.185325234692258e-05
1.0104856911814437 8.389454839197863e-06
1.0361974624198993 1.2860989044402383e-05
1.0502793194070048 1.1072882341435541e-05
1.062760067124232 2.1833141933625032e-05
1.0848703023439654 1.4788527836702364e-05
1.1030673812183984 5.503634130259607e-06
1.1228267603397675 4.8644826580359196e-05
1.1305218322816164 1.3706239584803311e-05
1.1518186945126063 6.861696762401895e-06
1.1860207811778611 6.899093770610543e-05
1.1971577266665123 2.8990394758119177e-05
1.2128377026900168 1.900637159136704e-05
1.2229021744825053 1.5234632531504952e-06
1.2386939336428267 2.5123653193587082e-05
1.2966019305479426 2.6604260042614177e-07
1.5148658277993747 0.0001374443605028478
#kx=5.0, ky=5.0, Jx=1.0, Jy=1.0, Jz=1.0, h=0.1
0.06198251475911798 0.0004769975073873648
0.1831636951229465 5.8677125968602534e-05
0.19638904927418988 1.254248146254306e-05
0.22375545582095702 1.2623304476803177e-05
0.2401012152887122 0.00010693139794137355
0.25834116175978916 2.0652284742422284e-06
0.28743183402247074 5.858361382371093e-06
0.32013250839367235 5.486283151870812e-05
0.3294373034777215 4.720144153527432e-05
0.34015976275389215 1.2730624882301233e-05
0.36645644997451876 0.00010106775884267805
0.36739610022593183 1.3403802840426615e-05
0.3911803934911151 0.00022939731370272203
0.39984153867924754 2.6041250281561498e-05
0.4111912902069176 1.7876138258938837e-06
0.4167131017144238 6.933603024341251e-05
0.423868664436865 4.4615284846542965e-05
0.425725252628556 8.861465484589337e-06
0.43455416550436554 0.00012897790922787415
0.44509370543058924 2.976452392484883e-05
0.4587589392001262 2.104808718374396e-05
0.6093413458565117 4.404307524595605e-05
0.7677775742868259 9.329877157347022e-05
0.8450957317245011 5.759551498516626e-05
0.866120723421196 1.0418201680135885e-05
0.8922647734918515 1.826949558954478e-05
0.9079180041938867 3.298045950927361e-05
0.9142538177215381 1.8278702488028103e-05
0.9394868623470742 5.457755012185867e-05
0.9433140520731664 4.752145578651911e-05
0.9576443568395432 0.000113426837619967
0.9659394167257979 8.208876452952398e-05
0.985319592262256 0.00020858875452288412
0.9955610481648902 1.4525815132979224e-05
1.0050380296794232 3.314617259701495e-06
1.0199074296609234 1.0225772820947019e-05
1.0414235370525415 1.9923326365174752e-05
1.0523146624785074 1.8610283033879712e-05
1.0782829731543564 8.401432175601517e-06
1.0943715787969426 4.053093479767754e-06
1.1191311799396275 6.588742292294505e-05
1.1379475867297821 1.561539349112124e-05
1.143994048081186 3.4735750699012115e-06
1.1818559728546214 4.132104151590847e-05
1.1882929390497816 5.218199422600753e-05
1.209221062572066 4.499359294503847e-06
1.219929605094261 2.175213494967096e-05
1.2241153244315446 1.9721802929177058e-05
1.287415850535898 9.58987929245031e-06
1.3311099482831013 0.00013103399647986059
#kx=4.0, ky=4.0, Jx=1.0, Jy=1.0, Jz=1.0, h=0.1
0.17783203495449318 2.7922421029892595e-05
0.19979808903157814 2.536831356248516e-05
0.20443968813828928 7.222379740596289e-05
0.23854431540279442 6.331048974464192e-05
0.2586641943625212 3.6148113586226954e-06
0.27988872937846243 5.198562109912188e-06
0.3207332378177241 8.182793647508238e-05
0.33043769388126254 5.3392304442055394e-05
0.3405480362637492 1.1554695843790601e-05
0.3546938994764842 3.196273581115218e-05
0.36689032173943925 2.3014049575333967e-05
0.38661415880034855 0.00026350526922725565
0.3980102063339308 4.635923741659093e-05
0.41065524762041394 3.0693812707597807e-06
0.415283381758047 4.848767784001492e-05
0.4188939545509718 4.447540815713802e-05
0.425055774775398 5.360558818246472e-05
0.42966201089141176 4.0529728348929716e-05
0.43632961384147295 8.63673159217198e-05
0.4550112615719548 4.143944185878432e-05
0.5444647847679746 2.75097989630907e-05
0.6252466649751581 5.753465054053328e-05
0.7666304038121807 6.897121212124527e-05
0.864183342440088 7.245509838924027e-05
0.8899543939166554 3.626707271436955e-05
0.8953540419674627 2.003529831788075e-06
0.906267361850982 0.0001129116852113199
0.9260833614232422 1.5007964440346577e-05
0.9377372413629681 1.9260211367297463e-05
0.9507180487974781 1.3705868978169074e-06
0.9612506074451732 0.00010978092601502538
0.9709536227195087 6.23459627169251e-05
0.9885664575241565 0.00013529595879364575
0.9972671857078835 2.6582984261116784e-05
1.0083262904629275 8.600205198576327e-06
1.0306630149109863 2.068561621805855e-06
1.043672480960311 6.071486642810915e-06
1.0525782940150803 3.420950069790611e-05
1.079701229706569 2.944446326345874e-06
1.090738378472293 2.523570498787325e-06
1.1126432261840602 0.0001497959268009183
1.122839222607287 1.3563238489678828e-05
1.1464643960904315 8.742494570359129e-06
1.15556811336424 4.0263876397121206e-05
1.172607861290262 2.6935449371664566e-05
1.192357096663243 5.0513943900440464e-05
1.2058064357869673 5.981475944174265e-05
1.2193610252703464 1.0648717506968047e-05
1.2477015320696982 0.0002327758227211084
1.297290417913926 2.3123325859280882e-05
#kx=3.0, ky=3.0, Jx=1.0, Jy=1.0, Jz=1.0, h=0.1
0.1835057174668181 2.5131198551386494e-05
0.19940304220164295 8.109830762527458e-05
0.20537267298220474 9.778237472603816e-05
0.2392484476961515 4.94700510426813e-05
0.26151297534695306 2.001133447284936e-05
0.2747059511828659 2.9966815173549816e-06
0.3232280439010521 8.270444787766856e-05
0.33077577744912046 9.436345563374284e-05
0.33987316515675103 5.2507192271917724e-06
0.35670029597724306 4.567689225059394e-05
0.3669899831782575 7.615126259401114e-06
0.3876879157470986 0.000276187029706396
0.39852697743979315 4.2183148874162644e-05
0.41034406857516914 3.196914053726187e-05
0.41206897187141545 1.2380656318699141e-05
0.4199342234862746 4.593636684266539e-05
0.4254481659791559 7.572911970404655e-05
0.428315824879002 3.847514249647912e-05
0.43528232387929855 7.96547154574715e-05
0.454141768291203 4.145734898492132e-05
0.5290089945961313 2.4750229263798296e-05
0.6126630000191413 0.0001206956798060463
0.7679917173198103 7.797041221751525e-05
0.8611587484573313 5.254076868554928e-05
0.8817053070012376 3.958290452427566e-05
0.8958529340795696 3.0384595674597297e-05
0.9016921368732206 0.00011009607491733957
0.9183193102537635 4.179848585207496e-05
0.9352640582371163 2.008168173873769e-05
0.9420713541805986 6.0687232761815236e-06
0.9564005413230453 1.6378940877235373e-05
0.9625578955569808 3.842864613106854e-05
0.9790047524415674 5.9302137200981285e-05
0.9902411131835981 3.755630673951438e-05
1.0039131206424745 1.5691042715159432e-05
1.013607805979087 4.3019598602249463e-05
1.0229545920344814 6.471965588261649e-07
1.044739933404761 1.493963721523927e-05
1.056802798824283 4.1936523605263076e-05
1.0759771926468136 1.2989758894312746e-05
1.0830457190725584 1.0633184961408502e-05
1.1147369538549197 8.128266240803794e-05
1.1439352103177414 2.49593584232734e-05
1.1580300560590855 5.0004062487669286e-05
1.1713653031414706 5.692735386425094e-05
1.1840876973203969 8.007209682246675e-05
1.202822192714827 8.309739415071269e-05
1.2194304867900425 1.744090061256602e-05
1.2372511779710826 0.0002589464225576816
1.2932713596444474 4.997023016274264e-05
#kx=2.0, ky=2.0, Jx=1.0, Jy=1.0, Jz=1.0, h=0.1
0.18965928738162385 5.38716289641455e-07
0.20045062405447733 0.00010839575706249998
0.2101351208172586 0.000170651130872991
0.23978811391623334 2.5542591337069708e-05
0.25909150844821205 6.498828433575493e-06
0.2755602342932495 7.72791947438505e-06
0.32441262932598525 2.1879814338615588e-05
0.3307390101663271 0.00018215808657894022
0.33385377948459416 2.491976379199642e-05
0.3473494056945492 6.6743821373621505e-06
0.36210894299773644 5.578710074703081e-05
0.3777674023932698 9.57962826784884e-06
0.38997230842391817 0.0002848605489603893
0.40175034027921386 6.335344407480434e-05
0.4125621313561162 1.5056756609756048e-06
0.4182516425400279 6.0751405129723065e-05
0.4221438767235003 1.1175035377863276e-05
0.4259284580379852 3.852508315017336e-05
0.4315489852695481 0.00013208347486357483
0.44094593183804875 1.6591116410023741e-06
0.45425149578848134 3.566344751143339e-05
0.6057094188080514 0.00021161736662143708
0.7636062868049848 0.00010957142959473687
0.7694992025275305 8.260948965858722e-06
0.8516453173262667 3.870184318885184e-05
0.8852045488498506 2.044095051892788e-05
0.8955729017988406 2.808138178710133e-05
0.9115646871367983 0.00015509377229541157
0.9282911549634948 1.4295679062043512e-05
0.9452803555190159 2.3452250835043666e-05
0.9531540472694822 2.1704630427126797e-05
0.9663643070374273 1.758080186144306e-05
0.9805400673500947 3.1049970189003124e-05
0.9871044659631262 2.6820654777794468e-05
0.9993932705928044 1.164439875511725e-05
1.0119571134755634 2.4300310271481536e-05
1.0204596818423817 7.634692254817714e-06
1.041180485867565 4.425262289155506e-05
1.0571654947666325 2.146167274552889e-05
1.063690429200358 4.9052317445686624e-05
1.074827780795351 5.149211031774936e-05
1.1081818336288918 9.093521621431496e-05
1.1304636320389294 0.00011568758116129651
1.1565536384600794 9.80091039596662e-06
1.167030132021759 0.00014973005644027774
1.1780041017708398 8.154750899496847e-05
1.2066498352171373 3.57539102915865e-05
1.2172843545545269 4.587313940926086e-05
1.2257048091061395 3.790385385642304e-05
1.2838541377388806 9.389493047387012e-05
#kx=1.0, ky=1.0, Jx=1.0, Jy=1.0, Jz=1.0, h=0.1
0.04385970476563694 4.939190039138128e-05
0.1893895068962359 1.7943230567665164e-05
0.20558580096083856 9.355648763843856e-05
0.21308644512581576 0.00015280275271469917
0.2465079767728684 2.0351507130001928e-05
0.2535892827446179 2.152397619885204e-06
0.2717997206596362 3.1320055187730753e-06
0.3006033876662001 3.123137500543433e-05
0.3285845150541289 1.642482742671209e-05
0.3334332765316861 0.00013012171947778466
0.3396279224814669 1.768862143857994e-05
0.36736711156295176 4.465938709451245e-05
0.38839667485307705 0.0003667185470250229
0.39822347879631625 3.119471176288977e-05
0.40324230248641235 3.127750245883077e-05
0.41344450853466497 8.896907922104214e-06
0.4196523312805983 4.676230889166531e-05
0.4222370356751681 1.7256398159913516e-05
0.42672416609014996 3.3646823041211006e-05
0.43294668183055607 0.0001433665154247552
0.44206677898531443 5.999588725697537e-06
0.45522018356719374 2.2856431489752754e-05
0.573508323490462 4.534846621402118e-05
0.6144418435929505 0.00022036823802031236
0.7729181879017705 5.5153589399692225e-05
0.8462691610279877 6.709249887996097e-05
0.8841761944073917 4.3001558239959775e-05
0.8888578587186219 0.0003793356917514961
0.9022846782777882 2.998318830503582e-05
0.9168583682187259 4.82040140882798e-06
0.9291612497173446 2.424526880330229e-05
0.9476612053410782 2.012567712888536e-05
0.9511837504407433 2.3015352957145787e-06
0.9710563827071295 1.6892862348158356e-05
0.9845539764482875 4.424793044000787e-05
1.0012389392701027 2.024218550257351e-05
1.0039349877747261 2.697213005332132e-05
1.0180286284863809 1.5492175871848083e-06
1.031256306257774 1.144755034541449e-06
1.0513487682827516 9.36797440454453e-06
1.0659616433939179 1.721850489292118e-05
1.0819093784301992 6.852251231271049e-06
1.1104647534435323 7.2521127421509915e-06
1.1530871082103211 5.7523135529362335e-05
1.1595833870690886 9.621348577188847e-06
1.1847389840485334 3.38852897977709e-05
1.204704810568014 3.870564662708357e-05
1.2217446206783804 5.2383946871395164e-05
1.2387250133459244 6.856301946902161e-06
1.2736701489858038 0.00010733881151750313
#kx=0.0, ky=0.0, Jx=1.0, Jy=1.0, Jz=1.0, h=0.1
-0.009012052203669074 5.991535361992395e-06
0.1870199637753306 2.0372168964072376e-05
0.19662022918462474 8.002250844886621e-05
0.2115250938921842 0.00021015232971902348
0.24304617926400263 1.5563456501797138e-05
0.25386230726809567 5.250981665826865e-07
0.29561327988682995 3.784816849333256e-07
0.3122186444144259 4.143873186877386e-05
0.3286222115159543 4.5393927962880396e-05
0.3327257015607643 0.00015496736983909302
0.34226606623105116 4.00480653248598e-06
0.3578324846881836 2.8142292764260598e-05
0.38768129572327115 7.937043686689872e-05
0.3903435497403329 0.0002775316308135809
0.4005902272524886 3.3590227640676825e-05
0.4134350148748467 7.375066133235824e-06
0.41774295937056116 2.000832406791263e-05
0.4221976672667366 2.7378639760340784e-05
0.4251569921423892 4.777312948855806e-06
0.43070302575591135 0.000114959869974521
0.43470978098137325 7.194660474806718e-05
0.4397625772649211 1.7196151916180363e-06
0.45532729577000275 3.16960946888563e-05
0.6189641514514405 0.0001757977022822419
0.7069642224232292 0.00023648746316812477
0.7877050526572754 0.0002641610452868918
0.8465454762567803 1.2095004620254758e-05
0.8714136847136889 8.947221187676936e-06
0.8907486328735115 3.9221006240046934e-05
0.9133776941631327 9.196041146905393e-06
0.921810417859274 5.2084901597615174e-05
0.9363469560931476 1.8166000974695583e-05
0.9483540588566169 5.773497483465752e-06
0.970120997162654 5.17154993205247e-05
0.978218988489899 1.7386213476922445e-06
0.9950453209930854 2.948708322078274e-06
1.004557409174505 7.491656210609787e-07
1.015603426231169 3.8425074819259375e-05
1.0231138288288317 3.707802990793693e-08
1.039234306033674 1.9054621069518948e-06
1.0525166475010217 2.5746547134920707e-05
1.0722774882467256 1.0042876146221486e-05
1.0896403302028563 4.5597585366279656e-05
1.1108793739456542 6.355601785144531e-06
1.1560882930248688 7.725570393887478e-05
1.1632996717102517 8.499216606249789e-06
1.195973783275257 1.6309062307533237e-05
1.2066399814086481 3.224672972763836e-05
1.2254708104442442 6.847840264977316e-05
1.266666381204271 5.3224026580684515e-06
1.2744940809818506 7.813817065153964e-05
#kx=1.0, ky=2.0, Jx=1.0, Jy=1.0, Jz=1.0, h=0.1
0.18777558860519072 1.6910351888011272e-05
0.19986793756751997 9.258046092371128e-05
0.2114160911970575 0.00026426470026486893
0.24069631324949492 2.6696331653790382e-05
0.25940460931780485 4.051239576143592e-06
0.2756942638313892 5.592708860393234e-06
0.32371448178059037 1.5745372783118335e-05
0.3301562214890802 0.00014236962483330407
0.3342505826359493 3.033095999207513e-05
0.3472415259081535 4.947799789800086e-06
0.36224135186635587 5.470599287628161e-05
0.3776894463212588 7.637973725967397e-06
0.3895129007935372 0.00030114183896609825
0.40192191528895527 4.827862893970343e-05
0.4129973970759748 2.352683367926297e-06
0.4184738259136206 4.8477829187098246e-05
0.42208667277570333 1.2877992270659483e-06
0.42627616588865713 3.6307792856758596e-05
0.43165185768634984 0.00015240365006457136
0.44040885433502264 8.934654370464889e-08
0.45457850445856374 3.4804454596228277e-05
0.6087606754701175 0.0002158515710651036
0.7641703648792464 8.42276072395689e-05
0.7716158126823874 1.3009768032813717e-05
0.8512379161205758 3.128613030223054e-05
0.8872147212239267 1.2640392641063306e-05
0.8951605832077958 1.4158788740880125e-05
0.9095393766283327 0.00015710132879978532
0.9314351889067085 1.1622635856908645e-05
0.9445842997780973 1.756893127911998e-05
0.9540414345029452 2.5184312421013686e-05
0.9683924965954299 1.6542802083748345e-05
0.9811122176745446 2.7166059978377605e-05
0.9890415156421467 3.181144584545985e-05
0.9990624312145346 1.48510070026894e-05
1.0111380783254353 2.3669065446117418e-05
1.0201624126721902 1.8098639830966616e-05
1.039438109916742 0.00013569412429855886
1.0552221947858658 2.701635541325214e-05
1.0569347116849777 2.471053781743796e-05
1.0757289107893069 4.0023659542333596e-05
1.1054424482194236 0.0001223413602404935
1.1156786477931009 1.6822325346410578e-05
1.1538732599717438 4.1785961829567524e-05
1.1642019929386986 0.00014951837533319702
1.1776597553856356 5.028048210775692e-05
1.20613168308915 2.5283439352593103e-05
1.2172456162069456 3.899453819773903e-05
1.2301176508390355 3.8202640219095956e-05
1.2826499328253038 0.00010105527399087915
#kx=2.0, ky=4.0, Jx=1.0, Jy=1.0, Jz=1.0, h=0.1
0.17591454561947883 5.358587530981287e-05
0.193724837351667 5.669336657779983e-05
0.2042978335032708 0.00012283717070701478
0.23759601585281065 5.410693971634831e-05
0.2583070748499561 3.523118769857438e-06
0.2798907970891501 7.0700541551589145e-06
0.32230266852881273 0.00011339478865491613
0.3289124753753858 1.2417864835877066e-05
0.3393604639039066 1.5368796644575145e-06
0.35833587173978776 5.13777649876616e-05
0.36778523337975655 8.480687327856214e-06
0.3887372359048946 0.0002816403156998111
0.39880196151683533 2.6103374311541287e-05
0.4099627936917638 1.131307559244446e-05
0.4128285173862972 3.104450489629935e-05
0.41952331614739824 3.926915891048235e-05
0.4252199887764335 7.907020248356984e-05
0.42840670677318893 2.138713193518738e-05
0.435820033944076 9.481853180842228e-05
0.4546161893765216 5.0002555254285056e-05
0.5134474149193902 4.3443810758976e-05
0.6211211696211633 0.00012155223600330909
0.7688133673959224 2.8965653447311866e-05
0.8677676902612252 3.3680391102248944e-05
0.889943215570495 1.4950891910948275e-05
0.8979326591568126 4.008232367303114e-05
0.9096376393770972 0.00014920209385071921
0.934778080729049 2.1244170244264454e-06
0.9390573660765839 5.735438696426785e-06
0.9530223193549792 3.079251864646597e-06
0.9646082522961158 7.10611906358437e-05
0.9761768568174101 6.330144879359972e-05
0.9885792915918901 0.0001123355274060854
0.9991667882388833 1.8363095377345196e-05
1.009271792396253 1.1131398016360968e-05
1.0259743606294318 1.330601077604e-06
1.0496899148235932 1.1981316152471779e-05
1.0562860521479023 3.452419404166563e-05
1.0737621608686088 2.839272428216817e-05
1.089677844706996 1.0060901259930093e-07
1.1081127996030844 0.00016606110817674944
1.1225823963304098 5.8572768021929636e-06
1.147199899117604 1.8206951269064742e-05
1.1663736676679708 3.9387929025732924e-05
1.1724541727826447 3.800389636551572e-05
1.184504516335162 4.703779700607421e-05
1.2019451175958762 0.00010549007767171506
1.2196557680141928 6.989434966848793e-06
1.24145503210989 0.00027774961454535816
1.3045171912507274 3.411291010107097e-05
#kx=3.0, ky=6.0, Jx=1.0, Jy=1.0, Jz=1.0, h=0.1
0.16773343579249422 2.9631963768178282e-05
0.18702747839694556 9.446320163934231e-05
0.20096594180960992 1.0103756413579143e-05
0.23801308201066018 3.7789870370713294e-05
0.2583789445928031 2.109386891667604e-06
0.29215102113587965 1.19694946663225e-05
0.3200893742420302 5.508996365517446e-05
0.3305515826379962 5.206082329180618e-06
0.33872917488923515 3.966879403001761e-06
0.3569804084152295 5.086864505734102e-05
0.3671775990209525 2.1706290639404144e-05
0.38894901002991755 0.00022582953528591874
0.3972305046249752 5.760544861513814e-05
0.40990734875956336 3.3586284416777132e-06
0.41645190659667264 7.808702844366419e-05
0.4191215562373629 1.5377307417360613e-08
0.4251896852903797 7.194475774905888e-05
0.4282503459146114 1.4454413222816166e-05
0.4379679945800258 0.00010041609758493224
0.45464547044309966 5.5681164508434033e-05
0.5258960470511465 5.440147125550596e-05
0.6533688626406281 7.153858011291585e-05
0.7786591566832801 1.786602362611666e-05
0.8567832301688622 1.4969294936897418e-05
0.8805223262944029 7.2671860372598525e-06
0.8959374912026463 1.9285084526344995e-05
0.9069873971872683 4.831093315207515e-05
0.9236079229875616 2.3319051034314366e-05
0.9353105893302466 9.385659334397988e-05
0.9498423057842748 4.576000646483153e-05
0.9617994696446064 7.310176625715381e-05
0.978981320821275 0.0001312336228686236
0.9868593571494089 0.00013814365938321648
0.9939882385400178 3.354963967681881e-05
1.007951632641955 1.1147941305161344e-05
1.035234754065003 8.678559950077712e-06
1.0495037863885819 1.5538653642013256e-05
1.0677273239847451 1.8707529162470148e-05
1.074475725869416 1.0894445727950017e-05
1.10075848929382 3.068450508512479e-05
1.1129407462185725 5.386383464428846e-05
1.1393136122382113 2.873348869530807e-07
1.152292712284662 6.824240843535313e-05
1.1844971072694128 3.19985370040632e-05
1.1990986911613093 6.646167611173261e-05
1.2034656246053883 8.557657007304676e-05
1.2201335027386062 4.311034040893605e-06
1.2412782647331673 0.00013754993369331428
1.2528916806484236 0.00011224970089617163
1.322157039005079 7.212971339515143e-06
#kx=4.0, ky=8.0, Jx=1.0, Jy=1.0, Jz=1.0, h=0.1
0.17145993443419105 3.540173975036746e-05
0.18606916781699845 6.029674919171818e-05
0.19954850471853303 2.0777967938661485e-05
0.24157743529806042 1.886092024494726e-05
0.27438452727526097 2.1479585974898612e-06
0.2933452956876137 1.501662374874353e-05
0.32212409263023434 5.864405968954184e-06
0.3319823320302878 2.748238530228374e-05
0.33812989403264104 1.1445675052872452e-05
0.3590753301870836 6.49269829495908e-05
0.36686347467669467 1.5511906338015338e-05
0.3881464385556871 0.00018080733124876416
0.39893025113919733 0.00010184533328613298
0.41038416087927077 1.0133446490812434e-05
0.4173379769187091 8.708259040023707e-05
0.4205829343600781 5.14915986307943e-06
0.42306920027992967 4.710871580151649e-05
0.4264822492835729 3.144075023137913e-06
0.43823693991727475 0.00012065069740572736
0.4531075673178414 4.81067038096678e-05
0.5423136653290772 2.8641617844710885e-05
0.6711368961658076 9.627246078335242e-05
0.7850620220638566 6.552981170658476e-05
0.8478665398402546 6.6626007422069334e-06
0.863989938436947 2.8307819809550927e-06
0.8797323836757687 5.256392421691007e-07
0.9057431343223671 7.11271339913278e-06
0.9252525068040124 7.800151998822366e-05
0.9349699633873199 0.00011859214689909877
0.953704113096791 7.533076248904171e-05
0.9661449258687393 2.6806607550695697e-05
0.9801713337237455 5.7886128166391936e-05
0.9878132279258728 8.419770362857768e-05
0.9968121157957754 8.841660790263095e-05
1.0121937814608812 3.2291179288617664e-05
1.0339351000091213 3.140343434444489e-05
1.0480861921480866 6.580649553660658e-07
1.069429988847873 1.3451600687313503e-05
1.0777376070693012 8.88172455817092e-07
1.1013938903332838 4.400123235546666e-06
1.1105982559990146 8.728503901871801e-05
1.1216313277865386 1.987589958679324e-06
1.1294192337999327 1.5421382647977367e-05
1.1440374409643728 2.7960076947532737e-05
1.2037052720350339 0.00010842406216659134
1.2118901153768358 8.938440834922865e-05
1.2162198606086565 6.215034182006816e-05
1.2243792380505432 7.425590789201194e-06
1.3058703071864741 7.5184508674848585e-06
1.3363340550056069 0.0001992120119975951
#kx=5.0, ky=7.0, Jx=1.0, Jy=1.0, Jz=1.0, h=0.1
0.10636967037864986 0.000515439603643152
0.18057493449535555 2.4565430636838475e-05
0.19877428234729932 1.58306453059488e-05
0.2394554004787891 2.6910363405918186e-05
0.25709642198498805 6.1241805539457e-05
0.26656389108603407 2.4767639353070244e-05
0.2954544207195342 6.300875166498072e-06
0.3219419174085614 1.1456170307421276e-05
0.33186121088637166 1.252695359127097e-05
0.33979663812620686 6.81978656944842e-06
0.3652134989420569 3.13242791496612e-06
0.3699833062077823 7.321903829725262e-05
0.3890304713481818 0.0002505207361598427
0.39990070245642495 3.148073229949995e-05
0.4108670757227695 5.411587111686895e-06
0.4169975487260269 7.745407740191958e-05
0.42286188818076054 3.883789591620026e-05
0.42527293596556826 9.491649303907981e-07
0.4353553868937837 0.00014133842685221635
0.4425232935120754 2.5965073314192024e-05
0.4650473651082876 2.018022722356322e-05
0.6261982008896549 3.3416530049069625e-05
0.7732266859723197 0.00011074294750093778
0.8481497465978249 6.1164186843871474e-06
0.8577228191523678 4.526249984523483e-06
0.8810048612714916 3.5581700497894133e-06
0.8963423622174654 3.5007846532372155e-06
0.9234749282766225 2.78319959137598e-06
0.93044583941775 0.0001410475083919302
0.9434888159071475 0.00013195886838371335
0.9593066676527862 1.693010945084298e-05
0.9696552836719474 0.00014978774345171842
0.9829243232117874 0.0001332881251099123
0.9945199156631307 3.536027741519777e-05
1.009952977925899 4.673885706607529e-06
1.0194584630020915 5.474228572846831e-05
1.0434981941271086 1.760940819351166e-05
1.0563303321489 3.1073683470606774e-06
1.0704780759768568 2.3135682023645877e-05
1.0972430655796646 1.558708683456698e-05
1.1176461292094482 2.1138706829304613e-05
1.1302638962119316 1.7596731325749307e-05
1.1474136282163716 4.13740252311794e-06
1.170135989498145 0.00014321445121967305
1.2016145385844927 2.4443656088592993e-05
1.2134843212797874 2.3568734280511545e-05
1.2224443330063306 1.850014026700079e-05
1.225673771021489 2.954633477739703e-05
1.2849644909543727 1.8021489815011197e-06
1.4033164116191177 0.00011810405727559913
#kx=6.0, ky=6.0, Jx=1.0, Jy=1.0, Jz=1.0, h=0.1
0.17955529190043173 9.397165371788608e-05
0.19585856462760454 3.087304731805264e-05
0.2239023260006151 2.3161733696100535e-05
0.24261911319712892 7.577793251082378e-05
0.26015434500178236 4.792404442130235e-06
0.29175030876980257 3.6492721895640623e-06
0.32061539532969807 2.0586664077887294e-05
0.32955696516987154 3.032487317347548e-05
0.3393073478797126 8.721923871509909e-06
0.35871564232627606 1.0069214050928588e-06
0.3694601259446767 6.089519423647454e-05
0.38424369288298565 0.00030587400363255805
0.39854648819244165 4.610935329779231e-05
0.41075769919817207 1.0525074067082486e-06
0.41595182903360506 8.19233859898979e-05
0.42219369207825985 2.851580085363939e-05
0.4250841092636104 4.900476996548116e-06
0.4336654512368515 0.00012490771497300425
0.4438832906336182 4.136455704518341e-05
0.45651177220707384 1.7326594829471066e-05
0.5942163484708529 7.030468453892047e-06
0.7310535099421883 0.00011563539993929155
0.8009660820893333 6.300805011807269e-05
0.8597879979127515 1.4243548082975501e-05
0.8750250356656925 3.6638202434795602e-06
0.8909956460725899 1.985853708065372e-05
0.9052536867723776 1.2301581887390173e-05
0.9330865817084383 6.130371267460503e-05
0.9420365620453724 5.7419009164025414e-05
0.9475778372607224 0.00011687560446132248
0.9583417890292867 0.0001648404167683995
0.9807886961087559 9.896608368641209e-05
0.9863280993727552 0.00013454820268993844
0.9957493185097926 3.185325234692258e-05
1.010485691181442 8.389454839197863e-06
1.0361974624198977 1.2860989044402383e-05
1.0502793194070033 1.1072882341435541e-05
1.0627600671242305 2.1833141933625032e-05
1.0848703023439636 1.4788527836702364e-05
1.1030673812183966 5.503634130259607e-06
1.1228267603397657 4.8644826580359196e-05
1.1305218322816146 1.3706239584803311e-05
1.1518186945126048 6.861696762401895e-06
1.1860207811778594 6.899093770610543e-05
1.1971577266665108 2.8990394758119177e-05
1.212837702690015 1.900637159136704e-05
1.2229021744825035 1.5234632531504952e-06
1.2386939336428249 2.5123653193587082e-05
1.2966019305479408 2.6604260042614177e-07
1.5148658277993732 0.0001374443605028478
