#kx=6.0, ky=6.0, Jx=1.0, Jy=1.0, Jz=1.0, h=0.1
0.1795552919004334 0.00013020990762247658
0.1958585646276062 9.33721948309675e-05
0.22390232600061677 5.5164369334224305e-05
0.2426191131971306 0.00019691942557474994
0.260154345001784 2.3416654870889044e-06
0.29175030876980423 3.168960018185846e-05
0.32061539532969974 2.5891929524566408e-05
0.3295569651698732 3.303142100593574e-05
0.3393073478797143 2.5703895038340337e-06
0.35871564232627773 3.9136740806181605e-07
0.36946012594467836 5.596928932038714e-05
0.3842436928829873 0.00027547233854354825
0.3985464881924433 4.825768452579388e-05
0.41075769919817373 7.223095487977087e-06
0.4159518290336067 8.830509860055639e-05
0.4221936920782615 3.982928258029188e-05
0.42508410926361206 1.2700935643458317e-05
0.4336654512368532 0.00010326814022471963
0.44388329063361986 4.0717152219123364e-05
0.4565117722070755 1.4861052301031834e-05
0.5942163484708546 1.309274656882356e-05
0.73105350994219 0.00018688278661565318
0.800966082089335 1.888434430850855e-05
0.8597879979127532 4.299839384106502e-06
0.8750250356656941 1.348525649852444e-05
0.8909956460725915 1.094600352969099e-05
0.9052536867723793 1.454832762162251e-05
0.9330865817084399 6.524844619266472e-05
0.9420365620453741 0.00012023184666426135
0.9475778372607241 4.7137732566061705e-05
0.9583417890292883 5.661131983120861e-05
0.9807886961087575 2.0397274046943478e-05
0.9863280993727569 9.10925768624476e-07
0.9957493185097943 6.839841133333162e-05
1.0104856911814437 1.2643511953987976e-05
1.0361974624198993 4.204153434015825e-05
1.0502793194070048 5.4982745486884914e-05
1.062760067124232 3.127748273103922e-05
1.0848703023439654 1.8514328827811815e-05
1.1030673812183984 2.5311217900906762e-05
1.1228267603397675 0.00016347635447814637
1.1305218322816164 1.1638334981067396e-05
1.1518186945126063 5.974802994989688e-05
1.1860207811778611 2.949353561437601e-05
1.1971577266665123 8.388886684774842e-07
1.2128377026900168 9.066851520240527e-06
1.2229021744825053 7.066833153548272e-06
1.2386939336428267 3.500325230760924e-05
1.2966019305479426 7.92574671439501e-06
1.5148658277993747 6.370057102950907e-05
#kx=5.0, ky=5.0, Jx=1.0, Jy=1.0, Jz=1.0, h=0.1
0.06198251475911798 0.0006921041376510206
0.1831636951229465 0.00011631203497573824
0.19638904927418988 4.042848527507084e-05
0.22375545582095702 5.708352018870907e-05
0.2401012152887122 0.00024937503445768267
0.25834116175978916 2.4722468248480577e-06
0.28743183402247074 3.3987927385450184e-05
0.32013250839367235 5.225674675586339e-05
0.3294373034777215 3.879518712843369e-05
0.34015976275389215 9.441014087754292e-06
0.36645644997451876 7.221031729742053e-05
0.36739610022593183 1.5976490558660646e-05
0.3911803934911151 0.0002391961015756621
0.39984153867924754 3.156074189254124e-05
0.4111912902069176 1.0527831665095909e-05
0.4167131017144238 7.716806999003459e-05
0.423868664436865 6.17072749322936e-05
0.425725252628556 1.577100457809829e-05
0.43455416550436554 0.00011219195554532658
0.44509370543058924 2.726736890591076e-05
0.4587589392001262 1.954313424159621e-05
0.6093413458565117 0.00012183302311489952
0.7677775742868259 5.18824344379039e-05
0.8450957317245011 3.492007062196063e-07
0.866120723421196 4.979805565800749e-07
0.8922647734918515 5.8526053310864664e-06
0.9079180041938867 2.9780605921034596e-07
0.9142538177215381 4.833560330848005e-05
0.9394868623470742 7.848246409089078e-05
0.9433140520731664 8.820882202559947e-05
0.9576443568395432 2.2052094789525955e-05
0.9659394167257979 3.497009501184732e-05
0.985319592262256 9.99284324170081e-06
0.9955610481648902 8.793496486943194e-05
1.0050380296794232 1.4582774157523873e-05
1.0199074296609234 7.059991007528093e-05
1.0414235370525415 9.31419107326192e-06
1.0523146624785074 6.114040372313614e-05
1.0782829731543564 6.773939410012427e-06
1.0943715787969426 2.5442861253050758e-05
1.1191311799396275 0.0001606509988256961
1.1379475867297821 1.070278350707419e-05
1.143994048081186 3.6922516975173225e-05
1.1818559728546214 6.288682345463606e-06
1.1882929390497816 2.4043566229142035e-05
1.209221062572066 7.195170503376171e-07
1.219929605094261 1.9347930771288365e-05
1.2241153244315446 2.7740023852851313e-05
1.287415850535898 8.824376485708008e-06
1.3311099482831013 1.1765066004330318e-05
#kx=4.0, ky=4.0, Jx=1.0, Jy=1.0, Jz=1.0, h=0.1
0.17783203495449318 9.369990479555014e-05
0.19979808903157814 7.976957714161448e-06
0.20443968813828928 0.0001867961477695835
0.23854431540279442 0.0001199772297044335
0.2586641943625212 2.7519787966659554e-05
0.27988872937846243 2.295934683017562e-05
0.3207332378177241 8.983267639547114e-05
0.33043769388126254 3.0578633321576996e-05
0.3405480362637492 1.0342276195404436e-05
0.3546938994764842 2.0358668703692792e-05
0.36689032173943925 2.3784558961305123e-05
0.38661415880034855 0.00025223034998882437
0.3980102063339308 6.345619603238642e-05
0.41065524762041394 1.2694753156098764e-05
0.415283381758047 6.692417565921996e-05
0.4188939545509718 4.207503737774627e-05
0.425055774775398 5.815728409531038e-05
0.42966201089141176 3.999610052838678e-05
0.43632961384147295 8.003084575086437e-05
0.4550112615719548 3.706224431288684e-05
0.5444647847679746 4.1439601140459894e-05
0.6252466649751581 0.00011705980644939369
0.7666304038121807 2.2860130291329373e-05
0.864183342440088 1.0237012411099747e-07
0.8899543939166554 4.132446073392576e-06
0.8953540419674627 1.0352950595106859e-05
0.906267361850982 4.8577725537097655e-06
0.9260833614232422 2.2397531100215306e-05
0.9377372413629681 0.00011381478243628901
0.9507180487974781 6.011062263294891e-05
0.9612506074451732 1.6589126059945617e-05
0.9709536227195087 1.747029491032627e-05
0.9885664575241565 5.942229377779896e-06
0.9972671857078835 4.504722848276188e-05
1.0083262904629275 1.07113561804166e-05
1.0306630149109863 1.2265676805681218e-05
1.043672480960311 6.714716491940803e-05
1.0525782940150803 4.714925344617968e-05
1.079701229706569 3.473839098504428e-06
1.090738378472293 1.5911532127639035e-05
1.1126432261840602 5.0179517950024825e-05
1.122839222607287 0.00010913000728597774
1.1464643960904315 1.3413151642324566e-05
1.15556811336424 3.0997767376126505e-05
1.172607861290262 2.2061556970496658e-05
1.192357096663243 1.1267057178804613e-05
1.2058064357869673 1.801616197269118e-05
1.2193610252703464 1.6109647866603277e-06
1.2477015320696982 0.00010759632942316673
1.297290417913926 1.5339305309224157e-05
#kx=3.0, ky=3.0, Jx=1.0, Jy=1.0, Jz=1.0, h=0.1
0.1835057174668181 9.014503860560337e-05
0.19940304220164295 0.00016768216166085132
0.20537267298220474 5.411070212923676e-05
0.2392484476961515 7.374496847030636e-05
0.26151297534695306 7.177807579902173e-05
0.2747059511828659 1.4069024388719454e-06
0.3232280439010521 0.00010160658983008293
0.33077577744912046 6.415709187748967e-05
0.33987316515675103 4.318760716758791e-06
0.35670029597724306 3.095043845601407e-05
0.3669899831782575 9.18696148499618e-06
0.3876879157470986 0.0002673199925508692
0.39852697743979315 6.0969885270926815e-05
0.41034406857516914 3.309643136567649e-05
0.41206897187141545 2.8270756518179646e-05
0.4199342234862746 4.5976327146463004e-05
0.4254481659791559 7.91430126906223e-05
0.428315824879002 4.312352157081521e-05
0.43528232387929855 7.135832252212456e-05
0.454141768291203 3.717365466931777e-05
0.5290089945961313 1.919075672167059e-05
0.6126630000191413 0.0001781604576234097
0.7679917173198103 5.469396786953188e-05
0.8611587484573313 6.098783316995203e-07
0.8817053070012376 1.1200303193963601e-05
0.8958529340795696 2.871161265175401e-05
0.9016921368732206 1.3500205701245504e-05
0.9183193102537635 2.9303180290574587e-06
0.9352640582371163 4.998673302938182e-05
0.9420713541805986 3.123615691296901e-05
0.9564005413230453 6.369185861979642e-05
0.9625578955569808 6.229843640140066e-06
0.9790047524415674 5.179170947971157e-05
0.9902411131835981 7.118818795345561e-06
1.0039131206424745 2.702904226738938e-06
1.013607805979087 6.5058427250101774e-06
1.0229545920344814 1.3347614145025733e-05
1.044739933404761 3.039802160637149e-05
1.056802798824283 4.293400069765225e-05
1.0759771926468136 1.567320561626011e-05
1.0830457190725584 5.388950405473538e-06
1.1147369538549197 8.913139473513624e-05
1.1439352103177414 1.515068729471218e-05
1.1580300560590855 7.579133256162397e-05
1.1713653031414706 1.1630468882955268e-05
1.1840876973203969 4.694908309512619e-05
1.202822192714827 9.462190302362412e-06
1.2194304867900425 9.785704967718525e-08
1.2372511779710826 0.00016343772809699627
1.2932713596444474 2.538539947759585e-05
#kx=2.0, ky=2.0, Jx=1.0, Jy=1.0, Jz=1.0, h=0.1
0.18965928738162385 2.0887703988582295e-05
0.20045062405447733 0.0002122941594944426
0.2101351208172586 3.652061554823576e-05
0.23978811391623334 3.391211693391807e-05
0.25909150844821205 4.048068777511583e-05
0.2755602342932495 2.123176077941562e-05
0.32441262932598525 3.654489189016147e-05
0.3307390101663271 0.00018176633442614464
0.33385377948459416 1.076300639983939e-05
0.3473494056945492 4.43374059157984e-06
0.36210894299773644 5.0406916530015224e-05
0.3777674023932698 5.554566449876215e-06
0.38997230842391817 0.00027234033828391627
0.40175034027921386 9.003552416871348e-05
0.4125621313561162 1.0207649205306327e-06
0.4182516425400279 7.241588868587767e-05
0.4221438767235003 2.3591084320824552e-05
0.4259284580379852 3.671287144036023e-05
0.4315489852695481 0.00012048543109395582
0.44094593183804875 3.7418618972071325e-06
0.45425149578848134 3.0281848265844692e-05
0.6057094188080514 0.0001673677742526953
0.7636062868049848 5.994269354264195e-05
0.7694992025275305 8.891269620056305e-05
0.8516453173262667 7.340380013913311e-07
0.8852045488498506 1.495689533640976e-06
0.8955729017988406 5.435240345531981e-05
0.9115646871367983 1.4103958229709932e-05
0.9282911549634948 2.7513639724114118e-05
0.9452803555190159 1.2361693132319895e-05
0.9531540472694822 4.1465246701313156e-05
0.9663643070374273 7.108171106045943e-06
0.9805400673500947 9.014635459367861e-05
0.9871044659631262 6.5121715784421335e-06
0.9993932705928044 8.354855084495044e-06
1.0119571134755634 1.4092137786961724e-06
1.0204596818423817 1.9006355293665566e-05
1.041180485867565 8.038029509052161e-07
1.0571654947666325 5.562484004190868e-05
1.063690429200358 3.639374629336576e-05
1.074827780795351 6.053666005971658e-06
1.1081818336288918 4.760069403772319e-05
1.1304636320389294 0.00022652906996398504
1.1565536384600794 1.2899828545283145e-05
1.167030132021759 8.560794346895972e-05
1.1780041017708398 3.437631651051229e-05
1.2066498352171373 1.1562395154326876e-06
1.2172843545545269 3.4979143873120094e-05
1.2257048091061395 1.5157233858259767e-05
1.2838541377388806 3.5296878336500675e-05
#kx=1.0, ky=1.0, Jx=1.0, Jy=1.0, Jz=1.0, h=0.1
0.04385970476563694 0.0002056364054594045
0.1893895068962359 4.605566659555676e-05
0.20558580096083856 0.0001437609682635777
0.21308644512581576 1.1107414116298079e-05
0.2465079767728684 2.9217385323724827e-05
0.2535892827446179 1.546777014440632e-05
0.2717997206596362 3.56070794216664e-06
0.3006033876662001 3.0576310549948706e-05
0.3285845150541289 1.7574993924272734e-05
0.3334332765316861 0.00015513198019713418
0.3396279224814669 1.6689932702544158e-05
0.36736711156295176 6.097930562928611e-05
0.38839667485307705 0.0003157611784628876
0.39822347879631625 4.3194398444242044e-05
0.40324230248641235 4.922699208677856e-05
0.41344450853466497 1.00471748571827e-05
0.4196523312805983 7.967087036268443e-05
0.4222370356751681 1.0680618593277541e-05
0.42672416609014996 4.018493597895053e-05
0.43294668183055607 0.00012024030794245656
0.44206677898531443 8.644093639297609e-06
0.45522018356719374 1.6566157804909297e-05
0.573508323490462 2.1813484962407684e-05
0.6144418435929505 7.418446805599028e-05
0.7729181879017705 0.00020457586765087435
0.8462691610279877 1.6601055063474714e-05
0.8841761944073917 9.288156736814178e-07
0.8888578587186219 0.00033488698667485093
0.9022846782777882 5.15557388768236e-05
0.9168583682187259 2.457093685705919e-06
0.9291612497173446 3.275174593508426e-05
0.9476612053410782 8.264334083797628e-05
0.9511837504407433 2.3315137331863445e-06
0.9710563827071295 3.5105580449074754e-05
0.9845539764482875 9.175776045085287e-06
1.0012389392701027 1.7076991031591139e-06
1.0039349877747261 2.194708410805801e-05
1.0180286284863809 7.0943616293063e-06
1.031256306257774 9.5560781436612e-06
1.0513487682827516 3.592868783452568e-05
1.0659616433939179 1.7289974803581216e-06
1.0819093784301992 2.9476105399959343e-05
1.1104647534435323 4.1526312955178836e-05
1.1530871082103211 8.654656458385156e-06
1.1595833870690886 4.358911718258139e-06
1.1847389840485334 2.507543421975121e-05
1.204704810568014 1.4226348474837804e-06
1.2217446206783804 4.67463901659319e-06
1.2387250133459244 8.963024466969826e-06
1.2736701489858038 3.883563822593856e-05
#kx=0.0, ky=0.0, Jx=1.0, Jy=1.0, Jz=1.0, h=0.1
-0.009012052203669074 6.204284822150722e-05
0.1870199637753306 8.00559395701308e-05
0.19662022918462474 7.479986260280406e-05
0.2115250938921842 4.823788325452529e-05
0.24304617926400263 2.1882343224970257e-05
0.25386230726809567 8.563482803734044e-06
0.29561327988682995 1.1092357558025842e-05
0.3122186444144259 2.4093876829980084e-05
0.3286222115159543 2.0937015507738407e-05
0.3327257015607643 0.00020305905826138783
0.34226606623105116 1.68536930204343e-05
0.3578324846881836 4.135812032711541e-05
0.38768129572327115 3.766431429945218e-05
0.3903435497403329 0.00031131480813006746
0.4005902272524886 6.527836422780194e-05
0.4134350148748467 8.882618964217722e-06
0.41774295937056116 3.730101430079928e-05
0.4221976672667366 1.940650295921303e-05
0.4251569921423892 3.930361239664705e-06
0.43070302575591135 0.00010879443772814224
0.43470978098137325 7.994206334166239e-05
0.4397625772649211 3.4698794626671234e-06
0.45532729577000275 2.6044791154371162e-05
0.6189641514514405 1.7838589440197302e-05
0.7069642224232292 0.0003867427814604486
0.7877050526572754 0.0002183187169596585
0.8465454762567803 7.347043612740045e-06
0.8714136847136889 1.0844593006516084e-06
0.8907486328735115 4.051547396506879e-05
0.9133776941631327 1.641282123098351e-05
0.921810417859274 1.5585271600046145e-05
0.9363469560931476 7.872132382601212e-06
0.9483540588566169 6.27303743121492e-05
0.970120997162654 8.20551257535921e-06
0.978218988489899 9.867478363291968e-06
0.9950453209930854 4.7256840159041536e-05
1.004557409174505 9.843266010010628e-06
1.015603426231169 5.945856242463726e-06
1.0231138288288317 1.7420284022768963e-05
1.039234306033674 2.1929318165817524e-05
1.0525166475010217 6.373161165043246e-06
1.0722774882467256 1.6047285250535987e-06
1.0896403302028563 1.5422891666330038e-05
1.1108793739456542 4.850944511425538e-05
1.1560882930248688 9.846831038667026e-07
1.1632996717102517 1.0971239523870973e-05
1.195973783275257 1.5026645151068625e-05
1.2066399814086481 1.4228958995105691e-05
1.2254708104442442 6.490420446301265e-06
1.266666381204271 1.978383078463137e-05
1.2744940809818506 2.2518487047026235e-05
#kx=1.0, ky=2.0, Jx=1.0, Jy=1.0, Jz=1.0, h=0.1
0.18777558860519072 7.196617922854345e-05
0.19986793756751997 0.0001494842736110035
0.2114160911970575 5.273914833946264e-05
0.24069631324949492 3.802997517314713e-05
0.25940460931780485 3.811497119817614e-05
0.2756942638313892 1.866227850336562e-05
0.32371448178059037 2.9402730010160178e-05
0.3301562214890802 0.00016007886130259584
0.3342505826359493 2.0283036622876077e-05
0.3472415259081535 2.190585451065161e-06
0.36224135186635587 4.6329679986876786e-05
0.3776894463212588 1.6390800690494554e-06
0.3895129007935372 0.00028847827549410626
0.40192191528895527 7.11817939517048e-05
0.4129973970759748 3.697676752909007e-06
0.4184738259136206 6.117949142058843e-05
0.42208667277570333 3.1141099486766646e-06
0.42627616588865713 3.4107964750963915e-05
0.43165185768634984 0.0001374365012210898
0.44040885433502264 1.0773139507340534e-06
0.45457850445856374 2.7482426320325446e-05
0.6087606754701175 0.00011237280035137827
0.7641703648792464 4.562354551601813e-05
0.7716158126823874 0.00012327637270544562
0.8512379161205758 1.2005988491815288e-06
0.8872147212239267 4.951160362335955e-06
0.8951605832077958 6.823527835608994e-05
0.9095393766283327 9.725850340069384e-06
0.9314351889067085 2.8758982914468477e-05
0.9445842997780973 1.1673219861640026e-05
0.9540414345029452 5.1087430541602276e-05
0.9683924965954299 5.215032772516282e-07
0.9811122176745446 0.0001022273492372791
0.9890415156421467 2.3732966238253314e-05
0.9990624312145346 3.445023438910212e-06
1.0111380783254353 1.8791604264064098e-06
1.0201624126721902 2.8788181321447135e-05
1.039438109916742 3.0197546876591906e-05
1.0552221947858658 9.974670686030319e-05
1.0569347116849777 2.6426665824400885e-06
1.0757289107893069 7.315070698176335e-06
1.1054424482194236 9.867630234915824e-05
1.1156786477931009 0.00012678647400944215
1.1538732599717438 3.302060447507689e-06
1.1642019929386986 8.549000523454452e-05
1.1776597553856356 1.8605531240754843e-05
1.20613168308915 2.4414232423186913e-06
1.2172456162069456 1.306435774853587e-05
1.2301176508390355 2.6011340319424333e-05
1.2826499328253038 4.286865670529209e-05
#kx=2.0, ky=4.0, Jx=1.0, Jy=1.0, Jz=1.0, h=0.1
0.17591454561947883 0.00015037556766693013
0.193724837351667 8.189821678593952e-05
0.2042978335032708 3.275065396804258e-05
0.23759601585281065 8.29437903044772e-05
0.2583070748499561 3.0376672627959978e-05
0.2798907970891501 2.734631753658986e-05
0.32230266852881273 0.0001326243326206272
0.3289124753753858 6.843685128360718e-06
0.3393604639039066 2.7475976584062793e-06
0.35833587173978776 3.186236485338957e-05
0.36778523337975655 1.0145539108437249e-05
0.3887372359048946 0.000268334479167262
0.39880196151683533 4.049711087097923e-05
0.4099627936917638 9.02958779720552e-06
0.4128285173862972 5.219277908245341e-05
0.41952331614739824 3.4638237381902346e-05
0.4252199887764335 8.636467506324084e-05
0.42840670677318893 2.474197599923178e-05
0.435820033944076 7.273367199671286e-05
0.4546161893765216 4.1897621770215225e-05
0.5134474149193902 4.800129585250072e-05
0.6211211696211633 0.00011007261079694437
0.7688133673959224 5.975140518639807e-05
0.8677676902612252 1.8866607734227747e-06
0.889943215570495 4.511768179414275e-05
0.8979326591568126 2.1636057734485992e-06
0.9096376393770972 1.8521025979448979e-06
0.934778080729049 1.2248159567653444e-06
0.9390573660765839 9.141410671459069e-05
0.9530223193549792 9.9746902098874e-05
0.9646082522961158 9.37311759839537e-06
0.9761768568174101 1.642932418883528e-05
0.9885792915918901 9.897149342916382e-06
0.9991667882388833 2.7300723090876024e-05
1.009271792396253 1.7043810561218168e-05
1.0259743606294318 1.0152328103152507e-05
1.0496899148235932 3.842048027934237e-05
1.0562860521479023 1.4496559893754824e-05
1.0737621608686088 1.1109292667978004e-05
1.089677844706996 8.339323391276654e-06
1.1081127996030844 1.9524627147168925e-05
1.1225823963304098 5.335885368662041e-05
1.147199899117604 3.7353514467880427e-06
1.1663736676679708 6.928278779218017e-05
1.1724541727826447 1.884358554214734e-06
1.184504516335162 3.1512884212806454e-05
1.2019451175958762 1.4410672935845703e-05
1.2196557680141928 1.8469326762727747e-06
1.24145503210989 0.00011106730569475655
1.3045171912507274 2.4665682962945802e-05
#kx=3.0, ky=6.0, Jx=1.0, Jy=1.0, Jz=1.0, h=0.1
0.16773343579249422 0.0001066352433288983
0.18702747839694556 0.00012585138311099043
0.20096594180960992 3.131566464320068e-05
0.23801308201066018 7.670312596722149e-05
0.2583789445928031 2.4360477914406146e-06
0.29215102113587965 5.1260357545904546e-05
0.3200893742420302 5.085056562543068e-05
0.3305515826379962 1.529994343675766e-05
0.33872917488923515 3.648814642784182e-06
0.3569804084152295 3.9326879136432044e-05
0.3671775990209525 2.1581726152619872e-05
0.38894901002991755 0.00020259484271751307
0.3972305046249752 7.410128138764775e-05
0.40990734875956336 1.5134045019057606e-06
0.41645190659667264 0.00010221622545710439
0.4191215562373629 3.0040789426018785e-06
0.4251896852903797 9.356551924822721e-05
0.4282503459146114 1.5267216624204707e-05
0.4379679945800258 7.655878673809968e-05
0.45464547044309966 4.7760136851367935e-05
0.5258960470511465 0.00010345395427365193
0.6533688626406281 1.9923779591497808e-05
0.7786591566832801 4.8465646576158585e-06
0.8567832301688622 1.4342178416948218e-06
0.8805223262944029 1.7761720929287054e-05
0.8959374912026463 3.659952715286475e-06
0.9069873971872683 2.40524935166618e-07
0.9236079229875616 7.28469877963003e-05
0.9353105893302466 2.986453640945002e-05
0.9498423057842748 0.00011751904704563266
0.9617994696446064 3.113649128420421e-05
0.978981320821275 1.248812896709672e-06
0.9868593571494089 1.059638055279085e-06
0.9939882385400178 9.934841145199786e-05
1.007951632641955 2.4235405206743456e-06
1.035234754065003 1.7435148165935848e-05
1.0495037863885819 6.237660860738835e-05
1.0677273239847451 2.2529157266388576e-05
1.074475725869416 3.0225775032553888e-05
1.10075848929382 1.7609048737760125e-05
1.1129407462185725 6.189213834057399e-05
1.1393136122382113 3.0299314138212668e-05
1.152292712284662 3.812909103177321e-05
1.1844971072694128 2.9202879378635763e-06
1.1990986911613093 3.853470509156227e-06
1.2034656246053883 2.880886534756408e-06
1.2201335027386062 1.9361981652546485e-05
1.2412782647331673 2.5717276969077465e-05
1.2528916806484236 2.2345934438302052e-05
1.322157039005079 1.3720392182994865e-05
#kx=4.0, ky=8.0, Jx=1.0, Jy=1.0, Jz=1.0, h=0.1
0.17145993443419105 9.6735745688345e-05
0.18606916781699845 0.00010431092563440368
0.19954850471853303 6.792179287623326e-05
0.24157743529806042 3.985132493312784e-05
0.27438452727526097 1.7850405432606764e-06
0.2933452956876137 3.37634750853034e-05
0.32212409263023434 9.696602767059127e-07
0.3319823320302878 5.527176746559961e-05
0.33812989403264104 6.680061219172296e-06
0.3590753301870836 6.82051481274281e-05
0.36686347467669467 1.524196250774836e-05
0.3881464385556871 0.00014440845207639764
0.39893025113919733 0.00012709775242279928
0.41038416087927077 2.823878418979945e-06
0.4173379769187091 0.00010412325251981196
0.4205829343600781 1.4930326625395553e-05
0.42306920027992967 7.170495216197069e-05
0.4264822492835729 5.853800747930273e-06
0.43823693991727475 0.00010918054386413296
0.4531075673178414 4.1166972652217976e-05
0.5423136653290772 7.533221640415865e-05
0.6711368961658076 6.698052467870628e-05
0.7850620220638566 6.774345960809468e-06
0.8478665398402546 1.4347463936494971e-05
0.863989938436947 6.669780212704605e-05
0.8797323836757687 6.550378699766895e-07
0.9057431343223671 6.206715026865068e-06
0.9252525068040124 2.3888694310218537e-06
0.9349699633873199 1.942665584591529e-05
0.953704113096791 0.00018611830723691856
0.9661449258687393 3.1067060322287786e-05
0.9801713337237455 9.9364865711506e-06
0.9878132279258728 2.8995708954325384e-06
0.9968121157957754 6.021024137257785e-05
1.0121937814608812 8.267829403230103e-07
1.0339351000091213 5.1513465068879274e-05
1.0480861921480866 2.455292027192832e-05
1.069429988847873 6.955400673903027e-06
1.0777376070693012 7.342228002578505e-05
1.1013938903332838 3.386015163295004e-05
1.1105982559990146 8.757515204847163e-05
1.1216313277865386 0.00010507646928090014
1.1294192337999327 4.0314212166980274e-05
1.1440374409643728 4.545056920756924e-05
1.2037052720350339 4.723675687179823e-06
1.2118901153768358 9.828146670187925e-06
1.2162198606086565 5.550692449822973e-06
1.2243792380505432 5.361134882449787e-06
1.3058703071864741 2.4046893596915623e-05
1.3363340550056069 7.225215453731769e-05
#kx=5.0, ky=7.0, Jx=1.0, Jy=1.0, Jz=1.0, h=0.1
0.10636967037864986 0.000753181995167772
0.18057493449535555 3.762596678703435e-05
0.19877428234729932 6.271067358394134e-05
0.2394554004787891 4.708725406449843e-05
0.25709642198498805 0.00015753407595081064
0.26656389108603407 1.9422708530190368e-05
0.2954544207195342 3.67845917611837e-05
0.3219419174085614 3.605386541766487e-06
0.33186121088637166 2.662934120769327e-05
0.33979663812620686 5.302993393941327e-07
0.3652134989420569 5.165470114021801e-06
0.3699833062077823 6.6845713722604e-05
0.3890304713481818 0.0002443996206052544
0.39990070245642495 3.385401784745892e-05
0.4108670757227695 4.9622913871310674e-06
0.4169975487260269 8.610201974758663e-05
0.42286188818076054 6.773888336416713e-05
0.42527293596556826 1.983008229871731e-06
0.4353553868937837 0.00012022715209794104
0.4425232935120754 3.1614612010124266e-05
0.4650473651082876 9.85026349305999e-06
0.6261982008896549 4.0623409927273875e-05
0.7732266859723197 7.406825641953923e-05
0.8481497465978249 4.423700150829198e-05
0.8577228191523678 3.240534019828268e-05
0.8810048612714916 9.366964666627737e-06
0.8963423622174654 1.4650158620574235e-07
0.9234749282766225 7.961675461790181e-05
0.93044583941775 1.8040449955771166e-06
0.9434888159071475 0.00010071037761807058
0.9593066676527862 1.5701991361558326e-05
0.9696552836719474 5.188659463546051e-05
0.9829243232117874 3.597005421406509e-05
0.9945199156631307 6.756073431284214e-05
1.009952977925899 4.264697738432803e-06
1.0194584630020915 9.158943604619083e-07
1.0434981941271086 2.8103031578229938e-05
1.0563303321489 0.00015734341655780252
1.0704780759768568 1.126334623024949e-05
1.0972430655796646 1.273707775290656e-05
1.1176461292094482 0.00019475249437269425
1.1302638962119316 3.263817293241713e-05
1.1474136282163716 5.029734030797003e-05
1.170135989498145 3.828375122143938e-06
1.2016145385844927 1.2730554263461103e-05
1.2134843212797874 4.561132940378145e-06
1.2224443330063306 5.298969964802875e-06
1.225673771021489 2.4881108483685493e-05
1.2849644909543727 3.576332125072697e-06
1.4033164116191177 3.597901169822083e-05
#kx=6.0, ky=6.0, Jx=1.0, Jy=1.0, Jz=1.0, h=0.1
0.17955529190043173 0.00013020990762247658
0.19585856462760454 9.33721948309675e-05
0.2239023260006151 5.5164369334224305e-05
0.24261911319712892 0.00019691942557474994
0.26015434500178236 2.3416654870889044e-06
0.29175030876980257 3.168960018185846e-05
0.32061539532969807 2.5891929524566408e-05
0.32955696516987154 3.303142100593574e-05
0.3393073478797126 2.5703895038340337e-06
0.35871564232627606 3.9136740806181605e-07
0.3694601259446767 5.596928932038714e-05
0.38424369288298565 0.00027547233854354825
0.39854648819244165 4.825768452579388e-05
0.41075769919817207 7.223095487977087e-06
0.41595182903360506 8.830509860055639e-05
0.42219369207825985 3.982928258029188e-05
0.4250841092636104 1.2700935643458317e-05
0.4336654512368515 0.00010326814022471963
0.4438832906336182 4.0717152219123364e-05
0.45651177220707384 1.4861052301031834e-05
0.5942163484708529 1.309274656882356e-05
0.7310535099421883 0.00018688278661565318
0.8009660820893333 1.888434430850855e-05
0.8597879979127515 4.299839384106502e-06
0.8750250356656925 1.348525649852444e-05
0.8909956460725899 1.094600352969099e-05
0.9052536867723776 1.454832762162251e-05
0.9330865817084383 6.524844619266472e-05
0.9420365620453724 0.00012023184666426135
0.9475778372607224 4.7137732566061705e-05
0.9583417890292867 5.661131983120861e-05
0.9807886961087559 2.0397274046943478e-05
0.9863280993727552 9.10925768624476e-07
0.9957493185097926 6.839841133333162e-05
1.010485691181442 1.2643511953987976e-05
1.0361974624198977 4.204153434015825e-05
1.0502793194070033 5.4982745486884914e-05
1.0627600671242305 3.127748273103922e-05
1.0848703023439636 1.8514328827811815e-05
1.1030673812183966 2.5311217900906762e-05
1.1228267603397657 0.00016347635447814637
1.1305218322816146 1.1638334981067396e-05
1.1518186945126048 5.974802994989688e-05
1.1860207811778594 2.949353561437601e-05
1.1971577266665108 8.388886684774842e-07
1.212837702690015 9.066851520240527e-06
1.2229021744825035 7.066833153548272e-06
1.2386939336428249 3.500325230760924e-05
1.2966019305479408 7.92574671439501e-06
1.5148658277993732 6.370057102950907e-05
