#kx=6.0, ky=0.0, Jx=1.0, Jy=1.0, Jz=1.0, h=0.1
-0.0330789842332635 -0.13130550895632676
0.009483455602506963 -0.13130550895632676
0.020590785385576904 -0.13130550895632676
0.03505482238748414 -0.13130550895632676
0.057200532314052865 -0.13130550895632676
0.07376251842131476 -0.13130550895632676
0.08211447117738135 -0.13130550895632676
0.08854647987394659 -0.13130550895632676
0.10268545995612777 -0.13130550895632676
0.11463664155506148 -0.13130550895632676
0.11656996504540273 -0.13130550895632676
0.1308583420720194 -0.13130550895632676
0.13579611807775338 -0.13130550895632676
0.141785387765902 -0.13130550895632676
0.15033467906115983 -0.13130550895632676
0.16441123808888902 -0.13130550895632676
0.18311487613670296 -0.13130550895632676
0.18669442346904375 -0.13130550895632676
0.19142836862494905 -0.13130550895632676
0.20117022356453518 -0.13130550895632676
0.20796943309425553 -0.13130550895632676
0.211688579531652 -0.13130550895632676
0.2169238464401113 -0.13130550895632676
0.22471860665148946 -0.13130550895632676
0.22862123785607924 -0.13130550895632676
0.23870791294325733 -0.13130550895632676
0.2429661106347658 -0.13130550895632676
0.2514079093332733 -0.13130550895632676
0.26344268747144295 -0.13130550895632676
0.2762537838284085 -0.13130550895632676
0.2762537838284568 -0.13130550895632676
0.27857121624471237 -0.13130550895632676
0.30039684306464476 -0.13130550895632676
0.3378270997535793 -0.13130550895632676
0.35099013369580767 -0.13130550895632676
0.35569153208149573 -0.13130550895632676
0.3708703005705011 -0.13130550895632676
0.37471593525161995 -0.13130550895632676
0.3822106623465582 -0.13130550895632676
0.39038606926861286 -0.13130550895632676
0.3979414506204715 -0.13130550895632676
0.40497528048915876 -0.13130550895632676
0.41726624818641533 -0.13130550895632676
0.42102173082741445 -0.13130550895632676
0.4268121804387809 -0.13130550895632676
0.43740984014492834 -0.13130550895632676
0.44590377250905366 -0.13130550895632676
0.45166434669882016 -0.13130550895632676
0.4569314904837213 -0.13130550895632676
0.46327044145915264 -0.13130550895632676
0.46882937010054027 -0.13130550895632676
0.4726337897362076 -0.13130550895632676
0.47982696467616437 -0.13130550895632676
0.4844878514068618 -0.13130550895632676
0.49398589709379603 -0.13130550895632676
0.49938681943944296 -0.13130550895632676
0.5049114914558139 -0.13130550895632676
0.5206178823952112 -0.13130550895632676
0.5283991197155341 -0.13130550895632676
0.532860711214091 -0.13130550895632676
0.5472614251484387 -0.13130550895632676
0.5561008375393123 -0.13130550895632676
0.5658948872010378 -0.13130550895632676
0.572657659935154 -0.13130550895632676
0.5791854001459168 -0.13130550895632676
0.5894714108710175 -0.13130550895632676
0.5992756146903744 -0.13130550895632676
0.5998250827411133 -0.13130550895632676
0.6092818781026471 -0.13130550895632676
0.6140744766648859 -0.13130550895632676
0.6208720042139865 -0.13130550895632676
0.6269715274940796 -0.13130550895632676
0.6339996991615443 -0.13130550895632676
0.6408020487535482 -0.13130550895632676
0.6481320000345897 -0.13130550895632676
0.6513310037324632 -0.13130550895632676
0.657716814463084 -0.13130550895632676
0.6611437072050363 -0.13130550895632676
0.6676246758133481 -0.13130550895632676
0.6743216479928926 -0.13130550895632676
0.6810887425395568 -0.13130550895632676
0.6830888431786536 -0.13130550895632676
0.6888585426724325 -0.13130550895632676
0.693755817282734 -0.13130550895632676
0.7004835338947635 -0.13130550895632676
0.7042259106659232 -0.13130550895632676
0.7070353184327888 -0.13130550895632676
0.7136738932574832 -0.13130550895632676
0.717564688452349 -0.13130550895632676
0.7261090486506094 -0.13130550895632676
0.7346239125911086 -0.13130550895632676
0.7388807774969369 -0.13130550895632676
0.7522839847781987 -0.13130550895632676
0.7686325729659171 -0.13130550895632676
0.7856606416781181 -0.13130550895632676
0.7920020898578395 -0.13130550895632676
0.8090064973592981 -0.13130550895632676
0.8171256177422348 -0.13130550895632676
0.8230987510134791 -0.13130550895632676
0.8526651315829603 -0.13130550895632676
0.8844206550134931 -0.13130550895632676
0.9022774573578546 -0.13130550895632676
0.9317386175205783 -0.13130550895632676
0.9469008243472504 -0.13130550895632676
0.9575640532588614 -0.13130550895632676
0.9679486230683393 -0.13130550895632676
0.9966721258298711 -0.13130550895632676
1.02625245114158 -0.13130550895632676
1.0365287895353115 -0.13130550895632676
1.0430479072952559 -0.13130550895632676
1.06184505265887 -0.13130550895632676
1.0791243994829873 -0.13130550895632676
1.0969765704964334 -0.13130550895632676
1.107897329267364 -0.13130550895632676
1.1093828475416085 -0.13130550895632676
1.118263601736504 -0.13130550895632676
1.1223695184738407 -0.13130550895632676
1.1274400004160912 -0.13130550895632676
1.130356092962261 -0.13130550895632676
1.135918577187729 -0.13130550895632676
1.141988149050016 -0.13130550895632676
1.1479711619091215 -0.13130550895632676
1.1514738455529716 -0.13130550895632676
1.1542132389039472 -0.13130550895632676
1.1588458943303754 -0.13130550895632676
1.1666704839139408 -0.13130550895632676
1.1721664615379546 -0.13130550895632676
1.1753506068894148 -0.13130550895632676
1.1792274837326393 -0.13130550895632676
1.1837234170739708 -0.13130550895632676
1.192956165868394 -0.13130550895632676
1.1955439538453367 -0.13130550895632676
1.2023196494171047 -0.13130550895632676
1.2076571902909672 -0.13130550895632676
1.2150568660772882 -0.13130550895632676
1.221470572392651 -0.13130550895632676
1.227057239564055 -0.13130550895632676
1.2318107799233786 -0.13130550895632676
1.2373982330141187 -0.13130550895632676
1.2437536509782525 -0.13130550895632676
1.2572484034305131 -0.13130550895632676
1.2633608844131623 -0.13130550895632676
1.2692430525373932 -0.13130550895632676
1.27533264115322 -0.13130550895632676
1.280345520079735 -0.13130550895632676
1.283270104544233 -0.13130550895632676
1.2865798931276284 -0.13130550895632676
1.2989753017409855 -0.13130550895632676
1.3067142660592512 -0.13130550895632676
1.3139300169510277 -0.13130550895632676
1.3155651079976816 -0.13130550895632676
1.3247663816059208 -0.13130550895632676
1.328749737785087 -0.13130550895632676
1.3323558224079846 -0.13130550895632676
1.3396057184674977 -0.13130550895632676
1.3485595611510042 -0.13130550895632676
1.3545413208934576 -0.13130550895632676
1.359296636282676 -0.13130550895632676
1.3661450920090852 -0.13130550895632676
1.3698677769304641 -0.13130550895632676
1.3764693810002993 -0.13130550895632676
1.3799176954578063 -0.13130550895632676
1.3851148203564534 -0.13130550895632676
1.3894322898784388 -0.13130550895632676
1.4029959387941304 -0.13130550895632676
1.4093289297191303 -0.13130550895632676
1.415720226597517 -0.13130550895632676
1.4196148024797794 -0.13130550895632676
1.4234419999467378 -0.13130550895632676
1.4269313426231274 -0.13130550895632676
1.4338081876474473 -0.13130550895632676
1.439144757522632 -0.13130550895632676
1.4456621226621942 -0.13130550895632676
1.451019132886805 -0.13130550895632676
1.4549709548841023 -0.13130550895632676
1.4660354656962216 -0.13130550895632676
1.4725177489993864 -0.13130550895632676
1.4739198434294032 -0.13130550895632676
1.4846589324312003 -0.13130550895632676
1.4897570259190573 -0.13130550895632676
1.492777393140453 -0.13130550895632676
1.5015912093714567 -0.13130550895632676
1.506202794123133 -0.13130550895632676
1.512312127721747 -0.13130550895632676
1.5178315643841112 -0.13130550895632676
1.5310937210976172 -0.13130550895632676
1.538310713156218 -0.13130550895632676
1.5448350986569044 -0.13130550895632676
1.5495850326491545 -0.13130550895632676
1.5589342332556644 -0.13130550895632676
1.5621739453856116 -0.13130550895632676
1.575665899547651 -0.13130550895632676
1.580712434812287 -0.13130550895632676
1.5861607023352642 -0.13130550895632676
1.5934841852024295 -0.13130550895632676
1.619462914244828 -0.13130550895632676
1.6324348431527458 -0.13130550895632676
1.6574686369200775 -0.13130550895632676
1.676714834704966 -0.13130550895632676
1.6890076488908246 -0.13130550895632676
#kx=3.0, ky=0.0, Jx=1.0, Jy=1.0, Jz=1.0, h=0.1
-0.03381297801752725 0.18176091911322345
0.007884136458687907 0.18176091911322345
0.02848716018178321 0.18176091911322345
0.03768582861873537 0.18176091911322345
0.05561490986177475 0.18176091911322345
0.07401394864071431 0.18176091911322345
0.08445958287482902 0.18176091911322345
0.0936199972728613 0.18176091911322345
0.1064390855841818 0.18176091911322345
0.1156557522497631 0.18176091911322345
0.12077784774810252 0.18176091911322345
0.12981432834716145 0.18176091911322345
0.13848458572678357 0.18176091911322345
0.14589832115303514 0.18176091911322345
0.14902876347957505 0.18176091911322345
0.15945440881241224 0.18176091911322345
0.17462011388334198 0.18176091911322345
0.18072696275131472 0.18176091911322345
0.19240000450804873 0.18176091911322345
0.20050234616278362 0.18176091911322345
0.20940520277464403 0.18176091911322345
0.213830860645694 0.18176091911322345
0.219389980781049 0.18176091911322345
0.21938998078107064 0.18176091911322345
0.2197964873814101 0.18176091911322345
0.22616985874810702 0.18176091911322345
0.23103668628527918 0.18176091911322345
0.24034875211168816 0.18176091911322345
0.2448811077127011 0.18176091911322345
0.2535721073369618 0.18176091911322345
0.2731008776949523 0.18176091911322345
0.2909511574107365 0.18176091911322345
0.2909511574107365 0.18176091911322345
0.30010537023224315 0.18176091911322345
0.3435866720861602 0.18176091911322345
0.3530008374348059 0.18176091911322345
0.3617973436322214 0.18176091911322345
0.36944296170227764 0.18176091911322345
0.3762329085004029 0.18176091911322345
0.38434117555954495 0.18176091911322345
0.3906366342996731 0.18176091911322345
0.3970721021642354 0.18176091911322345
0.40470619988213274 0.18176091911322345
0.41739112310202164 0.18176091911322345
0.41993613837710386 0.18176091911322345
0.4268577613459129 0.18176091911322345
0.43439759254324917 0.18176091911322345
0.4476347359813493 0.18176091911322345
0.44946541079903535 0.18176091911322345
0.4541406956508598 0.18176091911322345
0.4673135920945437 0.18176091911322345
0.47023651560212987 0.18176091911322345
0.475474725638354 0.18176091911322345
0.47987206620527245 0.18176091911322345
0.48819817342025673 0.18176091911322345
0.49678143723424606 0.18176091911322345
0.5022730684958898 0.18176091911322345
0.5090143855128848 0.18176091911322345
0.5168059418924248 0.18176091911322345
0.52729836807347 0.18176091911322345
0.5348672092468093 0.18176091911322345
0.5481795795414202 0.18176091911322345
0.5560191776239709 0.18176091911322345
0.5651353426906308 0.18176091911322345
0.5733229608711565 0.18176091911322345
0.5782451992729437 0.18176091911322345
0.5918340987684073 0.18176091911322345
0.5960265545826388 0.18176091911322345
0.6002339933918616 0.18176091911322345
0.6093584723104467 0.18176091911322345
0.6139431907804888 0.18176091911322345
0.6228460334445829 0.18176091911322345
0.6306624229547997 0.18176091911322345
0.635491823917389 0.18176091911322345
0.6376749064031356 0.18176091911322345
0.6474444728497625 0.18176091911322345
0.6566737724370475 0.18176091911322345
0.661165935427106 0.18176091911322345
0.6630053842144978 0.18176091911322345
0.6714648561177167 0.18176091911322345
0.6759338817833122 0.18176091911322345
0.6791834652344864 0.18176091911322345
0.6851242790950146 0.18176091911322345
0.688464979601856 0.18176091911322345
0.6955047493822408 0.18176091911322345
0.6998601319154885 0.18176091911322345
0.7029129771640469 0.18176091911322345
0.7084900348755097 0.18176091911322345
0.7134760030305348 0.18176091911322345
0.7186240160454921 0.18176091911322345
0.726505788916631 0.18176091911322345
0.7289677012153828 0.18176091911322345
0.7395250758817112 0.18176091911322345
0.752468282717127 0.18176091911322345
0.7850228128135117 0.18176091911322345
0.7892305955988288 0.18176091911322345
0.8013987721296323 0.18176091911322345
0.811065477373975 0.18176091911322345
0.8176934998629393 0.18176091911322345
0.8356419936164944 0.18176091911322345
0.8668808417703711 0.18176091911322345
0.8815880008337196 0.18176091911322345
0.9137579212104835 0.18176091911322345
0.9233802207796327 0.18176091911322345
0.94619745819153 0.18176091911322345
0.9575733285464327 0.18176091911322345
0.980646361949602 0.18176091911322345
0.9943658998816574 0.18176091911322345
1.0077912897712142 0.18176091911322345
1.0282809358343192 0.18176091911322345
1.0355541246603728 0.18176091911322345
1.0651252092842385 0.18176091911322345
1.0706697719321545 0.18176091911322345
1.0817858905056565 0.18176091911322345
1.1045294825221204 0.18176091911322345
1.1100858327641305 0.18176091911322345
1.114315532881565 0.18176091911322345
1.118300931907255 0.18176091911322345
1.1243486897964994 0.18176091911322345
1.1299228824852081 0.18176091911322345
1.1347589053285296 0.18176091911322345
1.1410002274343023 0.18176091911322345
1.1476225383628536 0.18176091911322345
1.149892983476254 0.18176091911322345
1.1548753458162193 0.18176091911322345
1.157959817484524 0.18176091911322345
1.1641555183463659 0.18176091911322345
1.1699270042716226 0.18176091911322345
1.1766080849843048 0.18176091911322345
1.1811789929296594 0.18176091911322345
1.1855675721974135 0.18176091911322345
1.195300940624412 0.18176091911322345
1.2010204050789375 0.18176091911322345
1.2056683651069267 0.18176091911322345
1.2098295801509806 0.18176091911322345
1.2158272000586667 0.18176091911322345
1.225739870831824 0.18176091911322345
1.229390542888538 0.18176091911322345
1.2359441060826843 0.18176091911322345
1.2383016478083286 0.18176091911322345
1.246384017337988 0.18176091911322345
1.2568326262413203 0.18176091911322345
1.263161643287073 0.18176091911322345
1.2673517743462825 0.18176091911322345
1.2762982098416416 0.18176091911322345
1.2808515349026246 0.18176091911322345
1.2830391916433976 0.18176091911322345
1.2903774911118555 0.18176091911322345
1.296808726140541 0.18176091911322345
1.3065643440715018 0.18176091911322345
1.3115764785518351 0.18176091911322345
1.3200087909954212 0.18176091911322345
1.329215968224704 0.18176091911322345
1.3319641194096628 0.18176091911322345
1.3374384029873687 0.18176091911322345
1.340931184770311 0.18176091911322345
1.3488975362974853 0.18176091911322345
1.3569142317892002 0.18176091911322345
1.3619459697703296 0.18176091911322345
1.363854759680763 0.18176091911322345
1.3718920582964884 0.18176091911322345
1.3813544527308323 0.18176091911322345
1.385746144773146 0.18176091911322345
1.389512893617454 0.18176091911322345
1.3967245725126454 0.18176091911322345
1.4050796424349854 0.18176091911322345
1.4110763630742618 0.18176091911322345
1.4163680622726305 0.18176091911322345
1.4223043452033508 0.18176091911322345
1.4265805673902254 0.18176091911322345
1.4333599081568027 0.18176091911322345
1.437842533787116 0.18176091911322345
1.442297507873573 0.18176091911322345
1.4482470343561231 0.18176091911322345
1.4515814173124253 0.18176091911322345
1.4616096552508784 0.18176091911322345
1.4666849466970489 0.18176091911322345
1.4724749985533747 0.18176091911322345
1.479526274845568 0.18176091911322345
1.4845126400263902 0.18176091911322345
1.4909324586567307 0.18176091911322345
1.4978347534886822 0.18176091911322345
1.5029863217312367 0.18176091911322345
1.5061907723920425 0.18176091911322345
1.511703615029392 0.18176091911322345
1.524804984875911 0.18176091911322345
1.5288090741668432 0.18176091911322345
1.5408211539148586 0.18176091911322345
1.5478054242860666 0.18176091911322345
1.5500254817023658 0.18176091911322345
1.5621331982151787 0.18176091911322345
1.567177519771092 0.18176091911322345
1.5772474350849457 0.18176091911322345
1.5831537870726038 0.18176091911322345
1.5894199436653285 0.18176091911322345
1.610416794407728 0.18176091911322345
1.6198481607392534 0.18176091911322345
1.6356027138609046 0.18176091911322345
1.6662166568240044 0.18176091911322345
1.6857893901780567 0.18176091911322345
#kx=0.0, ky=0.0, Jx=1.0, Jy=1.0, Jz=1.0, h=0.1
-0.14539593641892334 -2.0335295257561206
-0.03392226712450486 -2.0335295257561206
0.012924843247738571 -2.0335295257561206
0.03051044761310795 -2.0335295257561206
0.04262084880773953 -2.0335295257561206
0.060613231744084395 -2.0335295257561206
0.0785556517508923 -2.0335295257561206
0.09050004854299798 -2.0335295257561206
0.10306374759620374 -2.0335295257561206
0.1070796656844325 -2.0335295257561206
0.11687742728897277 -2.0335295257561206
0.11881498197556573 -2.0335295257561206
0.13505625200021132 -2.0335295257561206
0.13909932040524486 -2.0335295257561206
0.1483709928211624 -2.0335295257561206
0.15102001241760976 -2.0335295257561206
0.1586294196193455 -2.0335295257561206
0.17933577654169308 -2.0335295257561206
0.18783684602841966 -2.0335295257561206
0.1947874226451496 -2.0335295257561206
0.20371068926267055 -2.0335295257561206
0.20830119726140572 -2.0335295257561206
0.2147107430546369 -2.0335295257561206
0.22357111275245367 -2.0335295257561206
0.22357111275246366 -2.0335295257561206
0.22516764307305204 -2.0335295257561206
0.2311342078042744 -2.0335295257561206
0.2394622767459098 -2.0335295257561206
0.24191438188982173 -2.0335295257561206
0.2475207559905207 -2.0335295257561206
0.2529958864922943 -2.0335295257561206
0.2702150165087547 -2.0335295257561206
0.2838365820635491 -2.0335295257561206
0.3184682848374887 -2.0335295257561206
0.34602739396094817 -2.0335295257561206
0.3526476746367585 -2.0335295257561206
0.3645971916495133 -2.0335295257561206
0.3711823674824344 -2.0335295257561206
0.3752670676632064 -2.0335295257561206
0.38581055978686274 -2.0335295257561206
0.394932006224345 -2.0335295257561206
0.39867097126298656 -2.0335295257561206
0.40276033128596567 -2.0335295257561206
0.40276033128597233 -2.0335295257561206
0.4053070286605326 -2.0335295257561206
0.41126019330069485 -2.0335295257561206
0.4210529834761534 -2.0335295257561206
0.4305095079880378 -2.0335295257561206
0.4388489110332455 -2.0335295257561206
0.44507160789447164 -2.0335295257561206
0.44915441625024033 -2.0335295257561206
0.4596458020578481 -2.0335295257561206
0.46689952848115723 -2.0335295257561206
0.47280178274979434 -2.0335295257561206
0.47713815087571665 -2.0335295257561206
0.4825287456781546 -2.0335295257561206
0.48929537102918474 -2.0335295257561206
0.4938867666802249 -2.0335295257561206
0.5003959487005566 -2.0335295257561206
0.5043264844766798 -2.0335295257561206
0.5218022439385128 -2.0335295257561206
0.5248075694159698 -2.0335295257561206
0.5409177410825211 -2.0335295257561206
0.5515563521315769 -2.0335295257561206
0.5615234670002212 -2.0335295257561206
0.5674970134701707 -2.0335295257561206
0.5757299068517963 -2.0335295257561206
0.587322836828284 -2.0335295257561206
0.5914625545838686 -2.0335295257561206
0.5971779515006009 -2.0335295257561206
0.6051498969175284 -2.0335295257561206
0.611758293229499 -2.0335295257561206
0.6164627534372497 -2.0335295257561206
0.6222830373434657 -2.0335295257561206
0.6307816543233297 -2.0335295257561206
0.6399561810852911 -2.0335295257561206
0.648626603025067 -2.0335295257561206
0.6541156337436099 -2.0335295257561206
0.6584874625237452 -2.0335295257561206
0.661239384098799 -2.0335295257561206
0.6677120942812792 -2.0335295257561206
0.6735749858887241 -2.0335295257561206
0.6786933049639177 -2.0335295257561206
0.6810606150585324 -2.0335295257561206
0.6857034980296117 -2.0335295257561206
0.6936325203037258 -2.0335295257561206
0.6984205971794111 -2.0335295257561206
0.7028235246785997 -2.0335295257561206
0.7060026663563596 -2.0335295257561206
0.7088177238826188 -2.0335295257561206
0.716328963569316 -2.0335295257561206
0.7189509475304512 -2.0335295257561206
0.7278629230959255 -2.0335295257561206
0.7338320485299293 -2.0335295257561206
0.7441754084520347 -2.0335295257561206
0.7524728494362132 -2.0335295257561206
0.7794380162010439 -2.0335295257561206
0.7866941598889465 -2.0335295257561206
0.7934501093063462 -2.0335295257561206
0.8116789189372797 -2.0335295257561206
0.8195343091705592 -2.0335295257561206
0.8380100136256946 -2.0335295257561206
0.8597402976879831 -2.0335295257561206
0.9021294589230505 -2.0335295257561206
0.9210880113159969 -2.0335295257561206
0.9414061018243747 -2.0335295257561206
0.9504874703786581 -2.0335295257561206
0.9694030147853572 -2.0335295257561206
0.9918389470047856 -2.0335295257561206
1.0050177600226466 -2.0335295257561206
1.0273461901574443 -2.0335295257561206
1.0389518050899045 -2.0335295257561206
1.061958994542545 -2.0335295257561206
1.0673856548993677 -2.0335295257561206
1.0822005292238153 -2.0335295257561206
1.1037393389099641 -2.0335295257561206
1.1113329427767193 -2.0335295257561206
1.1147211727692996 -2.0335295257561206
1.1217411396529686 -2.0335295257561206
1.1266774672513318 -2.0335295257561206
1.1329304191713048 -2.0335295257561206
1.136587445351363 -2.0335295257561206
1.1400192234020345 -2.0335295257561206
1.1459901244379855 -2.0335295257561206
1.152427080117186 -2.0335295257561206
1.152890544144682 -2.0335295257561206
1.1602639881459305 -2.0335295257561206
1.1632684405674165 -2.0335295257561206
1.1705766293589677 -2.0335295257561206
1.1750881097761638 -2.0335295257561206
1.1782256397159134 -2.0335295257561206
1.1842954171274833 -2.0335295257561206
1.1932280572285237 -2.0335295257561206
1.1987958143123933 -2.0335295257561206
1.2041847327334594 -2.0335295257561206
1.2153227274996836 -2.0335295257561206
1.2165886056428539 -2.0335295257561206
1.2222667454092528 -2.0335295257561206
1.2311269321278213 -2.0335295257561206
1.2332961033967678 -2.0335295257561206
1.23854176991136 -2.0335295257561206
1.2463688952888434 -2.0335295257561206
1.2573988167547574 -2.0335295257561206
1.2613172113663702 -2.0335295257561206
1.268483385602071 -2.0335295257561206
1.2739566624090086 -2.0335295257561206
1.2804904304362257 -2.0335295257561206
1.2847756925561744 -2.0335295257561206
1.2920660435188829 -2.0335295257561206
1.2940610264402301 -2.0335295257561206
1.3045067708082536 -2.0335295257561206
1.3102714868087513 -2.0335295257561206
1.3204192120077418 -2.0335295257561206
1.3266568519776283 -2.0335295257561206
1.328433019514469 -2.0335295257561206
1.3356206132771986 -2.0335295257561206
1.3411756550247778 -2.0335295257561206
1.3482997700282966 -2.0335295257561206
1.3563684957471915 -2.0335295257561206
1.3609205371981181 -2.0335295257561206
1.3645630850486412 -2.0335295257561206
1.3734225126465867 -2.0335295257561206
1.3818613938318665 -2.0335295257561206
1.3895585193902988 -2.0335295257561206
1.393217360445191 -2.0335295257561206
1.397400018734218 -2.0335295257561206
1.4066173576163665 -2.0335295257561206
1.411748210839738 -2.0335295257561206
1.4169872359253217 -2.0335295257561206
1.4225600119210675 -2.0335295257561206
1.4290381291168481 -2.0335295257561206
1.436051757614341 -2.0335295257561206
1.4418651288665578 -2.0335295257561206
1.4457419218561567 -2.0335295257561206
1.449511333853701 -2.0335295257561206
1.4527020728875577 -2.0335295257561206
1.460847804870045 -2.0335295257561206
1.4685412505516244 -2.0335295257561206
1.4763044223656063 -2.0335295257561206
1.4824080095975893 -2.0335295257561206
1.4858539714634351 -2.0335295257561206
1.4940051258602616 -2.0335295257561206
1.4978311378920384 -2.0335295257561206
1.5059088786488728 -2.0335295257561206
1.5103618557406417 -2.0335295257561206
1.5188115938871132 -2.0335295257561206
1.5290417475125284 -2.0335295257561206
1.536199871205865 -2.0335295257561206
1.546463031983976 -2.0335295257561206
1.5477345672041898 -2.0335295257561206
1.5601648565520758 -2.0335295257561206
1.567429349738193 -2.0335295257561206
1.5714780645255448 -2.0335295257561206
1.5770876430247722 -2.0335295257561206
1.5854772772466397 -2.0335295257561206
1.5944450524486886 -2.0335295257561206
1.6053826566585427 -2.0335295257561206
1.620987837619317 -2.0335295257561206
1.6514641636452077 -2.0335295257561206
1.6679260856769758 -2.0335295257561206
1.688106811535652 -2.0335295257561206
#kx=3.0, ky=6.0, Jx=1.0, Jy=1.0, Jz=1.0, h=0.1
-0.043139510114514334 -0.11849290303327337
0.014866923460185588 -0.11849290303327337
0.028271051157572336 -0.11849290303327337
0.053579226446928696 -0.11849290303327337
0.07575524551869273 -0.11849290303327337
0.08120384491357824 -0.11849290303327337
0.08988625942414563 -0.11849290303327337
0.09162568558582551 -0.11849290303327337
0.10740871833200383 -0.11849290303327337
0.11676426318526167 -0.11849290303327337
0.13143380219018674 -0.11849290303327337
0.13694844247470084 -0.11849290303327337
0.14222493994601404 -0.11849290303327337
0.15052353861597145 -0.11849290303327337
0.15201462532480614 -0.11849290303327337
0.170593117643289 -0.11849290303327337
0.18556445394730559 -0.11849290303327337
0.19301168181164174 -0.11849290303327337
0.19776576876717356 -0.11849290303327337
0.20582895021871495 -0.11849290303327337
0.21399743499341428 -0.11849290303327337
0.21650279878543288 -0.11849290303327337
0.22178974698911558 -0.11849290303327337
0.22832086468627055 -0.11849290303327337
0.23077094221373606 -0.11849290303327337
0.24082580467628123 -0.11849290303327337
0.2477062920012041 -0.11849290303327337
0.2526821314197647 -0.11849290303327337
0.2574695720478054 -0.11849290303327337
0.28052105155574103 -0.11849290303327337
0.296247543547824 -0.11849290303327337
0.29720917732125485 -0.11849290303327337
0.29720917732126984 -0.11849290303327337
0.32121183819501853 -0.11849290303327337
0.3421928330120205 -0.11849290303327337
0.3688552683076951 -0.11849290303327337
0.3727280642632069 -0.11849290303327337
0.3794726883678756 -0.11849290303327337
0.3853237291773842 -0.11849290303327337
0.38974200430109407 -0.11849290303327337
0.40247268634255484 -0.11849290303327337
0.4098254933460943 -0.11849290303327337
0.4209187229346556 -0.11849290303327337
0.42410635983955225 -0.11849290303327337
0.43162209865285406 -0.11849290303327337
0.44063249181424125 -0.11849290303327337
0.4451439386634076 -0.11849290303327337
0.45028063919037353 -0.11849290303327337
0.45782085282082163 -0.11849290303327337
0.4692462713914264 -0.11849290303327337
0.47205485475760256 -0.11849290303327337
0.4802803180664411 -0.11849290303327337
0.48674325176764677 -0.11849290303327337
0.4898005307263176 -0.11849290303327337
0.5019090240175789 -0.11849290303327337
0.5066437136126961 -0.11849290303327337
0.516821835572252 -0.11849290303327337
0.5270708077314351 -0.11849290303327337
0.5341689738385508 -0.11849290303327337
0.537440824131592 -0.11849290303327337
0.5486560689505493 -0.11849290303327337
0.5564737748952509 -0.11849290303327337
0.5619413982984917 -0.11849290303327337
0.5724487789240729 -0.11849290303327337
0.5746359881956442 -0.11849290303327337
0.586958603520944 -0.11849290303327337
0.5987693784038206 -0.11849290303327337
0.604521875551397 -0.11849290303327337
0.6097704986990493 -0.11849290303327337
0.615214068350613 -0.11849290303327337
0.6206784230526441 -0.11849290303327337
0.6246322177539682 -0.11849290303327337
0.6370885502808077 -0.11849290303327337
0.6427496613471717 -0.11849290303327337
0.6460055096578571 -0.11849290303327337
0.6528757574768185 -0.11849290303327337
0.658267113611064 -0.11849290303327337
0.660721027452591 -0.11849290303327337
0.6697817856963312 -0.11849290303327337
0.6732129644853907 -0.11849290303327337
0.6794527567681036 -0.11849290303327337
0.6819466868663787 -0.11849290303327337
0.6844426284205907 -0.11849290303327337
0.6876520874276992 -0.11849290303327337
0.6906626574881625 -0.11849290303327337
0.6979736751975935 -0.11849290303327337
0.7047410119858444 -0.11849290303327337
0.7098074192448289 -0.11849290303327337
0.7131171237581052 -0.11849290303327337
0.721766221215 -0.11849290303327337
0.7239379405739937 -0.11849290303327337
0.7364571771556183 -0.11849290303327337
0.7437604800262865 -0.11849290303327337
0.7568549539226027 -0.11849290303327337
0.7678022491582953 -0.11849290303327337
0.7877422449306964 -0.11849290303327337
0.7951950645626532 -0.11849290303327337
0.8014292804088552 -0.11849290303327337
0.8196486799469921 -0.11849290303327337
0.8336956176983579 -0.11849290303327337
0.8823995572516075 -0.11849290303327337
0.8991499631895905 -0.11849290303327337
0.9212708732466646 -0.11849290303327337
0.9301809450104126 -0.11849290303327337
0.942578782186867 -0.11849290303327337
0.9566521149007434 -0.11849290303327337
0.9704468382282433 -0.11849290303327337
0.9905074480385817 -0.11849290303327337
1.0339712105568917 -0.11849290303327337
1.047098212320439 -0.11849290303327337
1.0610938105769314 -0.11849290303327337
1.0656205823919356 -0.11849290303327337
1.0770080237950697 -0.11849290303327337
1.0838958112830865 -0.11849290303327337
1.1062847848740391 -0.11849290303327337
1.111697027318856 -0.11849290303327337
1.1185779028712872 -0.11849290303327337
1.1234211867593025 -0.11849290303327337
1.13034582439419 -0.11849290303327337
1.1349492360549973 -0.11849290303327337
1.1400760186353975 -0.11849290303327337
1.145104770667687 -0.11849290303327337
1.1494096418746662 -0.11849290303327337
1.1550979730633233 -0.11849290303327337
1.1587385466535145 -0.11849290303327337
1.1675020425793852 -0.11849290303327337
1.1699646971179818 -0.11849290303327337
1.1726077108369686 -0.11849290303327337
1.184559841452371 -0.11849290303327337
1.187073842235895 -0.11849290303327337
1.191273270101526 -0.11849290303327337
1.1928143362790462 -0.11849290303327337
1.2057525849457795 -0.11849290303327337
1.2085207635917312 -0.11849290303327337
1.2205609965126396 -0.11849290303327337
1.22337413627441 -0.11849290303327337
1.2299460699545235 -0.11849290303327337
1.2345492407163299 -0.11849290303327337
1.2391141664155447 -0.11849290303327337
1.2502236377605973 -0.11849290303327337
1.2571792659313759 -0.11849290303327337
1.2606110748625472 -0.11849290303327337
1.268732108703411 -0.11849290303327337
1.2739061843589106 -0.11849290303327337
1.2773555734461361 -0.11849290303327337
1.285187463584837 -0.11849290303327337
1.293322493114537 -0.11849290303327337
1.2958212184205098 -0.11849290303327337
1.3005282841511696 -0.11849290303327337
1.3132817712968003 -0.11849290303327337
1.317344378968572 -0.11849290303327337
1.324580623049552 -0.11849290303327337
1.3269861487746755 -0.11849290303327337
1.3296109347369516 -0.11849290303327337
1.3392555228714191 -0.11849290303327337
1.3459528643127565 -0.11849290303327337
1.350494626426297 -0.11849290303327337
1.3602392853406453 -0.11849290303327337
1.3643402079978795 -0.11849290303327337
1.3665561518334073 -0.11849290303327337
1.375783241576653 -0.11849290303327337
1.3808148690428268 -0.11849290303327337
1.3838373692090484 -0.11849290303327337
1.3914264117274429 -0.11849290303327337
1.3976857448219893 -0.11849290303327337
1.4040475704453281 -0.11849290303327337
1.4175302646023547 -0.11849290303327337
1.4179669589743664 -0.11849290303327337
1.4227410018542446 -0.11849290303327337
1.4313872916438908 -0.11849290303327337
1.4362989104130797 -0.11849290303327337
1.441199434637031 -0.11849290303327337
1.4445527255337782 -0.11849290303327337
1.4494865719180539 -0.11849290303327337
1.4554312481067677 -0.11849290303327337
1.4632405664697068 -0.11849290303327337
1.4673640141570772 -0.11849290303327337
1.4756512795174337 -0.11849290303327337
1.481489409462916 -0.11849290303327337
1.4853200267485893 -0.11849290303327337
1.492309384442787 -0.11849290303327337
1.5029953299093168 -0.11849290303327337
1.5048628905900585 -0.11849290303327337
1.5125427457554752 -0.11849290303327337
1.5178684106689877 -0.11849290303327337
1.5258047801832215 -0.11849290303327337
1.5297319118377932 -0.11849290303327337
1.5350385732910405 -0.11849290303327337
1.548436230051073 -0.11849290303327337
1.5566589112229972 -0.11849290303327337
1.5598134031902078 -0.11849290303327337
1.5630882634284156 -0.11849290303327337
1.5755596674681493 -0.11849290303327337
1.5836026809703618 -0.11849290303327337
1.5970872454380047 -0.11849290303327337
1.6179941500366364 -0.11849290303327337
1.6269359802202747 -0.11849290303327337
1.637574848068023 -0.11849290303327337
1.6676672972434081 -0.11849290303327337
1.6957358153868907 -0.11849290303327337
#kx=6.0, ky=12.0, Jx=1.0, Jy=1.0, Jz=1.0, h=0.1
-0.033078982333358264 -0.13130550904376226
0.009483454891369147 -0.13130550904376226
0.02059079011097531 -0.13130550904376226
0.03505482180662378 -0.13130550904376226
0.05720053311293549 -0.13130550904376226
0.0737625192422281 -0.13130550904376226
0.08211447236646185 -0.13130550904376226
0.08854648428703982 -0.13130550904376226
0.10268545967870302 -0.13130550904376226
0.11463664091147463 -0.13130550904376226
0.11656996554686327 -0.13130550904376226
0.13085834239745908 -0.13130550904376226
0.13579611878996034 -0.13130550904376226
0.14178538874179136 -0.13130550904376226
0.15033468032493558 -0.13130550904376226
0.16441123493879384 -0.13130550904376226
0.18311487152536665 -0.13130550904376226
0.18669441958258925 -0.13130550904376226
0.19142836788494266 -0.13130550904376226
0.2011702202511073 -0.13130550904376226
0.20796943416982183 -0.13130550904376226
0.21168857883876457 -0.13130550904376226
0.2169238501006815 -0.13130550904376226
0.22471860351528816 -0.13130550904376226
0.2286212356781031 -0.13130550904376226
0.23870791420302295 -0.13130550904376226
0.24296610434547505 -0.13130550904376226
0.25140790528113965 -0.13130550904376226
0.26344267892302264 -0.13130550904376226
0.2762538556747607 -0.13130550904376226
0.2762538556747657 -0.13130550904376226
0.27857120874395236 -0.13130550904376226
0.30039682877277374 -0.13130550904376226
0.3378270752581536 -0.13130550904376226
0.3509901311079361 -0.13130550904376226
0.3556915250019488 -0.13130550904376226
0.3708702992810159 -0.13130550904376226
0.3747159296185376 -0.13130550904376226
0.3822106547952603 -0.13130550904376226
0.39038606717605173 -0.13130550904376226
0.3979414481831378 -0.13130550904376226
0.40497527726444327 -0.13130550904376226
0.4172662486996048 -0.13130550904376226
0.4210217255602311 -0.13130550904376226
0.4268121749265835 -0.13130550904376226
0.43740983500476005 -0.13130550904376226
0.4459037671266791 -0.13130550904376226
0.4516643432384648 -0.13130550904376226
0.45693148649748494 -0.13130550904376226
0.4632704411389288 -0.13130550904376226
0.46882936643449113 -0.13130550904376226
0.4726337857392865 -0.13130550904376226
0.4798269630573876 -0.13130550904376226
0.484487849372241 -0.13130550904376226
0.4939858952051551 -0.13130550904376226
0.4993868134874557 -0.13130550904376226
0.5049114879255845 -0.13130550904376226
0.5206178808028383 -0.13130550904376226
0.5283991213906608 -0.13130550904376226
0.5328607072463198 -0.13130550904376226
0.5472614198409359 -0.13130550904376226
0.5561008316533556 -0.13130550904376226
0.5658948805002412 -0.13130550904376226
0.5726576573420766 -0.13130550904376226
0.579185396334847 -0.13130550904376226
0.5894714065746692 -0.13130550904376226
0.5992756092482543 -0.13130550904376226
0.5998250763539342 -0.13130550904376226
0.609281873868564 -0.13130550904376226
0.6140744738317305 -0.13130550904376226
0.620871996729197 -0.13130550904376226
0.6269715265778175 -0.13130550904376226
0.6339996936232661 -0.13130550904376226
0.6408020458060809 -0.13130550904376226
0.6481319949339398 -0.13130550904376226
0.6513309974566184 -0.13130550904376226
0.6577168104305081 -0.13130550904376226
0.6611437007952037 -0.13130550904376226
0.6676246726081753 -0.13130550904376226
0.6743216454250001 -0.13130550904376226
0.6810887392797027 -0.13130550904376226
0.6830888419879044 -0.13130550904376226
0.6888585393778246 -0.13130550904376226
0.6937558148201356 -0.13130550904376226
0.7004835330534331 -0.13130550904376226
0.7042259087016361 -0.13130550904376226
0.7070353167117688 -0.13130550904376226
0.7136738905739931 -0.13130550904376226
0.7175646855961171 -0.13130550904376226
0.7261090452779589 -0.13130550904376226
0.7346239132082882 -0.13130550904376226
0.7388807719924467 -0.13130550904376226
0.752283985202028 -0.13130550904376226
0.7686325698039398 -0.13130550904376226
0.7856606384161258 -0.13130550904376226
0.7920020846663339 -0.13130550904376226
0.8090064912220357 -0.13130550904376226
0.8171256201328142 -0.13130550904376226
0.823098745844667 -0.13130550904376226
0.8526651286028258 -0.13130550904376226
0.8844206445700603 -0.13130550904376226
0.9022774505880232 -0.13130550904376226
0.9317386123931548 -0.13130550904376226
0.9469008206123647 -0.13130550904376226
0.9575640496143717 -0.13130550904376226
0.9679486235330292 -0.13130550904376226
0.996672121118633 -0.13130550904376226
1.0262524380878117 -0.13130550904376226
1.0365287803698997 -0.13130550904376226
1.0430478944376342 -0.13130550904376226
1.061845052097003 -0.13130550904376226
1.0791243944377467 -0.13130550904376226
1.0969765637255162 -0.13130550904376226
1.1078973278022775 -0.13130550904376226
1.1093828464678275 -0.13130550904376226
1.1182635993267782 -0.13130550904376226
1.1223695133862022 -0.13130550904376226
1.127439999945744 -0.13130550904376226
1.1303560920983018 -0.13130550904376226
1.1359185763333208 -0.13130550904376226
1.1419881479383553 -0.13130550904376226
1.147971159274797 -0.13130550904376226
1.1514738445148538 -0.13130550904376226
1.1542132362570396 -0.13130550904376226
1.158845893147062 -0.13130550904376226
1.1666704797055572 -0.13130550904376226
1.1721664609975817 -0.13130550904376226
1.1753506043965372 -0.13130550904376226
1.179227478642035 -0.13130550904376226
1.183723413601157 -0.13130550904376226
1.1929561634600405 -0.13130550904376226
1.1955439520466986 -0.13130550904376226
1.2023196446681683 -0.13130550904376226
1.2076571881904075 -0.13130550904376226
1.2150568640617088 -0.13130550904376226
1.2214705691993806 -0.13130550904376226
1.2270572376696454 -0.13130550904376226
1.2318107788908528 -0.13130550904376226
1.2373982325477666 -0.13130550904376226
1.243753647319426 -0.13130550904376226
1.2572484021360586 -0.13130550904376226
1.2633608826546556 -0.13130550904376226
1.2692430508713692 -0.13130550904376226
1.275332638786888 -0.13130550904376226
1.280345516604771 -0.13130550904376226
1.283270102215086 -0.13130550904376226
1.2865798894195812 -0.13130550904376226
1.2989752989588876 -0.13130550904376226
1.3067142640883145 -0.13130550904376226
1.3139300133223786 -0.13130550904376226
1.3155651056665163 -0.13130550904376226
1.3247663793426012 -0.13130550904376226
1.328749733277113 -0.13130550904376226
1.33235581865502 -0.13130550904376226
1.3396057166866386 -0.13130550904376226
1.3485595578997933 -0.13130550904376226
1.354541318622366 -0.13130550904376226
1.3592966338160455 -0.13130550904376226
1.3661450908442818 -0.13130550904376226
1.3698677736036302 -0.13130550904376226
1.3764693779181196 -0.13130550904376226
1.379917693272904 -0.13130550904376226
1.3851148170221572 -0.13130550904376226
1.389432288112853 -0.13130550904376226
1.402995937138543 -0.13130550904376226
1.409328926690541 -0.13130550904376226
1.4157202236635906 -0.13130550904376226
1.4196148031335283 -0.13130550904376226
1.4234419969942147 -0.13130550904376226
1.426931340612041 -0.13130550904376226
1.4338081862474423 -0.13130550904376226
1.4391447561239457 -0.13130550904376226
1.4456621194344161 -0.13130550904376226
1.4510191320527888 -0.13130550904376226
1.4549709528594534 -0.13130550904376226
1.4660354635815331 -0.13130550904376226
1.4725177462212102 -0.13130550904376226
1.4739198402604599 -0.13130550904376226
1.484658929809954 -0.13130550904376226
1.4897570239451163 -0.13130550904376226
1.492777391395892 -0.13130550904376226
1.501591208454332 -0.13130550904376226
1.506202792601432 -0.13130550904376226
1.5123121257496712 -0.13130550904376226
1.517831560688359 -0.13130550904376226
1.531093717046318 -0.13130550904376226
1.5383107120897244 -0.13130550904376226
1.5448350984179005 -0.13130550904376226
1.5495850304694547 -0.13130550904376226
1.5589342330183427 -0.13130550904376226
1.5621739425831533 -0.13130550904376226
1.5756658987850725 -0.13130550904376226
1.5807124308203702 -0.13130550904376226
1.58616069946932 -0.13130550904376226
1.5934841837989855 -0.13130550904376226
1.6194629104917153 -0.13130550904376226
1.6324348411271443 -0.13130550904376226
1.6574686342084333 -0.13130550904376226
1.6767148338387206 -0.13130550904376226
1.6890076442117556 -0.13130550904376226
#kx=6.0, ky=9.0, Jx=1.0, Jy=1.0, Jz=1.0, h=0.1
-0.031475171686125014 -0.11785154914763092
0.016508857153315626 -0.11785154914763092
0.022724143442660605 -0.11785154914763092
0.035255236995083705 -0.11785154914763092
0.07450194193324267 -0.11785154914763092
0.08199512347862759 -0.11785154914763092
0.09208305937959904 -0.11785154914763092
0.09907739303027019 -0.11785154914763092
0.10844496737374532 -0.11785154914763092
0.1198341776057793 -0.11785154914763092
0.13275608655684723 -0.11785154914763092
0.1336868124408669 -0.11785154914763092
0.14129046972761017 -0.11785154914763092
0.14944002820434565 -0.11785154914763092
0.16520724722646707 -0.11785154914763092
0.1854257309172458 -0.11785154914763092
0.18754776428203723 -0.11785154914763092
0.19521640807432072 -0.11785154914763092
0.20380822295554435 -0.11785154914763092
0.2117901898627078 -0.11785154914763092
0.21309449040691542 -0.11785154914763092
0.2182620512459721 -0.11785154914763092
0.22470730849316722 -0.11785154914763092
0.23788365678323486 -0.11785154914763092
0.2389348528052715 -0.11785154914763092
0.24439882488038078 -0.11785154914763092
0.2521109302876162 -0.11785154914763092
0.25795437316879166 -0.11785154914763092
0.265961296371352 -0.11785154914763092
0.27277505414315173 -0.11785154914763092
0.27277505414317005 -0.11785154914763092
0.27664004666432485 -0.11785154914763092
0.2927648955514983 -0.11785154914763092
0.3120255195084787 -0.11785154914763092
0.31979014566798136 -0.11785154914763092
0.35093967170068685 -0.11785154914763092
0.3665051260793123 -0.11785154914763092
0.3748283467896596 -0.11785154914763092
0.38158166589559894 -0.11785154914763092
0.3927536229028311 -0.11785154914763092
0.3973334646433463 -0.11785154914763092
0.4089330509906919 -0.11785154914763092
0.4167235120965318 -0.11785154914763092
0.4214257275637373 -0.11785154914763092
0.4253346056395324 -0.11785154914763092
0.43350343821597415 -0.11785154914763092
0.4393303697715245 -0.11785154914763092
0.4507991610574019 -0.11785154914763092
0.45923019143587873 -0.11785154914763092
0.4629141430151057 -0.11785154914763092
0.4735343746655618 -0.11785154914763092
0.47628211590481473 -0.11785154914763092
0.4863721759121453 -0.11785154914763092
0.4926923504002301 -0.11785154914763092
0.4975708125922318 -0.11785154914763092
0.5019085615945507 -0.11785154914763092
0.5221414251987827 -0.11785154914763092
0.5280348151929587 -0.11785154914763092
0.5341654134494056 -0.11785154914763092
0.5438812634749013 -0.11785154914763092
0.5530842139019493 -0.11785154914763092
0.5621794771084115 -0.11785154914763092
0.571662413194372 -0.11785154914763092
0.578121553457922 -0.11785154914763092
0.5914879959231223 -0.11785154914763092
0.5941306997905299 -0.11785154914763092
0.5999625868920189 -0.11785154914763092
0.6049467550379323 -0.11785154914763092
0.6115211044577157 -0.11785154914763092
0.6166155805273993 -0.11785154914763092
0.6225329631371812 -0.11785154914763092
0.6278192031234942 -0.11785154914763092
0.6343065716841256 -0.11785154914763092
0.6362387148540422 -0.11785154914763092
0.6410942663024233 -0.11785154914763092
0.655177301772335 -0.11785154914763092
0.661612646170312 -0.11785154914763092
0.6643587828943909 -0.11785154914763092
0.6725088452793482 -0.11785154914763092
0.677566404270088 -0.11785154914763092
0.6840026293810192 -0.11785154914763092
0.685940099041864 -0.11785154914763092
0.6907706426984628 -0.11785154914763092
0.6948112494379866 -0.11785154914763092
0.7007481144780126 -0.11785154914763092
0.7065455044386476 -0.11785154914763092
0.7094803056308163 -0.11785154914763092
0.7132761110206071 -0.11785154914763092
0.7231561901300865 -0.11785154914763092
0.7261128561649433 -0.11785154914763092
0.7373219381471829 -0.11785154914763092
0.7435507780742817 -0.11785154914763092
0.7593629281564374 -0.11785154914763092
0.7846293074852145 -0.11785154914763092
0.792280227779309 -0.11785154914763092
0.7985288199481283 -0.11785154914763092
0.8078550748012009 -0.11785154914763092
0.8246339729288882 -0.11785154914763092
0.8298366623236675 -0.11785154914763092
0.8617724554028056 -0.11785154914763092
0.8933466567384013 -0.11785154914763092
0.9214896947664669 -0.11785154914763092
0.9367426697734926 -0.11785154914763092
0.9520158835898851 -0.11785154914763092
0.9606334520010573 -0.11785154914763092
0.9775928903272341 -0.11785154914763092
0.9973557797593186 -0.11785154914763092
1.0138316418615911 -0.11785154914763092
1.0265748886784554 -0.11785154914763092
1.045361865473216 -0.11785154914763092
1.0648092403915266 -0.11785154914763092
1.0713967990511053 -0.11785154914763092
1.0764339166297487 -0.11785154914763092
1.1055888789018646 -0.11785154914763092
1.112812183316798 -0.11785154914763092
1.1141634853503113 -0.11785154914763092
1.1179029441674877 -0.11785154914763092
1.122359678277265 -0.11785154914763092
1.1304095599604098 -0.11785154914763092
1.134902194970886 -0.11785154914763092
1.1405103234802016 -0.11785154914763092
1.143309440278868 -0.11785154914763092
1.147726151459631 -0.11785154914763092
1.1527601703877166 -0.11785154914763092
1.1610955294577363 -0.11785154914763092
1.1687089362938923 -0.11785154914763092
1.1715406916356002 -0.11785154914763092
1.1768956630181526 -0.11785154914763092
1.1793243109625435 -0.11785154914763092
1.1886947654817415 -0.11785154914763092
1.189581835947967 -0.11785154914763092
1.195963545233093 -0.11785154914763092
1.2012865658458987 -0.11785154914763092
1.2058140134191127 -0.11785154914763092
1.2092813846248824 -0.11785154914763092
1.2202053207136747 -0.11785154914763092
1.2261022678770317 -0.11785154914763092
1.2343917858006743 -0.11785154914763092
1.2379718163860924 -0.11785154914763092
1.2495535765589416 -0.11785154914763092
1.2534868090836093 -0.11785154914763092
1.257268967830691 -0.11785154914763092
1.266322125516881 -0.11785154914763092
1.2730787823659457 -0.11785154914763092
1.2755323821199416 -0.11785154914763092
1.2814075349605636 -0.11785154914763092
1.2848296643297346 -0.11785154914763092
1.2981104892569972 -0.11785154914763092
1.3110170770233909 -0.11785154914763092
1.3152457827756319 -0.11785154914763092
1.3216014242611358 -0.11785154914763092
1.3262533541740256 -0.11785154914763092
1.3333302736144055 -0.11785154914763092
1.3354163059874473 -0.11785154914763092
1.3432675134138994 -0.11785154914763092
1.3478952456581355 -0.11785154914763092
1.355405583294202 -0.11785154914763092
1.3587969379236664 -0.11785154914763092
1.364708512160409 -0.11785154914763092
1.370925289210239 -0.11785154914763092
1.3816104974074999 -0.11785154914763092
1.385579274643317 -0.11785154914763092
1.388299639665197 -0.11785154914763092
1.3956378420103754 -0.11785154914763092
1.404351800826384 -0.11785154914763092
1.409035362032622 -0.11785154914763092
1.4165449039062572 -0.11785154914763092
1.4184971480188873 -0.11785154914763092
1.4262356507968021 -0.11785154914763092
1.431241064489834 -0.11785154914763092
1.4389068236149587 -0.11785154914763092
1.4404435711428691 -0.11785154914763092
1.4443561243678993 -0.11785154914763092
1.4535210007969146 -0.11785154914763092
1.4603034209586108 -0.11785154914763092
1.4661315395833756 -0.11785154914763092
1.4684777319049702 -0.11785154914763092
1.4767548431212163 -0.11785154914763092
1.4868925175965968 -0.11785154914763092
1.4909230898299648 -0.11785154914763092
1.4944194894379899 -0.11785154914763092
1.4993611340646007 -0.11785154914763092
1.504878978250106 -0.11785154914763092
1.509345645227162 -0.11785154914763092
1.5219109896926175 -0.11785154914763092
1.5266206023418682 -0.11785154914763092
1.537869465889961 -0.11785154914763092
1.5434423309559064 -0.11785154914763092
1.5536423695209578 -0.11785154914763092
1.5557413513666623 -0.11785154914763092
1.5616647711185556 -0.11785154914763092
1.5699087507399956 -0.11785154914763092
1.5827555351699396 -0.11785154914763092
1.5886894653517443 -0.11785154914763092
1.5981559258732236 -0.11785154914763092
1.6170685216592435 -0.11785154914763092
1.6300056909035054 -0.11785154914763092
1.654714473441261 -0.11785154914763092
1.6689218045780552 -0.11785154914763092
1.704069437462259 -0.11785154914763092
#kx=6.0, ky=6.0, Jx=1.0, Jy=1.0, Jz=1.0, h=0.1
-0.03821597521481479 -0.10141563095197115
0.0184188983668504 -0.10141563095197115
0.028282725163389366 -0.10141563095197115
0.041705844864650676 -0.10141563095197115
0.07644450420079385 -0.10141563095197115
0.08454366970667648 -0.10141563095197115
0.08975688970788931 -0.10141563095197115
0.0955926281114039 -0.10141563095197115
0.10775983139074963 -0.10141563095197115
0.12076694407913646 -0.10141563095197115
0.133931930825002 -0.10141563095197115
0.13743926566120002 -0.10141563095197115
0.1436288391576268 -0.10141563095197115
0.149378117753165 -0.10141563095197115
0.16372838367797626 -0.10141563095197115
0.17243800127776487 -0.10141563095197115
0.18712521643837243 -0.10141563095197115
0.19435655898418336 -0.10141563095197115
0.1980765807698287 -0.10141563095197115
0.20610214419030493 -0.10141563095197115
0.2144827020033696 -0.10141563095197115
0.2167830603876436 -0.10141563095197115
0.22250183534097967 -0.10141563095197115
0.22617787234256503 -0.10141563095197115
0.23334968971414294 -0.10141563095197115
0.24040792119581544 -0.10141563095197115
0.24415583644654848 -0.10141563095197115
0.2473160840902211 -0.10141563095197115
0.25765355815099644 -0.10141563095197115
0.2635716922850728 -0.10141563095197115
0.2635716922850845 -0.10141563095197115
0.27850710192473427 -0.10141563095197115
0.2975390017549312 -0.10141563095197115
0.30820940296955035 -0.10141563095197115
0.34785195588240336 -0.10141563095197115
0.3701892821124714 -0.10141563095197115
0.37250045838942203 -0.10141563095197115
0.3816224838607052 -0.10141563095197115
0.39070575147014674 -0.10141563095197115
0.3989408749299961 -0.10141563095197115
0.4078560193744796 -0.10141563095197115
0.41084556072838174 -0.10141563095197115
0.41944756400637995 -0.10141563095197115
0.42699270417603463 -0.10141563095197115
0.4347180627975261 -0.10141563095197115
0.44164080758503976 -0.10141563095197115
0.4465188843246648 -0.10141563095197115
0.45645599166979633 -0.10141563095197115
0.46437788082898 -0.10141563095197115
0.46550524966924967 -0.10141563095197115
0.469503082762337 -0.10141563095197115
0.4786075002370743 -0.10141563095197115
0.4908871312879276 -0.10141563095197115
0.49587809275380756 -0.10141563095197115
0.5029622574311243 -0.10141563095197115
0.5079858959312161 -0.10141563095197115
0.5223330197785991 -0.10141563095197115
0.5299179231300527 -0.10141563095197115
0.53834106228898 -0.10141563095197115
0.5476973343482783 -0.10141563095197115
0.5588733801121037 -0.10141563095197115
0.5685541633159913 -0.10141563095197115
0.5739511944756198 -0.10141563095197115
0.578177682472813 -0.10141563095197115
0.5903207483856299 -0.10141563095197115
0.5956206237143463 -0.10141563095197115
0.6027516735905847 -0.10141563095197115
0.6064306790554669 -0.10141563095197115
0.610881665867648 -0.10141563095197115
0.6190918758775826 -0.10141563095197115
0.6246844777888427 -0.10141563095197115
0.6281297173489797 -0.10141563095197115
0.6350167739173451 -0.10141563095197115
0.6444759900020991 -0.10141563095197115
0.6509874094811674 -0.10141563095197115
0.6551626572393038 -0.10141563095197115
0.6638674764042446 -0.10141563095197115
0.6667327685185981 -0.10141563095197115
0.6739120090217005 -0.10141563095197115
0.6783535178614314 -0.10141563095197115
0.6807112266998011 -0.10141563095197115
0.6843660757202419 -0.10141563095197115
0.6881783750562565 -0.10141563095197115
0.6938850560256798 -0.10141563095197115
0.6960405913124296 -0.10141563095197115
0.7021214235840301 -0.10141563095197115
0.70683204327182 -0.10141563095197115
0.7142923011476393 -0.10141563095197115
0.7179022861321854 -0.10141563095197115
0.7242412360638917 -0.10141563095197115
0.7342640661702327 -0.10141563095197115
0.7428096072260015 -0.10141563095197115
0.7563038747886869 -0.10141563095197115
0.7803662939615297 -0.10141563095197115
0.7916235112256581 -0.10141563095197115
0.7956907487162912 -0.10141563095197115
0.8033892047030677 -0.10141563095197115
0.8078725712594081 -0.10141563095197115
0.8294728131669121 -0.10141563095197115
0.8411316622660536 -0.10141563095197115
0.862097947747083 -0.10141563095197115
0.9151131646402877 -0.10141563095197115
0.9227188894661609 -0.10141563095197115
0.9250399694668593 -0.10141563095197115
0.9426754211842214 -0.10141563095197115
0.9511039581085368 -0.10141563095197115
0.9594382169664084 -0.10141563095197115
0.974269966376976 -0.10141563095197115
1.0213924125939833 -0.10141563095197115
1.0417936402514512 -0.10141563095197115
1.0603342238304314 -0.10141563095197115
1.0660529385304351 -0.10141563095197115
1.074604357478099 -0.10141563095197115
1.09269880982376 -0.10141563095197115
1.1070492054114816 -0.10141563095197115
1.113864075233257 -0.10141563095197115
1.1190058052476175 -0.10141563095197115
1.1241080007603144 -0.10141563095197115
1.1291371729643047 -0.10141563095197115
1.1362194629610771 -0.10141563095197115
1.1421497671058978 -0.10141563095197115
1.1448623800988673 -0.10141563095197115
1.1469322539257565 -0.10141563095197115
1.1555022623146498 -0.10141563095197115
1.1580583216505662 -0.10141563095197115
1.1655877554749834 -0.10141563095197115
1.1703916604304037 -0.10141563095197115
1.178045136637078 -0.10141563095197115
1.1820893711225589 -0.10141563095197115
1.186968575548658 -0.10141563095197115
1.1941436421795175 -0.10141563095197115
1.1962287524514807 -0.10141563095197115
1.2028759612901858 -0.10141563095197115
1.2091066550390472 -0.10141563095197115
1.2177834955700018 -0.10141563095197115
1.2258340254570321 -0.10141563095197115
1.227997405195137 -0.10141563095197115
1.2360356420514855 -0.10141563095197115
1.2382741091447325 -0.10141563095197115
1.243917486275548 -0.10141563095197115
1.2553521966231407 -0.10141563095197115
1.2594642616840679 -0.10141563095197115
1.2645933043763358 -0.10141563095197115
1.2711735987687018 -0.10141563095197115
1.2724922597946298 -0.10141563095197115
1.2804650643873627 -0.10141563095197115
1.2847958040617269 -0.10141563095197115
1.293561003200695 -0.10141563095197115
1.3027859359712952 -0.10141563095197115
1.3095099163902195 -0.10141563095197115
1.3174813796383855 -0.10141563095197115
1.323671141510251 -0.10141563095197115
1.3281750398417964 -0.10141563095197115
1.331639254110173 -0.10141563095197115
1.3359737117255555 -0.10141563095197115
1.34610680946385 -0.10141563095197115
1.3472805863706994 -0.10141563095197115
1.3568638924963246 -0.10141563095197115
1.3628015759954593 -0.10141563095197115
1.3674158180998903 -0.10141563095197115
1.3739262399380137 -0.10141563095197115
1.382257599173668 -0.10141563095197115
1.38634498319482 -0.10141563095197115
1.3915836273978917 -0.10141563095197115
1.3968980808260238 -0.10141563095197115
1.40998456029098 -0.10141563095197115
1.414671081156444 -0.10141563095197115
1.4210014567664342 -0.10141563095197115
1.4226646503073248 -0.10141563095197115
1.4305943383561144 -0.10141563095197115
1.4351295768654693 -0.10141563095197115
1.44114903490277 -0.10141563095197115
1.4430544855215506 -0.10141563095197115
1.4490486838612076 -0.10141563095197115
1.4553822968420493 -0.10141563095197115
1.4629215461053362 -0.10141563095197115
1.4702201515560014 -0.10141563095197115
1.4733392527670797 -0.10141563095197115
1.4809238679058778 -0.10141563095197115
1.4855705259405272 -0.10141563095197115
1.4953669853226441 -0.10141563095197115
1.4984315810881388 -0.10141563095197115
1.5084219352243033 -0.10141563095197115
1.51172263924308 -0.10141563095197115
1.5163430093337644 -0.10141563095197115
1.5244671143782411 -0.10141563095197115
1.5334208301486496 -0.10141563095197115
1.5414628751394193 -0.10141563095197115
1.5503311241939817 -0.10141563095197115
1.5528160107576439 -0.10141563095197115
1.5555074105630784 -0.10141563095197115
1.5707165452778842 -0.10141563095197115
1.5793436064246424 -0.10141563095197115
1.5841793133809756 -0.10141563095197115
1.598330261124001 -0.10141563095197115
1.616222448927993 -0.10141563095197115
1.6284933621846998 -0.10141563095197115
1.6584546347994211 -0.10141563095197115
1.672580685922544 -0.10141563095197115
1.7018195934458635 -0.10141563095197115
#kx=6.0, ky=3.0, Jx=1.0, Jy=1.0, Jz=1.0, h=0.1
-0.043693057521609346 -0.11807735565905779
0.00814598784907361 -0.11807735565905779
0.03802519228480905 -0.11807735565905779
0.04855728413471705 -0.11807735565905779
0.07466495771954573 -0.11807735565905779
0.08242846410643712 -0.11807735565905779
0.08947223125467862 -0.11807735565905779
0.09477806749125073 -0.11807735565905779
0.1072118624632129 -0.11807735565905779
0.12079584499860574 -0.11807735565905779
0.134607625071545 -0.11807735565905779
0.14069364810388174 -0.11807735565905779
0.14769256488074312 -0.11807735565905779
0.1504407788643214 -0.11807735565905779
0.16984134049118027 -0.11807735565905779
0.18106522011766824 -0.11807735565905779
0.1908848191955298 -0.11807735565905779
0.194263561939092 -0.11807735565905779
0.2040128363920085 -0.11807735565905779
0.20586940723475722 -0.11807735565905779
0.2138579564740517 -0.11807735565905779
0.2174814682311882 -0.11807735565905779
0.2247167633946623 -0.11807735565905779
0.22721919708936444 -0.11807735565905779
0.23929643008851254 -0.11807735565905779
0.2431725886886421 -0.11807735565905779
0.2509507907620395 -0.11807735565905779
0.2512013456907425 -0.11807735565905779
0.2512013456907508 -0.11807735565905779
0.25579419569853934 -0.11807735565905779
0.2675166834281445 -0.11807735565905779
0.2921333529729936 -0.11807735565905779
0.3034686750088972 -0.11807735565905779
0.32513746074128547 -0.11807735565905779
0.32513746074131544 -0.11807735565905779
0.3459718978158455 -0.11807735565905779
0.3635227869829688 -0.11807735565905779
0.37364893173217895 -0.11807735565905779
0.3797990769169618 -0.11807735565905779
0.38531978656432486 -0.11807735565905779
0.3928057066588658 -0.11807735565905779
0.40135844588021496 -0.11807735565905779
0.4078085088469674 -0.11807735565905779
0.4117831377946446 -0.11807735565905779
0.42168314311411936 -0.11807735565905779
0.42997768892308663 -0.11807735565905779
0.4398208726645436 -0.11807735565905779
0.4508189391310724 -0.11807735565905779
0.45582239761802534 -0.11807735565905779
0.45997035227559047 -0.11807735565905779
0.4668533245865619 -0.11807735565905779
0.47193142942539457 -0.11807735565905779
0.47692944123232883 -0.11807735565905779
0.48925297400025214 -0.11807735565905779
0.4996436601239218 -0.11807735565905779
0.5022642287385454 -0.11807735565905779
0.5102105602457396 -0.11807735565905779
0.5187779919589802 -0.11807735565905779
0.5279311029036787 -0.11807735565905779
0.536785322057623 -0.11807735565905779
0.5514676399876844 -0.11807735565905779
0.563894378792611 -0.11807735565905779
0.5702618301239676 -0.11807735565905779
0.5754326085759986 -0.11807735565905779
0.5804594953331471 -0.11807735565905779
0.5948045301077737 -0.11807735565905779
0.6004587219665358 -0.11807735565905779
0.6040685602724644 -0.11807735565905779
0.6133356745636476 -0.11807735565905779
0.6157678471424111 -0.11807735565905779
0.6207536579177669 -0.11807735565905779
0.6295510183802877 -0.11807735565905779
0.6371088673355713 -0.11807735565905779
0.6429802672185803 -0.11807735565905779
0.6522925570793986 -0.11807735565905779
0.6549613550091071 -0.11807735565905779
0.659799147330028 -0.11807735565905779
0.6635248960840312 -0.11807735565905779
0.670599166480132 -0.11807735565905779
0.6766344498818966 -0.11807735565905779
0.6816748360840585 -0.11807735565905779
0.6842501078518654 -0.11807735565905779
0.6855546756943515 -0.11807735565905779
0.691412100300165 -0.11807735565905779
0.6949490595765073 -0.11807735565905779
0.6974661757401635 -0.11807735565905779
0.7032655529751902 -0.11807735565905779
0.7102833348347126 -0.11807735565905779
0.7147035610452729 -0.11807735565905779
0.7198813137213039 -0.11807735565905779
0.7269709839209171 -0.11807735565905779
0.7333130278163652 -0.11807735565905779
0.7403742024796395 -0.11807735565905779
0.7596592443998329 -0.11807735565905779
0.7765300061055513 -0.11807735565905779
0.7910137238284248 -0.11807735565905779
0.798188470001947 -0.11807735565905779
0.8104149613922401 -0.11807735565905779
0.8143578926098899 -0.11807735565905779
0.8234621063559899 -0.11807735565905779
0.8590578718408531 -0.11807735565905779
0.8800974400474737 -0.11807735565905779
0.924514031837057 -0.11807735565905779
0.9373752522326656 -0.11807735565905779
0.9410711195275334 -0.11807735565905779
0.9541933159372745 -0.11807735565905779
0.9693839595933912 -0.11807735565905779
0.9882896514390815 -0.11807735565905779
1.0270455829360174 -0.11807735565905779
1.0333515341868027 -0.11807735565905779
1.0549836358193265 -0.11807735565905779
1.063921449465091 -0.11807735565905779
1.067322373016439 -0.11807735565905779
1.0799777696220176 -0.11807735565905779
1.105887946307655 -0.11807735565905779
1.1106780260653353 -0.11807735565905779
1.1165298359385933 -0.11807735565905779
1.1240077385056457 -0.11807735565905779
1.129057231895435 -0.11807735565905779
1.1316392637582622 -0.11807735565905779
1.137118738203546 -0.11807735565905779
1.1408466193119788 -0.11807735565905779
1.145794166389934 -0.11807735565905779
1.149866512159069 -0.11807735565905779
1.153846207339 -0.11807735565905779
1.1611398368406423 -0.11807735565905779
1.1640192707397605 -0.11807735565905779
1.1736208667823051 -0.11807735565905779
1.177122453341124 -0.11807735565905779
1.1832916299708036 -0.11807735565905779
1.1859176072335482 -0.11807735565905779
1.1919984074319196 -0.11807735565905779
1.195657907329462 -0.11807735565905779
1.2042086994645673 -0.11807735565905779
1.2086878814318043 -0.11807735565905779
1.216340347095934 -0.11807735565905779
1.2281163040321181 -0.11807735565905779
1.231708389697772 -0.11807735565905779
1.2367420636693143 -0.11807735565905779
1.2396586829543033 -0.11807735565905779
1.2543590101819446 -0.11807735565905779
1.2633335061923185 -0.11807735565905779
1.268434647713263 -0.11807735565905779
1.272208119240138 -0.11807735565905779
1.2796363175716297 -0.11807735565905779
1.2840949363588279 -0.11807735565905779
1.2901623561373254 -0.11807735565905779
1.2930552439892158 -0.11807735565905779
1.3048677988429813 -0.11807735565905779
1.3109063424986545 -0.11807735565905779
1.3146016605480881 -0.11807735565905779
1.3244239036925838 -0.11807735565905779
1.33049868496574 -0.11807735565905779
1.3312449532672432 -0.11807735565905779
1.340866364379809 -0.11807735565905779
1.3438786357469512 -0.11807735565905779
1.3588404365242746 -0.11807735565905779
1.3617593094982454 -0.11807735565905779
1.3666763324318638 -0.11807735565905779
1.3701170568050147 -0.11807735565905779
1.3720817034231525 -0.11807735565905779
1.3798065534706327 -0.11807735565905779
1.384981314037352 -0.11807735565905779
1.3983009262584196 -0.11807735565905779
1.4064618927010986 -0.11807735565905779
1.4106328703356852 -0.11807735565905779
1.4155898741363853 -0.11807735565905779
1.4195023539819163 -0.11807735565905779
1.4272799772008127 -0.11807735565905779
1.4316424923309934 -0.11807735565905779
1.438476989419855 -0.11807735565905779
1.4422283557934923 -0.11807735565905779
1.4450085075255599 -0.11807735565905779
1.453974355448742 -0.11807735565905779
1.459617174807023 -0.11807735565905779
1.4679146511071468 -0.11807735565905779
1.4718246123894847 -0.11807735565905779
1.4771218778302835 -0.11807735565905779
1.4835596230601655 -0.11807735565905779
1.4913542162458038 -0.11807735565905779
1.4924491262226514 -0.11807735565905779
1.5022711313429364 -0.11807735565905779
1.5053899596573794 -0.11807735565905779
1.5151828226613562 -0.11807735565905779
1.5193720827780561 -0.11807735565905779
1.5292842696446436 -0.11807735565905779
1.53429908229197 -0.11807735565905779
1.5420222227982965 -0.11807735565905779
1.5442361674051985 -0.11807735565905779
1.5530550228221773 -0.11807735565905779
1.5622049763425205 -0.11807735565905779
1.5652020622441825 -0.11807735565905779
1.576534123304768 -0.11807735565905779
1.5873162775488692 -0.11807735565905779
1.6010211587636696 -0.11807735565905779
1.6138567719084635 -0.11807735565905779
1.6223381028074924 -0.11807735565905779
1.6377598090587346 -0.11807735565905779
1.6657122625728897 -0.11807735565905779
1.6875825606356953 -0.11807735565905779
#kx=6.0, ky=0.0, Jx=1.0, Jy=1.0, Jz=1.0, h=0.1
-0.03307898423326516 -0.13130550895632676
0.009483455602505297 -0.13130550895632676
0.02059078538557524 -0.13130550895632676
0.035054822387482476 -0.13130550895632676
0.0572005323140512 -0.13130550895632676
0.0737625184213131 -0.13130550895632676
0.08211447117737969 -0.13130550895632676
0.08854647987394493 -0.13130550895632676
0.1026854599561261 -0.13130550895632676
0.11463664155505982 -0.13130550895632676
0.11656996504540107 -0.13130550895632676
0.13085834207201774 -0.13130550895632676
0.13579611807775172 -0.13130550895632676
0.14178538776590033 -0.13130550895632676
0.15033467906115816 -0.13130550895632676
0.16441123808888736 -0.13130550895632676
0.1831148761367013 -0.13130550895632676
0.18669442346904208 -0.13130550895632676
0.1914283686249474 -0.13130550895632676
0.2011702235645335 -0.13130550895632676
0.20796943309425386 -0.13130550895632676
0.21168857953165032 -0.13130550895632676
0.21692384644010965 -0.13130550895632676
0.2247186066514878 -0.13130550895632676
0.22862123785607757 -0.13130550895632676
0.23870791294325566 -0.13130550895632676
0.24296611063476414 -0.13130550895632676
0.2514079093332716 -0.13130550895632676
0.2634426874714413 -0.13130550895632676
0.2762537838284068 -0.13130550895632676
0.2762537838284551 -0.13130550895632676
0.2785712162447107 -0.13130550895632676
0.3003968430646431 -0.13130550895632676
0.3378270997535776 -0.13130550895632676
0.350990133695806 -0.13130550895632676
0.35569153208149407 -0.13130550895632676
0.3708703005704994 -0.13130550895632676
0.3747159352516183 -0.13130550895632676
0.38221066234655654 -0.13130550895632676
0.3903860692686112 -0.13130550895632676
0.3979414506204698 -0.13130550895632676
0.4049752804891571 -0.13130550895632676
0.41726624818641367 -0.13130550895632676
0.4210217308274128 -0.13130550895632676
0.4268121804387792 -0.13130550895632676
0.4374098401449267 -0.13130550895632676
0.445903772509052 -0.13130550895632676
0.4516643466988185 -0.13130550895632676
0.4569314904837196 -0.13130550895632676
0.463270441459151 -0.13130550895632676
0.4688293701005386 -0.13130550895632676
0.47263378973620596 -0.13130550895632676
0.4798269646761627 -0.13130550895632676
0.4844878514068601 -0.13130550895632676
0.49398589709379437 -0.13130550895632676
0.4993868194394413 -0.13130550895632676
0.5049114914558123 -0.13130550895632676
0.5206178823952096 -0.13130550895632676
0.5283991197155324 -0.13130550895632676
0.5328607112140893 -0.13130550895632676
0.547261425148437 -0.13130550895632676
0.5561008375393106 -0.13130550895632676
0.5658948872010361 -0.13130550895632676
0.5726576599351524 -0.13130550895632676
0.5791854001459151 -0.13130550895632676
0.5894714108710158 -0.13130550895632676
0.5992756146903727 -0.13130550895632676
0.5998250827411117 -0.13130550895632676
0.6092818781026454 -0.13130550895632676
0.6140744766648842 -0.13130550895632676
0.6208720042139848 -0.13130550895632676
0.6269715274940779 -0.13130550895632676
0.6339996991615426 -0.13130550895632676
0.6408020487535465 -0.13130550895632676
0.648132000034588 -0.13130550895632676
0.6513310037324616 -0.13130550895632676
0.6577168144630824 -0.13130550895632676
0.6611437072050347 -0.13130550895632676
0.6676246758133464 -0.13130550895632676
0.674321647992891 -0.13130550895632676
0.6810887425395551 -0.13130550895632676
0.6830888431786519 -0.13130550895632676
0.6888585426724309 -0.13130550895632676
0.6937558172827324 -0.13130550895632676
0.7004835338947618 -0.13130550895632676
0.7042259106659216 -0.13130550895632676
0.7070353184327871 -0.13130550895632676
0.7136738932574815 -0.13130550895632676
0.7175646884523473 -0.13130550895632676
0.7261090486506078 -0.13130550895632676
0.7346239125911069 -0.13130550895632676
0.7388807774969353 -0.13130550895632676
0.752283984778197 -0.13130550895632676
0.7686325729659155 -0.13130550895632676
0.7856606416781164 -0.13130550895632676
0.7920020898578378 -0.13130550895632676
0.8090064973592964 -0.13130550895632676
0.8171256177422331 -0.13130550895632676
0.8230987510134774 -0.13130550895632676
0.8526651315829586 -0.13130550895632676
0.8844206550134914 -0.13130550895632676
0.9022774573578529 -0.13130550895632676
0.9317386175205766 -0.13130550895632676
0.9469008243472488 -0.13130550895632676
0.9575640532588597 -0.13130550895632676
0.9679486230683376 -0.13130550895632676
0.9966721258298694 -0.13130550895632676
1.0262524511415783 -0.13130550895632676
1.0365287895353097 -0.13130550895632676
1.043047907295254 -0.13130550895632676
1.0618450526588685 -0.13130550895632676
1.0791243994829858 -0.13130550895632676
1.0969765704964318 -0.13130550895632676
1.1078973292673622 -0.13130550895632676
1.1093828475416068 -0.13130550895632676
1.1182636017365022 -0.13130550895632676
1.1223695184738391 -0.13130550895632676
1.1274400004160894 -0.13130550895632676
1.1303560929622591 -0.13130550895632676
1.1359185771877272 -0.13130550895632676
1.1419881490500146 -0.13130550895632676
1.14797116190912 -0.13130550895632676
1.15147384555297 -0.13130550895632676
1.1542132389039454 -0.13130550895632676
1.1588458943303737 -0.13130550895632676
1.166670483913939 -0.13130550895632676
1.172166461537953 -0.13130550895632676
1.1753506068894133 -0.13130550895632676
1.1792274837326377 -0.13130550895632676
1.1837234170739692 -0.13130550895632676
1.1929561658683925 -0.13130550895632676
1.195543953845335 -0.13130550895632676
1.202319649417103 -0.13130550895632676
1.2076571902909654 -0.13130550895632676
1.2150568660772865 -0.13130550895632676
1.2214705723926493 -0.13130550895632676
1.2270572395640533 -0.13130550895632676
1.2318107799233768 -0.13130550895632676
1.237398233014117 -0.13130550895632676
1.243753650978251 -0.13130550895632676
1.2572484034305114 -0.13130550895632676
1.2633608844131605 -0.13130550895632676
1.2692430525373917 -0.13130550895632676
1.2753326411532184 -0.13130550895632676
1.2803455200797331 -0.13130550895632676
1.2832701045442314 -0.13130550895632676
1.2865798931276267 -0.13130550895632676
1.2989753017409837 -0.13130550895632676
1.3067142660592497 -0.13130550895632676
1.313930016951026 -0.13130550895632676
1.31556510799768 -0.13130550895632676
1.3247663816059192 -0.13130550895632676
1.3287497377850854 -0.13130550895632676
1.3323558224079828 -0.13130550895632676
1.3396057184674959 -0.13130550895632676
1.3485595611510026 -0.13130550895632676
1.354541320893456 -0.13130550895632676
1.3592966362826742 -0.13130550895632676
1.3661450920090834 -0.13130550895632676
1.3698677769304624 -0.13130550895632676
1.3764693810002977 -0.13130550895632676
1.3799176954578045 -0.13130550895632676
1.3851148203564518 -0.13130550895632676
1.3894322898784373 -0.13130550895632676
1.4029959387941289 -0.13130550895632676
1.4093289297191287 -0.13130550895632676
1.4157202265975155 -0.13130550895632676
1.419614802479778 -0.13130550895632676
1.4234419999467363 -0.13130550895632676
1.4269313426231256 -0.13130550895632676
1.4338081876474456 -0.13130550895632676
1.4391447575226302 -0.13130550895632676
1.4456621226621924 -0.13130550895632676
1.4510191328868034 -0.13130550895632676
1.4549709548841006 -0.13130550895632676
1.46603546569622 -0.13130550895632676
1.4725177489993846 -0.13130550895632676
1.4739198434294014 -0.13130550895632676
1.4846589324311987 -0.13130550895632676
1.4897570259190558 -0.13130550895632676
1.4927773931404515 -0.13130550895632676
1.5015912093714552 -0.13130550895632676
1.5062027941231315 -0.13130550895632676
1.5123121277217455 -0.13130550895632676
1.5178315643841094 -0.13130550895632676
1.5310937210976157 -0.13130550895632676
1.5383107131562164 -0.13130550895632676
1.5448350986569026 -0.13130550895632676
1.5495850326491527 -0.13130550895632676
1.5589342332556626 -0.13130550895632676
1.5621739453856098 -0.13130550895632676
1.5756658995476491 -0.13130550895632676
1.5807124348122854 -0.13130550895632676
1.5861607023352624 -0.13130550895632676
1.5934841852024277 -0.13130550895632676
1.6194629142448265 -0.13130550895632676
1.632434843152744 -0.13130550895632676
1.657468636920076 -0.13130550895632676
1.6767148347049643 -0.13130550895632676
1.689007648890823 -0.13130550895632676
