#kx=0.0, ky=24.0, Jx=-1.0, Jy=-1.0, Jz=-1.0, h=0.0
1.7550206184387207 5.500514538290223
1.7530884742736816 9.130178687701518e-07
1.7334156036376953 9.684396014460086e-06
1.7334152460098267 9.178937766616672
1.733459234237671 34.86272622626096
1.724840760231018 2.3048702493453015
1.7231355905532837 12.077352877432325
1.7024002075195312 9.724166852949375
1.6910381317138672 3.058450672039799
1.6801625490188599 0.9492318688480976
#kx=0.0, ky=20.0, Jx=-1.0, Jy=-1.0, Jz=-1.0, h=0.0
1.7555999755859375 1.9184060550522208
1.7530885934829712 2.422041590318655e-07
1.733805775642395 1.3426904990592863e-05
1.7334150075912476 4.7468547049623835
1.7334147691726685 4.209977238456035
1.724840760231018 15.045356634560017
1.7231354713439941 6.8907262855682525
1.7104939222335815 2.1730008689205844
1.6910381317138672 4.799117524393538
1.6808356046676636 1.7684202384406507
#kx=0.0, ky=16.0, Jx=-1.0, Jy=-1.0, Jz=-1.0, h=0.0
1.757167100906372 0.8884322253291458
1.7530897855758667 4.574664452195929e-06
1.7348042726516724 1.4363478775746218e-05
1.733415961265564 21.301744022994512
1.7334156036376953 16.145743214414484
1.7248409986495972 7.119698553446515
1.7231358289718628 0.8325908608339814
1.703948736190796 16.152037445010134
1.6910381317138672 8.462556707807812
1.682555913925171 4.9790977624204515
#kx=0.0, ky=12.0, Jx=-1.0, Jy=-1.0, Jz=-1.0, h=0.0
1.7593051195144653 1.3380089609761507
1.7530897855758667 36.481461332234986
1.7361880540847778 3.401455358045501e-06
1.7334158420562744 8.223955495398647e-06
1.7334156036376953 53.79185073183226
1.7248408794403076 16.919727050568323
1.7231357097625732 5.242069075336895
1.700918436050415 14.14165227015514
1.6910383701324463 11.92127977186439
1.6848623752593994 15.59006365949339
#kx=0.0, ky=8.0, Jx=-1.0, Jy=-1.0, Jz=-1.0, h=0.0
1.7614405155181885 1.036581171768502
1.753090500831604 7.975522117732108
1.737585425376892 2.8276359098274724e-06
1.7334156036376953 5.138267608808293e-06
1.7334152460098267 23.329574501653134
1.724840760231018 14.667737127597746
1.7231359481811523 5.530266601897186
1.712108850479126 22.1033990964144
1.6910382509231567 5.588664479911467
1.6871390342712402 7.107781933717323
#kx=0.0, ky=4.0, Jx=-1.0, Jy=-1.0, Jz=-1.0, h=0.0
1.763002872467041 6.171541586763953
1.7530908584594727 29.829963402625445
1.7386205196380615 1.4364467550718292e-05
1.7334153652191162 3.049511409233752e-06
1.7334141731262207 73.6591570622915
1.724840521812439 13.71842715398012
1.7231364250183105 23.887978760977898
1.7113350629806519 9.043201653358292
1.6910381317138672 15.371326440787492
1.6887753009796143 23.08323621731934
#kx=0.0, ky=0.0, Jx=-1.0, Jy=-1.0, Jz=-1.0, h=0.0
1.9279651641845703 4.2755749277662387e-07
1.7635581493377686 29.886693531603356
1.7494357824325562 47.80214462931636
1.7390289306640625 0.0003032784948139788
1.7334131002426147 3.3275172679681273e-06
1.7333916425704956 37.54353624993221
1.7224823236465454 3.9055880698717784
1.7192378044128418 15.577341504660374
1.689329743385315 4.616877145323894
1.5321344137191772 25.2985689273326
#kx=8.0, ky=4.0, Jx=-1.0, Jy=-1.0, Jz=-1.0, h=0.0
1.7629855871200562 4.521350983162889
1.7530896663665771 3.6108925737412797e-06
1.7372297048568726 2.298793788329726e-06
1.7334158420562744 7.4317565830085925
1.7334154844284058 22.401641157864663
1.7248401641845703 6.1331507315434965
1.7233872413635254 17.505334824696213
1.723136067390442 21.895839957731493
1.6910382509231567 17.8651890939199
1.6886545419692993 4.37751089627655
#kx=16.0, ky=8.0, Jx=-1.0, Jy=-1.0, Jz=-1.0, h=0.0
1.7616207599639893 2.1075433645953314
1.753089427947998 4.458589304682937
1.733370065689087 9.288857965969025e-06
1.733415126800537 51.73418176030577
1.733414888381958 0.25463048026197393
1.7248406410217285 2.0131288746432086
1.7231355905532837 6.320487955277874
1.7214330434799194 25.208634835507574
1.6910383701324463 13.488779046744042
1.6869308948516846 4.598034549462863e-05
#kx=24.0, ky=12.0, Jx=-1.0, Jy=-1.0, Jz=-1.0, h=0.0
1.7595274448394775 1.9090106487163847
1.7530901432037354 6.037828771899572
1.733414888381958 8.035737359780969e-06
1.733414888381958 10.837665140427
1.7305424213409424 1.0425896522174285
1.7248411178588867 0.20750430781850673
1.7231361865997314 2.320503044500505
1.7229315042495728 11.653111186351694
1.6910382509231567 2.9290911848624837
1.6846219301223755 1.1841684599366382e-05
#kx=32.0, ky=16.0, Jx=-1.0, Jy=-1.0, Jz=-1.0, h=0.0
1.7573142051696777 5.3736105941252745
1.7530899047851562 4.607069590588871
1.7334150075912476 0.4467463369850849
1.733414888381958 14.480822975108918
1.730549931526184 4.513533571527756
1.724840760231018 14.390364945962864
1.724524974822998 31.302207938229934
1.7231357097625732 13.257456728006561
1.691037893295288 6.299951917328928
1.6823471784591675 41.2753951732753
#kx=40.0, ky=20.0, Jx=-1.0, Jy=-1.0, Jz=-1.0, h=0.0
1.7556414604187012 3.533735205394
1.7530895471572876 1.596999813257732
1.7334158420562744 0.10960964733765481
1.7334154844284058 10.116463700343512
1.7323758602142334 8.83966974975743
1.725720763206482 18.2700939791402
1.7248406410217285 12.426562346790382
1.7231357097625732 7.235209940533258
1.691037654876709 4.2515251074346505
1.6807159185409546 28.077554402569856
#kx=48.0, ky=24.0, Jx=-1.0, Jy=-1.0, Jz=-1.0, h=0.0
1.7550203800201416 1.5891705235180575
1.7530890703201294 7.592264825110111e-07
1.7334150075912476 1.0777662891089617e-05
1.7334147691726685 2.7952039072264236
1.73345947265625 21.552871985052903
1.724840521812439 15.001621866752139
1.7231354713439941 5.707318014406026
1.7023992538452148 3.3975711213246513
1.6910380125045776 2.251625580645264
1.680162787437439 0.6998626452968374
#kx=44.0, ky=24.0, Jx=-1.0, Jy=-1.0, Jz=-1.0, h=0.0
1.755641222000122 3.0620822767160214
1.753089427947998 0.46385091423575825
1.7334158420562744 0.026017702902093435
1.7334157228469849 9.085559196024288
1.7330701351165771 20.392848425538816
1.7257206439971924 6.184581684135364
1.724840521812439 21.96804902247817
1.7231358289718628 5.342778751481358
1.691037654876709 3.7354365783059706
1.680715799331665 6.7088802382233945
#kx=40.0, ky=24.0, Jx=-1.0, Jy=-1.0, Jz=-1.0, h=0.0
1.7573144435882568 2.200557986868453
1.7530899047851562 1.5969779925825336
1.7334156036376953 0.2760980116683972
1.733415126800537 6.5134339722649095
1.7320282459259033 11.655897762094051
1.7248408794403076 14.558085063916309
1.7245254516601562 17.60764296839274
1.7231359481811523 3.8236605931172116
1.6910382509231567 2.6799912515996533
1.682347297668457 25.378995001861433
#kx=36.0, ky=24.0, Jx=-1.0, Jy=-1.0, Jz=-1.0, h=0.0
1.7595274448394775 1.6575154245039256
1.753090500831604 3.113487920933536
1.733415126800537 9.748949077367572e-06
1.733414888381958 18.659627207811077
1.730612874031067 3.6744446394362362
1.7248408794403076 7.894801714428693
1.7231359481811523 3.703488455955055
1.7229310274124146 1.8369598739303006
1.6910380125045776 4.96127000398697
1.6846215724945068 1.5030571195679004e-05
#kx=32.0, ky=24.0, Jx=-1.0, Jy=-1.0, Jz=-1.0, h=0.0
1.7616209983825684 0.609532762352767
1.7530900239944458 4.607050915208788
1.7334154844284058 1.0982067580952586e-05
1.733415126800537 6.474839624550403
1.7292029857635498 5.429106883742712
1.7248412370681763 2.5687941743986373
1.7231358289718628 6.637651195487111
1.721433401107788 0.46439625584605215
1.6910377740859985 1.403134020083111
1.686930537223816 1.12540060310187e-05
#kx=28.0, ky=24.0, Jx=-1.0, Jy=-1.0, Jz=-1.0, h=0.0
1.7630704641342163 7.813686882813025
1.7530895471572876 5.677409265019018
1.7334150075912476 9.771873867072835e-06
1.733414649963379 18.611907612799914
1.7281773090362549 1.5137187705058675
1.7248411178588867 0.5810594697211221
1.7231357097625732 2.337691076190512
1.7203924655914307 2.0917066966827966
1.6910375356674194 6.09465647466241
1.6886545419692993 1.625449527602185e-05
#kx=24.0, ky=24.0, Jx=-1.0, Jy=-1.0, Jz=-1.0, h=0.0
1.7635711431503296 1.2574347432105861
1.7530893087387085 6.037828277592431
1.7334153652191162 1.0354772656322754e-05
1.733414888381958 14.345823887505771
1.7278088331222534 16.98371356949713
1.7248409986495972 3.0568101384365747
1.7231353521347046 2.758270201873847
1.7200071811676025 1.9760714211453059
1.6910380125045776 4.147744175655986
1.6893305778503418 8.2823417168817e-06
#kx=20.0, ky=24.0, Jx=-1.0, Jy=-1.0, Jz=-1.0, h=0.0
1.7630258798599243 3.2327291144126806
1.7530893087387085 5.591683055975074
1.7334152460098267 1.1204155617806315e-05
1.733414888381958 13.479235411739277
1.7281979322433472 4.15514053651966
1.724840760231018 0.5362795410615963
1.7231361865997314 9.976814156085789
1.7203397750854492 0.5795454427220971
1.691037893295288 3.4996096763590145
1.6887755393981934 1.327912419743256e-05
#kx=16.0, ky=24.0, Jx=-1.0, Jy=-1.0, Jz=-1.0, h=0.0
1.7615456581115723 1.9447171807750896
1.7530900239944458 4.458616737161755
1.7334150075912476 1.1117443606163454e-05
1.7334150075912476 12.396590204739613
1.7292388677597046 8.788414992545304
1.724840521812439 3.5730413337492823
1.7231361865997314 6.851746043939742
1.7213364839553833 1.6081180934396224
1.6910380125045776 3.7626321859396645
1.6871395111083984 1.2300093702347553e-05
#kx=12.0, ky=24.0, Jx=-1.0, Jy=-1.0, Jz=-1.0, h=0.0
1.7594475746154785 0.7128211754404349
1.753090500831604 2.9420602392463775
1.733414888381958 1.1443653243161404e-05
1.7334140539169312 4.195113217665423
1.7306538820266724 0.2702483646019255
1.7248406410217285 8.870646894575268
1.723136305809021 4.3656367769033775
1.7228138446807861 0.5160473803800014
1.6910375356674194 0.7016616210024264
1.6848622560501099 1.3178276029251329e-05
#kx=8.0, ky=24.0, Jx=-1.0, Jy=-1.0, Jz=-1.0, h=0.0
1.7572524547576904 0.6886075539095542
1.753090739250183 1.4485036525384405
1.7334154844284058 0.07966247401246043
1.7334154844284058 2.0282496078461985
1.7320637702941895 20.660407249840123
1.724840760231018 6.68880107538047
1.7244162559509277 14.640067519180171
1.7231361865997314 1.1963943218162179
1.6910382509231567 0.8354948199721896
1.6825556755065918 5.510341537861966
#kx=4.0, ky=24.0, Jx=-1.0, Jy=-1.0, Jz=-1.0, h=0.0
1.755609393119812 0.2838476490858133
1.7530897855758667 0.37815859780810857
1.7334157228469849 0.20214110356043638
1.7334156036376953 0.8460199408785722
1.733090877532959 32.031516945927336
1.7256537675857544 18.03546661770204
1.7248409986495972 5.956496260693486
1.7231357097625732 0.49961335377931404
1.691037654876709 0.3471346539787821
1.6808362007141113 31.65464922581112
#kx=0.0, ky=24.0, Jx=-1.0, Jy=-1.0, Jz=-1.0, h=0.0
1.7550206184387207 5.500514538290223
1.7530884742736816 9.130178687701518e-07
1.7334156036376953 9.684396014460086e-06
1.7334152460098267 9.178937766616672
1.733459234237671 34.86272622626096
1.724840760231018 2.3048702493453015
1.7231355905532837 12.077352877432325
1.7024002075195312 9.724166852949375
1.6910381317138672 3.058450672039799
1.6801625490188599 0.9492318688480976
