#kx=6.0, ky=0.0, hx=3.0, q=0.0
-0.17806200099064196 5.783027133071108e-06
-0.13518147767826338 1.8588075277170435e-05
-0.13518147767825006 9.213431517833586e-06
0.8761095370799632 0.00027115348056214124
0.8761095370799632 0.0002769744820300161
1.3285004724451932 2.9932115764477273e-05
7.536726385328936 0.008650755696501056
8.865600073091207 5.671832778044928e-05
9.443397760625656 8.469077260796814e-05
10.379264750830108 0.0005426138602948728
#kx=6.0, ky=3.0, hx=3.0, q=0.0
-0.20277618585458068 0.00033670956951843906
-0.20277618585439416 0.001559150095167058
0.10371575680672596 0.0035965323677390974
0.1037157568067526 0.003219202609690878
0.6425163946969059 0.0013968451946992874
1.4225489900148247 0.00021998561908034674
9.360832375429178 0.009993270831551276
10.858512888964622 8.740562986369482e-05
11.184280628444663 0.0025319915912687006
11.965703894839903 0.0005854028281138161
#kx=6.0, ky=6.0, hx=3.0, q=0.0
-1.659324486207714 3.900235422254017e-08
-0.1777778484353565 1.0825146018389129e-07
-0.17777784843503674 1.082962093637412e-07
0.21238951495879732 9.115445746198242e-08
0.4810467325960932 1.1224754104106174e-07
1.4137790129564332 6.194875179594898e-07
12.212482855787673 0.0010351973329184815
12.235937142775253 3.290182475107396e-06
12.379637582992032 0.0028068888571879114
14.926369536911398 0.009525647289252268
#kx=3.0, ky=3.0, hx=3.0, q=0.0
-0.6364806348339158 0.0011290887860420208
-0.636480634833716 0.009322367920614041
0.5043799145680694 0.0005579784006778347
1.4447421632192414 0.00011866904122318482
1.4447421632192947 6.811197256543358e-05
1.4653504860181465 0.00160393685629787
6.037475351488286 0.018535434135876855
7.980606033672086 0.003915014605035511
10.782722598290588 0.0007408990250480994
10.965514619635703 0.00011340994416708196
#kx=0.0, ky=0.0, hx=3.0, q=0.0
-3.82640531019236 0.2279912839149195
-0.6320816616961489 7.64215757053609e-05
-0.6320816616961222 7.641572734875977e-05
-0.5129702183377471 0.060642918712980255
0.14211292797495556 0.020179914062675327
0.22523225004289937 0.0037183128001454227
1.9856765662407527 0.0019698611157081725
4.784790078914578 7.503665388651869e-06
9.152067232029243 0.0007853715857204293
10.149454253599757 1.2821000355295974e-06
14.76397195342968 0.006889408236959856
#kx=3.0, ky=0.0, hx=3.0, q=0.0
-2.2911847544714625 0.017628337354249533
-1.7512911986869906 0.013668742082084694
-1.7512911986867907 0.011052290278113708
0.10125965093241707 0.00017160758128279945
2.167672883307068 0.01470132481881739
2.167672883307308 0.009592879628869079
3.4887646559047436 0.008797455128303645
7.118876209274232 8.825461214634223e-05
9.899448843669507 0.0030476555605712698
11.55273296866385 0.0008319488442017629
#kx=6.0, ky=0.0, hx=3.0, q=0.0
-0.178062000991015 5.783027133071108e-06
-0.13518147767863642 1.8588075277170435e-05
-0.1351814776786231 9.213431517833586e-06
0.8761095370795902 0.00027115348056214124
0.8761095370795902 0.0002769744820300161
1.3285004724448202 2.9932115764477273e-05
7.536726385328563 0.008650755696501056
8.865600073090834 5.671832778044928e-05
9.443397760625283 8.469077260796814e-05
10.379264750829735 0.0005426138602948728
#kx=3.0, ky=3.0, hx=3.0, q=0.0
-0.6364806348348218 0.0011290887860420208
-0.6364806348346219 0.009322367920614041
0.5043799145671635 0.0005579784006778347
1.4447421632183355 0.00011866904122318482
1.4447421632183888 6.811197256543358e-05
1.4653504860172406 0.00160393685629787
6.03747535148738 0.018535434135876855
7.98060603367118 0.003915014605035511
10.782722598289682 0.0007408990250480994
10.965514619634797 0.00011340994416708196
