0.000000000000000000e+00 9.999999413451978736e-01 -1.762803369724583592e-04 9.985950969720101095e-05 9.985948593947483723e-05 9.999969185877738377e-05 9.999975153071384321e-05 1.001133428475150486e-04 1.001133424684593073e-04 9.999999413451978413e-05 9.999998504295817413e-05 9.999999413451978413e-05 9.999999321148651430e-05 9.999999413451978413e-05 9.999998626689726928e-05 9.999999999999909677e-05 -1.123231313811213364e-05 -2.005183350244792243e-09 3.140692066088790479e+00 1.616833666440398241e-08
3.389830508474576259e-02 9.994823818085007971e-01 -3.216961889539843300e-02 9.916321961488473496e-05 9.755835318595996021e-05 1.007614177546715603e-04 9.919175844097002763e-05 9.947364317288051561e-05 9.786528258209391327e-05 9.994823818085008275e-05 9.994834412018242190e-05 9.994823818085008275e-05 9.994820565483448333e-05 9.994823818085008275e-05 9.994834578698960355e-05 9.999999999999909677e-05 -6.205680929353587887e-03 -3.880840625449982500e-06 3.142526394164835590e+00 1.026332481153308099e-06
6.779661016949152519e-02 9.978869670293823990e-01 -6.497320508400780681e-02 9.888204866995679724e-05 9.534909582677530515e-05 1.011188991740299010e-04 9.855144254820156114e-05 9.919765239527783443e-05 9.565221035456567369e-05 9.978869670293824806e-05 9.978915820957271062e-05 9.978869670293824806e-05 9.978866441463884031e-05 9.978869670293824806e-05 9.978916057847105525e-05 9.999999999999852757e-05 -1.643810854148733056e-02 -1.142836328743077221e-05 3.140024133332618650e+00 -8.936358847959154073e-07
1.016949152542372947e-01 9.950656626747804712e-01 -9.921815806236949919e-02 9.898074357248910825e-05 9.341452824539094859e-05 9.802859460232994215e-05 1.017510002408349487e-04 9.930079396452490487e-05 9.371048316819910354e-05 9.950656626747805020e-05 9.950794750139163082e-05 9.950656626747805020e-05 9.950655771075568937e-05 9.950656626747805020e-05 9.950795131745079382e-05 9.999999999999775507e-05 -2.972595411226840179e-02 -2.152747697784632817e-05 3.134317624945078595e+00 -5.155666550139579629e-06
1.355932203389830504e-01 9.907254044729038034e-01 -1.358789426873683592e-01 9.932691227479164252e-05 9.163685696363110811e-05 8.720850763075661241e-05 1.174680284401131465e-04 9.965181352970289808e-05 9.192488411277984937e-05 9.907254044729038448e-05 9.907562078279342501e-05 9.907254044729038448e-05 9.907256298755005516e-05 9.907254044729038448e-05 9.907562666089061477e-05 9.999999999999808033e-05 -4.384628775452379529e-02 -3.263921064902929715e-05 3.127721754827074374e+00 -1.004254835474140524e-05
1.694915254237288060e-01 9.843351948879619506e-01 -1.763069202768237087e-01 9.987017336971110192e-05 8.923219899615028930e-05 7.111025610572363920e-05 1.534294494955677312e-04 1.001976895496351405e-04 8.950907473099287799e-05 9.843351948879618888e-05 9.843862769300828325e-05 9.843351948879618888e-05 9.843357249184957831e-05 9.843351948879618888e-05 9.843863358189100781e-05 9.999999999999817520e-05 -5.520613848590361084e-02 -4.220001826823263229e-05 3.123950489752593818e+00 -1.273816502652372412e-05
2.033898305084745894e-01 7.159935448894331200e-01 -3.981119018353491690e-01 5.572856270229914320e-05 9.471768491190324238e-05 -9.711398177150158684e-02 5.652704310071826610e-01 5.534527364073227887e-05 9.702541450066046625e-05 7.159935448894273345e-05 1.078252442481881813e-04 7.159935448894273345e-05 7.160156160492672848e-05 7.159935448894273345e-05 1.084387226795716292e-04 1.000000000038732357e-04 2.184802248105383871e-01 3.022816616981713334e-03 3.027858241228400527e+00 -5.036882715146478832e-03
2.372881355932203451e-01 7.153182329663611005e-01 -4.332646066833221177e-01 1.512295165920893487e-04 4.468786453703595563e-05 -3.530699971738184284e-01 4.196550164777935188e-01 1.724385850970885546e-04 4.767790189465942360e-05 7.153182329663541862e-05 1.047121209026945091e-04 7.153182329663541862e-05 7.152992162740672824e-05 7.153182329663541862e-05 1.098193223372220454e-04 1.000000000038740624e-04 3.878889078453152117e-01 3.351651770387266329e-03 3.141848026108764014e+00 -6.885199969112281576e-03
2.711864406779661008e-01 7.179590907579068704e-01 -4.330069476871096779e-01 1.511849570526776218e-04 4.378852705026589951e-05 -3.536930840488821670e-01 4.148582287035306182e-01 1.722376189931302149e-04 4.664070368887362420e-05 7.179590907579000035e-05 1.050623238878699387e-04 7.179590907579000035e-05 7.179353799490384349e-05 7.179590907579000035e-05 1.101887223753661991e-04 1.000000000038742522e-04 3.790996037666166107e-01 3.558066322383834825e-03 3.142570569631991440e+00 -6.897672389576902513e-03
3.050847457627118842e-01 7.204252768742985813e-01 -4.329499856120085366e-01 1.505874764000780916e-04 4.283344140802016278e-05 -3.538459487121682900e-01 4.104880232918634575e-01 1.714068676510538197e-04 4.554744518527403742e-05 7.204252768742917920e-05 1.053609342841106824e-04 7.204252768742917920e-05 7.203988745092054986e-05 7.204252768742917920e-05 1.104950325255981596e-04 1.000000000038741844e-04 3.707404816365413858e-01 3.742705556915710413e-03 3.143250395832558830e+00 -6.909409107645158449e-03
3.389830508474576121e-01 7.227402476238501405e-01 -4.330412949386080457e-01 1.495069568202455539e-04 4.181521264312217784e-05 -3.536259703866042048e-01 4.064913901316778988e-01 1.700310330055034805e-04 4.438647605896499279e-05 7.227402476238435581e-05 1.056087842347743384e-04 7.227402476238435581e-05 7.227126592088919021e-05 7.227402476238435581e-05 1.107402879444935258e-04 1.000000000038744148e-04 3.627974200386847037e-01 3.908517628525524402e-03 3.143893153261624995e+00 -6.920507258018573742e-03
3.728813559322033955e-01 7.249183826597768165e-01 -4.332420184999536961e-01 1.480394546315542015e-04 4.073963944001840888e-05 -3.531381438439673559e-01 4.028052521817685472e-01 1.682217520805467123e-04 4.316567801755577993e-05 7.249183826597702584e-05 1.058099547611447000e-04 7.249183826597702584e-05 7.248907038253349074e-05 7.249183826597702584e-05 1.109306289016304494e-04 1.000000000038742251e-04 3.552651053266279169e-01 4.057540711982218946e-03 3.144501540318644928e+00 -6.931013222442325601e-03
4.067796610169491789e-01 7.269756681507820728e-01 -4.335188497236904803e-01 1.462667001392679985e-04 3.961479197455969445e-05 -3.524577880512342887e-01 3.993799241305620584e-01 1.660732280949717642e-04 4.189461006518892721e-05 7.269756681507755225e-05 1.059699083932962271e-04 7.269756681507755225e-05 7.269486939472177432e-05 7.269756681507755225e-05 1.110731752457526546e-04 1.000000000038741573e-04 3.481204630750592277e-01 4.191717847072222447e-03 3.145078420176593781e+00 -6.940976294135127456e-03
4.406779661016949068e-01 7.289219898001625397e-01 -4.338504769171666053e-01 1.442588837391743423e-04 3.844970125090944971e-05 -3.516403827921500969e-01 3.961788241685056944e-01 1.636655797717915151e-04 4.058331804147436258e-05 7.289219898001560313e-05 1.060934186199477227e-04 7.289219898001560313e-05 7.288962945409430225e-05 7.289219898001560313e-05 1.111740155975384008e-04 1.000000000038744013e-04 3.413444454322246413e-01 4.312853633947695726e-03 3.145625724170011406e+00 -6.950429647543414878e-03
4.745762711864406902e-01 7.307683201058898792e-01 -4.342194535736204064e-01 1.420708007873947552e-04 3.725130925412054820e-05 -3.507246187557254147e-01 3.931724720214148650e-01 1.610616082846244611e-04 3.923946741097705787e-05 7.307683201058834442e-05 1.061851339733913278e-04 7.307683201058834442e-05 7.307443193751082236e-05 7.307683201058834442e-05 1.112387344585952139e-04 1.000000000038740895e-04 3.349095399559733899e-01 4.422409859561139689e-03 3.146145683926913517e+00 -6.959411514429694572e-03
5.084745762711864181e-01 7.325199953311638534e-01 -4.346151362770304116e-01 1.397526065671323640e-04 3.602759314469842285e-05 -3.497429642345477041e-01 3.903387261876803405e-01 1.583178124667340497e-04 3.787152849931347588e-05 7.325199953311574712e-05 1.062488742229703313e-04 7.325199953311574712e-05 7.324979827696054182e-05 7.325199953311574712e-05 1.112720217824411271e-04 1.000000000038743470e-04 3.287998569898468726e-01 4.521853253179979742e-03 3.146639546076738903e+00 -6.967943130847233969e-03
5.423728813559322015e-01 7.341856309327668972e-01 -4.350275179537809178e-01 1.373408056375751080e-04 3.478361702395206225e-05 -3.487161455002080745e-01 3.876583276628788322e-01 1.554734398013868444e-04 3.648396529021927405e-05 7.341856309327606184e-05 1.062881584733922012e-04 7.341856309327606184e-05 7.341658159552731579e-05 7.341856309327606184e-05 1.112782851728778800e-04 1.000000000038745503e-04 3.229892341104516063e-01 4.612778094043919024e-03 3.147109377284525333e+00 -6.976061201406689484e-03
5.762711864406779849e-01 7.357732920923981679e-01 -4.354495094392043519e-01 1.348600113741364888e-04 3.352143283336227067e-05 -3.476585387694361984e-01 3.851148983538680293e-01 1.525613858936370371e-04 3.508080474971524712e-05 7.357732920923917819e-05 1.063063521904339024e-04 7.357732920923917819e-05 7.357558243389887987e-05 7.357732920923917819e-05 1.112606903581726483e-04 1.000000000038744961e-04 3.174510958964072427e-01 4.695081473668127545e-03 3.147556873102124175e+00 -6.983792396697090059e-03
6.101694915254237683e-01 7.372863184910197765e-01 -4.358767047113951687e-01 1.323411107797117239e-04 3.224704545260347781e-05 -3.465855832235139045e-01 3.826963480402559847e-01 1.496103456582842210e-04 3.366612307604798920e-05 7.372863184910134304e-05 1.063057592675181268e-04 7.372863184910134304e-05 7.372712969231520362e-05 7.372863184910134304e-05 1.112227140547924673e-04 1.000000000038738456e-04 3.121729937349764783e-01 4.770998873581383699e-03 3.147983269602852463e+00 -6.991160083559166266e-03
6.440677966101694407e-01 7.387321975796242723e-01 -4.363049714779691501e-01 1.297974666892328494e-04 3.096063202504653101e-05 -3.455035462046553985e-01 3.803903770572856780e-01 1.466378393627252653e-04 3.224073562747924285e-05 7.387321975796180319e-05 1.062887327933470218e-04 7.387321975796180319e-05 7.387196928693597726e-05 7.387321975796180319e-05 1.111667067565665730e-04 1.000000000038720160e-04 3.071295176392639936e-01 4.840597838478711244e-03 3.148390313800154772e+00 -6.998193903643159207e-03
6.779661016949152241e-01 7.401136090450894933e-01 -4.367318305317747784e-01 1.272478547130645487e-04 2.966609126798578733e-05 -3.444223641558646909e-01 3.781883119060414633e-01 1.436668855423667063e-04 3.080963202578433153e-05 7.401136090450833888e-05 1.062576015359824116e-04 7.401136090450833888e-05 7.401036632566140579e-05 7.401136090450833888e-05 1.110950528317967235e-04 1.000000000038710809e-04 3.023097117134339040e-01 4.904228209276597847e-03 3.148778752253750479e+00 -7.004905118524066068e-03
7.118644067796610075e-01 7.414353738750334433e-01 -4.371549240507716649e-01 1.247051883278089339e-04 2.836546342657826075e-05 -3.433466979729926649e-01 3.760816388422740242e-01 1.407085090127594275e-04 2.937353875635783631e-05 7.414353738750272698e-05 1.062140062199441661e-04 7.414353738750272698e-05 7.414280125244362171e-05 7.414353738750272698e-05 1.110100100330317066e-04 1.000000000038695359e-04 2.976962844077870041e-01 4.963139987096676191e-03 3.149150054792046127e+00 -7.011320435649812804e-03
7.457627118644067910e-01 7.427028133284298006e-01 -4.375728027970086642e-01 1.221751222976052585e-04 2.705765974625839632e-05 -3.422783159976836020e-01 3.740621887740685492e-01 1.377689866766088512e-04 2.793107367804022531e-05 7.427028133284236311e-05 1.061591830202071146e-04 7.427028133284236311e-05 7.426980542705965852e-05 7.427028133284236311e-05 1.109129235491275662e-04 1.000000000038694817e-04 2.932708730276209486e-01 5.017716792302920510e-03 3.149505613090950451e+00 -7.017464027157373739e-03
7.796610169491525744e-01 7.439176116241013048e-01 -4.379842756840732210e-01 1.196703661862723154e-04 2.574812503338128392e-05 -3.412232078106993138e-01 3.721245878933777673e-01 1.348638970777783666e-04 2.648841974108468453e-05 7.439176116240952283e-05 1.060951889872570569e-04 7.439176116240952283e-05 7.439154577734951581e-05 7.439176116240952283e-05 1.108060205384671495e-04 1.000000000038684110e-04 2.890254799377995343e-01 5.068165578193251433e-03 3.149845996219952315e+00 -7.023345586505734886e-03
8.135593220338983578e-01 7.450841763474508328e-01 -4.383885161040699807e-01 1.171964053928217905e-04 2.443573590288440880e-05 -3.401817173593820742e-01 3.702624511229982152e-01 1.319915715037581400e-04 2.504164585037823342e-05 7.450841763474449445e-05 1.060223195811659154e-04 7.450841763474449445e-05 7.450846295829817467e-05 7.450841763474449445e-05 1.106905335253632514e-04 1.000000000038700780e-04 2.849455804195376030e-01 5.116374869479026026e-03 3.150172727141101081e+00 -7.028993437892847723e-03
8.474576271186440302e-01 7.462040466934639626e-01 -4.387849941622098404e-01 1.147584182803329246e-04 2.312319427365531110e-05 -3.391579669202258729e-01 3.684713947519683841e-01 1.291657931349940837e-04 2.359594349752666161e-05 7.462040466934580327e-05 1.059423543161328534e-04 7.462040466934580327e-05 7.462070999516179793e-05 7.462040466934580327e-05 1.105675826105275171e-04 1.000000000038683568e-04 2.810238642774656737e-01 5.160945434403687616e-03 3.150485926838662909e+00 -7.034408380800729298e-03
8.813559322033898136e-01 7.472817546102390462e-01 -4.391734647126380175e-01 1.123555738461878031e-04 2.180785824316981684e-05 -3.381500673326978679e-01 3.667458068039839425e-01 1.263837142077832865e-04 2.214809233250452533e-05 7.472817546102332171e-05 1.058557798536423518e-04 7.472817546102332171e-05 7.472874051677485976e-05 7.472817546102332171e-05 1.104377375671363403e-04 1.000000000038749163e-04 2.772455121097301411e-01 5.202604311452620200e-03 3.150786890964023090e+00 -7.039612120849535887e-03
9.152542372881355970e-01 7.483189891643120539e-01 -4.395537466322373965e-01 1.099892815792662040e-04 2.048642988750886749e-05 -3.371603273279071278e-01 3.650818273725173757e-01 1.236509694232284834e-04 2.069592026455951031e-05 7.483189891643061964e-05 1.057630400033999493e-04 7.483189891643061964e-05 7.483272357655458052e-05 7.483189891643061964e-05 1.103008538805400572e-04 1.000000000038732222e-04 2.736046180746337653e-01 5.240544271825080432e-03 3.151075849484767488e+00 -7.044607211970949946e-03
9.491525423728813804e-01 7.493191442594415719e-01 -4.399256246312590046e-01 1.076643658273002065e-04 1.916348646100764818e-05 -3.361873683767441223e-01 3.634751988105895948e-01 1.209638132756090485e-04 1.924163557932821947e-05 7.493191442594356684e-05 1.056650133957528489e-04 7.493191442594356684e-05 7.493299843913557503e-05 7.493191442594356684e-05 1.101590482143604421e-04 1.000000000038793344e-04 2.700892757424036006e-01 5.277141667045267930e-03 3.151354288614017118e+00 -7.049420619665504491e-03
9.830508474576271638e-01 7.502836600638560505e-01 -4.402891832244566483e-01 1.053810076970135447e-04 1.783954957172006480e-05 -3.352325696804021038e-01 3.619229359827704218e-01 1.183284203850935395e-04 1.778698910306937209e-05 7.502836600638503105e-05 1.055626323818200762e-04 7.502836600638503105e-05 7.502970895913322398e-05 7.502836600638503105e-05 1.100127241747141761e-04 1.000000000038843217e-04 2.666931262370405009e-01 5.311207097427795079e-03 3.151622351599309813e+00 -7.054055272374661935e-03
1.016949152542372836e+00 7.512149643914055597e-01 -4.406444117752721379e-01 1.031412028704980366e-04 1.651793072266433146e-05 -3.342953145044703644e-01 3.604216264629283017e-01 1.157439434307829787e-04 1.633531453557608405e-05 7.512149643913997401e-05 1.054567768407830002e-04 7.512149643913997401e-05 7.512309774863133835e-05 7.512149643913997401e-05 1.098631283622837352e-04 1.000000000038860835e-04 2.634084909697302357e-01 5.343707944245735912e-03 3.151880870336641660e+00 -7.058524547718810459e-03
1.050847457627118731e+00 7.521120153250647755e-01 -4.409907804626775341e-01 1.009508934723608083e-04 1.519742529451038905e-05 -3.333811138259357154e-01 3.589701263247734309e-01 1.132193495846644946e-04 1.488541927728880199e-05 7.521120153250588876e-05 1.053475731425129210e-04 7.521120153250588876e-05 7.521306051671217878e-05 7.521120153250588876e-05 1.097102358460253722e-04 1.000000000038933477e-04 2.602384590261088149e-01 5.374003892599492176e-03 3.152129468039031490e+00 -7.062822760854651702e-03
1.084745762711864403e+00 7.529803059562688583e-01 -4.413294067274389776e-01 9.879916673310057970e-05 1.387267121213332589e-05 -3.324824961451371408e-01 3.575635041219709098e-01 1.107427261641278027e-04 1.343162178967359493e-05 7.529803059562631634e-05 1.052350931670285400e-04 7.529803059562631634e-05 7.530014788658618359e-05 7.529803059562631634e-05 1.095538029992162738e-04 1.000000000038987280e-04 2.571638080414818117e-01 5.402210326474534210e-03 3.152369628293044457e+00 -7.066975200746331530e-03
1.118644067796610075e+00 7.538198020524345955e-01 -4.416598770197392998e-01 9.669286737003770702e-05 1.254807671880723152e-05 -3.316025398537300606e-01 3.562002650998564723e-01 1.083177417411749913e-04 1.197794193473807909e-05 7.538198020524288943e-05 1.051199163007805390e-04 7.538198020524288943e-05 7.538435594307912413e-05 7.538198020524288943e-05 1.093950392492276663e-04 1.000000000039055721e-04 2.541853648194004611e-01 5.429347523966596839e-03 3.152601568068327698e+00 -7.070985082397927141e-03
1.152542372881355970e+00 7.546309812541521778e-01 -4.419820342088119913e-01 9.463400529119512378e-05 1.122711138565678569e-05 -3.307430376913772507e-01 3.548788479397761986e-01 1.059488780688871138e-04 1.052846010276255198e-05 7.546309812541464627e-05 1.050028562106369178e-04 7.546309812541464627e-05 7.546573195242255140e-05 7.546309812541464627e-05 1.092346793742028139e-04 1.000000000039050977e-04 2.513012047623863765e-01 5.455048165062107747e-03 3.152825324643779403e+00 -7.074853624361985595e-03
1.186440677966101642e+00 7.554178426521910295e-01 -4.422970994956425539e-01 9.261351620549863688e-05 9.902480715263710243e-06 -3.298980772100600922e-01 3.535955343792546168e-01 1.036258955625616343e-04 9.075273809694353063e-06 7.554178426521852331e-05 1.048834724454309809e-04 7.554178426521852331e-05 7.554467742731706202e-05 7.554178426521852331e-05 1.090720054435010935e-04 1.000000000039038644e-04 2.484969671964400717e-01 5.479349780903648715e-03 3.153042026899877559e+00 -7.078600271194207712e-03
1.220338983050847537e+00 7.561784326071748774e-01 -4.426039611293232645e-01 9.064020317677264700e-05 8.580138210123859649e-06 -3.290742798407018666e-01 3.523504681456126053e-01 1.013598054369878738e-04 7.624890540385000648e-06 7.561784326071692810e-05 1.047626575276064701e-04 7.561784326071692810e-05 7.562099583364256881e-05 7.561784326071692810e-05 1.089080323241591725e-04 1.000000000039024821e-04 2.457798184294942290e-01 5.502038133142457890e-03 3.153251091941936757e+00 -7.082215347103986390e-03
1.254237288135593209e+00 7.569165426827679788e-01 -4.429037954821745671e-01 8.870690391527584148e-05 7.255476828471375997e-06 -3.282657743365040015e-01 3.511401326731276029e-01 9.913919904524018389e-05 6.171994677395896859e-06 7.569165426827623904e-05 1.046400661498968540e-04 7.569165426827623904e-05 7.569506762917367724e-05 7.569165426827623904e-05 1.087425519406050875e-04 1.000000000039052197e-04 2.431368860791754127e-01 5.523919944773563601e-03 3.153453731837866592e+00 -7.085718664098889993e-03
1.288135593220338881e+00 7.576334827521660209e-01 -4.431970809899115071e-01 8.681098101940144633e-05 5.926420972255159329e-06 -3.274714297414631492e-01 3.499628381719903092e-01 9.696303696802633688e-05 4.714318753430130597e-06 7.576334827521605275e-05 1.045157600473755390e-04 7.576334827521605275e-05 7.576702441207214418e-05 7.576334827521605275e-05 1.085754352595836209e-04 1.000000000038951908e-04 2.405628708363919677e-01 5.544663398441024987e-03 3.153650281855048476e+00 -7.089116943715985907e-03
1.322033898305084776e+00 7.583276875328628375e-01 -4.434827063246177814e-01 8.496035373014234498e-05 4.601136516746949851e-06 -3.266969422650916055e-01 3.488186426129512019e-01 9.484036815678178697e-05 3.260922964140160512e-06 7.583276875328570817e-05 1.043907978540907055e-04 7.583276875328570817e-05 7.583670805852352605e-05 7.583276875328570817e-05 1.084079529428910407e-04 1.000000000038914639e-04 2.380642561752027986e-01 5.564269840131889563e-03 3.153840244184238806e+00 -7.092401432225311012e-03
1.355932203389830448e+00 7.590035191771886680e-01 -4.437624862528510850e-01 8.314388365634545674e-05 3.272304480724650813e-06 -3.259341502940352742e-01 3.477039210841124106e-01 9.275679807995749842e-05 1.803671381997180797e-06 7.590035191771831618e-05 1.042645353567004480e-04 7.590035191771831618e-05 7.590455658750545182e-05 7.590035191771831618e-05 1.082393716664441675e-04 1.000000000038927514e-04 2.356252858429267738e-01 5.583206663621597191e-03 3.154024938045317583e+00 -7.095594314368688406e-03
1.389830508474576343e+00 7.596571848896005452e-01 -4.440343769606453495e-01 8.137505225938136482e-05 1.948891268370769373e-06 -3.251934353276515477e-01 3.466204210302273325e-01 9.072962063291324447e-05 3.522517596491572852e-07 7.596571848895949887e-05 1.041380884124352350e-04 7.596571848895949887e-05 7.597018889458972762e-05 7.596571848895949887e-05 1.080710066134976481e-04 1.000000000038859616e-04 2.332601331811519629e-01 5.601047122019062012e-03 3.154203246030392371e+00 -7.098677285849016617e-03
1.423728813559322015e+00 7.602953332633480832e-01 -4.443013935230399891e-01 7.963464008886659814e-05 6.184233449844779747e-07 -3.244610988383866412e-01 3.455630227058488213e-01 8.873542297783057324e-05 -1.106894515201258046e-06 7.602953332633426739e-05 1.040103025969364557e-04 7.602953332633426739e-05 7.603427268200471331e-05 7.602953332633426739e-05 1.079013550032831406e-04 1.000000000038945810e-04 2.309443016040483021e-01 5.618235416564997843e-03 3.154377100992915572e+00 -7.101682982657738820e-03
1.457627118644067687e+00 7.609128435671412838e-01 -4.445608436219108950e-01 7.794014559374942079e-05 -7.075385007190312404e-07 -3.237502172067562300e-01 3.445346896935185255e-01 8.679628649374082714e-05 -2.561022595158368515e-06 7.609128435671357765e-05 1.038825978622605182e-04 7.609128435671357765e-05 7.609629354848735489e-05 7.609128435671357765e-05 1.077320378115961846e-04 1.000000000038946487e-04 2.286970866269115166e-01 5.634216698498954908e-03 3.154545003321053365e+00 -7.104586496302431851e-03
1.491525423728813582e+00 7.615147643357393914e-01 -4.448148991390146190e-01 7.627859900260758319e-05 -2.037225101044610739e-06 -3.230508294837643457e-01 3.435311708831024768e-01 8.489312201903623429e-05 -4.019272272163900029e-06 7.615147643357338928e-05 1.037540709260744175e-04 7.615147643357338928e-05 7.615675827024273202e-05 7.615147643357338928e-05 1.075622157782867971e-04 1.000000000038884417e-04 2.265006104011608457e-01 5.649916753593733909e-03 3.154708506627809328e+00 -7.107412764081440064e-03
1.525423728813559254e+00 7.621002856765917155e-01 -4.450631347486019296e-01 7.465208202543646763e-05 -3.367483415336957782e-06 -3.223659268904119357e-01 3.425525322279352469e-01 8.303272650578929863e-05 -5.478292122711028821e-06 7.621002856765863209e-05 1.036252896967169713e-04 7.621002856765863209e-05 7.621558527591699289e-05 7.621002856765863209e-05 1.073922687443558345e-04 1.000000000038866392e-04 2.243572808730543711e-01 5.664628374397315778e-03 3.154867263541962341e+00 -7.110157877129417471e-03
1.559322033898305149e+00 7.626701938778748247e-01 -4.453056621183988928e-01 7.306040720199034281e-05 -4.698074061746321360e-06 -3.216950609546237461e-01 3.415976260702306422e-01 8.121283485326766108e-05 -6.937654059983301896e-06 7.626701938778692857e-05 1.034963360170229623e-04 7.626701938778692857e-05 7.627285332980173523e-05 7.626701938778692857e-05 1.072223765071519914e-04 1.000000000038757972e-04 2.222650759745133098e-01 5.678682923925704173e-03 3.155021538501449285e+00 -7.112825434740632086e-03
1.593220338983050821e+00 7.632256147189045992e-01 -4.455430502255295355e-01 7.150097873563542798e-05 -6.031136344952312650e-06 -3.210363035230600626e-01 3.406653565107758408e-01 7.942972445034850735e-05 -8.399758868788977209e-06 7.632256147188992896e-05 1.033670445051297127e-04 7.632256147188992896e-05 7.632867557201103068e-05 7.632256147188992896e-05 1.070523674780297132e-04 1.000000000038735474e-04 2.202197842848138132e-01 5.692221572876771107e-03 3.155171704885765038e+00 -7.115421632466920228e-03
1.627118644067796716e+00 7.637660358640085967e-01 -4.457748597836370119e-01 6.997652277152983653e-05 -7.364976568938412048e-06 -3.203917928283871452e-01 3.397557842532756833e-01 7.768667724572770694e-05 -9.862859947205697420e-06 7.637660358640033145e-05 1.032376806475212970e-04 7.637660358640033145e-05 7.638300056693255878e-05 7.637660358640033145e-05 1.068825803305897468e-04 1.000000000038786296e-04 2.182236000398318776e-01 5.705219230035779576e-03 3.155317644227509710e+00 -7.117944543249521069e-03
1.661016949152542388e+00 7.642930750592167310e-01 -4.460016400232984513e-01 6.848267589302632033e-05 -8.700587671475121988e-06 -3.197593973844237714e-01 3.388669245336809466e-01 7.597973023231966588e-05 -1.132811944756027581e-05 7.642930750592114052e-05 1.031082198379449022e-04 7.642930750592114052e-05 7.643599038408524407e-05 7.642930750592114052e-05 1.067129059759011021e-04 1.000000000038817196e-04 2.162707939728041873e-01 5.717640608395849720e-03 3.155459748976505718e+00 -7.120401376950713859e-03
1.694915254237288060e+00 7.648080387066893415e-01 -4.462241018716681662e-01 6.701631744364622235e-05 -1.004148216384203641e-05 -3.191364635853281562e-01 3.379976410841606382e-01 7.430361502752390085e-05 -1.279944304327419746e-05 7.648080387066839489e-05 1.029783110906989121e-04 7.648080387066839489e-05 7.648777660352672713e-05 7.648080387066839489e-05 1.065430258913682726e-04 1.000000000038770711e-04 2.143565184541533775e-01 5.729776820994516955e-03 3.155598482265607352e+00 -7.122799394982743532e-03
1.728813559322033955e+00 7.653087239444218426e-01 -4.464408311213921010e-01 6.558548704650631880e-05 -1.137846768385334013e-05 -3.185295183918642192e-01 3.371489606377788273e-01 7.266913626938567312e-05 -1.426676240050659634e-05 7.653087239444164027e-05 1.028489836774682854e-04 7.653087239444164027e-05 7.653813697284082992e-05 7.653087239444164027e-05 1.063741309281352718e-04 1.000000000038820313e-04 2.124898001466520581e-01 5.741372935811131506e-03 3.155733142901472554e+00 -7.125127157220689789e-03
1.762711864406779627e+00 7.657970475074549199e-01 -4.466530068896680250e-01 6.418387531983921277e-05 -1.271740241488174696e-05 -3.179340252074563389e-01 3.363195601378362598e-01 7.106912990017417444e-05 -1.573650795152890829e-05 7.657970475074495802e-05 1.027197178099527162e-04 7.657970475074495802e-05 7.658726460050835079e-05 7.657970475074495802e-05 1.062055137069445944e-04 1.000000000038867341e-04 2.106628926587918449e-01 5.752450877402748644e-03 3.155864326081401217e+00 -7.127395074794988690e-03
1.796610169491525522e+00 7.662743351608863884e-01 -4.468610843936264287e-01 6.280796195772472292e-05 -1.406073981167810112e-05 -3.173480005314296970e-01 3.355079504067684515e-01 6.949965165254763059e-05 -1.721118454432014490e-05 7.662743351608810932e-05 1.025903687809854502e-04 7.662743351608810932e-05 7.663529269655285439e-05 7.662743351608810932e-05 1.060368744206586421e-04 1.000000000038870593e-04 2.088711078004090727e-01 5.762967131896490174e-03 3.155992368734836795e+00 -7.129609092861266713e-03
1.830508474576271194e+00 7.667409030187605223e-01 -4.470650394431081032e-01 6.145842196460384954e-05 -1.540759299910404804e-05 -3.167717596053996054e-01 3.347133136958848065e-01 6.795941102577613617e-05 -1.868980478971795750e-05 7.667409030187551978e-05 1.024609885061063068e-04 7.667409030187551978e-05 7.668225274208800932e-05 7.667409030187551978e-05 1.058684314070225288e-04 1.000000000038915588e-04 2.071139970687494447e-01 5.773228215274543891e-03 3.156117400373716020e+00 -7.131770498780705056e-03
1.864406779661016866e+00 7.671957560317217428e-01 -4.472642018191902991e-01 6.013874731729234441e-05 -1.675346998382771789e-05 -3.162083696677401301e-01 3.339362007843174607e-01 6.645391321526132762e-05 -2.016760851370476583e-05 7.671957560317164818e-05 1.023320909561874963e-04 7.671957560317164818e-05 7.672804431491469482e-05 7.671957560317164818e-05 1.057007782134050477e-04 1.000000000038867747e-04 2.053956351187801177e-01 5.783069178573443415e-03 3.156239116182793847e+00 -7.133874651486939167e-03
1.898305084745762761e+00 7.676397116651936248e-01 -4.474591209567366779e-01 5.884627161618979099e-05 -1.810008862659152521e-05 -3.156561171682326639e-01 3.331758689857616251e-01 6.498049199829540764e-05 -2.164644602402999518e-05 7.676397116651885043e-05 1.022035586182910800e-04 7.676397116651885043e-05 7.677274967317713604e-05 7.676397116651885043e-05 1.055337018661460069e-04 1.000000000038857447e-04 2.037127263255706644e-01 5.792456075045278666e-03 3.156357758488882226e+00 -7.135925953939372367e-03
1.932203389830508433e+00 7.680736235866221229e-01 -4.476502353429580028e-01 5.757904230979747612e-05 -1.944933284789542786e-05 -3.151133551737162475e-01 3.324314996713783610e-01 6.353551950168364920e-05 -2.312828699943908587e-05 7.680736235866168359e-05 1.020752072288744151e-04 7.680736235866168359e-05 7.681645467134170504e-05 7.680736235866168359e-05 1.053670180777106704e-04 1.000000000038915723e-04 2.020622158253707612e-01 5.801547149383450702e-03 3.156473603877520073e+00 -7.137928662808908434e-03
1.966101694915254328e+00 7.684978074639805534e-01 -4.478374331531605468e-01 5.633699975131779402e-05 -2.080144589035281107e-05 -3.145802093066558114e-01 3.317025780089645770e-01 6.211842140791742223e-05 -2.461351135030069139e-05 7.684978074639752790e-05 1.019470278322213823e-04 7.684978074639752790e-05 7.685919107739104192e-05 7.684978074639752790e-05 1.052007867280937319e-04 1.000000000038914910e-04 2.004434166023033870e-01 5.810449508198846369e-03 3.156586759134016873e+00 -7.139884314051567725e-03
2.000000000000000000e+00 7.689119141456055573e-01 -4.480201851074082642e-01 5.512160929129836652e-05 -2.215161946658344213e-05 -3.140592300421873317e-01 3.309884627407252977e-01 6.073303400146883892e-05 -2.609700773209568239e-05 7.689119141456003063e-05 1.018195244667426813e-04 7.689119141456003063e-05 7.690092278127047586e-05 7.689119141456003063e-05 1.050355540576985649e-04 1.000000000038970340e-04 1.988583390425964770e-01 5.818986826919271722e-03 3.156697028898065582e+00 -7.141790299393647318e-03
