0.000000000000000000e+00 0.000000000000000000e+00 0.000000000000000000e+00 -6.249999796110100592e-02 -1.249999959222020118e-01
3.389830508474576259e-02 0.000000000000000000e+00 0.000000000000000000e+00 -6.191962699216110172e-02 -1.261543488422422199e-01
6.779661016949152519e-02 0.000000000000000000e+00 0.000000000000000000e+00 -6.008094766262543629e-02 -1.296793033429967656e-01
1.016949152542372947e-01 0.000000000000000000e+00 0.000000000000000000e+00 -5.673635772885158440e-02 -1.357513847188827616e-01
1.355932203389830504e-01 0.000000000000000000e+00 0.000000000000000000e+00 -5.154595889165364958e-02 -1.446333980752718129e-01
1.694915254237288060e-01 0.000000000000000000e+00 0.000000000000000000e+00 -4.419778683637974603e-02 -1.566278307583236495e-01
2.033898305084745894e-01 0.000000000000000000e+00 0.000000000000000000e+00 -2.941404840588655867e-02 -1.828248645354093038e-01
2.372881355932203451e-01 0.000000000000000000e+00 0.000000000000000000e+00 -3.042506832176059342e-02 -2.181734418121348273e-01
2.711864406779661008e-01 0.000000000000000000e+00 0.000000000000000000e+00 -2.563143934919203878e-02 -2.413172659452182955e-01
3.050847457627118842e-01 0.000000000000000000e+00 0.000000000000000000e+00 -2.142241525013540218e-02 -2.655917641817449049e-01
3.389830508474576121e-01 0.000000000000000000e+00 0.000000000000000000e+00 -1.775400196055266361e-02 -2.907446979647530516e-01
3.728813559322033955e-01 0.000000000000000000e+00 0.000000000000000000e+00 -1.456477099226775353e-02 -3.165852252240838882e-01
4.067796610169491789e-01 0.000000000000000000e+00 0.000000000000000000e+00 -1.178866353891717261e-02 -3.429691340527299404e-01
4.406779661016949068e-01 0.000000000000000000e+00 0.000000000000000000e+00 -9.365037928980860654e-03 -3.697869805481002192e-01
4.745762711864406902e-01 0.000000000000000000e+00 0.000000000000000000e+00 -7.239748365253416765e-03 -3.969550895135312008e-01
5.084745762711864181e-01 0.000000000000000000e+00 0.000000000000000000e+00 -5.368176197841726185e-03 -4.244088959324934240e-01
5.423728813559322015e-01 0.000000000000000000e+00 0.000000000000000000e+00 -3.711479477306767194e-03 -4.520980873169547221e-01
5.762711864406779849e-01 0.000000000000000000e+00 0.000000000000000000e+00 -2.237096767045912080e-03 -4.799830568398877895e-01
6.101694915254237683e-01 0.000000000000000000e+00 0.000000000000000000e+00 -9.194213214350332314e-04 -5.080323098931668335e-01
6.440677966101694407e-01 0.000000000000000000e+00 0.000000000000000000e+00 2.644559076018220684e-04 -5.362205627793744656e-01
6.779661016949152241e-01 0.000000000000000000e+00 0.000000000000000000e+00 1.332154016069692776e-03 -5.645273263621983784e-01
7.118644067796610075e-01 0.000000000000000000e+00 0.000000000000000000e+00 2.299303210383508295e-03 -5.929358539268173578e-01
7.457627118644067910e-01 0.000000000000000000e+00 0.000000000000000000e+00 3.179294229635639540e-03 -6.214323435272344209e-01
7.796610169491525744e-01 0.000000000000000000e+00 0.000000000000000000e+00 3.982397983250722528e-03 -6.500053303066504196e-01
8.135593220338983578e-01 0.000000000000000000e+00 0.000000000000000000e+00 4.718212672791235324e-03 -6.786452242828686643e-01
8.474576271186440302e-01 0.000000000000000000e+00 0.000000000000000000e+00 5.394130613801177004e-03 -7.073439460549291180e-01
8.813559322033898136e-01 0.000000000000000000e+00 0.000000000000000000e+00 6.017454939359335314e-03 -7.360946483442946109e-01
9.152542372881355970e-01 0.000000000000000000e+00 0.000000000000000000e+00 6.593594430623688982e-03 -7.648914907880538516e-01
9.491525423728813804e-01 0.000000000000000000e+00 0.000000000000000000e+00 7.128023557058636023e-03 -7.937294654252510240e-01
9.830508474576271638e-01 0.000000000000000000e+00 0.000000000000000000e+00 7.624801220800416640e-03 -8.226042546199877625e-01
1.016949152542372836e+00 0.000000000000000000e+00 0.000000000000000000e+00 8.087853092978842390e-03 -8.515121175901224637e-01
1.050847457627118731e+00 0.000000000000000000e+00 0.000000000000000000e+00 8.519505204811414489e-03 -8.804497980007656155e-01
1.084745762711864403e+00 0.000000000000000000e+00 0.000000000000000000e+00 8.923852436995652684e-03 -9.094144510860150410e-01
1.118644067796610075e+00 0.000000000000000000e+00 0.000000000000000000e+00 9.302956681514502196e-03 -9.384035770221461625e-01
1.152542372881355970e+00 0.000000000000000000e+00 0.000000000000000000e+00 9.658762129371153971e-03 -9.674149737538713101e-01
1.186440677966101642e+00 0.000000000000000000e+00 0.000000000000000000e+00 9.994046819405907195e-03 -9.964466948705014149e-01
1.220338983050847537e+00 0.000000000000000000e+00 0.000000000000000000e+00 1.030961512437037972e-02 -1.025497010627809402e+00
1.254237288135593209e+00 0.000000000000000000e+00 0.000000000000000000e+00 1.060783644197368751e-02 -1.054564381823866137e+00
1.288135593220338881e+00 0.000000000000000000e+00 0.000000000000000000e+00 1.089015756411926099e-02 -1.083647433637316082e+00
1.322033898305084776e+00 0.000000000000000000e+00 0.000000000000000000e+00 1.115711229083393360e-02 -1.112744932704038847e+00
1.355932203389830448e+00 0.000000000000000000e+00 0.000000000000000000e+00 1.141079147854551223e-02 -1.141855772762758292e+00
1.389830508474576343e+00 0.000000000000000000e+00 0.000000000000000000e+00 1.165094565455228326e-02 -1.170978954939220884e+00
1.423728813559322015e+00 0.000000000000000000e+00 0.000000000000000000e+00 1.188004980873977670e-02 -1.200113579808059550e+00
1.457627118644067687e+00 0.000000000000000000e+00 0.000000000000000000e+00 1.209738230693404790e-02 -1.229258829570349043e+00
1.491525423728813582e+00 0.000000000000000000e+00 0.000000000000000000e+00 1.230485278032380884e-02 -1.258413964850332523e+00
1.525423728813559254e+00 0.000000000000000000e+00 0.000000000000000000e+00 1.250274921161883407e-02 -1.287578311749593363e+00
1.559322033898305149e+00 0.000000000000000000e+00 0.000000000000000000e+00 1.269174217837465424e-02 -1.316751255699849521e+00
1.593220338983050821e+00 0.000000000000000000e+00 0.000000000000000000e+00 1.287254004701704306e-02 -1.345932236535152704e+00
1.627118644067796716e+00 0.000000000000000000e+00 0.000000000000000000e+00 1.304538794989766777e-02 -1.375120740356654547e+00
1.661016949152542388e+00 0.000000000000000000e+00 0.000000000000000000e+00 1.321103078466526887e-02 -1.404316296409846343e+00
1.694915254237288060e+00 0.000000000000000000e+00 0.000000000000000000e+00 1.337009369857626237e-02 -1.433518472873803296e+00
1.728813559322033955e+00 0.000000000000000000e+00 0.000000000000000000e+00 1.352238262221803003e-02 -1.462726870447250693e+00
1.762711864406779627e+00 0.000000000000000000e+00 0.000000000000000000e+00 1.366860057709864788e-02 -1.491941123405175595e+00
1.796610169491525522e+00 0.000000000000000000e+00 0.000000000000000000e+00 1.380926848651672922e-02 -1.521160893193010066e+00
1.830508474576271194e+00 0.000000000000000000e+00 0.000000000000000000e+00 1.394470850879465582e-02 -1.550385866628247733e+00
1.864406779661016866e+00 0.000000000000000000e+00 0.000000000000000000e+00 1.407490193599729260e-02 -1.579615753271657930e+00
1.898305084745762761e+00 0.000000000000000000e+00 0.000000000000000000e+00 1.420023696754964954e-02 -1.608850284393229524e+00
1.932203389830508433e+00 0.000000000000000000e+00 0.000000000000000000e+00 1.432107715711077728e-02 -1.638089210818042707e+00
1.966101694915254328e+00 0.000000000000000000e+00 0.000000000000000000e+00 1.443761861345983777e-02 -1.667332300313948190e+00
2.000000000000000000e+00 0.000000000000000000e+00 0.000000000000000000e+00 1.454997852060231980e-02 -1.696579336221390122e+00
