0.000000000000000000e+00 1.023552910172719210e+00 9.323693320753602149e-04 -1.162152389407885254e-02 -5.371012876540654825e-03 1.020102539862525288e-04 9.983028087836548600e-05 -1.455934137177298561e-02 -5.241599418734306341e-03 1.023552910172719312e-04 1.024448594152350869e-04 1.023552910172719312e-04 8.569559560591419670e-05 1.023552910172719312e-04 1.018964173561490182e-04 1.000000000055552534e-04 1.184868505068878419e-02 4.814600236957312105e-04 3.268548835825088705e+00 -1.151488809814401942e-03
-2.564102564102564014e-02 1.096292439724912304e+00 8.831393932279340414e-03 5.855520994618634893e-05 5.955532130505509537e-03 6.569425744314867925e-05 1.888532898020113299e-04 2.853311496552583424e-05 3.697388286218431571e-03 1.096292439724912338e-04 1.086927493258403317e-04 1.096292439724912338e-04 3.361241661151284383e-03 1.096292439724912338e-04 1.110902775606309955e-04 1.000000000048448977e-04 -6.546596200125241044e-03 -1.415641674834888959e-03 3.139232566218021159e+00 -1.704431858154029620e-04
-5.128205128205128027e-02 1.096077950355081487e+00 1.614376906470225970e-02 8.462964518274657577e-05 5.604350537094055992e-03 6.520129573218094623e-05 1.904359459403281041e-04 3.947476042859201785e-05 3.399631169439247102e-03 1.096077950355081539e-04 1.086207569996780437e-04 1.096077950355081539e-04 3.147860815424317199e-03 1.096077950355081539e-04 1.110210135735241200e-04 1.000000000048444234e-04 -5.839199641933428934e-03 -1.408768698061717284e-03 3.138192488677938208e+00 -1.661165906712525032e-04
-7.692307692307692735e-02 1.095868876227388933e+00 2.388976720282233804e-02 -9.236557583167765654e-06 1.285087911589683591e-03 3.340837634262506893e-05 3.475160657273811365e-04 -7.478892221297972777e-06 -4.129262275123250976e-04 1.095868876227389181e-04 1.084596792159661714e-04 1.095868876227389181e-04 -5.753910550030050470e-04 1.095868876227389181e-04 1.109195027158978809e-04 1.000000000052199910e-04 -2.080827441497947405e-04 -1.381932000949847184e-03 3.135533759846459656e+00 -1.048981973837480021e-04
-1.025641025641025605e-01 1.095577821270974805e+00 3.124464671783629133e-02 -6.229065789795189799e-05 5.523651300426032874e-04 3.304366921929502616e-05 3.513068799580260559e-04 -5.287143873028527869e-05 -1.150690860172638632e-03 1.095577821270974842e-04 1.083344305409521702e-04 1.095577821270974842e-04 -7.543251487338130520e-04 1.095577821270974842e-04 1.107844480070195321e-04 1.000000000052200452e-04 -5.437994169512746935e-06 -1.381138394128108692e-03 3.134068265540978615e+00 -1.088561085975094057e-04
-1.282051282051281937e-01 1.095197460829337333e+00 3.895357794265454088e-02 -1.482259956700744761e-04 -1.244379083463017957e-04 2.781794879666673654e-05 4.079524267087601772e-04 -1.334685501245863506e-04 -1.873953315789715158e-03 1.095197460829337347e-04 1.083103310063512193e-04 1.095197460829337347e-04 -3.448113974502081073e-03 1.095197460829337347e-04 1.106792036971819131e-04 1.000000000051802144e-04 -8.874927474996705391e-05 -1.381474413319475373e-03 3.132121083242048964e+00 -1.129184254716986634e-04
-1.538461538461538547e-01 1.094736546939478306e+00 4.640026942464361981e-02 -2.860449193018087233e-04 -1.203237954290354867e-03 2.713659184477029430e-05 4.152085382743724755e-04 -2.640357666393190056e-04 -2.950302702685462467e-03 1.094736546939478451e-04 1.081473613112933773e-04 1.094736546939478451e-04 -3.767422333967424767e-03 1.094736546939478451e-04 1.105097854438751639e-04 1.000000000051799704e-04 -2.360752292696265370e-04 -1.382029462409914292e-03 3.130293149189826263e+00 -1.181037440183969992e-04
-1.794871794871794879e-01 1.094171783567430722e+00 5.426641979124179754e-02 -4.313355630728902645e-04 -1.542408060390335631e-03 1.594333488483829772e-05 5.297634517698277543e-04 -4.054524239369111226e-04 -3.288593739298154191e-03 1.094171783567430704e-04 1.080918433090988278e-04 1.094171783567430704e-04 -7.217352416018811209e-03 1.094171783567430704e-04 1.104722357305903843e-04 1.000000000052126998e-04 -1.002547547660038747e-03 -1.385017807428406576e-03 3.127641407893771763e+00 -1.239104054664337008e-04
-2.051282051282051211e-01 1.093541084889140924e+00 6.185210131428042768e-02 -6.888733145957262084e-04 -2.946337517130054751e-03 1.453632649150925962e-05 5.442001147282803705e-04 -6.565034387298691789e-04 -4.689441951569482854e-03 1.093541084889140976e-04 1.078415213269994595e-04 1.093541084889140976e-04 -7.520249696789411444e-03 1.093541084889140976e-04 1.102343448943288103e-04 1.000000000052129708e-04 -1.510678873497217590e-03 -1.386866322098501787e-03 3.125435023407142410e+00 -1.304747918534200721e-04
-2.307692307692307543e-01 1.092804045780160438e+00 6.977997801537967615e-02 -7.310353321085522440e-04 -9.588168789761479733e-04 -3.629939529686295038e-05 1.063758763465205487e-03 -6.976899749744164487e-04 -2.687115867243427582e-03 1.092804045780160514e-04 1.068003135876288668e-04 1.092804045780160514e-04 -1.126870280793979863e-02 1.092804045780160514e-04 1.100831968329153330e-04 1.000000000050612909e-04 -3.864552544986980288e-03 -1.395839989099936351e-03 3.121130492461045680e+00 -1.397412094127487275e-04
-2.564102564102563875e-01 1.092007914736366603e+00 7.754338313609995814e-02 -1.144281323186062578e-03 -2.769197887124822538e-03 -3.976991935939847711e-05 1.103264903249598665e-03 -1.104503925858184342e-03 -4.492206070935944942e-03 1.092007914736366686e-04 1.060931365220441872e-04 1.092007914736366686e-04 -1.141443044719679667e-02 1.092007914736366686e-04 1.094721520705284633e-04 1.000000000050610605e-04 -4.706162871948921765e-03 -1.398724472692376404e-03 3.118572167623176572e+00 -1.479817094677868109e-04
-2.820512820512820484e-01 1.091105153786549486e+00 8.552662992146373155e-02 -1.172880157415993278e-03 -6.903490266104889725e-05 -2.128653374268091661e-04 2.979043857514995872e-03 -1.129216432899699755e-03 -1.757914535992178987e-03 1.091105153786549721e-04 9.574101561129627635e-05 1.091105153786549721e-04 -1.445579165902859814e-02 1.091105153786549721e-04 1.041006015826783759e-04 1.000000000050952671e-04 -7.952414204649141047e-03 -1.410126211688740800e-03 3.113464620054822163e+00 -1.624025773498562046e-04
-3.076923076923077094e-01 1.090149168179020744e+00 9.347404178072815650e-02 -1.758156706753286839e-03 -2.155319704654626474e-03 -2.274292268354158688e-04 3.136717598693011203e-03 -1.708584714947086096e-03 -3.837139389260835198e-03 1.090149168179020705e-04 9.277564202008271898e-05 1.090149168179020705e-04 -1.454881292503443398e-02 1.090149168179020705e-04 1.015934419546732175e-04 1.000000000050947657e-04 -9.008678397293962484e-03 -1.413644962222621601e-03 3.110669221833523679e+00 -1.717169164695797037e-04
-3.333333333333333148e-01 1.085229692049611616e+00 1.017667206909774885e-01 3.442412196084904119e-03 3.949174865174097382e-02 -7.803590977950755972e-03 7.976981205371563854e-02 3.469075232267297693e-03 3.828610881209121991e-02 1.085229692049611763e-04 -6.839189781777738541e-04 1.085229692049611763e-04 -3.449927094657627424e-02 1.085229692049611763e-04 -4.488139901228053595e-04 1.000000000052307788e-04 -3.211672388445031834e-02 -1.491156484565411009e-03 3.085186323287568921e+00 -2.554646845135167296e-04
-3.589743589743589758e-01 8.718452159356595565e-01 2.921626071906239241e-01 2.702689115066487027e-02 1.164916142977740904e-01 -2.327944458168240138e-01 8.114794859934462146e-01 2.347222702418373316e-02 1.095827755831182415e-01 8.718452159356595698e-05 -2.571583255170390228e-02 8.718452159356595698e-05 -6.683333581743521046e-02 8.718452159356595698e-05 -2.511451163121948896e-02 1.000000000049655830e-04 -8.841726278549610907e-02 -1.863767311751836266e-03 3.361511444780064028e+00 -3.044052094780703901e-03
-3.846153846153845812e-01 7.312771925488086300e-01 4.360668333164111066e-01 -7.900138393763016242e-03 1.075840209877025958e-02 4.878739508402266667e-01 5.855527391115109559e-01 -1.041180718997377491e-02 1.333984477712080868e-02 7.312771925488085339e-05 6.413441925600783799e-02 7.312771925488085339e-05 7.321056575400035349e-02 7.312771925488085339e-05 7.169950471268936310e-02 1.000000000055034828e-04 2.728051517702401729e-01 -2.505639692017303747e-03 3.594475559541547849e+00 1.538678365559530484e-02
-4.102564102564102422e-01 7.819023852810097486e-01 4.598514675934791684e-01 9.722447363724949845e-03 1.272048241212086171e-02 4.081161549405538103e-01 4.888704843545531586e-01 7.975648020955872566e-03 1.866067664890977418e-02 7.819023852810065437e-05 3.125584830353347887e-02 7.819023852810065437e-05 6.501092817816241098e-02 7.819023852810065437e-05 4.266840174791078355e-02 1.000000000039586438e-04 3.421429291379792792e-01 -6.223383490130299928e-03 3.675326353747165431e+00 1.611070298692077879e-02
-4.358974358974359031e-01 7.822354011836055721e-01 4.612517708109214465e-01 1.614582124762512297e-02 2.942009112867912876e-02 3.828972346637772306e-01 4.645076084544682016e-01 1.556453264167363508e-02 3.810644272488077772e-02 7.822354011836009824e-05 5.878345360699383654e-02 7.822354011836009824e-05 7.206398254803225711e-02 7.822354011836009824e-05 7.353541064218524492e-02 1.000000000036640931e-04 3.362798890028902976e-01 -8.396873931802415619e-03 3.686560078358858128e+00 1.636935900491257034e-02
-4.615384615384615086e-01 7.886174072326879170e-01 4.644322875639983472e-01 1.708360393635824370e-02 2.566484968661367563e-02 3.638305387460715190e-01 4.392325555988150221e-01 1.708453880774394792e-02 3.411084466924940023e-02 7.886174072326788140e-05 4.259729341749159126e-02 7.886174072326788140e-05 6.576650222907019783e-02 7.886174072326788140e-05 5.738865926694269870e-02 1.000000000028199604e-04 3.380485275994108973e-01 -1.005320871233069194e-02 3.702357168428995760e+00 1.581903310533419246e-02
-4.871794871794871695e-01 7.914996105724655395e-01 4.658201183845148141e-01 2.156047316035970482e-02 3.363189859754855265e-02 3.528092458639338624e-01 4.286085609268651675e-01 2.167803418027136608e-02 4.246717402915428652e-02 7.914996105724570472e-05 5.416433844665983349e-02 7.914996105724570472e-05 6.933936144998363582e-02 7.914996105724570472e-05 6.916356401228603012e-02 1.000000000026371911e-04 3.382239299946437350e-01 -1.043613140350802687e-02 3.705919689378978976e+00 1.570870951228029236e-02
-5.128205128205127750e-01 7.979187131983245251e-01 4.689853810422827673e-01 2.241128016916836552e-02 3.151124098092274173e-02 3.328527038352219747e-01 4.035967894494907893e-01 2.377324530551160400e-02 4.039025256249884760e-02 7.979187131983160239e-05 4.165910414328492101e-02 7.979187131983160239e-05 6.366441218403362523e-02 7.979187131983160239e-05 5.669426902448485017e-02 1.000000000030662370e-04 3.499479157704122878e-01 -1.002394848139463550e-02 3.721065324360430360e+00 1.521801286672524317e-02
-5.384615384615384359e-01 8.009106620095473028e-01 4.699961898232576374e-01 2.563258183977369653e-02 3.608245601508753425e-02 3.271607001216639277e-01 3.974584463761064446e-01 2.635933298911281170e-02 4.564629056955716441e-02 8.009106620095387413e-05 4.740352867529244035e-02 8.009106620095387413e-05 6.719634020279652287e-02 8.009106620095387413e-05 6.333096283109040936e-02 1.000000000030818630e-04 3.502745591613470322e-01 -1.006035238105684390e-02 3.721789150153942849e+00 1.518672063213450177e-02
-5.641025641025640969e-01 8.021816543164226321e-01 4.702467099932012840e-01 2.633255072829300547e-02 3.778371658909376180e-02 3.255689566378289768e-01 3.921993505589539963e-01 2.694849833893045096e-02 4.670008299715627809e-02 8.021816543164141838e-05 4.943835942526374899e-02 8.021816543164141838e-05 6.370207641081014616e-02 8.021816543164141838e-05 6.423078002099451289e-02 1.000000000029626821e-04 3.526292806598358975e-01 -9.876596061469844479e-03 3.721541244554382732e+00 1.510721356820495312e-02
-5.897435897435897578e-01 8.041232248029376306e-01 4.711368445467390420e-01 2.903610359320558595e-02 4.048427995153388442e-02 3.181428467729094933e-01 3.844373160465449635e-01 3.018614982015671924e-02 4.927657106087492828e-02 8.041232248029289156e-05 5.087424473001651848e-02 8.041232248029289156e-05 6.408388696780450977e-02 8.041232248029289156e-05 6.519536771440861966e-02 1.000000000029668563e-04 3.566029340567682948e-01 -9.500947937702498153e-03 3.724430460624103212e+00 1.493250968617193704e-02
-6.153846153846154188e-01 8.080727733908934507e-01 4.727794504979345169e-01 2.868207267805842481e-02 4.238488565021811955e-02 3.100679815361524483e-01 3.703005608693883954e-01 2.978014678254087624e-02 5.094809179114712788e-02 8.080727733908839522e-05 5.286356566416637592e-02 8.080727733908839522e-05 5.924937165768032893e-02 8.080727733908839522e-05 6.582625118425551591e-02 1.000000000029153838e-04 3.653486482618635844e-01 -8.593404163192491438e-03 3.730596600885299541e+00 1.478352151837888408e-02
-6.410256410256409687e-01 8.091481609941381103e-01 4.729519515912081196e-01 3.030825752476681498e-02 4.354047864541617241e-02 3.070505158610591367e-01 3.672449143278446737e-01 3.151016684854208300e-02 5.197221211965310367e-02 8.091481609941286583e-05 5.251959882023050225e-02 8.091481609941286583e-05 6.099569386601472187e-02 8.091481609941286583e-05 6.535620962386404220e-02 1.000000000027224093e-04 3.661021942980448030e-01 -8.522503115164795084e-03 3.730296616495990314e+00 1.482728482203828253e-02
-6.666666666666666297e-01 8.111032314591575254e-01 4.740444915857150998e-01 3.299378796232953909e-02 4.644628812073718638e-02 3.010949364101653813e-01 3.602181479693947752e-01 3.433276780228816660e-02 5.370526345449561090e-02 8.111032314591477225e-05 5.371068587923073095e-02 8.111032314591477225e-05 6.055235954178796870e-02 8.111032314591477225e-05 6.468222163031639438e-02 1.000000000032978361e-04 3.699185417675847076e-01 -8.056764704610745731e-03 3.732302826865529610e+00 1.479360511566965054e-02
-6.923076923076922906e-01 8.126567098935442157e-01 4.741366630674980764e-01 3.037478055514502770e-02 4.660567936819284829e-02 2.992424708852229331e-01 3.546905179935659347e-01 3.178896777431126225e-02 5.465076620262807050e-02 8.126567098935345065e-05 5.567181476316654387e-02 8.126567098935345065e-05 5.964578986772675617e-02 8.126567098935345065e-05 6.642585861545556580e-02 1.000000000030161604e-04 3.727686024739265136e-01 -7.716050609490902532e-03 3.733741533745154939e+00 1.493969302204238743e-02
-7.179487179487179516e-01 8.135039237664533074e-01 4.742350461343879942e-01 2.986787155859958395e-02 4.666881088008557193e-02 2.992595340973231988e-01 3.518778344811741010e-01 3.140970340240505781e-02 5.464412515586353214e-02 8.135039237664435817e-05 5.638237919860752956e-02 8.135039237664435817e-05 5.973550324920611637e-02 8.135039237664435817e-05 6.700670672263665806e-02 1.000000000030120540e-04 3.734066839301026230e-01 -7.685315694749365531e-03 3.732984355304886481e+00 1.494898244564388246e-02
-7.435897435897436125e-01 8.147494558501879869e-01 4.740101136356319467e-01 2.587438613154659228e-02 4.715915814684003282e-02 2.993141182910138420e-01 3.477978120752137636e-01 3.052946002226714431e-02 5.617103476543383600e-02 8.147494558501783800e-05 6.097698887848971433e-02 8.147494558501783800e-05 5.844838596395748875e-02 8.147494558501783800e-05 6.630145658768310524e-02 1.000000000030133550e-04 3.738935063824559979e-01 -8.009581096008680165e-03 3.731829006861484554e+00 1.447228222905651285e-02
-7.692307692307691624e-01 8.131479995107201431e-01 4.740861917044555951e-01 2.666925774372367469e-02 4.823664405170284553e-02 3.010417464263535070e-01 3.487124429584117502e-01 3.153626597465331721e-02 5.646964588794081003e-02 8.131479995107104299e-05 5.987963408072578819e-02 8.131479995107104299e-05 5.915681152395893538e-02 8.131479995107104299e-05 6.432002878524285816e-02 1.000000000029635088e-04 3.725713168508887341e-01 -8.215216941352533261e-03 3.729064000671505230e+00 1.406953584155728847e-02
-7.948717948717948234e-01 8.190602291720510131e-01 4.752651387555439921e-01 3.605543308800873009e-02 5.515292278807342602e-02 2.986506838895887084e-01 3.381043791357495332e-01 2.774273654981320586e-02 5.318247718295876503e-02 8.190602291720385864e-05 6.427780040451967769e-02 8.190602291720385864e-05 6.298359043631038268e-02 8.190602291720385864e-05 6.398710525823129991e-02 1.000000000024602899e-04 3.787216624609692217e-01 -6.224362698502332140e-03 3.727260475012275087e+00 1.192855324810100995e-02
-8.205128205128204844e-01 8.131589331237870644e-01 4.743074472531810248e-01 3.085390669899074415e-02 5.541857461665922191e-02 2.959177804492536534e-01 3.436168672947915170e-01 2.890144231118499385e-02 5.984013548180574377e-02 8.131589331237748324e-05 5.985589987787705291e-02 8.131589331237748324e-05 6.088697343855306587e-02 8.131589331237748324e-05 6.375941121449819893e-02 1.000000000005307353e-04 3.782028718257668953e-01 -7.065558271989693349e-03 3.727533899061352241e+00 1.434587489919249975e-02
-8.461538461538461453e-01 8.150289054395734034e-01 4.749117760167946845e-01 3.643959843733743376e-02 5.504081516598192253e-02 2.903073852716412384e-01 3.388133161198805254e-01 3.556652992315512130e-02 5.875494776326186525e-02 8.150289054395613028e-05 5.874679716494170950e-02 8.150289054395613028e-05 6.209557648916872591e-02 8.150289054395613028e-05 6.391307455933309400e-02 1.000000000018347324e-04 3.859067065054876955e-01 -5.692897665608995586e-03 3.729676748931336050e+00 1.622769386720043089e-02
-8.717948717948718063e-01 8.161486716259095386e-01 4.758710282190685148e-01 3.890198084493182856e-02 5.670354758936074074e-02 2.883746112150330498e-01 3.343300598063932427e-01 3.886933801227894503e-02 5.853799295381809792e-02 8.161486716258973596e-05 5.834671615807461575e-02 8.161486716258973596e-05 6.393280491032345136e-02 8.161486716258973596e-05 6.208114853765401425e-02 1.000000000019350753e-04 3.886901488057999954e-01 -5.284781135541576774e-03 3.729353023831623481e+00 1.575099765101978591e-02
-8.974358974358973562e-01 8.175757541157443464e-01 4.760879633656731058e-01 3.919588609680950408e-02 5.584304764621576822e-02 2.853324994230043710e-01 3.305001231912362281e-01 3.957141808032520192e-02 5.838845320244579612e-02 8.175757541157321721e-05 5.997623829141950080e-02 8.175757541157321721e-05 6.658979585352911568e-02 8.175757541157321721e-05 6.000796603286536607e-02 1.000000000019005841e-04 3.925267308126081378e-01 -4.997993987974133981e-03 3.730247029978378759e+00 1.540813155011068296e-02
-9.230769230769230171e-01 8.186827658121411666e-01 4.766022835082835418e-01 4.068435627119710435e-02 5.682611346802195207e-02 2.823545361687420652e-01 3.277175796449688927e-01 4.103251548007944699e-02 5.953497027034318489e-02 8.186827658121291170e-05 5.741348704492294647e-02 8.186827658121291170e-05 6.565141330705415168e-02 8.186827658121291170e-05 5.999741343758933920e-02 1.000000000018994999e-04 3.958532959884049629e-01 -4.564952003345228333e-03 3.730067280127359108e+00 1.544828497888327788e-02
-9.487179487179486781e-01 8.198131296833589543e-01 4.769515246323929314e-01 4.101774089517942756e-02 5.772599553005985928e-02 2.800679789791183372e-01 3.246712481915081661e-01 4.179286735769031924e-02 6.077658697047209208e-02 8.198131296833469257e-05 5.639477389667372359e-02 8.198131296833469257e-05 6.447692970673646329e-02 8.198131296833469257e-05 6.005416688779584289e-02 1.000000000019078889e-04 3.987771602767946622e-01 -4.263145423459818728e-03 3.729790018371688110e+00 1.534788632308701009e-02
-9.743589743589743390e-01 8.207978828592158438e-01 4.775664938945621274e-01 4.221922504505461887e-02 5.872823782170823181e-02 2.746251625323311574e-01 3.203269044967366752e-01 4.426235575347083756e-02 6.333615905411918434e-02 8.207978828592039651e-05 5.521091015041190708e-02 8.207978828592039651e-05 6.154699603959724874e-02 8.207978828592039651e-05 5.958727819455725272e-02 1.000000000019311450e-04 4.057740743716218845e-01 -3.623993064226893168e-03 3.731382772783134349e+00 1.507298851401758441e-02
-1.000000000000000000e+00 8.216432985373843811e-01 4.780666557690854690e-01 4.569800699197044264e-02 5.982889224848882831e-02 2.698836942076180412e-01 3.163483312065448749e-01 4.495369600965885143e-02 6.322508346698095527e-02 8.216432985373724152e-05 5.209913527058899346e-02 8.216432985373724152e-05 6.160271060463069770e-02 8.216432985373724152e-05 6.096605701337860089e-02 1.000000000019261713e-04 4.115223651891424805e-01 -2.865146311585635604e-03 3.733887492766819527e+00 1.613368881183322584e-02
