0.000000000000000000e+00 5.100003988594723481e-01 3.283835266746328030e-02 -4.886977314998962041e-01 4.083616766090405331e-02 -4.771161878743187534e-01 1.303157647414596512e-02 -5.074354524323728688e-01 1.417889575214424831e-02 0.000000000000000000e+00 -1.516062538649473046e-01 0.000000000000000000e+00 1.162166557705562354e-03 0.000000000000000000e+00 -3.929812034922992164e-02 1.000000000019971580e+00 5.197934920890975974e+00 2.380584136301288734e+00 3.896205210550239162e+00 6.320585886499506811e-01
-3.389830508474576259e-02 5.093646920353153140e-01 3.293793246843714634e-02 -4.828916961400961383e-01 3.202923009947828553e-02 -4.861367628472115787e-01 1.731753976255188260e-02 -5.072336091822662318e-01 8.147145806970441592e-03 0.000000000000000000e+00 -1.423688857033026944e-01 0.000000000000000000e+00 -2.290489765487834731e-03 0.000000000000000000e+00 -3.721394807953743583e-02 1.020548210213148232e+00 5.195803624454073066e+00 2.367732351713471850e+00 3.874311356764022385e+00 6.389092873027812924e-01
-6.779661016949152519e-02 5.015777487123895817e-01 3.383526520142082078e-02 -4.896951974323537904e-01 2.335673576760136441e-02 -4.858080273521361292e-01 2.209456128624440185e-02 -5.092252662196204982e-01 9.451787926267175496e-03 0.000000000000000000e+00 -1.385624120404611304e-01 0.000000000000000000e+00 2.328273982514638893e-02 0.000000000000000000e+00 -4.492477700979516375e-02 1.016898147513016326e+00 5.233322258678076544e+00 2.363854902473503827e+00 3.842740650322956419e+00 6.236856717186078924e-01
-1.016949152542372947e-01 5.003345769358776840e-01 3.593058748135272151e-02 -4.901875833864542398e-01 2.237815874120994628e-02 -4.868037323029750230e-01 2.344104977589232808e-02 -5.113720086545653354e-01 7.124656021897444839e-03 0.000000000000000000e+00 -1.333165011236772945e-01 0.000000000000000000e+00 2.958042432685117906e-02 0.000000000000000000e+00 -4.763138535902798620e-02 1.029143784029348030e+00 5.229277172127480888e+00 2.367709828755113488e+00 3.837742732836330717e+00 6.308174231536598509e-01
-1.355932203389830504e-01 5.057569134487964746e-01 3.553503852818336306e-02 -4.921503881604079034e-01 3.059630092174024305e-02 -4.838943031113143167e-01 2.726208533275384371e-02 -5.141680187214786590e-01 5.098525971335299105e-03 0.000000000000000000e+00 -1.126971477271992012e-01 0.000000000000000000e+00 8.524211764824367321e-02 0.000000000000000000e+00 -2.862972904849650849e-02 1.062384503500753974e+00 5.216219182476874217e+00 2.414611787005786603e+00 3.847839429632868402e+00 6.729506027865755913e-01
-1.694915254237288060e-01 5.122839263847164260e-01 1.900119196936975868e-02 -4.971814519172735869e-01 2.644043092804627959e-02 -4.843624545875687137e-01 3.067507601810742085e-02 -5.096795528458744062e-01 7.325266414930033457e-03 0.000000000000000000e+00 -9.924438823225952000e-02 0.000000000000000000e+00 1.149695214072029154e-01 0.000000000000000000e+00 3.822649682777857355e-02 1.113752569276171389e+00 5.305470074768311228e+00 2.466915093006945892e+00 3.903388175855180275e+00 7.878243923863350595e-01
-2.033898305084745894e-01 4.658173882129007515e-01 3.505951777614106646e-02 -4.627921309862756405e-01 -3.403965815696567004e-02 -4.528213188724691807e-01 -3.401117691184855907e-02 -5.581842178044401637e-01 1.348200521416519949e-02 0.000000000000000000e+00 6.226609793538860627e-02 0.000000000000000000e+00 2.567556705214178447e-01 0.000000000000000000e+00 2.153062688643749556e-01 1.216283874594034531e+00 5.307587596727506352e+00 2.457408506192336528e+00 4.138649308854851938e+00 8.206588963818967075e-01
-2.372881355932203451e-01 3.176752040638169960e-01 7.912443495180529474e-02 -5.138410450666114349e-01 -5.632516511681328990e-03 -5.289514464795276316e-01 5.884400616921484951e-03 -5.476151219741918208e-01 -5.728362647963814412e-03 0.000000000000000000e+00 1.228136046691656186e-01 0.000000000000000000e+00 1.796374716026855611e-01 0.000000000000000000e+00 1.927662630013933232e-01 1.273787905182137470e+00 5.419662562929991267e+00 2.637344049907008436e+00 4.206974076772239002e+00 7.100520378451955494e-01
-2.711864406779661008e-01 3.124352613458308281e-01 7.784960116139554021e-02 -5.157071343624044513e-01 4.923268674044537808e-03 -5.246400441910148427e-01 1.024844440470088457e-02 -5.385441918804078076e-01 -1.133760177203425347e-02 0.000000000000000000e+00 1.185130960090685498e-01 0.000000000000000000e+00 2.046726125814833097e-01 0.000000000000000000e+00 2.137356545451716827e-01 1.321369267134144820e+00 5.415553536517593081e+00 2.642078708783528018e+00 4.213568871627892065e+00 7.111852423050231131e-01
-3.050847457627118842e-01 2.932839386788058111e-01 8.192322428678840140e-02 -5.121175229149332875e-01 5.814934112010236925e-03 -5.195539880517136000e-01 1.010274830081925486e-02 -5.343222990327567423e-01 -1.330405366248959761e-02 0.000000000000000000e+00 1.259615345931363317e-01 0.000000000000000000e+00 2.368078656693262674e-01 0.000000000000000000e+00 2.388660489809991128e-01 1.365080754011497977e+00 5.413313189405479342e+00 2.641969785208025279e+00 4.218786293314095381e+00 7.194618687607097218e-01
-3.389830508474576121e-01 2.903545431604434568e-01 7.647492464319312344e-02 -5.124066703431887637e-01 9.606633664468580691e-03 -5.223295072791881433e-01 1.665741746256438338e-02 -5.251237477029476741e-01 -1.149097635753762274e-02 0.000000000000000000e+00 1.245473955112965242e-01 0.000000000000000000e+00 2.532190008305358342e-01 0.000000000000000000e+00 2.537868972183057181e-01 1.412234822080774332e+00 5.418654741809081798e+00 2.664923266318837580e+00 4.214357818496854868e+00 7.172741920259397830e-01
-3.728813559322033955e-01 2.755682991610171606e-01 7.908838842067671127e-02 -5.087169719218066488e-01 8.623811096180059033e-03 -5.200581481292944064e-01 1.652207938208940380e-02 -5.239818648901117815e-01 -1.469995886585300296e-02 0.000000000000000000e+00 1.251578237057662524e-01 0.000000000000000000e+00 2.757197456508828637e-01 0.000000000000000000e+00 2.701687035455213604e-01 1.457934525399033232e+00 5.421173035651764671e+00 2.673663455627162122e+00 4.217736350231685805e+00 7.216764071001873226e-01
-4.067796610169491789e-01 2.695394393122685917e-01 7.888038109324699287e-02 -5.062428717824581925e-01 1.184412483191617932e-02 -5.155462762219996664e-01 1.830429870186236346e-02 -5.206884790186943057e-01 -2.258257568086501771e-02 0.000000000000000000e+00 1.165139502475693312e-01 0.000000000000000000e+00 2.934105088105728454e-01 0.000000000000000000e+00 2.853639151403882246e-01 1.502201738825160504e+00 5.421801635364703387e+00 2.680574850138772280e+00 4.220772337548976516e+00 7.268884025305203389e-01
-4.406779661016949068e-01 2.523735731472478427e-01 8.213691711004034168e-02 -5.005711005059523266e-01 1.100714536983644042e-02 -5.077106313181117825e-01 1.593445146197268805e-02 -5.183791620951503365e-01 -2.583203289553465121e-02 0.000000000000000000e+00 1.200157701171063740e-01 0.000000000000000000e+00 3.160596989750710240e-01 0.000000000000000000e+00 3.053599328912706690e-01 1.548183780985979308e+00 5.421811243797937330e+00 2.683253698375260843e+00 4.225296854718481043e+00 7.336171703467250227e-01
-4.745762711864406902e-01 2.473162542709264056e-01 8.123404387234595125e-02 -4.965430772265766457e-01 1.210946614012172427e-02 -5.037879412205317209e-01 1.715471404325720484e-02 -5.163292034599923364e-01 -3.361243698393202861e-02 0.000000000000000000e+00 1.116696703076898722e-01 0.000000000000000000e+00 3.297438015534910893e-01 0.000000000000000000e+00 3.197132746447933771e-01 1.596258108759551764e+00 5.424731644151344234e+00 2.694675742949976360e+00 4.227897094120615762e+00 7.387794117933873528e-01
-5.084745762711864181e-01 2.339820630336876539e-01 8.290328403126472068e-02 -4.898365720883901542e-01 1.131622425885215992e-02 -4.960921991325166203e-01 1.588064248088657052e-02 -5.138308748498998657e-01 -3.838440319690225588e-02 0.000000000000000000e+00 1.121728446520346284e-01 0.000000000000000000e+00 3.477627603328206640e-01 0.000000000000000000e+00 3.379014270256144314e-01 1.646078327583259338e+00 5.426288719847432773e+00 2.700635455587499401e+00 4.231325568309499019e+00 7.455171289259443501e-01
-5.423728813559322015e-01 2.304162210478193362e-01 8.131323779504143201e-02 -4.855595426021214189e-01 1.215767299850860003e-02 -4.915921118428852044e-01 1.679109645819283278e-02 -5.123091995862673054e-01 -4.702815145495595206e-02 0.000000000000000000e+00 1.042095439041398480e-01 0.000000000000000000e+00 3.595634988827667855e-01 0.000000000000000000e+00 3.498523055755727862e-01 1.704069980855032362e+00 5.429672746724697241e+00 2.713182490425001703e+00 4.233406073297158123e+00 7.512091114748858933e-01
-5.762711864406779849e-01 2.178919909710707314e-01 8.232814774208192798e-02 -4.760241370663978455e-01 1.086654409726995653e-02 -4.808211169685533415e-01 1.473855027616928319e-02 -5.097778353004567276e-01 -5.404934136987599863e-02 0.000000000000000000e+00 1.020780842044961556e-01 0.000000000000000000e+00 3.779430428625359939e-01 0.000000000000000000e+00 3.688125482676345435e-01 1.766003617488072441e+00 5.432218251780574825e+00 2.722634492718678967e+00 4.238416566124461049e+00 7.588609691819266923e-01
-6.101694915254237683e-01 2.145488080434690692e-01 8.043751855816838603e-02 -4.719339947735364249e-01 1.167452607572381194e-02 -4.755253460587727243e-01 1.489572858366007210e-02 -5.088005578335937917e-01 -6.269013662828516742e-02 0.000000000000000000e+00 9.552499268789978182e-02 0.000000000000000000e+00 3.879212703675429252e-01 0.000000000000000000e+00 3.789916260325585928e-01 1.840124167235695607e+00 5.435354276658188155e+00 2.735654403875494189e+00 4.241650232776151164e+00 7.648553693735414827e-01
-6.440677966101694407e-01 2.013757773936019069e-01 8.107170907662764048e-02 -4.607429550198812174e-01 1.070525230615820833e-02 -4.621257469687034547e-01 1.271685582725221551e-02 -5.045272929846168486e-01 -6.995153562113690104e-02 0.000000000000000000e+00 9.535341376289130366e-02 0.000000000000000000e+00 4.063608549182239904e-01 0.000000000000000000e+00 3.973482365188607535e-01 1.924968497573196879e+00 5.437731261322426235e+00 2.744745092580495704e+00 4.247805480710002968e+00 7.743486970769714040e-01
-6.779661016949152241e-01 1.932978940280667135e-01 8.056745231468961932e-02 -4.450370877857237617e-01 1.042267895577872472e-02 -4.451938192052308785e-01 1.132179598710222369e-02 -5.005515623758368671e-01 -8.563473199389695645e-02 0.000000000000000000e+00 8.803653367873524871e-02 0.000000000000000000e+00 4.260160017234966290e-01 0.000000000000000000e+00 4.167126910926378103e-01 2.030629887221703900e+00 5.439081652787974619e+00 2.758288480305966406e+00 4.256770288417540016e+00 7.898137822267996544e-01
-7.118644067796610075e-01 1.894633522323833641e-01 8.042306192243091345e-02 -4.384840459701873638e-01 1.116693695865142270e-02 -4.383159767789256978e-01 1.177779756673727821e-02 -4.993061739901088480e-01 -9.499348349563993543e-02 0.000000000000000000e+00 8.658118802827190208e-02 0.000000000000000000e+00 4.337158779051383251e-01 0.000000000000000000e+00 4.242799661548410928e-01 2.103501670729975181e+00 5.440655434139023860e+00 2.760471843422370952e+00 4.264158344515085020e+00 7.979252057221732919e-01
-7.457627118644067910e-01 1.738736411446413777e-01 7.927985166941615980e-02 -4.249856422899927488e-01 1.082456666878421625e-02 -4.223275487906387182e-01 9.319535900514290191e-03 -4.924490851136255620e-01 -1.018544765620136572e-01 0.000000000000000000e+00 8.646842140562523149e-02 0.000000000000000000e+00 4.498284216810994884e-01 0.000000000000000000e+00 4.439330330356204835e-01 2.369092610963438261e+00 5.444037401206102800e+00 2.779968123463012031e+00 4.273848827393882388e+00 8.094640453339242425e-01
-7.796610169491525744e-01 1.633968507468296083e-01 7.561678012156283768e-02 -4.129195791555736461e-01 9.806204581474723195e-03 -4.137216004964260341e-01 8.855562897533459862e-03 -4.852783177439703444e-01 -1.053604900887253476e-01 0.000000000000000000e+00 8.482476305922763415e-02 0.000000000000000000e+00 4.566969954782089669e-01 0.000000000000000000e+00 4.657854977524851781e-01 2.743541573311372161e+00 5.448643683777006252e+00 2.803514046120558323e+00 4.285899143450759397e+00 8.173681876307314909e-01
-8.135593220338983578e-01 1.608814918093657009e-01 7.387241741629357872e-02 -4.058784218813291100e-01 9.411828720824742464e-03 -4.164941517898565482e-01 1.463043746929796989e-02 -4.830265414657244905e-01 -1.105705988879041729e-01 0.000000000000000000e+00 8.256089170481988038e-02 0.000000000000000000e+00 4.629320640966300693e-01 0.000000000000000000e+00 4.674510838230015453e-01 3.117932328595450109e+00 5.359258631848279997e+00 2.987831451049125953e+00 4.298585366007454667e+00 8.355662573758859679e-01
