-2.000000000000000000e+00 1.850481693807720651e-02 1.850493170652246083e-02 1.850446295009636200e-02 -1.613702140331450874e+00
-1.948717948717948678e+00 1.843274614037594683e-02 1.843293362482499240e-02 1.843278265811021388e-02 -1.569484628943040194e+00
-1.897435897435897356e+00 1.835704150907654930e-02 1.835752520196677964e-02 1.835688490327046229e-02 -1.525278764111063667e+00
-1.846153846153846256e+00 1.827687002574530234e-02 1.827621196806327244e-02 1.827684962868944898e-02 -1.481085637341533978e+00
-1.794871794871794934e+00 1.818968854028536405e-02 1.818975160999269230e-02 1.818999209119382190e-02 -1.436906481806380587e+00
-1.743589743589743613e+00 1.809786846736527455e-02 1.809829459220498385e-02 1.809780455230376034e-02 -1.392742631294318745e+00
-1.692307692307692291e+00 1.799825247042442442e-02 1.799860258260256238e-02 1.799879661541284315e-02 -1.348595725867204997e+00
-1.641025641025640969e+00 1.789268715824561887e-02 1.789264684328886398e-02 1.789253122688556560e-02 -1.304467514453575117e+00
-1.589743589743589869e+00 1.777794568965002792e-02 1.777748152636023093e-02 1.777739758943415113e-02 -1.260360071891355016e+00
-1.538461538461538547e+00 1.765331334690944248e-02 1.765289960092324140e-02 1.765339550076049785e-02 -1.216275756882975401e+00
-1.487179487179487225e+00 1.751950090213620984e-02 1.751926588094222803e-02 1.751932095769076145e-02 -1.172217298808626573e+00
-1.435897435897435903e+00 1.737292184659902303e-02 1.737315272417521567e-02 1.737252797446179470e-02 -1.128187909188507643e+00
-1.384615384615384581e+00 1.721394173334908975e-02 1.721362637334680756e-02 1.721379155905160968e-02 -1.084191309851881391e+00
-1.333333333333333481e+00 1.703849523445732927e-02 1.703840967540691531e-02 1.703883354874095521e-02 -1.040231927345800278e+00
-1.282051282051281937e+00 1.684536276833314278e-02 1.684590441516795739e-02 1.684580258295801172e-02 -9.963149908131301302e-01
-1.230769230769230838e+00 1.663241851690906714e-02 1.663262127446776123e-02 1.663216287611492608e-02 -9.524467680171786466e-01
-1.179487179487179516e+00 1.639606284515854329e-02 1.639618800092753487e-02 1.639619002686680538e-02 -9.086348183055495964e-01
-1.128205128205128194e+00 1.613095602861358210e-02 1.613092136454716968e-02 1.613097369668926168e-02 -8.648883776039557603e-01
-1.076923076923077094e+00 1.583236698152687763e-02 1.583235141929559275e-02 1.583235544667514066e-02 -8.212187898277837350e-01
-1.025641025641025550e+00 1.549369972191165165e-02 1.549368416925509320e-02 1.549370513496517096e-02 -7.776401925137168547e-01
-9.743589743589744501e-01 1.510633984966364141e-02 1.510633172080094906e-02 1.510633989585904308e-02 -7.341704224326170980e-01
-9.230769230769231282e-01 1.465784735252379303e-02 1.465785199895125804e-02 1.465785032932524767e-02 -6.908323223760423071e-01
-8.717948717948718063e-01 1.413391123676476999e-02 1.413403013768832830e-02 1.413391484073530172e-02 -6.476556105885040715e-01
-8.205128205128204844e-01 1.346220905527524894e-02 1.346359644960400462e-02 1.346341750891567879e-02 -6.047085912111218597e-01
-7.692307692307691624e-01 1.278167190552418654e-02 1.278015109953174223e-02 1.279094629189405675e-02 -5.620072202414652107e-01
-7.179487179487180626e-01 1.184702055655240463e-02 1.184143730295901531e-02 1.184467708731225082e-02 -5.196982036069144328e-01
-6.666666666666667407e-01 1.047792833613284298e-02 1.046172940217230014e-02 1.046284372871924412e-02 -4.778492759000906309e-01
-6.153846153846154188e-01 8.870919228776495691e-03 8.869274404575652401e-03 8.868166021721206674e-03 -4.366202796939865349e-01
-5.641025641025640969e-01 6.669605102248114814e-03 6.672132620403076891e-03 6.671568399756374820e-03 -3.963368197698944329e-01
-5.128205128205127750e-01 3.583078484828819410e-03 3.587953663140806652e-03 3.590011301019397499e-03 -3.574886688674240309e-01
-4.615384615384616751e-01 -6.181896449790127979e-04 -6.130050881439684865e-04 -6.131951987103003571e-04 -3.208281657550357546e-01
-4.102564102564103532e-01 -5.673790861291739054e-03 -5.767313376110224168e-03 -5.778685309928369845e-03 -2.873212532657674068e-01
-3.589743589743590313e-01 -1.687845142810760063e-02 -1.477727306232548207e-02 -1.475275988342995490e-02 -2.606048120215318509e-01
-3.076923076923077094e-01 -2.260880523907862413e-02 -1.970445436079446000e-02 -1.970223129763724879e-02 -2.391259985339490302e-01
-2.564102564102563875e-01 -2.682021885448212378e-02 -2.310118793997596731e-02 -2.310005905443793597e-02 -2.219817968067101799e-01
-2.051282051282052876e-01 -3.008884971620307686e-02 -2.553490794420956722e-02 -2.553624130129145131e-02 -2.086234836396034797e-01
-1.538461538461539657e-01 -3.256501815547700740e-02 -2.728716432409662371e-02 -2.728428022956579102e-02 -1.987658732571391251e-01
-1.025641025641026438e-01 -3.427152285183386604e-02 -2.850043931149469356e-02 -2.849849508674406548e-02 -1.922654755140222327e-01
-5.128205128205132191e-02 -3.487301027355750593e-02 -2.928596172499164235e-02 -2.928624571630399076e-02 -1.888992220031180669e-01
0.000000000000000000e+00 -3.482691518411257930e-02 -2.957351859044725709e-02 -2.957346630685944722e-02 -1.879478001628385742e-01
