-2.000000000000000000e+00 0.000000000000000000e+00 0.000000000000000000e+00 1.454654022941412501e-02 -1.696579264005948717e+00
-1.966101694915254328e+00 0.000000000000000000e+00 0.000000000000000000e+00 1.445512491049546870e-02 -1.667332205175969362e+00
-1.932203389830508433e+00 0.000000000000000000e+00 0.000000000000000000e+00 1.433734964217888569e-02 -1.638089109613992456e+00
-1.898305084745762761e+00 0.000000000000000000e+00 0.000000000000000000e+00 1.421686593652411387e-02 -1.608850170795800283e+00
-1.864406779661016866e+00 0.000000000000000000e+00 0.000000000000000000e+00 1.409060932533636422e-02 -1.579615633880135483e+00
-1.830508474576271194e+00 0.000000000000000000e+00 0.000000000000000000e+00 1.396083152735239780e-02 -1.550385734524500458e+00
-1.796610169491525522e+00 0.000000000000000000e+00 0.000000000000000000e+00 1.382611953849246025e-02 -1.521160747093900811e+00
-1.762711864406779627e+00 0.000000000000000000e+00 0.000000000000000000e+00 1.368456852231439251e-02 -1.491940971241757508e+00
-1.728813559322033955e+00 0.000000000000000000e+00 0.000000000000000000e+00 1.353867829737534154e-02 -1.462726705039600894e+00
-1.694915254237288060e+00 0.000000000000000000e+00 0.000000000000000000e+00 1.338535381576052077e-02 -1.433518301386217386e+00
-1.661016949152542388e+00 0.000000000000000000e+00 0.000000000000000000e+00 1.322700495421268510e-02 -1.404316113033848179e+00
-1.627118644067796716e+00 0.000000000000000000e+00 0.000000000000000000e+00 1.306039459405949205e-02 -1.375120551743081121e+00
-1.593220338983050821e+00 0.000000000000000000e+00 0.000000000000000000e+00 1.288794322399539408e-02 -1.345932036288785660e+00
-1.559322033898305149e+00 0.000000000000000000e+00 0.000000000000000000e+00 1.270784066609189668e-02 -1.316751041882964213e+00
-1.525423728813559254e+00 0.000000000000000000e+00 0.000000000000000000e+00 1.251780224357743228e-02 -1.287578091807212388e+00
-1.491525423728813582e+00 0.000000000000000000e+00 0.000000000000000000e+00 1.232043195726461107e-02 -1.258413732190966972e+00
-1.457627118644067910e+00 0.000000000000000000e+00 0.000000000000000000e+00 1.211195318036026661e-02 -1.229258591115651944e+00
-1.423728813559322015e+00 0.000000000000000000e+00 0.000000000000000000e+00 1.189486676106303424e-02 -1.200113328101198418e+00
-1.389830508474576121e+00 0.000000000000000000e+00 0.000000000000000000e+00 1.166514746871431460e-02 -1.170978697538842317e+00
-1.355932203389830448e+00 0.000000000000000000e+00 0.000000000000000000e+00 1.142354168340788470e-02 -1.141855510587438616e+00
-1.322033898305084776e+00 0.000000000000000000e+00 0.000000000000000000e+00 1.117091115663735451e-02 -1.112744659076409182e+00
-1.288135593220339103e+00 0.000000000000000000e+00 0.000000000000000000e+00 1.090265237889399656e-02 -1.083647154041631921e+00
-1.254237288135593209e+00 0.000000000000000000e+00 0.000000000000000000e+00 1.062145174209860529e-02 -1.054564088855746595e+00
-1.220338983050847315e+00 0.000000000000000000e+00 0.000000000000000000e+00 1.031813330619108481e-02 -1.025496727445520895e+00
-1.186440677966101642e+00 0.000000000000000000e+00 0.000000000000000000e+00 1.000710643837655553e-02 -9.964463873164701724e-01
-1.152542372881355970e+00 0.000000000000000000e+00 0.000000000000000000e+00 9.670932076961487669e-03 -9.674146519747066630e-01
-1.118644067796610297e+00 0.000000000000000000e+00 0.000000000000000000e+00 9.309375581971094521e-03 -9.384032629620053800e-01
-1.084745762711864403e+00 0.000000000000000000e+00 0.000000000000000000e+00 8.935528840499338404e-03 -9.094141107734948770e-01
-1.050847457627118509e+00 0.000000000000000000e+00 0.000000000000000000e+00 8.521976245476993450e-03 -8.804494791740019588e-01
-1.016949152542372836e+00 0.000000000000000000e+00 0.000000000000000000e+00 8.101390495405844799e-03 -8.515117543075034767e-01
-9.830508474576271638e-01 0.000000000000000000e+00 0.000000000000000000e+00 7.626384829264590964e-03 -8.226039087688099549e-01
-9.491525423728812694e-01 0.000000000000000000e+00 0.000000000000000000e+00 7.137475119665588966e-03 -7.937290875830546044e-01
-9.152542372881355970e-01 0.000000000000000000e+00 0.000000000000000000e+00 6.596373445481439057e-03 -7.648911060733967204e-01
-8.813559322033899246e-01 0.000000000000000000e+00 0.000000000000000000e+00 6.009812878368868752e-03 -7.360944469337805662e-01
-8.474576271186440302e-01 0.000000000000000000e+00 0.000000000000000000e+00 5.420584113814221061e-03 -7.073436617556470019e-01
-8.135593220338983578e-01 0.000000000000000000e+00 0.000000000000000000e+00 4.734979801201830846e-03 -6.786448598494824180e-01
-7.796610169491524633e-01 0.000000000000000000e+00 0.000000000000000000e+00 3.974671218955307811e-03 -6.500051249093588002e-01
-7.457627118644067910e-01 0.000000000000000000e+00 0.000000000000000000e+00 3.205936981114260523e-03 -6.214320323065365415e-01
-7.118644067796611186e-01 0.000000000000000000e+00 0.000000000000000000e+00 2.298616218020931024e-03 -5.929354901599027672e-01
-6.779661016949152241e-01 0.000000000000000000e+00 0.000000000000000000e+00 1.321639236320580613e-03 -5.645271163291466499e-01
-6.440677966101695517e-01 0.000000000000000000e+00 0.000000000000000000e+00 2.880550146415750135e-04 -5.362202155167283824e-01
-6.101694915254236573e-01 0.000000000000000000e+00 0.000000000000000000e+00 -9.297273972965983818e-04 -5.080321161186043266e-01
-5.762711864406779849e-01 0.000000000000000000e+00 0.000000000000000000e+00 -2.219439583768011495e-03 -4.799826917195810227e-01
-5.423728813559323125e-01 0.000000000000000000e+00 0.000000000000000000e+00 -3.723819289903125551e-03 -4.520979116675665210e-01
-5.084745762711864181e-01 0.000000000000000000e+00 0.000000000000000000e+00 -5.378448871704244461e-03 -4.244087496767231515e-01
-4.745762711864407457e-01 0.000000000000000000e+00 0.000000000000000000e+00 -7.249697423485816986e-03 -3.969549640855142836e-01
-4.406779661016948513e-01 0.000000000000000000e+00 0.000000000000000000e+00 -9.376432017975788041e-03 -3.697868647489889748e-01
-4.067796610169491789e-01 0.000000000000000000e+00 0.000000000000000000e+00 -1.180197186072821924e-02 -3.429690106078541190e-01
-3.728813559322032845e-01 0.000000000000000000e+00 0.000000000000000000e+00 -1.457508854494320855e-02 -3.165850812039081585e-01
-3.389830508474576121e-01 0.000000000000000000e+00 0.000000000000000000e+00 -1.776460481264324764e-02 -2.907444795268857574e-01
-3.050847457627119397e-01 0.000000000000000000e+00 0.000000000000000000e+00 -2.142928544763791909e-02 -2.655914375856116560e-01
-2.711864406779660452e-01 0.000000000000000000e+00 0.000000000000000000e+00 -2.563324886883336026e-02 -2.413167255897400998e-01
-2.372881355932203729e-01 0.000000000000000000e+00 0.000000000000000000e+00 -3.041377860607383590e-02 -2.181733713476430858e-01
-2.033898305084744784e-01 0.000000000000000000e+00 0.000000000000000000e+00 -3.578892312329582520e-02 -1.964900207846959623e-01
-1.694915254237288060e-01 0.000000000000000000e+00 0.000000000000000000e+00 -4.160018273987232951e-02 -1.766894566669501843e-01
-1.355932203389831336e-01 0.000000000000000000e+00 0.000000000000000000e+00 -4.761514653879288239e-02 -1.592861947708953396e-01
-1.016949152542372392e-01 0.000000000000000000e+00 0.000000000000000000e+00 -5.334386975812935999e-02 -1.448663047816108884e-01
-6.779661016949156682e-02 0.000000000000000000e+00 0.000000000000000000e+00 -5.814918839256154326e-02 -1.340269639604348140e-01
-3.389830508474567239e-02 0.000000000000000000e+00 0.000000000000000000e+00 -6.136757969763227683e-02 -1.272867152955091952e-01
0.000000000000000000e+00 -0.000000000000000000e+00 -0.000000000000000000e+00 -6.249997736900232692e-02 -1.249999547380046538e-01
