-2.000000000000000000e+00 6.027980715878664686e-01 6.027954496299365861e-01 5.200838906545832696e-01 6.028365055752182844e-01 6.028199791349815317e-01 5.200107923451345870e-01 6.027980707337680100e-01 6.027954491218370237e-01 5.200838922807875520e-01 6.028365004364603097e-01 6.028199748983266160e-01 6.287366518046330621e-03 5.200108034139337976e-01
-1.948717948717948678e+00 6.034047281030290311e-01 6.034049949679074487e-01 5.185516958918667818e-01 6.033651545770046809e-01 6.033637634246992176e-01 5.186455801657863240e-01 6.034047274093147228e-01 6.034049944873904892e-01 5.185516973049614231e-01 6.033651486876994152e-01 6.033637579632656900e-01 6.437102646049351271e-03 5.186455937204037525e-01
-1.897435897435897356e+00 6.040288414103693881e-01 6.040485035194047558e-01 5.169036843387273539e-01 6.039978931383821470e-01 6.040047777027923726e-01 5.169907635097359400e-01 6.040288408265991338e-01 6.040485030376842035e-01 5.169036856331858942e-01 6.039978857060368522e-01 6.040047698180003310e-01 6.619606845188431496e-03 5.169907820488117700e-01
-1.846153846153846256e+00 6.046892136480671587e-01 6.047028232113274004e-01 5.151809101043989259e-01 6.046550986892743618e-01 6.046599399545493636e-01 5.152710544104771584e-01 6.046892131415092519e-01 6.047028227321098459e-01 5.151809113131159412e-01 6.046550895559454908e-01 6.046599294714675166e-01 6.810920275732884263e-03 5.152710784190177584e-01
-1.794871794871794934e+00 6.053899867149870051e-01 6.053792679256553289e-01 5.133537382426469620e-01 6.053557006985257338e-01 6.053519058975944667e-01 5.134261574318655930e-01 6.053899862572543755e-01 6.053792674541895735e-01 5.133537393919546110e-01 6.053556897937109049e-01 6.053518928332998206e-01 7.017507854576725441e-03 5.134261870513336934e-01
-1.743589743589743613e+00 6.061180832317141220e-01 6.060966202146226278e-01 5.114233412591675521e-01 6.060786247089000600e-01 6.060709906754246923e-01 5.115001413133581920e-01 6.061180828094172579e-01 6.060966197472696937e-01 5.114233423693118619e-01 6.060786119238008585e-01 6.060709748961843335e-01 7.232466290420947602e-03 5.115001769360562056e-01
-1.692307692307692291e+00 6.068572786675556774e-01 6.068765416348724795e-01 5.093705451644640059e-01 6.068331083075844123e-01 6.068400106494349355e-01 5.094424690198430250e-01 6.068572782669348076e-01 6.068765411642929042e-01 5.093705462612901913e-01 6.068330936095557293e-01 6.068399921122795693e-01 7.460345251609191985e-03 5.094425108388563883e-01
-1.641025641025640969e+00 6.076698075466971938e-01 6.076618521058814171e-01 5.071898930817403395e-01 6.076351869251315208e-01 6.076323547555400051e-01 5.072662497739890419e-01 6.076698071515163058e-01 6.076618516280272164e-01 5.071898941908088432e-01 6.076351700468061168e-01 6.076323332570165991e-01 7.704321743474728049e-03 5.072662985031872740e-01
-1.589743589743589869e+00 6.085012176482061941e-01 6.085130266987015535e-01 5.048614511078106659e-01 6.084764767138923780e-01 6.084807401609645394e-01 5.049296545403690883e-01 6.085012172432474609e-01 6.085130261977379496e-01 5.048614522693779527e-01 6.084764575423846633e-01 6.084807155741478457e-01 7.964782989879164860e-03 5.049297106235668409e-01
-1.538461538461538547e+00 6.093934536385159362e-01 6.093934747602597346e-01 5.023766149098692901e-01 6.093674011622671749e-01 6.093674304025584743e-01 5.024392068597820504e-01 6.093934532014322336e-01 6.093934742230704416e-01 5.023766161707431399e-01 6.093673795551924899e-01 6.093674027789059977e-01 8.244057460574516841e-03 5.024392705608449194e-01
-1.487179487179487225e+00 6.103241083603418993e-01 6.103331376152439924e-01 4.997176035539918626e-01 6.103030017820877395e-01 6.103062912844301469e-01 4.997754942284238222e-01 6.103241078729870761e-01 6.103331370250807408e-01 4.997176049620041249e-01 6.103029776169514031e-01 6.103062605956536268e-01 8.542238745830045901e-03 4.997755659132215866e-01
-1.435897435897435903e+00 6.113201987321491560e-01 6.113123128664388339e-01 4.968655036906340361e-01 6.112956913369412826e-01 6.112928558025964021e-01 4.969188416262358965e-01 6.113201981657931938e-01 6.113123122061506765e-01 4.968655053094356289e-01 6.112956644106715132e-01 6.112928220813331759e-01 8.863532265783411260e-03 4.969189217081032561e-01
-1.384615384615384581e+00 6.123625141787886195e-01 6.123581593702517312e-01 4.937988586682752201e-01 6.123410160404195723e-01 6.123394594494917520e-01 4.938478740832455971e-01 6.123625135042182199e-01 6.123581586170072644e-01 4.937988605723361291e-01 6.123409861686638367e-01 6.123394226727163492e-01 9.208541216938466098e-03 4.938479630589890368e-01
-1.333333333333333481e+00 6.134665941255965649e-01 6.134643549934184481e-01 4.904964760237948695e-01 6.134436596023322696e-01 6.134428740420682091e-01 4.905510828813304247e-01 6.134665933351760581e-01 6.134643541378010934e-01 4.904964782448496541e-01 6.134436259690233539e-01 6.134428331727862505e-01 9.579314802621379313e-03 4.905511835841182000e-01
-1.282051282051281937e+00 6.146418383260476848e-01 6.146301773454746487e-01 4.869217153239490670e-01 6.146175487611276189e-01 6.146133007062704046e-01 4.869726129878014231e-01 6.146418373623209197e-01 6.146301763488956071e-01 4.869217180023383551e-01 6.146175108084775962e-01 6.146132554328221920e-01 9.983131541377178453e-03 4.869727270066758207e-01
-1.230769230769230838e+00 6.158721703012075555e-01 6.158799917207330443e-01 4.830414362729317235e-01 6.158597580304654429e-01 6.158626933321571517e-01 4.830781497336052999e-01 6.158721690460879916e-01 6.158799905133526265e-01 4.830414396803839328e-01 6.158597160618395350e-01 6.158626448242070506e-01 1.042249588793463765e-02 4.830782753806016072e-01
-1.179487179487179516e+00 6.171927385870501492e-01 6.171902822416523993e-01 4.788255998676216874e-01 6.171781703829795074e-01 6.171773105276033844e-01 4.788598074786839520e-01 6.171927369725135337e-01 6.171902808034439580e-01 4.788256041512197747e-01 6.171781236209373800e-01 6.171772583415574553e-01 1.090031125274417562e-02 4.788599469604423731e-01
-1.128205128205128194e+00 6.185861693681776741e-01 6.185880248595230224e-01 4.742225539095114573e-01 6.185743855268687197e-01 6.185751416615170584e-01 4.742532954534871559e-01 6.185861672809114253e-01 6.185880231377155480e-01 4.742225593378186499e-01 6.185743331482594920e-01 6.185750853965715779e-01 1.142261309899809257e-02 4.742534511691614552e-01
-1.076923076923077094e+00 6.200587069847112165e-01 6.200491813788823192e-01 4.691769202953731677e-01 6.200693344293249920e-01 6.200654124283871971e-01 4.691408671712296030e-01 6.200587026959376580e-01 6.200491797353838708e-01 4.691769286750901991e-01 6.200693058706001626e-01 6.200653967833609226e-01 1.200683313791143375e-02 4.691409256444465381e-01
-1.025641025641025550e+00 6.216317149221366467e-01 6.216323872078638457e-01 4.637038826090787991e-01 6.215918491489753617e-01 6.215920854222993785e-01 4.638103886766957729e-01 6.216317117607857989e-01 6.216323856652776758e-01 4.637038894527927280e-01 6.215918056515763457e-01 6.215920534014139909e-01 1.261035264918750759e-02 4.638104959091471913e-01
-9.743589743589744501e-01 6.233003009484032741e-01 6.232994814135583983e-01 4.575367323467685043e-01 6.232725988119549587e-01 6.232723524291072792e-01 4.576098844944816446e-01 6.233002980160993189e-01 6.232994797831513667e-01 4.575367391882701473e-01 6.232725356675362649e-01 6.232723000846708272e-01 1.331935663893258487e-02 4.576100574365834506e-01
-9.230769230769231282e-01 6.250411572124918713e-01 6.250364212201533487e-01 4.506987101937678375e-01 6.250526347661079507e-01 6.250474415771934966e-01 4.506667235889436074e-01 6.250411499847313701e-01 6.250364190132708941e-01 4.506987244176606233e-01 6.250525936071957833e-01 6.250474236325394006e-01 1.411922483903025813e-02 4.506668049099501472e-01
-8.717948717948718063e-01 6.269052939691731607e-01 6.269054193604806091e-01 4.431786051511640290e-01 6.268619009897553607e-01 6.268618760300527226e-01 4.433000177744785830e-01 6.269052888331887452e-01 6.269054173291586096e-01 4.431786164075044998e-01 6.268618309189530891e-01 6.268618320232343111e-01 1.496303416373522335e-02 4.433001933695390195e-01
-8.205128205128204844e-01 6.288163504201549348e-01 6.288165336816541329e-01 4.345701241206020304e-01 6.288243228816886576e-01 6.288297732373953064e-01 4.345384293860990454e-01 6.288163394401542483e-01 6.288165310110331863e-01 4.345701459732836947e-01 6.288242699240046418e-01 6.288297545888674733e-01 1.597938878169238158e-02 4.345385320219202763e-01
-7.692307692307691624e-01 6.308414362302527945e-01 6.308426838845888618e-01 4.250002745854066788e-01 6.308026994157389655e-01 6.308035070927975330e-01 4.251136937911479952e-01 6.308414284014350892e-01 6.308426814749186207e-01 4.250002918501906701e-01 6.308026008585315703e-01 6.308034554828287899e-01 1.707032107606151761e-02 4.251139450997807878e-01
-7.179487179487180626e-01 6.328489648620444497e-01 6.328417291867975969e-01 4.139638618380796498e-01 6.328567047378693688e-01 6.328579937615776974e-01 4.139258913957607477e-01 6.328489446773974958e-01 6.328417259794808514e-01 4.139639024027646497e-01 6.328566369720203255e-01 6.328579776176402882e-01 1.838043463133236591e-02 4.139260183461196951e-01
-6.666666666666667407e-01 6.348499245656011869e-01 6.348553039058260072e-01 4.014050484171557409e-01 6.348705534560742381e-01 6.348570035972086467e-01 4.013683648289613215e-01 6.348499019909994434e-01 6.348553015046600745e-01 4.014050939944147078e-01 6.348704800911706414e-01 6.348569909352311802e-01 1.985594086721088197e-02 4.013685001839246702e-01
-6.153846153846154188e-01 6.367264321701265883e-01 6.367396687103685782e-01 3.869100998711150208e-01 6.367404528305400380e-01 6.367460560550779469e-01 3.868751870098909862e-01 6.367264044834862746e-01 6.367396677055332521e-01 3.869101553478071498e-01 6.367403803957438768e-01 6.367460507085763721e-01 2.157157564042806036e-02 3.868753104780979779e-01
-5.641025641025640969e-01 6.383227993753610718e-01 6.383044006641129808e-01 3.700183063803356709e-01 6.383339247218431378e-01 6.383203248661872831e-01 3.699702149713088306e-01 6.383227634208046286e-01 6.383044020060871793e-01 3.700183783558799178e-01 6.383338481764212480e-01 6.383203263326078236e-01 2.359253922663756553e-02 3.699703428188161336e-01
-5.128205128205127750e-01 6.392784356118582645e-01 6.393124337202452656e-01 3.502318899506768335e-01 6.393112310148336697e-01 6.393338108671130504e-01 3.501315880535795788e-01 6.392783913047344058e-01 6.393124393190268151e-01 3.502319775742529506e-01 6.393111589976158138e-01 6.393338203017898680e-01 2.598473424944465135e-02 3.501317021442017507e-01
-4.615384615384616751e-01 6.391723157499551444e-01 6.391996358393786659e-01 3.267387942934190659e-01 6.391998257556402718e-01 6.392265125351441757e-01 3.266309271774191503e-01 6.391722587117532051e-01 6.391996490641046469e-01 3.267389035818430432e-01 6.391997609852332340e-01 6.392265287186537082e-01 2.886464211708548305e-02 3.266310262302901668e-01
-4.102564102564103532e-01 6.370772241034916572e-01 6.371095056592415151e-01 2.987247955275887934e-01 6.371174255365870120e-01 6.371404514432542632e-01 2.985712370587349507e-01 6.370771509471286898e-01 6.371095309636403137e-01 2.987249265794904574e-01 6.371173696324287095e-01 6.371404676492106178e-01 3.236266017983378818e-02 2.985713321137120069e-01
-3.589743589743590313e-01 6.314666318099425579e-01 6.314760128239409465e-01 2.651368911722736255e-01 6.315132956255278263e-01 6.315240120799591184e-01 2.649082120733160517e-01 6.314665381164010771e-01 6.314760542401748333e-01 2.651370286509311391e-01 6.315132382864383498e-01 6.315240008534082072e-01 3.665893377051458041e-02 2.649083604992809593e-01
-3.076923076923077094e-01 6.195740528670361513e-01 6.196162188558168582e-01 2.250678651026088439e-01 6.196390741742756614e-01 6.196720247317820673e-01 2.247278659719031957e-01 6.195739927857194518e-01 6.196162309136631352e-01 2.250678413842190917e-01 6.196389539772764188e-01 6.196719254548904710e-01 4.195392480637463728e-02 2.247282460281587735e-01
-2.564102564102563875e-01 5.967463385802312947e-01 5.966730151872517984e-01 1.776806154938894156e-01 5.966681717416106867e-01 5.966794214979300737e-01 1.779189697858403196e-01 5.967463217100341666e-01 5.966730157298139048e-01 1.776805648115886704e-01 5.966681130847226733e-01 5.966794285661730646e-01 4.847498081914797252e-02 1.779191112617550252e-01
-2.051282051282052876e-01 5.546098624321205151e-01 5.546059681565826960e-01 1.251397330078070358e-01 5.547001538594602543e-01 5.547110066371805370e-01 1.242496505721536471e-01 5.546100049722129111e-01 5.546054354789444751e-01 1.251384237514928943e-01 5.546997725803339829e-01 5.547109636951356171e-01 5.633049884553799347e-02 1.242504410502600631e-01
-1.538461538461539657e-01 4.816578334675877815e-01 4.816936842902456162e-01 7.051751074150841569e-02 4.815758638077094478e-01 4.815835472654310112e-01 7.181526854944519922e-02 4.816578102735705746e-01 4.816935884914931854e-01 7.051732407040131601e-02 4.815758545399979607e-01 4.815835503698915332e-01 6.520979421231740125e-02 7.181533218653890493e-02
-1.025641025641026438e-01 3.645724655379113388e-01 3.645903958181389015e-01 2.561517145224198599e-02 3.644703496588463931e-01 3.644490200190874107e-01 2.887264243723464130e-02 3.645724559487638072e-01 3.645904308601555788e-01 2.561521618068740569e-02 3.644703469582942779e-01 3.644490187445256213e-01 7.403826733151164241e-02 2.887266459671083974e-02
-5.128205128205132191e-02 1.989851489199350176e-01 1.990840623596387970e-01 -2.596879211515579211e-03 1.988629492871868965e-01 1.989305298393921062e-01 1.075843024138201098e-02 1.989851035193554996e-01 1.990839421600049397e-01 -2.597013586722207723e-03 1.988628553016789091e-01 1.989306122739831761e-01 8.077967198429175655e-02 1.075847950765523864e-02
0.000000000000000000e+00 -8.299270905397633470e-05 -6.131832737596215263e-05 2.385118910019667082e-01 -7.075664111876874907e-05 -5.614563560628251654e-05 -2.385117394310251049e-01 -8.298812595946043085e-05 -6.127916839824513063e-05 2.385119290336363829e-01 -7.075573119812010071e-05 -5.614604642756749336e-05 8.213078303933005198e-02 -2.385117453003148258e-01
