-2.000000000000000000e+00 0.000000000000000000e+00 0.000000000000000000e+00 1.454654022895386124e-02 -1.696579264005952714e+00
-1.948717948717948678e+00 0.000000000000000000e+00 0.000000000000000000e+00 1.439626000011672360e-02 -1.652335234499140215e+00
-1.897435897435897356e+00 0.000000000000000000e+00 0.000000000000000000e+00 1.421291700871957914e-02 -1.608100514109717549e+00
-1.846153846153846256e+00 0.000000000000000000e+00 0.000000000000000000e+00 1.402185004726389655e-02 -1.563875856836900669e+00
-1.794871794871794934e+00 0.000000000000000000e+00 0.000000000000000000e+00 1.381626132103052490e-02 -1.519662175971972840e+00
-1.743589743589743613e+00 0.000000000000000000e+00 0.000000000000000000e+00 1.360174272479785541e-02 -1.475460427982562717e+00
-1.692307692307692291e+00 0.000000000000000000e+00 0.000000000000000000e+00 1.337219271978593547e-02 -1.431271748709709080e+00
-1.641025641025640969e+00 0.000000000000000000e+00 0.000000000000000000e+00 1.312933093248476284e-02 -1.387097376776663005e+00
-1.589743589743589869e+00 0.000000000000000000e+00 0.000000000000000000e+00 1.286805998746916313e-02 -1.342938746345167855e+00
-1.538461538461538547e+00 0.000000000000000000e+00 0.000000000000000000e+00 1.258926690988935830e-02 -1.298797459154549250e+00
-1.487179487179487225e+00 0.000000000000000000e+00 0.000000000000000000e+00 1.229071717558706707e-02 -1.254675353698967655e+00
-1.435897435897435903e+00 0.000000000000000000e+00 0.000000000000000000e+00 1.197011252981684121e-02 -1.210574535370364746e+00
-1.384615384615384581e+00 0.000000000000000000e+00 0.000000000000000000e+00 1.162495845942882605e-02 -1.166497426777844515e+00
-1.333333333333333481e+00 0.000000000000000000e+00 0.000000000000000000e+00 1.125409731322246296e-02 -1.122446819263068774e+00
-1.282051282051281937e+00 0.000000000000000000e+00 0.000000000000000000e+00 1.085066085989057003e-02 -1.078425983873382510e+00
-1.230769230769230838e+00 0.000000000000000000e+00 0.000000000000000000e+00 1.041050626018036156e-02 -1.034438741138439477e+00
-1.179487179487179516e+00 0.000000000000000000e+00 0.000000000000000000e+00 9.933104836826481265e-03 -9.904895583900469314e-01
-1.128205128205128194e+00 0.000000000000000000e+00 0.000000000000000000e+00 9.410627378463740783e-03 -9.465837523858914304e-01
-1.076923076923077094e+00 0.000000000000000000e+00 0.000000000000000000e+00 8.826885443960385408e-03 -9.027278813742086738e-01
-1.025641025641025550e+00 0.000000000000000000e+00 0.000000000000000000e+00 8.222940712644441486e-03 -8.589290693406210764e-01
-9.743589743589744501e-01 0.000000000000000000e+00 0.000000000000000000e+00 7.513987252925758212e-03 -8.151968416280103158e-01
-9.230769230769231282e-01 0.000000000000000000e+00 0.000000000000000000e+00 6.714372394241337194e-03 -7.715427371865922757e-01
-8.717948717948718063e-01 0.000000000000000000e+00 0.000000000000000000e+00 5.870274662314035191e-03 -7.279802574148177552e-01
-8.205128205128204844e-01 0.000000000000000000e+00 0.000000000000000000e+00 4.853800145144639491e-03 -6.845273809871659232e-01
-7.692307692307691624e-01 0.000000000000000000e+00 0.000000000000000000e+00 3.762925806548493221e-03 -6.412057435791977955e-01
-7.179487179487180626e-01 0.000000000000000000e+00 0.000000000000000000e+00 2.453070260129983429e-03 -5.980442702611480366e-01
-6.666666666666667407e-01 0.000000000000000000e+00 0.000000000000000000e+00 9.774538733953262032e-04 -5.550794587150139625e-01
-6.153846153846154188e-01 0.000000000000000000e+00 0.000000000000000000e+00 -7.387685352311830489e-04 -5.123602904007884540e-01
-5.641025641025640969e-01 0.000000000000000000e+00 0.000000000000000000e+00 -2.758493735260235391e-03 -4.699524961983492233e-01
-5.128205128205127750e-01 0.000000000000000000e+00 0.000000000000000000e+00 -5.152732911205434169e-03 -4.279464131580911768e-01
-4.615384615384616751e-01 0.000000000000000000e+00 0.000000000000000000e+00 -8.032352289283509889e-03 -3.864687058882928516e-01
-4.102564102564103532e-01 0.000000000000000000e+00 0.000000000000000000e+00 -1.153055204313660487e-02 -3.457011696584679772e-01
-3.589743589743590313e-01 0.000000000000000000e+00 0.000000000000000000e+00 -1.582604553000416941e-02 -3.059107498945561332e-01
-3.076923076923077094e-01 0.000000000000000000e+00 0.000000000000000000e+00 -2.112210794410178741e-02 -2.674978390961592067e-01
-2.564102564102563875e-01 0.000000000000000000e+00 0.000000000000000000e+00 -2.763984001826794157e-02 -2.310724064651739074e-01
-2.051282051282052876e-01 0.000000000000000000e+00 0.000000000000000000e+00 -3.549752638258200227e-02 -1.975599950556925499e-01
-1.538461538461539657e-01 0.000000000000000000e+00 0.000000000000000000e+00 -4.437701392649340271e-02 -1.683249397038302231e-01
-1.025641025641026438e-01 0.000000000000000000e+00 0.000000000000000000e+00 -5.320496989658378417e-02 -1.451937870988973533e-01
-5.128205128205132191e-02 0.000000000000000000e+00 0.000000000000000000e+00 -5.994825422808149062e-02 -1.302045115514965656e-01
0.000000000000000000e+00 -0.000000000000000000e+00 -0.000000000000000000e+00 -6.249998315658827908e-02 -1.249999663131765582e-01
