1.570796326794896558e+00 -3.941444662490937167e-01 -3.921557566177709675e-01 3.550249612632896401e-01 -3.905137552805872936e-01 -3.908588640634711453e-01 3.766454255454898536e-01 3.932027127237207598e-01 3.926955107719277693e-01 -3.552225900537084313e-01 3.896436527976786524e-01 3.920203040737362254e-01 -3.760286027406154474e-01
1.530519497902719683e+00 -3.941444662490937167e-01 -3.921557566177709675e-01 3.550249612632896401e-01 -3.905137552805872936e-01 -3.908588640634711453e-01 3.766454255454898536e-01 3.932027127237207598e-01 3.926955107719277693e-01 -3.552225900537084313e-01 3.896436527976786524e-01 3.920203040737362254e-01 -3.760286027406154474e-01
1.490242669010542809e+00 -3.941444662490937167e-01 -3.921557566177709675e-01 3.550249612632896401e-01 -3.905137552805872936e-01 -3.908588640634711453e-01 3.766454255454898536e-01 3.932027127237207598e-01 3.926955107719277693e-01 -3.552225900537084313e-01 3.896436527976786524e-01 3.920203040737362254e-01 -3.760286027406154474e-01
1.570796326794896558e+00 -3.930289584345130760e-01 -3.928905640435669255e-01 3.555532524657685767e-01 -3.904582705192919945e-01 -3.911715313547930450e-01 3.765664574759757244e-01 3.930105521969002869e-01 3.930998929452655943e-01 -3.558119279884579544e-01 3.903230602636431623e-01 3.911946282456899016e-01 -3.761856226986972640e-01
1.530519497902719683e+00 -3.935803796470724869e-01 -3.934512962516180101e-01 3.491708299689557649e-01 -3.917699748449982589e-01 -3.917441940554211022e-01 3.743263814496157194e-01 3.941074875630597996e-01 3.942486121407688393e-01 -3.531823017879460735e-01 3.910537640065837595e-01 3.913001322849993802e-01 -3.724389398535800089e-01
1.490242669010542809e+00 -3.943077412213295552e-01 -3.943226958635600576e-01 3.432292692796421463e-01 -3.928290014702471300e-01 -3.928983514240407260e-01 3.717459487360411652e-01 3.959784612514469226e-01 3.960529385555226489e-01 -3.495292762581453383e-01 3.913772535245415574e-01 3.915161179149665438e-01 -3.698288532934754791e-01
1.449965840118366156e+00 -3.955109580038563277e-01 -3.956111633712611209e-01 3.383423885348709748e-01 -3.945201248650002657e-01 -3.945096509136504226e-01 3.682590089666086808e-01 3.976150318294167652e-01 3.977382000328743006e-01 -3.467197983795083926e-01 3.917973338260273830e-01 3.917553450121479819e-01 -3.680630409399872072e-01
1.409689011226189281e+00 -3.959651950646821961e-01 -3.960787430451097046e-01 3.321977689931966959e-01 -3.951327993209010070e-01 -3.951472359452115612e-01 3.655758178030658057e-01 3.987258360483208475e-01 3.988669173211845109e-01 -3.438891198928187842e-01 3.920044372290986123e-01 3.919915512326976881e-01 -3.648036920420826279e-01
1.369412182334012407e+00 -3.970409636422895794e-01 -3.970359422296164675e-01 3.263179471518644625e-01 -3.958250437121352272e-01 -3.957792738326196824e-01 3.632572572223967677e-01 4.001941895783213687e-01 4.002238752631385732e-01 -3.404371699471205881e-01 3.923071294219991900e-01 3.922962651083493624e-01 -3.622104738381590194e-01
1.329135353441835532e+00 -3.974550479693865213e-01 -3.975317147765492498e-01 3.204965493508115104e-01 -3.962084598270658731e-01 -3.962835606409669809e-01 3.601688356947666536e-01 4.012492807737866318e-01 4.013740105829987082e-01 -3.372909233353905689e-01 3.924517032798588989e-01 3.924512717270663975e-01 -3.595668738853060598e-01
1.288858524549658657e+00 -3.983483477921790916e-01 -3.983346558162262352e-01 3.144598235030064415e-01 -3.967597798123193575e-01 -3.967813881819761690e-01 3.573819009981590300e-01 4.024623016645732521e-01 4.024041337798377471e-01 -3.341829517901908631e-01 3.926554008540673602e-01 3.925895649126667775e-01 -3.570996880654034866e-01
1.248581695657482005e+00 -3.991733418595357907e-01 -3.992044396855489730e-01 3.086928342657003776e-01 -3.972018881341415897e-01 -3.972259164543664456e-01 3.544263156130602610e-01 4.036204760152245496e-01 4.038169328951523585e-01 -3.306090720394914140e-01 3.928748484876517511e-01 3.929224709549132832e-01 -3.546881631259763412e-01
1.208304866765305130e+00 -4.001259049497747355e-01 -4.002941512792794754e-01 3.027352278451092560e-01 -3.975036520818389651e-01 -3.977951717513880103e-01 3.515925595201522258e-01 4.048427785062514994e-01 4.049456046408121956e-01 -3.272828249981288851e-01 3.932907117935264818e-01 3.931881064683475646e-01 -3.522071896655592504e-01
1.168028037873128255e+00 -4.011050885958368228e-01 -4.011733690967296262e-01 2.966023953695196003e-01 -3.979149275202220615e-01 -3.980030154209907578e-01 3.486496511005104382e-01 4.060050204114649119e-01 4.059668586619185060e-01 -3.238697753414201963e-01 3.936867337945066936e-01 3.935690174993963231e-01 -3.496163303397088473e-01
1.127751208980951381e+00 -4.015390024849409545e-01 -4.016069420077204577e-01 2.904514119202203926e-01 -3.981264675452243496e-01 -3.982254881879300767e-01 3.452566473373365752e-01 4.070767997693010010e-01 4.070389428160777201e-01 -3.205622249175571481e-01 3.938642345746136142e-01 3.937812293528901719e-01 -3.471814959704527803e-01
1.087474380088774506e+00 -4.030591742571437708e-01 -4.030653180942364577e-01 2.843847376383161207e-01 -3.985509117341764496e-01 -3.985323362053158069e-01 3.427355577355506444e-01 4.083306284861774604e-01 4.083518970335054954e-01 -3.163623888995603095e-01 3.944915140170555667e-01 3.944939545536340075e-01 -3.443378756380176542e-01
1.047197551196597853e+00 -4.040481245486028938e-01 -4.040529440741258416e-01 2.782416222719551469e-01 -3.988078465000901018e-01 -3.987732952030691447e-01 3.393925145681953026e-01 4.095054029555742492e-01 4.095374275926597640e-01 -3.124452103898219812e-01 3.950470773951519909e-01 3.951031191309151702e-01 -3.416700493428656005e-01
1.006920722304420757e+00 -4.049315688478432596e-01 -4.049563547699270294e-01 2.721085967079973078e-01 -3.990597541100119883e-01 -3.989374978608271061e-01 3.359136103846639410e-01 4.105944737117150911e-01 4.108381425624942351e-01 -3.083873010590407748e-01 3.955666003747346782e-01 3.957373952534535277e-01 -3.389825718969649015e-01
9.666438934122441040e-01 -4.061758669731910798e-01 -4.061558926845341144e-01 2.658642641633013892e-01 -3.994022209058966655e-01 -3.992296551647958047e-01 3.324507890967486889e-01 4.118922542854148716e-01 4.120848550356085438e-01 -3.040588249952451139e-01 3.962986045997035078e-01 3.965222680557780044e-01 -3.361673962792122161e-01
9.263670645200672293e-01 -4.072222038385173715e-01 -4.072159753227131418e-01 2.594791506511494039e-01 -3.996137337944350998e-01 -3.994735603307827954e-01 3.285550901103089783e-01 4.131395094467992246e-01 4.132598302029737991e-01 -2.996511975200381039e-01 3.970691616850513528e-01 3.972643637006544326e-01 -3.332831988369219234e-01
8.860902356278903547e-01 -4.078282328837694592e-01 -4.078885057462641184e-01 2.528869399479850011e-01 -3.997960572705665516e-01 -3.996197015460093427e-01 3.241310292018540484e-01 4.142745387165783777e-01 4.145852928266880455e-01 -2.957803465363660900e-01 3.977015545220264903e-01 3.979864280075554039e-01 -3.305484761520273151e-01
8.458134067357137020e-01 -4.095407807844088643e-01 -4.095794088312474934e-01 2.468126978182324238e-01 -4.002815338096350484e-01 -4.002777901465167099e-01 3.202597775677342717e-01 4.161094901736295815e-01 4.161520111162796409e-01 -2.899458446971030501e-01 3.988772043182894911e-01 3.989720479750911153e-01 -3.276523047621233697e-01
8.055365778435366053e-01 -4.109495669057806611e-01 -4.109979942556320487e-01 2.401734960519706641e-01 -4.006576245844575279e-01 -4.007278284456050055e-01 3.161548838487368007e-01 4.177092251209915119e-01 4.176816235520157683e-01 -2.847950627600575046e-01 3.999261512432745191e-01 3.999424876628689951e-01 -3.247562779728360161e-01
7.652597489513599527e-01 -4.122020606607950111e-01 -4.122777110506543607e-01 2.334700181449005096e-01 -4.009887105082650116e-01 -4.011255499562760840e-01 3.116075018627818549e-01 4.192968692815326470e-01 4.191721342101231707e-01 -2.794106199011700542e-01 4.010334102757128760e-01 4.009474174612726038e-01 -3.215958074549667978e-01
7.249829200591830780e-01 -4.138737599182005233e-01 -4.140581040145623892e-01 2.263985853139543203e-01 -4.016355603442838262e-01 -4.017974333213637506e-01 3.069442143715028770e-01 4.210880140714576836e-01 4.211156406935278596e-01 -2.732530254296671735e-01 4.021383115152400434e-01 4.020574814494141114e-01 -3.187800300779941587e-01
6.847060911670062033e-01 -4.153962394466146346e-01 -4.156575047724581640e-01 2.194784119701013170e-01 -4.021532850532916203e-01 -4.023950462597128963e-01 3.018590857907048619e-01 4.228951164387919071e-01 4.229425784109076547e-01 -2.670883774492928686e-01 4.034560676063501661e-01 4.033294006520061759e-01 -3.154746835242474567e-01
6.444292622748293287e-01 -4.171590023086838572e-01 -4.176313687338825686e-01 2.120328430458677527e-01 -4.027994184955873691e-01 -4.034047774704783706e-01 2.962366583890949645e-01 4.251577534697406069e-01 4.246915019876459363e-01 -2.603286987210616799e-01 4.048616687786373847e-01 4.043952497597245732e-01 -3.125556554035889278e-01
6.041524333826524540e-01 -4.191480445568840918e-01 -4.195903078659792840e-01 2.041105135526657954e-01 -4.037774788385249947e-01 -4.042840650540437397e-01 2.904006700165048249e-01 4.272838283815142413e-01 4.271337830331566887e-01 -2.524846217319094421e-01 4.060568394429222572e-01 4.057238189807687578e-01 -3.094757484818477788e-01
5.638756044904758014e-01 -4.212344016602454499e-01 -4.216571997914963510e-01 1.963347353044941068e-01 -4.047520295377630140e-01 -4.052841453125513027e-01 2.842953691680774053e-01 4.294440196979467106e-01 4.293173535282875930e-01 -2.447186200771721554e-01 4.074902396887529754e-01 4.071604864805315471e-01 -3.060335547531045086e-01
5.235987755982989267e-01 -4.233661114626724453e-01 -4.238368885986361079e-01 1.878311585950520890e-01 -4.057654302016948655e-01 -4.064485315704788326e-01 2.772882437784147669e-01 4.318847635527094386e-01 4.316018529028833317e-01 -2.360876639475681660e-01 4.089708716415099143e-01 4.085527813793450869e-01 -3.026697053178327712e-01
4.833219467061220520e-01 -4.258654565821347604e-01 -4.258543151366457336e-01 1.784310769257040075e-01 -4.074393752681743086e-01 -4.074069228450342695e-01 2.695589729971952231e-01 4.338219218043094516e-01 4.344140562048808829e-01 -2.266655499983452893e-01 4.098184372995336000e-01 4.099453876925857054e-01 -2.996661748293122374e-01
4.430451178139451773e-01 -4.293407620407894698e-01 -4.298697998446204260e-01 1.693097916011443993e-01 -4.091544005973799525e-01 -4.100187398552289642e-01 2.611304585452346450e-01 4.366053570367831593e-01 4.364742741616361998e-01 -2.167561734304637722e-01 4.117600277671762399e-01 4.113693990263525002e-01 -2.967577282106297343e-01
4.027682889217683027e-01 -4.330882131712651129e-01 -4.335304135560267835e-01 1.587118089009718902e-01 -4.113599465455158866e-01 -4.120926373072535953e-01 2.527291675514351521e-01 4.394549960360276675e-01 4.394975498810070325e-01 -2.052590899340969166e-01 4.132027745960857867e-01 4.129448190835244836e-01 -2.940384172417143116e-01
3.624914600295915945e-01 -4.375917926042592887e-01 -4.380353144450533365e-01 1.473055625351474274e-01 -4.140590254919385704e-01 -4.147820107597480765e-01 2.430067351301823941e-01 4.422493618384908953e-01 4.421628648753936353e-01 -1.928501723293927494e-01 4.147416808673255462e-01 4.144920448279820757e-01 -2.914395261447584318e-01
3.222146311374147754e-01 -4.430853833959255139e-01 -4.434335234278573012e-01 1.342014716911475170e-01 -4.174997494756657046e-01 -4.180593060802436645e-01 2.322166741561719761e-01 4.448935921459238885e-01 4.448649538480727306e-01 -1.791827970277159177e-01 4.160450476128697006e-01 4.158899195762916778e-01 -2.895668428822545382e-01
2.819378022452379007e-01 -4.501817860445416208e-01 -4.502578360504594923e-01 1.189077349687951701e-01 -4.222504679472658951e-01 -4.223551604365014533e-01 2.200529137225926135e-01 4.472841082350869080e-01 4.474689677601634830e-01 -1.639473970144553483e-01 4.170067593909455583e-01 4.170096933530788030e-01 -2.890198788957417664e-01
2.416609733530610260e-01 -4.595954482782975692e-01 -4.592634111151202014e-01 1.004980892455912822e-01 -4.288620598361088110e-01 -4.284131522635271638e-01 2.058529374606175022e-01 4.487787497464282849e-01 4.495119227560330222e-01 -1.474562535494167714e-01 4.173731082458895791e-01 4.176491909861135832e-01 -2.900633581242605952e-01
2.013841444608841513e-01 -4.708931976546396614e-01 -4.703399854161103288e-01 7.716918694619390173e-02 -4.373184359560891576e-01 -4.367010642061797676e-01 1.883984293581790759e-01 4.492958402878952651e-01 4.500811677295228908e-01 -1.290913458738142949e-01 4.169605243272047623e-01 4.173863550839440051e-01 -2.927556612991309981e-01
1.611073155687074709e-01 -4.886790626317417674e-01 -4.882134858629244567e-01 4.230280018328461122e-02 -4.515800627079129548e-01 -4.511248145327989567e-01 1.628536408890584042e-01 4.471942826072544674e-01 4.477321550491882851e-01 -1.106959360688088700e-01 4.139698688599453558e-01 4.142491662433901434e-01 -3.036976432514527646e-01
1.208304866765305963e-01 -5.142924458800147702e-01 -5.148401553277974774e-01 -1.608242346446375759e-02 -4.752412166809983352e-01 -4.759698173813866617e-01 1.188952622711777485e-01 4.391351886699920160e-01 4.382251560270092328e-01 -9.160992154046232461e-02 4.063048308524572771e-01 4.058478251364432965e-01 -3.260634690401381097e-01
8.055365778435373547e-02 -5.403377832207071352e-01 -5.379788617941931861e-01 -1.726345966432150381e-01 -5.137636623101831113e-01 -5.113395669975373536e-01 -3.055661331509018641e-02 4.026848759027003011e-01 4.040552344391611372e-01 -1.220640486824941251e-01 3.784227554751964373e-01 3.792097983291833896e-01 -3.842420172471777695e-01
4.027682889217686774e-02 -4.422815403091038267e-01 -4.434653058982789275e-01 -4.250371253709962494e-01 -4.451076304943759054e-01 -4.459611522034307995e-01 -2.820272795249025855e-01 3.531037982240076700e-01 3.529189088140451402e-01 -2.734457739385607322e-01 3.494663972015438769e-01 3.493743240258723737e-01 -4.647091835830976514e-01
0.000000000000000000e+00 -3.694776228428175435e-01 -3.702717078759457658e-01 -5.025179080100753426e-01 -3.894701245590378447e-01 -3.899921331891312848e-01 -3.434515015797273696e-01 3.408433098964993024e-01 3.404895308682416299e-01 -3.362298831865534465e-01 3.347720500710928970e-01 3.345882841553035059e-01 -5.094938806361584138e-01
1.570796326794896558e+00 -3.927791550526865128e-01 -3.926316876882074425e-01 3.550778990072597230e-01 -3.903329814508211815e-01 -3.904573063343880213e-01 3.762401476291469260e-01 3.927380282007517653e-01 3.926556352566520358e-01 -3.550995135909179590e-01 3.902791249100742710e-01 3.904785324751784970e-01 -3.762691311732605515e-01
1.530519497902719683e+00 -3.931662964467859123e-01 -3.931434689018112882e-01 3.499087942520376915e-01 -3.918042771712272332e-01 -3.918687790651847469e-01 3.699934224022464191e-01 3.931846644773104860e-01 3.931554383178502698e-01 -3.499037969682920468e-01 3.917806496543207451e-01 3.918474855480265084e-01 -3.700651636897925867e-01
1.490242669010542809e+00 -3.935345901554660464e-01 -3.935399163652834598e-01 3.448444909364344335e-01 -3.930548045645694266e-01 -3.931043070115676219e-01 3.639566743427394835e-01 3.935380740101240282e-01 3.935363660202402247e-01 -3.448524948122476674e-01 3.930447203776337162e-01 3.930955173851377604e-01 -3.639759516443034082e-01
1.449965840118366156e+00 -3.939024724639382802e-01 -3.938272597119963914e-01 3.396798461815591641e-01 -3.940449793940725698e-01 -3.941196788080838509e-01 3.582228537253597245e-01 3.939064308188487962e-01 3.938241201251851953e-01 -3.396862158976335921e-01 3.940376026432040879e-01 3.941132499324315752e-01 -3.582359794529578201e-01
1.409689011226189281e+00 -3.941132970411950209e-01 -3.940274173371559052e-01 3.346390505008898231e-01 -3.948557017120384316e-01 -3.949607834531263517e-01 3.524690961801744682e-01 3.941071806786321519e-01 3.940186344819095465e-01 -3.346546460616546814e-01 3.948460720483661923e-01 3.949563736776674494e-01 -3.524735345930420372e-01
