#kx=3.0, ky=3.0, Jx=1.0, Jy=1.0, Jz=1.0, h=0.0
0.03207996776113442 0.00022651269509405805
0.05643428030331743 0.00020539463411589913
0.0843355723238759 0.0002692175643384703
0.09186997603637725 0.00024823928259860796
0.1053726269106059 5.597937112029635e-05
0.11539934028076071 8.544124519378911e-05
0.12543147756040707 0.0005167061142129344
0.12982911963879962 0.00019977965917302465
0.16610402327255747 0.00016240695553149917
0.17421295452882346 4.2483700828705304e-05
0.1976558780060178 6.441823758841458e-05
0.19983076868086813 0.0004300160809251729
0.21316434642850934 0.0004591381781795904
0.23592165047234326 0.00035397923699595463
0.2372311373897984 0.00012125409512277675
0.25509761420150545 2.7909788783273767e-05
0.26442647847101763 0.00038492987851942545
0.2776641468366442 0.0001656570628409679
0.28904182532080824 0.00019275953759911353
0.293604904154241 0.00016328451573578674
0.29856400303654607 8.344665495962221e-05
0.3042754806273995 0.00016798670650917014
0.312806597081845 9.263964923020548e-05
0.3266451870020215 7.37028727516575e-05
0.3339357364931189 4.3578006748347387e-05
0.3561717778952672 9.858693583940267e-05
0.39098512628887416 0.000360428697184631
0.4029732035623651 0.00017152563419251448
0.41815310097082836 5.629308881389371e-05
0.4301017854721634 0.00014607163021431637
0.44248630941762845 6.357140537575455e-05
0.4546509485005523 2.4964153452578278e-05
0.4588641272672944 2.2616413194079014e-05
0.46359645396372495 4.779400355498344e-05
0.4736426777759267 4.842915787240679e-05
0.47727292501556995 9.153215245517846e-05
0.48521173097409664 0.00013789986108757063
0.5098684156569389 3.994055112341459e-05
0.5246283943812441 0.0002861143520926276
0.5754904582054721 0.00023118350804870132
0.5808139651558547 0.00011156663295122428
0.602382923901606 0.0001110870030504443
0.631984562991772 0.0002732747154966036
0.638154908468842 0.00012497360406643764
0.667732879413761 0.00011003029763579554
0.6790639338261417 0.00011582787672584257
0.7056953410550287 0.00018558633895189033
0.7254871618773834 0.0001367568377598287
0.7512022308478167 0.00017586774045245054
0.7727284425282654 0.00017454993259857557
0.8615862283446196 9.456101373665533e-05
0.8742814924412584 0.00012127083185766813
0.886859230272028 0.0001274510921056443
0.907986482385712 0.00016754671604416797
0.9115202147259294 0.00014920579384367262
0.9469022610790756 0.00010956581908278163
0.9566086541823093 0.000572288666865954
0.9622904751691319 0.0006982598504165031
0.9680289150474997 0.0004046187857719348
0.9834691884108565 0.0009663819472585584
0.9939044253410517 0.00023899214797675492
1.0017743113421074 0.00041594892011483466
1.0102801251576539 0.00044135487731138633
1.0185560047747189 0.00018603885906483107
1.0254651669427284 0.000416052724643673
1.0400938255173109 0.0001312090044013679
1.0471582997921658 0.00016071004218835914
1.0497916729422196 0.00017979285571806546
1.068227770572655 0.0002310346071080234
1.0845478871968965 0.00027066422009073665
1.089280660185477 0.00014383128742952175
1.0954723680494782 0.0001967502107258036
1.0986662496155597 0.00023995295587942375
1.1112695234686427 0.0001124897102603429
1.1171695566398787 0.00019911680632696136
1.1258305120977479 0.00022634870750375577
1.1412477334362625 0.0003531715780226838
1.1511564907741971 0.00014491843281803593
1.161375973697777 0.0001921992238248047
1.1700300705640316 0.0005890567367207243
1.1848434851989982 0.00023306504878348232
1.1884062016633812 0.00015096448269500578
1.200819690805834 0.0001919846537257083
1.2070691326926175 0.0004466221502191196
1.2141633471338487 0.00014367813003766125
1.2260227376450483 0.00020118456632906343
1.227945477072785 0.0003613223734843379
1.2495033532827005 0.00022618753417913445
1.2520246403816504 0.00035550133812356727
1.2647563443744363 0.00020477064213071696
1.2729846091784458 0.0007492422213980843
1.283355358766708 0.00039643003210102764
1.288953741081727 0.00015477563711855855
1.3276742592167983 0.0005858098470015739
1.3351629656493862 0.00016836266045414265
1.3532748173844116 0.00038530744889376465
1.3603545292270225 0.00030748178351082785
1.3702671590901012 0.00012238818284387068
1.3815937350989704 0.0001628735087048919
1.4027472352603083 5.045049111029045e-05
#kx=2.0, ky=2.0, Jx=1.0, Jy=1.0, Jz=1.0, h=0.0
0.03244713312318681 0.00016916039097114534
0.05894873978378845 0.00014796178388337537
0.08717103379087543 0.00026554239067659206
0.0925862306808406 9.624599371040827e-05
0.10652280945469494 0.0001012362843327112
0.11776275178776441 9.328231675352153e-05
0.12653533699124586 0.00025927829281887217
0.13428659582486902 7.98634058582191e-05
0.16286820021011172 0.00015004408704770891
0.17846256641642078 4.106133111864277e-05
0.1981006912608524 0.00020541976845685474
0.20194563203700777 0.00011722151085096478
0.21558070603660828 0.0002445891084467217
0.22941157463284456 0.00022475344286575037
0.23769115355063042 9.819340602859773e-05
0.25496383423151026 2.1298452044091455e-05
0.263660130109693 0.00026263337896841586
0.2773030978741453 0.0001511976033169212
0.28480581663034965 4.119963713712856e-05
0.2912046617579406 3.700547586817282e-05
0.29409448275358685 0.00016805368079779285
0.30506538147212436 6.944134902453139e-05
0.31077473435309144 0.0001482079703301489
0.314689036983119 6.0342055476496504e-05
0.32882774104408596 8.774166841758898e-05
0.3340994020554533 8.449799060327482e-05
0.3581748489191805 0.00017493243208563283
0.3990422478142297 5.48804453595097e-05
0.4054184336182065 0.00012673039766623013
0.41543953030374225 4.5199901222561813e-05
0.4312793587063385 0.0002457582142650334
0.44531495617548766 6.188085469923794e-05
0.4539820825822172 4.1069049835929345e-05
0.46096997499256387 1.482003322213686e-05
0.4704444611542258 2.733640539846078e-05
0.47505310299056913 5.1148933064816646e-05
0.49037172590723155 8.910106959607673e-05
0.5066231464538934 8.386685898737641e-05
0.539328826324017 0.00034481480985571237
0.5703941682584152 0.00013069547171158273
0.5755778834749042 4.7629413266256124e-05
0.586606194442853 0.0001194831473381124
0.6081312301135339 6.773431822246822e-05
0.6295582818794832 0.00011563928944153257
0.6358733404310335 5.2384022970684144e-05
0.6537666094690464 0.0001284509627315413
0.6709912532630413 8.246625740244618e-05
0.6953810406033217 0.0001126812141772185
0.7150297657998778 5.6836200430513504e-05
0.7417288607970968 7.665039617393183e-05
0.7820492419393782 7.306164801621303e-05
0.8583431862092994 0.0001299717813210481
0.8747077876230863 0.00013419380571244875
0.8988174124724735 4.951074271797975e-05
0.9096106193752496 8.420400180742943e-05
0.9156019948284871 0.00018509485281525647
0.9204861457838692 0.00016689625127086196
0.9539391313095735 0.0005304093772280604
0.9622239586721532 0.0012039373260276007
0.9722939478392406 0.0003544730233303914
0.9838881752857231 0.0003782303973409642
0.9899771496525434 0.00025735609101358966
1.0002787343345931 0.00018366277244372218
1.0082334877001915 0.0003242493279168575
1.0168862338362565 0.000338198021799347
1.0250576119980108 0.0001650213639322082
1.0437274420427127 0.0001811902010605467
1.0507524940766828 0.0001990530278493438
1.0556034344615595 0.00017685593259465044
1.0648334361345757 0.0001646595771439758
1.0795525594535371 0.00045155739275148146
1.0876878209090974 0.00014020046256339126
1.0914721802270277 0.00025680669775262396
1.1003484478630587 0.00039824504226923155
1.109201070788905 0.0003945638933949237
1.1217628204618117 0.00017874107989998718
1.1280903261588398 0.00014697709657873596
1.1484880048072927 0.0002681294192289948
1.1623316485529638 0.0001080575266319009
1.1683089274764664 0.0005502232209367394
1.1736340294848162 0.0001898867467738583
1.1849339837602546 0.0002408629768393541
1.1896351747212153 0.00035947125758418606
1.2014797456067416 0.0003269289317277941
1.210760431401496 0.0003312335543063583
1.2211221858938182 0.0003101699321913438
1.229867614291602 0.0002392724220924492
1.2386716245989393 0.00019892901547565676
1.244960273747412 0.00011316362387282223
1.2525177022932 0.0005422080766955488
1.2646887987857758 0.00018717579310994549
1.2782126517022896 0.00034326148839036264
1.2882524570149445 7.714287952377061e-05
1.309256674549577 5.4829532575769794e-05
1.3260931558468085 0.0004555943943965947
1.3454760994973864 2.9913175679721963e-05
1.358996556861784 0.0001811480529295709
1.3714980222764572 0.0001787128080460267
1.3798096776498114 0.000162973806425541
1.394558374436869 0.00013178251677754843
#kx=1.0, ky=1.0, Jx=1.0, Jy=1.0, Jz=1.0, h=0.0
-0.03446092359804365 0.0001989886492951888
0.035353153092956835 9.610786638291947e-05
0.06568942423021085 0.00010065116107766161
0.08909453690985891 0.00026744424370991665
0.09322554594086874 8.100677672614868e-05
0.10780125383299088 0.00014887908808407837
0.11694547497347829 5.2379003711571965e-05
0.1258758155407136 8.185476454424313e-05
0.13895417031283108 8.170856707651194e-05
0.15248817040475815 0.00010011939703630044
0.17089577147738344 0.00010061931345977587
0.19333582829325457 7.862843931621803e-05
0.199806613002379 9.791712220487098e-05
0.2056170598411844 0.00022057668780043818
0.21688078605146988 0.00010819254885859743
0.22819138119318627 0.000145571052249953
0.23725063746290964 6.634941628436018e-05
0.2534536117822367 3.47612762742863e-05
0.26733917025777487 0.0001111363183343516
0.2808261555528546 6.654101594143876e-05
0.29035562506391 0.00016076795951484467
0.29651547754006025 9.347779294610991e-05
0.3060487941783008 5.558163224620152e-05
0.31058266631310893 0.00014290111057338928
0.31951609653968094 3.647710487646263e-05
0.32983188110953465 5.7411135306352e-05
0.3347064895223556 6.526194260936893e-05
0.359640671736996 0.0001619449037951177
0.40072822000000563 1.1942320754491197e-05
0.4076238283024969 0.00011381102048182546
0.4122390409472926 8.854498074214164e-05
0.4291581870854466 0.00024705606980415096
0.4396779718869759 0.00012698953381946258
0.4454649330643107 4.596784909812181e-05
0.4594721972967447 6.237592919937199e-05
0.4668551263884213 2.80681580538158e-05
0.47395209364169244 1.4480317573996567e-05
0.4827678693689913 2.514120705914558e-05
0.4963669838658963 7.387711479936644e-05
0.5002997814119942 2.236508137412176e-05
0.5110225522892214 9.758314388820133e-05
0.5645160780899572 0.00012142845428782516
0.5844913566357629 8.408574839287605e-05
0.594812601401089 0.00010609291610797515
0.6164306171285638 9.337120257574112e-05
0.627016038818396 5.72420303599281e-05
0.6588144548450287 0.00014055617800416882
0.6671539339052773 8.384195951761057e-05
0.6935995804627626 3.818979741726568e-05
0.7081768305444508 4.6696882837213166e-05
0.7290085760559484 0.00010375359110487052
0.7999341949656436 0.00023752575183400335
0.826836253655317 0.000515294670143805
0.8662949730206987 3.9800587299707014e-05
0.8921921787661441 7.562944800992648e-05
0.9037633369263687 0.00021151325878204091
0.9091366023437214 0.0001337186366219414
0.9179202612384352 0.0001750893910548826
0.9340532613917524 0.00022689216086295414
0.9504881919319286 0.00040911857099173326
0.9615570160099141 0.0009601897526630742
0.972790681771506 0.00022460542979859597
0.9825887579431586 0.0003623158592703456
0.9911003382764949 0.00020115457433855173
1.0006176589429816 0.0003526854436641894
1.0180594304502506 0.00018020024758302978
1.0283298101584704 0.00039871621193020426
1.0361013977551847 9.793705768098784e-05
1.0497212622821173 0.0001859992733297486
1.0523571016373796 7.535742407309246e-05
1.0612715024889892 0.00015346709793474225
1.0806777460978845 0.0001585144229721205
1.0870275362890909 0.00010327226664577028
1.0946739465361794 7.259669186019776e-05
1.1009939540910785 0.000323988263075337
1.1216348654451664 0.0002050499759111988
1.1249182951436136 0.0001230939520859743
1.143457381412698 5.9288554042218576e-05
1.156442269725838 9.020883927929376e-05
1.1632803348109881 0.0001349864294053404
1.1696696906595683 0.0004096060655676248
1.1824863798716778 0.00023114405880388076
1.1911975207731362 0.00020910238823032952
1.2021953531700298 0.0003713139195973382
1.2071634126925095 9.509362666385342e-05
1.215810421224936 0.00029280504721382377
1.2282317266007325 0.0002465531020275241
1.2354108786545086 0.00019591544695095385
1.2406823105012255 6.201061991493327e-05
1.2541052104429995 0.00042948596741484394
1.2647798875226908 0.00019352786507437425
1.2739530480502133 0.00023395136840530055
1.279024751149046 0.00018416515654274835
1.320201853673857 0.00048544020034083915
1.3348255258281028 5.854584690237881e-05
1.3444657112136698 0.00015989243901836313
1.3581690338923336 0.00013580961764300562
1.375322612121146 0.00013142634885518936
1.382109341738471 0.0002589291457592777
1.3936597178613814 4.9786273498525924e-05
#kx=0.0, ky=0.0, Jx=1.0, Jy=1.0, Jz=1.0, h=0.0
-0.0817177428031507 6.965595240899574e-05
0.0379333342338084 8.856722002013992e-05
0.0688813921233089 0.0001016245975523165
0.0862263332473795 0.0002554632225186513
0.09331896360925462 8.22920439022751e-05
0.1043170961808465 9.696608892614548e-05
0.11266564853065986 4.3682109386698104e-05
0.1248145816177948 1.7146214915374656e-05
0.1419962143535164 0.00010442168052312382
0.1466475021169944 9.228469360550326e-05
0.17151884068215884 7.786456405338183e-05
0.187334742699104 6.780561440710789e-05
0.19412589525031 0.00019871388539565612
0.2058997776424476 9.476619327167504e-05
0.2166796721929931 0.00013630942065570928
0.22327853053458024 0.00012403488715074135
0.2362721013511665 0.0001294684210522749
0.2512508897347049 5.665805051445194e-05
0.2620499351593186 7.224831047975049e-05
0.26965434783736975 0.00011598463659546224
0.28925150409383593 0.0003003079217653051
0.2965658942765159 3.6202569386229846e-05
0.3042649332559899 0.00019916688502457795
0.3087345001971181 5.254441322268578e-05
0.3149621577770284 0.00010143789219080593
0.32674941152257386 5.7926597693010896e-05
0.33343848054934955 1.6942161197239118e-05
0.3447443566067393 0.00020442355623870212
0.36200990325076454 9.396662737728489e-05
0.3740613028130896 5.9544984909834785e-05
0.4038628265371669 0.00010274708333362015
0.40902196086925136 1.584478680924241e-05
0.42527351086645016 3.65542197890997e-05
0.42923196114884654 0.00011155229543007485
0.44355023673296134 7.455722314954097e-05
0.45180475368278294 1.5970777773983342e-05
0.461629230162352 6.109147406663733e-05
0.4707829582388179 5.516829688239422e-05
0.4745740474890897 3.0825920264616224e-05
0.49194560989845315 0.00010258333719283461
0.4971222500406475 4.589592536643446e-05
0.5378029587916161 0.00013572981693318878
0.5727009027054186 2.529297737691102e-05
0.5821038074048712 6.05346546054449e-05
0.598644576145233 6.69911196723625e-05
0.6137982497983774 0.0001231274363862927
0.6256528132663636 1.6484865374531108e-05
0.656262677606404 0.00011421075780083949
0.6713911830415387 0.00012167781695049798
0.6967224566113767 1.6258899859996168e-05
0.7058181064706737 0.00015374955440380697
0.7294049280232018 9.347575748831438e-05
0.7647812846026109 0.00019112725366262042
0.8418392367833349 6.099632401239737e-05
0.8770956042424327 0.0001850756374601567
0.8905900481727369 0.00017490533668234178
0.9086716115529647 9.163106539172643e-05
0.9168003374370476 0.0002174044895393988
0.9256528471397796 0.00014122447821426028
0.943162928690407 0.00034856766562774193
0.9568754129711127 0.0008374100043322474
0.9711173892782676 0.00026701150540761614
0.9740941410920229 0.00035408519672144477
0.9890336903134284 0.000156959090596625
0.9947507290128688 0.00018913040765576112
1.002912751447385 0.00025108441218973086
1.0170480367981738 0.00013104473844554083
1.0261671702989057 0.0001536422096351839
1.0438700524129159 0.00035584013812993675
1.0520638793357417 0.00022595940589042942
1.0566747280336104 6.341381024438592e-05
1.062604184575603 4.086939013483373e-05
1.0825535815224248 0.0002796419501496855
1.093959056968098 0.00013821673939766672
1.0975818492641238 0.00016183310609330998
1.1137547341796805 0.00044570421712384424
1.1250072374963982 0.00017967383921578103
1.1329391528206418 0.0001216496485652949
1.1485399656493716 0.00014680388656898498
1.1620640673699678 3.6333629704162355e-05
1.1703043390976975 0.0003499777454829193
1.1764801176801065 0.0001361351577410696
1.186978097592843 0.0001510573254447166
1.1956637440042623 0.00010734343008098919
1.2054471394453903 0.0001722603888273819
1.2133888462569713 0.0002057698236150234
1.2145185439134443 0.00026325592681509613
1.2268689845704295 0.00018801351817622548
1.238213914804938 0.0001266318036621994
1.2428631450160426 8.599169668778767e-05
1.2627488717201663 0.0003715898433684534
1.267091314128637 0.0004549044128967101
1.2758569992771096 0.00016174823782270155
1.2849718383713327 0.00019325012265028016
1.3217295883116615 0.00043394549519214383
1.344148324734603 8.387529479587553e-05
1.35492258779006 7.887352545668191e-05
1.3626819324150947 0.0001393467454661215
1.3783712951641924 0.0001271855887029423
1.3865099737631543 0.00015954684941227884
1.4099137513459226 0.00010062933394595962
#kx=0.0, ky=1.0, Jx=1.0, Jy=1.0, Jz=1.0, h=0.0
-0.05722544998735257 0.00013154730635317816
0.03718177415825474 8.804261423193111e-05
0.06557605351331319 9.337056439722925e-05
0.08971193065277716 0.0002249096612201821
0.09301457542979452 0.00011153267135577967
0.10803561021050512 8.86488432316644e-05
0.11720638616609769 4.897530961297932e-05
0.12596447651073595 1.2884096662980214e-05
0.14037746677117602 5.260914522383462e-05
0.1518498454640166 0.00012019201518783385
0.17292291175227237 9.909167862160104e-05
0.19266433599279098 0.00012203749991176896
0.20147366914804066 6.560923780839651e-05
0.20647354826937303 0.00026786666421599006
0.21942540248829967 0.00013247842799566094
0.22625759420425218 0.0001178202187649198
0.23667809314271704 8.196105046043818e-05
0.2521293255954882 4.723935205701311e-05
0.2660754010783084 8.119875671279588e-05
0.2741079439076122 9.025944656912114e-05
0.29064226093767964 0.0003305127625212277
0.2972075860620421 7.418790999932711e-05
0.306842261543398 5.040984558586149e-05
0.312739887744759 0.00016013242882806163
0.31842516730377524 4.599986664809064e-05
0.3306285209009918 5.484592277433489e-05
0.3336271270127483 4.3187021800551956e-05
0.3534438191228506 0.0001729824791013983
0.3901024635568845 5.3162472882286765e-05
0.4054230997271757 0.00014169477585958582
0.4105709768313687 2.7808570135515966e-05
0.42652419073385905 7.60568765609239e-05
0.43645395471697546 5.147633152398397e-05
0.4442509231517011 4.2061264660932854e-05
0.4531317105263505 8.36253361040781e-05
0.46298723826991794 1.8546829394401996e-05
0.4735086529720567 1.2576758663222257e-05
0.47556741684824655 6.211943447560124e-05
0.4872471347986135 4.4543015134341666e-05
0.4990421676867307 4.658491322933166e-05
0.5099261325431159 0.00010298893134767068
0.5589069910987443 6.576875521349211e-05
0.5844800786202364 0.00010753276872945252
0.5946294591090573 0.00010958694447169472
0.6100057633947709 0.00010905463762707491
0.6263092536487253 3.573126823368638e-05
0.6527498001647897 0.00011987584386480308
0.6658995018229646 6.831591341402515e-05
0.694563180876489 1.5717812538072848e-05
0.7001009909730371 2.454424152011519e-05
0.714429819619023 0.0002487633080843562
0.7626379965443808 0.00020741268892181432
0.8073481016823286 0.00022087081046217333
0.8629944188081196 5.8894906829399965e-05
0.8850659126114013 7.956271281460515e-05
0.8975793281288169 0.00018904610098312668
0.910633219198449 6.957299551183439e-05
0.9158234617753369 0.00020812579260467789
0.935646718342702 0.0002636678786006179
0.9509260772017958 0.0004093268268824154
0.9610534347509547 0.00081808669637559
0.9721752858218069 0.00022618106208270507
0.983893562580252 0.00041360174147994606
0.9924663959958863 0.00013865707907016815
0.9988030888243732 0.00013925211851864962
1.0090130993336033 0.0004170282793919364
1.0271299623697228 0.00011222291101063364
1.0371830839778058 0.00026907143769938315
1.0512435250475383 0.00026643886047024977
1.055278791429071 0.00010183196094430718
1.0613828040007194 0.00010073861846265942
1.077308062670671 0.0001892893245413453
1.0880715113246386 0.00011885760693379702
1.0948555972987628 7.143336751576056e-05
1.0983590204817077 0.0003608990422039898
1.1226115513862445 0.00010124995616033172
1.1247167813944015 0.00017507291557921297
1.1456231709493103 4.669423498626664e-05
1.149864146732068 0.00019019105825461222
1.1635812563009078 5.268869885069923e-05
1.169187020886162 0.00041488165819160124
1.182509365736684 0.00024214576512133725
1.1946863095624276 0.00022188067800590794
1.2004838167211056 0.0003809260621325481
1.2088428505988347 0.00014116169758892749
1.215761017365744 0.0001704321289314092
1.2271814774249106 0.000245378781636503
1.2360661567231868 0.00018111068956619717
1.2419479584580406 2.9365072631725803e-05
1.2572176666311274 0.00030332979961343023
1.2654995968207956 0.0002598492075595629
1.2753007936757514 0.00021469649980359652
1.2788935040016525 0.00016939081470946453
1.3191051579320234 0.0004226257516266573
1.3420787357002966 6.153415525571673e-05
1.34676136351159 0.00017843684468149296
1.3586494480734868 0.0001853461660085868
1.3748983390529497 0.00012575112966509364
1.3828616275034218 0.00021482177984765934
1.3983324540986382 6.334386107307022e-05
#kx=0.0, ky=2.0, Jx=1.0, Jy=1.0, Jz=1.0, h=0.0
0.034541843509898196 0.0001325389180343164
0.06276032847583435 0.00011464285517960709
0.08574906211090083 0.0002157641891467084
0.09194400489473897 0.00011077256815979405
0.10734581675175436 5.6711958370895026e-05
0.11479793147541273 5.4083140776084106e-05
0.12649400559155477 3.053490188630506e-05
0.1378026780262842 8.800137589302543e-05
0.16326123540073012 0.0001441076728231559
0.17556813200977128 5.592011977795811e-05
0.1970574319279217 0.0002632029233925458
0.20286051105708636 0.00011100250073702702
0.21335543517699063 0.00023440542741009603
0.21831973741269883 0.00019508917691740183
0.23652058736644055 5.587195452105757e-05
0.2514834372788177 8.436929653901472e-05
0.26314061143003886 0.00012713683224965046
0.2658745249818284 7.432228900331527e-05
0.28382829820214894 5.4223607584781714e-05
0.2903095618212198 0.0002262169324236549
0.2955465530259832 7.92372986524894e-05
0.3054966831011907 0.00012152254337315862
0.3081911166005863 0.00010839468056281999
0.3153742626969125 0.00012670875602531026
0.3273334696110053 7.34528913056778e-05
0.3324877309407831 5.90250993546449e-05
0.3493032278407948 0.00017359535047146784
0.3955403231581506 3.2630891909819835e-05
0.4025593703443364 0.00014143988560734176
0.41223249522228056 8.222425531606208e-05
0.42542599592855723 2.9594485047502622e-05
0.43478629957160564 7.756417572374067e-05
0.4542439942092369 1.450801023381916e-05
0.46042032716941794 1.4498015011881084e-05
0.4714447755141904 6.195776456391456e-05
0.4733460740422313 3.0832461197877223e-05
0.4915433542528619 2.552163343991554e-05
0.5017758103438286 9.227405838023507e-05
0.5151181261657672 7.823033093795942e-05
0.5373571735112798 0.00017921635340143106
0.5722483736720113 0.00013009865480372582
0.5869664006181768 6.143435432145078e-05
0.5981637474549528 5.654888092016624e-05
0.6010119404925435 5.523878509735116e-05
0.6259982714998796 3.489034877062212e-05
0.6390699067029026 6.978755192912014e-05
0.6575850141397122 5.154025161023011e-05
0.692902049232908 0.00010473504472037785
0.7078811001301522 5.105901154582937e-05
0.7342407670075601 0.00015037948829821758
0.7808596502152448 0.0001389719991908861
0.8219211556906048 0.00045098173766572824
0.8590904867509441 0.00016385892115025377
0.8786314481141383 0.00014834461227678346
0.8950148125973684 2.741127880031158e-05
0.9122136267057762 0.00012887032620155397
0.9168440703007547 0.00014572796405221337
0.9222301716337777 0.0001751378801089228
0.953155830532959 0.00042854411985608013
0.9605763599835437 0.0010964972839446463
0.9736954520865332 0.0001815763705110019
0.9858922982680751 0.0003823718796726554
0.9914307861072619 0.0002311055906037386
0.9940306500740159 9.317221913341937e-05
1.0062955534928602 0.0004673421789106639
1.0182394794322458 0.0002476004265341833
1.0296762559643984 0.0001118330523460254
1.0453561569431606 0.00023465887214187863
1.0516518540923099 0.00031322566141708764
1.0553169476689588 5.970211866029488e-05
1.0622220423889983 0.0001042004332896538
1.0801457092699773 0.00033115090053851073
1.088870854540895 0.00013741670605932848
1.0936959871138074 7.015351173843713e-05
1.1066835069701892 0.0004245421146315805
1.1220032647310618 9.339553794151257e-05
1.1278723626669747 0.00017696353467531152
1.1467814290809915 0.00020036266377657477
1.161505098263187 6.920845988697519e-05
1.1663844595572848 0.000287011151994161
1.1695802507600068 0.0003443399541597699
1.1852529328704957 0.000225236681965935
1.1951737304591703 0.00027021906280749394
1.2016892296942765 0.0003785017524526248
1.2101350740031758 0.0003372139130608004
1.2194640817013052 0.00016884310854241188
1.2285674147186387 0.00033405718402858487
1.2412509284746136 0.00012361297899271496
1.2480157884886256 0.00015908031031857542
1.2616330465453585 0.0003460184894278763
1.2680582869084582 0.00017817369722775836
1.2772286452630737 0.00020518603216579335
1.2836684121028918 0.00010901579449055046
1.3265474765572527 0.000400910601014583
1.343524801663295 0.00015141860158886329
1.354950216967949 0.00011333009112284869
1.3686826677455803 0.00012349340009330424
1.3792465376547525 0.00011434170265707769
1.3849602913479875 0.00020175850187790224
1.4263953828338543 8.385148612714319e-05
#kx=0.0, ky=3.0, Jx=1.0, Jy=1.0, Jz=1.0, h=0.0
0.03376719927400129 0.00021038020842831213
0.04489057297358656 0.000201504712241617
0.06148872194051358 0.00015381450336785044
0.08403819671442714 0.0002624899508316954
0.0926983596090547 0.00018001029260911972
0.10666256865633827 6.367419552994854e-05
0.11649041718420627 6.785877887928449e-05
0.12657795135790462 6.826505816510951e-05
0.1351026291510493 0.00011586576052827658
0.16781984717045395 0.00017106591683036377
0.18228713361333249 2.2682027658925542e-05
0.19901820123876257 0.00036603882524551684
0.20223579563884875 0.00014038144650539762
0.21611125050958246 0.0003395504490883496
0.2212369357446714 0.0001982419412559964
0.2381797203079361 3.324511127238688e-05
0.25167147490441133 9.858747425855315e-05
0.26662501362510915 0.00017092472112695677
0.2774631991738513 0.00010519814403067579
0.2907623298395756 0.00015286937605105545
0.29552686879418866 0.00012977762990827487
0.3059694599216134 0.0001386495163194134
0.31050195673255676 0.00011126915617965463
0.31843540890209465 9.02023842636931e-05
0.32722579893881387 9.332166459457624e-05
0.3360210842960837 4.3044010399081176e-05
0.3504754052194825 0.0002033349780010373
0.3980618263015362 8.74721396149966e-05
0.4049086940901775 7.819843057966489e-05
0.417917963896855 7.00512777943785e-05
0.4262259264421092 6.229499336624641e-05
0.44498345352621316 6.224592632709733e-05
0.44864866237375345 3.2400681658000284e-05
0.4585905329757006 3.954337444451587e-05
0.46908633903400554 2.0194266326681723e-05
0.47589446048374284 7.817588464320986e-05
0.4809118510195004 5.069697312334932e-05
0.48878051434069536 8.687697879532539e-05
0.5197507536298329 8.771558812414767e-05
0.5489808760725345 0.0001164568517143145
0.575474498840351 0.00023930185368820214
0.5960683917730708 0.0001071510670480976
0.6033426633082284 6.288093379411473e-05
0.6177878253758234 4.506076034686074e-05
0.6324135544222792 9.048199119737424e-05
0.6523414574789549 9.554110855882835e-05
0.6763980366035344 0.0002587238632207143
0.6988761622109879 5.993068449998628e-05
0.7064210469358373 6.382324243381817e-05
0.742479536438253 0.00011115579424111297
0.8331131501786948 8.237586961664831e-05
0.8673002504647637 9.756930900465354e-05
0.8761926498454914 9.425282363680606e-05
0.8875447861299418 5.264253594089064e-05
0.9030348649477776 0.00019102185858797837
0.9147282161978371 0.00020273237946462613
0.921862996216507 0.00022956555393868354
0.9469694867106071 0.0003557288432585338
0.9569546312852745 0.00047371480903215043
0.9636600531935341 0.0009677909931323656
0.9816104584783092 0.0004578866303597108
0.984982130778494 0.0007843848527610685
0.9932302997586223 9.67690516988609e-05
1.0049120482282419 0.0005933066015122388
1.0152126703996873 0.0002998620571183668
1.0241030066736494 8.600907751949912e-05
1.0372123653464853 0.00010109646042790261
1.0462456977283692 0.00017537894046405284
1.0499258561611442 0.00019002630319241238
1.0576698226921173 0.00019278700883904173
1.0702382369186565 0.00010598954696667656
1.082051207233874 0.00036710256144647347
1.0880227165882639 0.0001477519053641447
1.094552117276587 0.00012053220244506267
1.101684034852819 0.00045012983630379907
1.1156769483941824 5.883138726982384e-05
1.1323488659337433 0.00012383186091428856
1.1431885255730752 0.00017020922924796653
1.151340366033176 0.0002834212220658037
1.16675521726896 0.0003604712733246062
1.1700640716045962 0.00025702754197298993
1.1825664222457881 0.0002959395379660107
1.1975187631489277 0.0003239615295480467
1.201714110396948 0.000193605924291727
1.2097720913620147 0.00044883602360235893
1.2198747141023074 0.0002006970422582555
1.2259255155225905 0.00027053991455433887
1.2413297510187289 0.00013707558356054883
1.2508703717850884 0.0003540399014444866
1.2617803019664335 0.00019849144546908452
1.2704961032460256 0.00018731977954796123
1.2776162732252487 0.00018687503161417198
1.2801080515191443 9.374801719737018e-05
1.3139211232690933 6.973659763865983e-05
1.331112936226001 0.0005022246808459995
1.3460783831495444 0.00018223641071411447
1.3583127415978224 0.0001407624258263739
1.3663665470784676 0.00015818604825052233
1.3794576943272912 0.00015387553111476823
1.3962493201963495 0.0001920727283294139
#kx=0.0, ky=4.0, Jx=1.0, Jy=1.0, Jz=1.0, h=0.0
0.03030196873795299 0.0002663677342552511
0.05796439523615138 0.00013737826695953741
0.08275044671892606 0.0003525770721409758
0.09179107691819843 0.0002227050673609849
0.10407026674140896 6.173188288751898e-05
0.11532464818805155 0.000170001261051637
0.12694403176196856 7.497751172522163e-05
0.13230243094486616 0.00014163932237149703
0.16646320779463597 0.00027519248333688273
0.17669130834575886 5.5693111598196515e-05
0.1937711573209222 9.639509676025152e-05
0.2011438378787156 0.00045965327073316557
0.2112900268477763 0.00047156079448064674
0.2261536692205035 0.0001346761807278443
0.2379022507313877 3.183767076884568e-05
0.2503524085003722 0.00013236738063982566
0.2650185922715881 0.00021859607784434964
0.2780775576787603 6.509116732828028e-05
0.28996099859815494 0.00022887073344697703
0.2917347268039666 0.0001260288873314857
0.30235764820029376 0.0003064992021464102
0.3092976339481618 7.967864468183471e-05
0.3148517184794347 7.208309985449493e-05
0.325406689901378 8.713493474355838e-05
0.3368262143851958 0.00011182213900985482
0.3460349224267839 0.00017782026199310134
0.39540494134693405 6.593214403487148e-05
0.3999662635109619 4.311291922515216e-05
0.41240008628109615 0.00010289206254918579
0.42429621085522895 7.586102773856912e-05
0.4387508713278082 0.00010772722143483288
0.4504461969158158 2.233170330995921e-05
0.4574782152233703 2.3908970054155437e-05
0.4638247428665332 1.5656120124826526e-05
0.47706820493055246 7.88279391286066e-05
0.48024040866728235 5.4686272268132435e-05
0.5002167879487174 5.393532755460146e-05
0.5317620051992811 9.363658670094016e-05
0.5521924811070372 0.000151050646045449
0.5711294169502784 6.461675567171759e-05
0.5894272357267483 8.91709682439569e-05
0.6128391345658307 7.337516979384131e-05
0.6206549741204531 1.7977561419175886e-05
0.633345082502042 8.146841854606877e-05
0.659207219257632 0.00023905997768738365
0.682869743611686 0.00010136738304900128
0.6974772813158525 0.00019205139225445987
0.7113403748896352 0.00033774389039899455
0.7589821833028154 0.0002296701589224019
0.7911397591253821 0.00019045303821460914
0.8522952698410202 2.8609721744257855e-05
0.8771185712999602 9.260366013192573e-05
0.8905622259847101 0.00017152446562709568
0.9114046946633603 7.457353361149498e-05
0.923073875354184 0.00020615711053806812
0.9443597698069733 5.0577794300796245e-05
0.9591384649013074 0.00033148440643125605
0.9630209450799293 0.0010206787147787138
0.9793837739621114 0.0005136955936418802
0.9834866354760358 0.00019235686565013824
0.9902789805287376 0.0009842591871545051
1.002921110742108 0.000479976859785081
1.0156605987685952 0.00021416113536973963
1.0228222224188994 0.0002679076585774578
1.0402299328042186 0.00015903492425267923
1.042730316623528 0.00012557811657734177
1.0470293969566868 0.00013641551577704954
1.0554012224821019 0.00022511867913567867
1.0624842728091015 0.0002654799141262574
1.0816938453343465 0.0002400518801322572
1.088324680012314 0.0002654760337371325
1.0959242712579669 0.00021135847706439182
1.1047495118263784 0.00022388347702940558
1.1154285519158398 0.00014283978450698123
1.1181952648542592 0.000208340966102771
1.1362925630624843 0.000508500488965255
1.143571291082866 0.000258889786104123
1.1578504595624528 0.00011037553161577855
1.1636415957821278 0.00038516761997285713
1.1679152722537274 0.0003357821980600788
1.1823709273684502 0.0004059667098480577
1.1877103031327958 0.0004605932631865376
1.1986910471993033 0.00037347813479182636
1.209756468706975 0.00036553421517666364
1.218823600614457 0.00022413966899170046
1.2269685197552755 0.00023946556790080297
1.2341405585493037 0.0002598217462406013
1.2406956234610866 0.0001277020534759544
1.2562463716180168 0.00025885436219991187
1.2714859855072036 0.00012974045982876682
1.2766894068867956 0.00028889061976111524
1.2807030062660947 9.419910738711836e-05
1.2871831715595001 0.00012540877963447357
1.3258996297425119 0.00020068495244496222
1.3398228516672477 0.000383982345215089
1.3490101564216235 0.00013993079409856444
1.3608027655297872 0.00013814945986742467
1.3621702870803483 0.00022239137244659427
1.3810784293520055 0.00020170376842272106
1.3918860539955462 0.0001962981699085499
#kx=0.0, ky=5.0, Jx=1.0, Jy=1.0, Jz=1.0, h=0.0
0.002534331564784109 0.00011127979788830925
0.031292755046409826 0.00025442564867283796
0.05999627953328035 0.00015191998829207451
0.08296453043703911 0.00039049693024683426
0.09242310212005445 0.00030409524432860633
0.10359708822590907 7.318476077317701e-05
0.11802783421745788 0.00019428128452694183
0.12803383819577463 7.644616989467348e-05
0.13298853448841685 0.00021209198438145103
0.16645022320512737 0.00045471618080095453
0.17466895327565568 8.010380785567752e-05
0.19738105098644598 0.0004077780500522615
0.20528275575561694 7.705364031504081e-05
0.21736980170745546 0.0006920325856638797
0.2292001556098311 3.568719270142318e-05
0.23891158237606291 6.664111805873658e-05
0.25496789784910767 0.0002388497842456536
0.262109844432894 0.00022320200403975958
0.27831932802153625 8.309086611839127e-05
0.2824192454345076 6.268583817122218e-05
0.291815374377804 0.00020677068940554735
0.3030981880028466 0.00036752706213015484
0.3102778856175059 3.205231860427842e-05
0.3139506087668853 7.486724019849029e-05
0.3250605650337274 7.79147459662457e-05
0.3390356166566716 9.500610593725433e-05
0.34745671849266857 0.00010777378321699278
0.39786827343534503 0.00010337585098327619
0.40268926110966996 1.986746332040937e-05
0.415814867630403 6.144834040561438e-05
0.42901225509144936 8.336470300354491e-05
0.4335464491379981 7.530029348869435e-05
0.4482860131578398 3.601329665657606e-05
0.4549853443459445 4.433097478900508e-05
0.4576703769581114 6.144826586231992e-05
0.4739697035976326 4.3812327603396064e-05
0.47702641441214166 2.898910397236912e-05
0.4868085276817441 0.00013418114129765135
0.5179275287947027 5.4663356818825356e-05
0.538609795314629 4.183030325488663e-05
0.5737166263728116 0.00010395554315271974
0.5977869432837629 0.00015141702679362623
0.6230322084858564 7.636040496301526e-06
0.6311963059603959 1.6409781053642252e-05
0.6579797788709862 0.00020323128373332704
0.6847044881691139 0.00010414458845622542
0.6965418500026233 0.00030542158811302497
0.7107864122852287 0.00023914708235306257
0.7597451906069991 0.00015946434417247264
0.7845121158441548 0.00030800644500827886
0.8520942628488176 8.686207852756058e-05
0.8711881632088114 6.411302859810435e-05
0.8990266269655517 0.0002798256710502516
0.9096775185737255 0.0001825712795701193
0.9207176498644931 0.0003618792721674486
0.9523308002065772 6.483618840959804e-05
0.9605770476953596 0.00025280842493497467
0.9617722554579189 0.0008899620692195657
0.9739440712818592 0.00027069437924589606
0.9851764462573431 0.001093820890594622
0.9890617937068891 0.00043845813510153523
1.0022170072383851 0.000552662214497364
1.0098527701197246 0.0004457827423671594
1.0253531724529314 0.00044699278544054936
1.035919945546055 9.345024191731708e-05
1.0456330926928914 0.00014869920665854907
1.047506104196418 0.00010747499701957409
1.0559693493030298 4.150181012672411e-05
1.0738557309876484 0.0001408801472056555
1.0849949701259964 0.0005175527021910218
1.097186737865112 0.00039718138156568885
1.1031921401817786 0.0002589684043102179
1.112521666017754 0.000514996828287743
1.1163886242281018 9.989075694096154e-05
1.1330686795727223 0.00035678358365657354
1.1429191240233565 0.00017799086423797832
1.15229270731201 0.000507925455099794
1.159507277111066 0.00019889994515245835
1.1645922832392834 0.00018413357549975861
1.1746274846089682 0.00043216922305808507
1.1762163862787274 0.0002526305183246767
1.1851822978778177 0.0001899377130455596
1.1991010977599148 0.0002200830473184375
1.2105645579750257 0.00041613707413672374
1.2182568929296045 0.00026786262976520326
1.228415265362866 0.00019011764533332932
1.2341851657936171 0.00028827992749395854
1.246968205531338 0.0001827278161520151
1.258180728716477 0.00026953492301613194
1.2692304534961214 0.00036554283013345336
1.2759055992635915 0.00016512971776278424
1.2814723642630317 0.00010040967146459473
1.2896840263611276 0.00011208444215286789
1.312308064225518 0.00010349837257212363
1.3400969247186334 0.0003599191212816698
1.3485564613665284 0.0001282751856708942
1.3596845343311177 0.000518632171169837
1.3667327437294585 0.00018107650298333116
1.381845101278956 0.00020545947184251624
1.3927983692362993 0.0001275947731335073
#kx=0.0, ky=6.0, Jx=1.0, Jy=1.0, Jz=1.0, h=0.0
0.0308569833675032 0.0002591678636962257
0.056544688630606466 0.00024744046206470505
0.07913051512511371 0.00029239812908884376
0.08981651748789954 0.00025685219600724045
0.10268615234201472 5.7476631861125844e-05
0.11426139498978083 0.00039440528796953425
0.12751681848770013 8.379009449056318e-05
0.13392455499093014 0.00021830936734577297
0.16226521630367752 0.0005555503746832013
0.17188423791462182 6.753036444465592e-05
0.18763854481121944 0.0001195368287650414
0.2027684182682099 0.00031251977734736766
0.20836609483808333 0.0005213459959135057
0.22033027009441541 0.00012470144900659534
0.23609137260453994 9.642881359172714e-05
0.24988174967734866 7.377643749327634e-05
0.2571169673641094 0.0002903173930534258
0.2726905750992381 0.0001563609589568533
0.28103912559646005 3.935761453037831e-05
0.2896346124375815 0.00021887102719037808
0.29638036717828165 0.00036102326652719867
0.3069820865694839 0.0002417158812687031
0.31352630281925975 2.89724301721203e-05
0.3220543399690806 7.142478552947666e-05
0.34173862967873614 3.610859277809633e-05
0.34699449057121357 9.453356963036136e-05
0.3578782121480223 2.9770764938887512e-05
0.398076078406569 0.0001153161024441915
0.4037012530105155 6.344033609105873e-05
0.4166767551035977 0.00010039632703372533
0.4320264540704616 0.00016602825779320077
0.44436357086273526 5.612816373989841e-05
0.4478577504056219 6.7594988204962e-05
0.4515749649596701 0.00016396742097575447
0.46150812122022045 6.686354143939407e-05
0.4762364717924533 3.425269227902211e-05
0.4844725214168194 6.22920014112632e-05
0.5117653327562732 4.102588028384024e-05
0.5252414776530739 4.6813298864392477e-05
0.5705757560703789 9.507607646504202e-05
0.583830918511164 5.381613517523714e-05
0.617832687544973 3.0157827926127354e-05
0.6311529533722848 1.0438969280582775e-05
0.6436757269241661 5.5623423431751134e-05
0.6716500084008353 9.768666139849709e-05
0.6951247814477596 0.00010481604861567657
0.7024981078048786 0.00012265091792474855
0.7505962492648655 0.0003674298338441098
0.7735069446424675 0.00031804912826796465
0.8291363437094046 0.00024003618779509282
0.8715358746539398 7.161466658644096e-05
0.8940613536760861 0.00022048582771442342
0.9068303845066827 0.0004815586091946421
0.9140767281026108 0.00027754560252848444
0.945673200356501 0.0003769037404854923
0.9549133469501359 9.88581460037011e-05
0.9624159812239641 0.00028111303908093954
0.9648861398168068 0.0011589268809887817
0.9763927705115455 0.0003741199178615138
0.9872374623304786 0.0007888820500893565
0.9954239201251569 0.0005278288116230329
1.0064429328089264 0.00027991521673804097
1.019490257349368 0.0008021386940950126
1.0271217135057893 0.00010431792263995688
1.043384742411042 0.00016831691814198085
1.0468122023417403 0.00013204541197383093
1.057316280969403 3.403357593988298e-05
1.066340190247303 0.0001804642100436278
1.0778185719597015 0.0002517828766350918
1.0875075919491946 0.0004579746318403136
1.1021461195597455 0.0007118303853572576
1.110979426004064 0.00042773138543361427
1.116036240858601 9.039162145103317e-05
1.1254089879767781 0.0002875120099838368
1.1296215044802111 0.00032235872608446314
1.146494104406059 0.00019569083318542212
1.159834219853067 0.00026294336323742166
1.162539345073423 0.00017316141952632337
1.1740031851327566 0.0005253876043528336
1.1763676608131846 0.00018297610881872666
1.186255413255533 0.00025905372481273205
1.1935970464194972 0.0002435700305802153
1.2069317310504102 9.277879271211214e-05
1.2127864451955013 0.0003108280476887458
1.220397105449364 0.0002431825420383342
1.2304286566782991 0.00020900127551422903
1.2375257722920008 0.00020137061666016296
1.2486534869102623 0.00021920443390748337
1.2579402557318105 0.0003418875397596848
1.2743071898912421 0.00032937927265679523
1.27625152636549 3.325450225910044e-05
1.2937565033870413 0.00017704955031809253
1.3109608534431427 8.653365984814964e-05
1.3283889185658109 0.0001622675920062219
1.3405906017752944 0.0003000957540968435
1.35056450647842 0.00017030275958692824
1.3651017211242182 0.000823895976359729
1.3816954525562757 0.000146157095122394
1.390297853326976 0.00012655692935042355
1.4063165559979778 3.265038395461895e-05
#kx=1.0, ky=5.0, Jx=1.0, Jy=1.0, Jz=1.0, h=0.0
0.031170278621614478 0.00022754397349312793
0.05579976088091798 0.000173577612509846
0.08060630242957667 0.0003695410956537479
0.0928008847381212 0.0002784146211924654
0.10416134855615433 6.689557225291479e-05
0.11471561746110637 0.00021531187305808534
0.1270931874390263 0.0001653330124914421
0.13301651452771068 0.0001850481051610271
0.16513181953525247 0.0004273256418034623
0.173327761840526 6.012722751062121e-05
0.19092448517546878 7.017974884696512e-05
0.20143949117901738 0.0005351116848825664
0.21048129388139103 0.0005774865327983886
0.22759005672294885 5.973152009068569e-05
0.23668991837802633 8.017898911512428e-05
0.2543115930895756 0.00011147275259902176
0.25976085977307883 0.0003024895843036689
0.27682231479250363 2.9919943326692702e-05
0.28148657342082883 0.0001147437969466442
0.29140554097126403 0.00017588489626889722
0.30171968570875285 0.00031753476751404804
0.3060538370421306 8.580567234890323e-05
0.31073776082400806 6.525650274395348e-05
0.32424833372973916 5.843828859629889e-05
0.337225370590043 0.0001074348244595705
0.3493990360134269 0.00011444478285451693
0.39731723607900893 9.01692543584385e-05
0.4041097458457432 5.243004096387541e-05
0.4191980615081914 7.061942094179566e-05
0.422470844174333 4.475569167915274e-05
0.4320372652946991 0.00010172287430552189
0.44810851187785716 5.219509590545899e-05
0.4513507458349564 3.1968030234497065e-05
0.4559628959143974 0.0001294514370275529
0.46333293489878413 3.577667414416942e-05
0.47576475531283413 8.441431531824246e-05
0.48341612339288687 0.00010752671089494233
0.5120918018751203 3.010138096979786e-05
0.5414017182122738 0.00010197242585343485
0.577479511693012 0.00011127881514538655
0.5879731851221437 2.508205566600001e-05
0.6215308755667814 1.4319225968567222e-05
0.6368861642100704 5.338277392926377e-05
0.6496751967375092 8.313248499705684e-05
0.6792374122638484 0.0001099234157571542
0.6890700089166263 0.00014639768281013335
0.7005059454251866 0.00023556711411931074
0.7599180607937595 0.0003134869314193779
0.7876918805199179 0.0003378926797392331
0.8367462098732753 0.000324617147138446
0.8686305787889409 8.614087773970547e-05
0.8849769275054042 0.0003219663658454297
0.9011035989241584 0.0004348744442018754
0.9118023970154676 0.0001250715582065609
0.9509023878504569 0.00029412472468582236
0.9596195213144182 0.00039753782232575095
0.9638063560418569 0.0006754120124387071
0.9729079351458358 0.0008049617904154148
0.984422070551384 0.0002375045868338736
0.9890124486635044 0.000583796900907184
0.9974936159234443 0.0003730218585497596
1.00595284852016 0.0005192763323609433
1.0191162134805065 0.0004936719479462122
1.0301570917405423 9.420479014726014e-05
1.0450292930887044 7.122098765569104e-05
1.0473651986436605 0.00013828053230996044
1.0612307095715234 6.751806244591413e-05
1.0731570511980166 9.717336665979911e-05
1.0830261423454641 0.000516964864910732
1.0863704974552357 0.0004324624362335228
1.102189979129986 0.00037196994274866916
1.1074287410303163 0.0003061703660202206
1.1148000860355896 9.834070041950565e-05
1.1232229699174439 0.00010311856050522865
1.1250726024231261 0.00019976283314266215
1.1406429770076825 0.00047393821170474496
1.1545701808571769 0.00021040475802573035
1.1621350021773225 0.00022508181352776045
1.1701077860493203 0.00033795879282583305
1.1745137856271555 0.0003261914208154919
1.1877361401873716 0.0002786096231414049
1.1897331895411223 0.0003131604417087981
1.205333648460254 0.0001105202845417675
1.210978420318956 0.00042181087450392116
1.2188378207740103 0.00021639525560030202
1.229879644742381 0.00016385925805392768
1.235072886886367 0.00034695902515318524
1.2421347648883567 0.0005552973069066112
1.2563723057886567 0.00028831830670972535
1.2678861145881841 0.00024324702655719572
1.2738766922116214 0.00012406691724227366
1.288963069930802 0.00014087048989541118
1.2954116826277984 0.0001079211235672857
1.3158272050286652 0.00013309513464980713
1.342482791634278 0.00039871466406133315
1.3490443162154437 0.0001417570551173491
1.362545012448933 0.00018068116444187133
1.3700247484618937 0.0004937838231728177
1.383668146403938 0.00012647003740624084
1.39674991526126 7.215841388736916e-05
#kx=2.0, ky=4.0, Jx=1.0, Jy=1.0, Jz=1.0, h=0.0
0.031043450262990824 0.00020816483273897562
0.05589933978231765 0.00018839696037550044
0.08221918737534084 0.0003326067480076845
0.093277310670698 0.0002486864430287071
0.10543057221799157 3.889626319544514e-05
0.1150844658378497 0.00010377465907424212
0.12541987290078216 0.00034317890189659693
0.1317628984296132 0.0002176272765163882
0.1675072430513852 0.000274947771566835
0.17455658057189016 5.203186577637361e-05
0.1954830901818061 4.561943770614378e-05
0.19975581641104745 0.0004591809579026499
0.21188588548565535 0.0005754429450827282
0.23363870073692505 0.00023918642767626014
0.2386944581195688 7.759737077977636e-05
0.25418436469630157 7.00717649597795e-05
0.26465854236750685 0.0003880901101043957
0.27646758839524943 1.8825151164543804e-05
0.2837196572169792 0.00022050280239979903
0.29428348792182313 0.00010643038669974331
0.29862423023226836 3.3062047211993846e-05
0.3042999680306929 0.00023226000290978575
0.3118019420324242 5.090147331451118e-05
0.3257968407575551 6.875733545561516e-05
0.3348393035608793 8.54977316121763e-05
0.3506836545846881 0.00012614826932467134
0.3915698930169209 0.00019503365948691882
0.40436006337105757 0.00013052004682771764
0.417541393734156 3.0880130209879556e-05
0.42702816417533984 9.250012106832527e-05
0.4458767427662047 8.103680343868238e-05
0.454169875071328 5.574940532630307e-05
0.45566107929604305 2.6847185262674758e-05
0.4631769581550049 6.251677036721179e-05
0.47430604767955686 0.00010746333017843526
0.4804190293524635 6.778488296265454e-05
0.5103467600929068 2.9079662963093027e-05
0.5268413271153505 0.00014253109724450487
0.5479495735965084 0.00017719531425410817
0.5747683043299251 0.000144147707891377
0.5863736629177096 7.410606612664203e-05
0.614970087932521 3.8651343915803496e-05
0.6346565166578244 0.0001659564131433881
0.6452614197174689 0.0001231387452563365
0.6743614556445959 7.328059798038427e-05
0.6924562521104061 0.00011897746799505778
0.706078590825383 0.00022745103075821047
0.736971413077453 0.00018548470507011465
0.7595604477079371 0.00033129195522233385
0.8465152706092122 0.00010669669495237059
0.8625775504463412 0.00012522467795203919
0.8770548538083622 0.00010543112538518523
0.9046553886696418 0.00033511501415102376
0.9125353608973996 0.0002657277394851374
0.9384868862535312 0.00019178897159233298
0.9564283214127772 0.000270388338872931
0.959536304986438 0.00026538557353456785
0.9640840191276173 0.0010584693331611868
0.9800490366002623 0.0007176771857554125
0.9881891564345768 0.0006106092280201434
1.002987627536644 0.0005458200403859872
1.0087105390357727 0.0004208653580382377
1.0155806516221237 0.00015865571976192742
1.0289683451382947 9.824798785423172e-05
1.0375440978007233 0.00020290902745512517
1.0446785311131679 7.94178027915471e-05
1.048327153102651 0.00016495070683390594
1.0539571018992422 0.00034770587209343134
1.081822791178872 0.0004426311093809921
1.0848642372348154 0.00023624384452322194
1.094181450735518 0.00025153681463888544
1.0962760194845411 0.00020835792914778968
1.105312135116983 0.00018793760856986245
1.1149055428707588 0.00013322558450244698
1.121602398570884 8.440172026184251e-05
1.1321835610147017 0.00043687133477756203
1.1531025753983248 9.323961365042333e-05
1.1586427039543556 0.00021446177309989564
1.164152402477558 0.000289101231100821
1.172944020896911 0.0006017729965065038
1.186776493001069 0.00023653889320292786
1.1990938384501182 0.00040192013910122576
1.2012133354563765 0.00020166487309330837
1.2131853275971316 0.0003390736570156438
1.2186603428883258 0.00011300057907578535
1.2262903213934524 0.0004738648364343728
1.235080717542637 0.0002986669817673352
1.250005381991846 0.00017603248117455906
1.2584354609350623 0.0002404946144368016
1.2728794354840123 0.0005912429873763479
1.2746406733523996 4.7963091407964946e-05
1.2826280436810182 0.00023991046133501655
1.2948916219361306 4.5725887992555884e-05
1.3263761802372827 0.0004493751001401808
1.339912566681865 0.00039903507440441086
1.3525001073352316 0.00024002817721034903
1.363643301046567 0.00030557871219698876
1.3695628464994853 0.00012138303125206859
1.3826150856808461 0.00019565138685264839
1.4049633774576482 4.399389334796118e-05
#kx=3.0, ky=3.0, Jx=1.0, Jy=1.0, Jz=1.0, h=0.0
0.032079967761136086 0.00022651269509405805
0.056434280303319095 0.00020539463411589913
0.08433557232387756 0.0002692175643384703
0.09186997603637892 0.00024823928259860796
0.10537262691060756 5.597937112029635e-05
0.11539934028076237 8.544124519378911e-05
0.12543147756040873 0.0005167061142129344
0.12982911963880128 0.00019977965917302465
0.16610402327255913 0.00016240695553149917
0.17421295452882513 4.2483700828705304e-05
0.19765587800601947 6.441823758841458e-05
0.1998307686808698 0.0004300160809251729
0.213164346428511 0.0004591381781795904
0.23592165047234492 0.00035397923699595463
0.23723113738980006 0.00012125409512277675
0.2550976142015071 2.7909788783273767e-05
0.2644264784710193 0.00038492987851942545
0.27766414683664586 0.0001656570628409679
0.2890418253208099 0.00019275953759911353
0.2936049041542427 0.00016328451573578674
0.29856400303654773 8.344665495962221e-05
0.3042754806274012 0.00016798670650917014
0.31280659708184666 9.263964923020548e-05
0.32664518700202316 7.37028727516575e-05
0.3339357364931206 4.3578006748347387e-05
0.3561717778952689 9.858693583940267e-05
0.39098512628887583 0.000360428697184631
0.40297320356236677 0.00017152563419251448
0.41815310097083 5.629308881389371e-05
0.43010178547216504 0.00014607163021431637
0.4424863094176301 6.357140537575455e-05
0.454650948500554 2.4964153452578278e-05
0.4588641272672961 2.2616413194079014e-05
0.4635964539637266 4.779400355498344e-05
0.4736426777759284 4.842915787240679e-05
0.4772729250155716 9.153215245517846e-05
0.4852117309740983 0.00013789986108757063
0.5098684156569405 3.994055112341459e-05
0.5246283943812458 0.0002861143520926276
0.5754904582054737 0.00023118350804870132
0.5808139651558564 0.00011156663295122428
0.6023829239016076 0.0001110870030504443
0.6319845629917736 0.0002732747154966036
0.6381549084688437 0.00012497360406643764
0.6677328794137627 0.00011003029763579554
0.6790639338261434 0.00011582787672584257
0.7056953410550304 0.00018558633895189033
0.725487161877385 0.0001367568377598287
0.7512022308478183 0.00017586774045245054
0.7727284425282671 0.00017454993259857557
0.8615862283446213 9.456101373665533e-05
0.8742814924412601 0.00012127083185766813
0.8868592302720296 0.0001274510921056443
0.9079864823857137 0.00016754671604416797
0.911520214725931 0.00014920579384367262
0.9469022610790773 0.00010956581908278163
0.956608654182311 0.000572288666865954
0.9622904751691336 0.0006982598504165031
0.9680289150475013 0.0004046187857719348
0.9834691884108582 0.0009663819472585584
0.9939044253410534 0.00023899214797675492
1.0017743113421091 0.00041594892011483466
1.0102801251576554 0.00044135487731138633
1.0185560047747204 0.00018603885906483107
1.02546516694273 0.000416052724643673
1.0400938255173124 0.0001312090044013679
1.0471582997921676 0.00016071004218835914
1.0497916729422214 0.00017979285571806546
1.0682277705726566 0.0002310346071080234
1.0845478871968983 0.00027066422009073665
1.0892806601854788 0.00014383128742952175
1.0954723680494798 0.0001967502107258036
1.0986662496155613 0.00023995295587942375
1.1112695234686443 0.0001124897102603429
1.1171695566398805 0.00019911680632696136
1.1258305120977496 0.00022634870750375577
1.141247733436264 0.0003531715780226838
1.151156490774199 0.00014491843281803593
1.1613759736977785 0.0001921992238248047
1.1700300705640332 0.0005890567367207243
1.1848434851989997 0.00023306504878348232
1.188406201663383 0.00015096448269500578
1.2008196908058355 0.0001919846537257083
1.2070691326926193 0.0004466221502191196
1.2141633471338502 0.00014367813003766125
1.2260227376450499 0.00020118456632906343
1.2279454770727867 0.0003613223734843379
1.249503353282702 0.00022618753417913445
1.2520246403816522 0.00035550133812356727
1.264756344374438 0.00020477064213071696
1.2729846091784474 0.0007492422213980843
1.2833553587667095 0.00039643003210102764
1.2889537410817287 0.00015477563711855855
1.3276742592168 0.0005858098470015739
1.335162965649388 0.00016836266045414265
1.3532748173844134 0.00038530744889376465
1.360354529227024 0.00030748178351082785
1.3702671590901028 0.00012238818284387068
1.381593735098972 0.0001628735087048919
1.4027472352603099 5.045049111029045e-05
