#kx=6.0, ky=6.0, Jx=1.0, Jy=1.0, Jz=1.0, h=0.0
0.13319753348985386 6.048060179720529e-06
0.1387912651509976 5.025569791435645e-06
0.1671701080413479 4.4129911477712714e-05
0.187226706516066 0.00013370588065990857
0.21617734940394873 0.00024710510125603737
0.22270040251447687 2.512392096980551e-05
0.2663682970486675 0.00013477039000275317
0.27221315559673664 1.918314102551523e-05
0.27935598717822974 0.0001327437587899022
0.2999450283281607 9.598120895218121e-06
0.3086068171362788 2.632674549617709e-05
0.32674156448103064 3.0617213600551146e-06
0.34219300126586805 6.074860661115934e-05
0.3525051147495184 5.512205412319642e-05
0.3554825180771548 3.444793269305092e-05
0.36034659997327245 1.1351807144173611e-05
0.36375938082604087 0.00013399766530225972
0.37439187700916976 5.191222534825119e-06
0.38229784645738396 1.647214937132289e-05
0.39408289649789763 1.519004085659488e-05
0.5069022052148875 2.8293746231984976e-05
0.6597736549819105 1.5945378635104126e-05
0.7317819516510693 3.300316404242259e-05
0.8297797536179979 2.851554271768802e-05
0.8437365639885719 0.0002114000425036723
0.848961634377734 0.0003939051128164822
0.8557431911632479 3.389275115275553e-05
0.8704158630926312 5.6526094727074275e-05
0.8837209097740578 5.781717359673499e-05
0.8931451735103879 1.3045471828080627e-05
0.8963128992711877 3.5639549930931145e-05
0.906567764049202 3.612418313957912e-05
0.9132387642337869 0.00019316476132893995
0.9219551051107472 3.4590431640967536e-05
0.9261944404753619 0.00010370524307851498
0.94061810153858 0.00010074999170201994
0.9809781851769023 0.00014551934602624958
0.9875348521035876 0.0002965991154667289
1.0177282877468459 8.305248284971868e-05
1.0299413230898724 1.3750346333498049e-05
1.0505818168463554 1.19445372682972e-05
1.0837343552291367 5.562969023797546e-07
1.0985627125391821 0.0019086169101595741
1.105634273390974 0.0003991618378815224
1.1094371455587244 9.956192409687673e-06
1.1185140484360878 0.00015254070892187162
1.1338240708665852 7.313155196137556e-05
1.1787648808190538 6.116354962584321e-05
1.1906186143830828 0.0003026773397696942
1.4125255001345267 2.0908747951435142e-05
#kx=5.0, ky=5.0, Jx=1.0, Jy=1.0, Jz=1.0, h=0.0
-0.0053968717357361085 2.304836783169524e-06
0.13528512780930146 3.925324590963892e-06
0.1407463566758188 2.0296794105127884e-05
0.18103405100709236 0.0003552005814018499
0.19263262372858136 3.530582795366362e-05
0.21704359147716734 0.0002251936442730685
0.22389517113680035 0.00017375229443542778
0.26513291516705506 0.0002719615961840413
0.2715998371613981 6.758626335716363e-05
0.28009350519445975 0.00020969844002040902
0.30834086683107054 6.509352722270611e-05
0.32091201645876866 1.2876276963871394e-06
0.3352921547721227 9.188935801221369e-06
0.34384084081219457 7.412218183516759e-05
0.35295898611588716 2.006305025343659e-05
0.3587044525992844 3.5096810777003834e-05
0.36350728659922227 3.4136240173683194e-05
0.36453065758594805 0.00020088504747321192
0.3755124837688123 1.3247075350733903e-05
0.38902872046617576 1.0851193966579542e-05
0.4184040883873352 2.6693812423991244e-05
0.5246846344285316 5.154733342105462e-05
0.660114428017069 6.394384906556668e-05
0.7307944334392091 6.0934917269697863e-05
0.8434278284585539 0.00033457059200324635
0.8500909587005162 0.0003824789237712999
0.8554145909113592 0.00022442152725545
0.862478462580592 7.26873515817252e-05
0.8709347782287569 7.801265787432501e-05
0.88672733912185 0.0001730137909554292
0.8944667599519573 5.180417872452954e-05
0.8994467758079755 4.4947957605364296e-05
0.9084543713672943 9.507817013532076e-05
0.9176679232115181 0.00014228382609792923
0.9235323419147029 6.51856028036951e-05
0.9280080650452793 6.998565087080972e-05
0.9402975679060754 0.00018075166792231603
0.9870815227926544 0.00043255342556970373
0.9961663295327822 3.453411057789544e-05
1.0187743119802783 0.00013008048732109982
1.0510189034660415 1.762595856121927e-05
1.0780715407040187 5.757482207061399e-06
1.0957455001092642 0.0011865671576779192
1.1012910864940206 0.0005932608839038056
1.1087847677264624 8.800584129117186e-07
1.1167155486690272 0.00011842552816767732
1.1379962366077385 4.4183731253958773e-05
1.1613773439497488 0.0002019551797416814
1.1756921514066199 0.00010911107293326034
1.2357834439969773 3.6145038864363984e-05
#kx=4.0, ky=4.0, Jx=1.0, Jy=1.0, Jz=1.0, h=0.0
0.13078564295286477 1.0138351186980557e-05
0.14344219255558788 9.69251312361735e-06
0.15334827249861016 8.492829308884005e-05
0.18707437620558542 0.00044802239956622187
0.21372944051763987 0.0002649107615678491
0.22518620737872974 0.00018032541354458294
0.2637546082852593 0.0004055040898385846
0.2711996824253615 0.0001061407186753481
0.27992408146594816 0.0002594858769081129
0.2985678520952828 3.800940979012392e-05
0.3088803922075273 9.232420778244466e-05
0.32750855336280693 2.844135669978019e-06
0.34187220039243404 7.812000747772103e-05
0.35256657839597416 7.391117511586687e-06
0.355185576338542 1.7147643167973477e-05
0.36192970427985693 3.0351312714935928e-05
0.36481092172714613 0.00022360518296295654
0.3735629753900649 3.997738567139909e-05
0.3824413998169418 1.3052692659773694e-05
0.3932704284039268 2.181648453035395e-05
0.501911090871282 1.9491920551305475e-05
0.6322713664431334 2.243865278646516e-05
0.7251511075202466 0.00011261197720018569
0.8388347706031796 0.0007373308249998678
0.8502500890056441 0.00046038111609438004
0.8534182836258153 3.0599599433057556e-05
0.8604746969859761 1.758890677234988e-05
0.8721905015659809 0.0002698786894442857
0.8847765988766954 5.4794850776988035e-05
0.8950698451819844 5.3073913801413754e-05
0.8966791047230954 3.888363224354662e-05
0.9039178309364704 0.0002610084461633368
0.9141009968665609 0.00043065505995147575
0.9237005074902777 6.771995462194466e-06
0.9260056110271708 9.833159595354143e-05
0.936370953897781 0.00010210367610938236
0.9814188283851188 0.0003477283158683598
0.9871388673460668 0.00034467356308361406
1.01534909092504 0.00017164452927252477
1.027846892395159 1.7971208187618794e-05
1.0522844608724498 1.6290236392300508e-05
1.054860965196337 9.02416092402384e-06
1.0760382339658965 5.385536959993722e-06
1.0988199600485133 0.0015842340356068227
1.103864346371393 0.00023846974009005074
1.107811444530951 1.4219084660811968e-05
1.1172830245368988 8.240961770206872e-06
1.1356565734482031 3.6358569932593226e-05
1.156186357442908 1.474587985635428e-05
1.1879426705356417 0.00014047854794206017
#kx=3.0, ky=3.0, Jx=1.0, Jy=1.0, Jz=1.0, h=0.0
0.13161761567275332 5.65245215653861e-06
0.1472306554937619 9.727842621923292e-05
0.15354009299649418 3.4158120478675146e-05
0.18701798618072252 0.0005166711724253166
0.21328558404546338 0.0001909196792894199
0.22591432401628087 0.0002529939330969014
0.26285948442778484 0.00040524164913975186
0.27368295826433686 6.279233585474684e-05
0.2798057039982049 0.0002346789789649009
0.29696120522584746 6.307022569850035e-05
0.30703283060127207 7.517681284809967e-05
0.3284300061825651 3.595211593644088e-06
0.340965478427645 3.083398633863268e-05
0.3523069407281071 2.5211990119421243e-06
0.35652971103422026 2.1605756035822787e-05
0.3615649252852715 5.292715290506893e-05
0.36501466443115416 0.00013097073906695718
0.371123774597234 2.616878906285299e-05
0.3771144086825745 3.9230636086714214e-05
0.3931042101442972 2.0967266240664875e-05
0.49151871881854436 4.904538221548323e-06
0.6080006071804206 2.658405967819837e-05
0.7173501021782508 8.196101484632078e-05
0.824184647226428 0.00038129417802487583
0.8402656741657427 0.000854124198276352
0.8510163978444951 0.00039420868156625884
0.8543589923097167 0.00027937567871227464
0.8707143402075784 0.00014850553973607279
0.8784331225940917 0.00019344167622778097
0.8819842441632059 5.780036923571897e-05
0.8939108810227653 4.745870621660836e-05
0.8995905105583807 2.389240886403567e-05
0.9030267166733674 0.00036134836998275363
0.9154578050300011 0.0003407628130047308
0.9237927819565622 2.692284883075262e-05
0.9285714536885087 4.793931198567692e-05
0.934947633426238 7.354778933281655e-05
0.9803397916072465 0.0003662824557637926
0.9866764421002733 0.0002794554051563177
1.0130226600725583 0.00011847420560940615
1.0229215233066402 3.6114411991571664e-05
1.0553055408613372 2.264817152243685e-05
1.0719272644710935 3.47015844639532e-05
1.0964058036610869 0.00037119374355350335
1.0996872381052125 0.000568914971162971
1.108185611140815 8.376889172984519e-06
1.1157775485824057 2.5379933952604435e-06
1.134250691076163 3.755204029915712e-06
1.149876639888456 4.164214492822257e-05
1.1911344571197036 0.00013843812057547742
#kx=2.0, ky=2.0, Jx=1.0, Jy=1.0, Jz=1.0, h=0.0
0.13927740139509592 1.0694356418863503e-05
0.15713293179140553 5.260641534531218e-06
0.1826217980470196 0.00048748717274594845
0.1889654815895342 6.277903861941706e-05
0.21126085912508086 0.00024776636502326266
0.22399284602074132 0.00022438839318057353
0.2626260032864042 0.0002763011719279518
0.27586013326639125 9.511264369512524e-05
0.2787894620296266 9.623450912454736e-05
0.2932583742673439 0.00017286797602878513
0.30360437510616123 2.478914236052285e-05
0.31024934326854325 3.780767139754543e-05
0.3298590953342134 1.3180260536670907e-07
0.3433093368336687 6.840224033925067e-06
0.3520656411066847 5.9232542565467155e-06
0.35790292724927786 1.889759869057199e-05
0.35974965746580934 2.5397382331899383e-05
0.3657803319994002 9.111845712703163e-05
0.3739439117496679 2.808312940420057e-05
0.3799420972738293 3.934153568627357e-05
0.39392291191314266 3.1019709682907104e-06
0.5664358425040067 1.4030466089556676e-05
0.703475893722475 9.273004405235867e-05
0.7079209380666551 1.295832930934233e-05
0.8411590097161248 0.00031613464687050706
0.8502820131043454 0.0007203598690098308
0.8537740763660634 0.0001727884394947211
0.8567925023472706 0.0004977814821750305
0.8692964964905336 7.383218015841204e-05
0.878950111929705 0.00021961826902084107
0.8925520932717529 1.0307931733081894e-05
0.8965015473300436 6.137398019194047e-05
0.9041581534669446 0.00024095809575830343
0.9129400494466444 0.00020826019585809167
0.9223112232511138 2.5204961800841842e-05
0.9269338303550961 2.376267653554002e-05
0.933767448110685 5.525427107110095e-05
0.980226056370268 0.0005084461354239538
0.9861474979876783 0.00011048223645851045
1.0120200001953732 0.00013940232152408354
1.0183815447348876 1.1287932493460138e-05
1.0371511105619642 1.0106323417279241e-05
1.0624327039935488 3.895014459618672e-05
1.0877225889401747 2.441662589123519e-05
1.0979883394608614 8.662334104347555e-05
1.1072582480878674 0.00017454709369851154
1.1093557359865525 0.00013262829908084693
1.1200516841683132 1.2166469889069765e-06
1.137400410237626 5.8984069644265665e-05
1.1742421335768944 3.586841087180439e-05
#kx=1.0, ky=1.0, Jx=1.0, Jy=1.0, Jz=1.0, h=0.0
0.0099073847846054 8.330047030475358e-06
0.13951217992931642 1.6880309455465655e-07
0.16082507281659386 7.305874353075567e-06
0.18206254482208306 0.00021610513369332653
0.18819621964452193 4.8600453198688906e-05
0.2089468957475149 0.00025367495566908847
0.2189194019440449 0.00014428153156741282
0.24133326378241726 2.7419370653282727e-06
0.26472691814053206 0.00012822595241901286
0.2774098457124591 3.0641853105721814e-05
0.2804354204546794 7.094802702531425e-05
0.3048849537130144 3.5904197620231906e-05
0.32551203858244837 3.473784494839012e-05
0.33527054014496294 3.7145242438765296e-05
0.3447164333690905 1.5305528270999627e-05
0.35194571265097674 1.040055018055731e-05
0.35752961454017407 1.8104407455365178e-05
0.3611222922876933 7.256711243122362e-06
0.3654928415184172 7.99097620126728e-05
0.3749497759485726 3.0735701191333507e-06
0.38126526076076805 9.037594926101699e-06
0.394957784133827 1.2185990045601537e-06
0.5102023523098936 4.975882071010346e-05
0.565639532313596 1.9280272266536172e-05
0.7064798993803201 3.507953019215413e-05
0.8370358247076498 7.307094327187842e-05
0.8478056278929369 0.00013662433573359025
0.8533699911855569 0.0003533806454611246
0.8556770979832307 0.0001103959174377426
0.860201753081658 0.0003973242806132743
0.8760286768956416 0.00023207886178886673
0.884066255585404 8.017762941630507e-05
0.8940461163374336 4.0840412419563394e-05
0.8977413870202383 1.767597378681549e-05
0.91354320086457 0.0001190284680070294
0.9156027337453548 9.784013882824618e-05
0.921725469468887 8.675680028454079e-06
0.9300501569013864 6.067631018927794e-06
0.9344580186976026 7.269551185845557e-05
0.9850838877363621 0.0003409067113135327
0.9976536803529618 0.00024148485702823495
1.0182111581674724 1.9519559791630677e-05
1.0332213422538017 1.5221793265877845e-05
1.077235808755247 1.835968925468594e-05
1.0972025520675062 2.1827747232379104e-05
1.1072207326077932 7.083588697963447e-05
1.1109883208318299 0.0001277798709277409
1.121920496412936 4.014557075723126e-07
1.1348865147466451 3.677916171801336e-05
1.1747327170369548 3.616410512434025e-05
#kx=0.0, ky=0.0, Jx=1.0, Jy=1.0, Jz=1.0, h=0.0
-0.012418532279698802 1.4109331953755342e-05
0.1368263178164697 4.2951078789614245e-06
0.15546489451855272 9.86099629948771e-06
0.1654583432747475 2.847914669385605e-06
0.18331152184896338 3.8074165155792506e-05
0.21285929344293075 5.598278863981112e-06
0.2237697376285369 0.00019466149482744272
0.26279858407626644 0.00013652514902678383
0.2773745393731053 3.193769989504095e-05
0.27791418956648883 2.2944673278771177e-07
0.2839514691181405 3.2330222994045765e-05
0.30101076464868926 3.474824767382568e-05
0.3069736027331821 1.8685243462368597e-05
0.32952236453716255 1.5609541254774732e-06
0.3417513391036986 6.947450252765204e-05
0.3514162946477417 5.466588798500927e-06
0.3561383679935204 3.1463941655585733e-06
0.3610123768585133 9.881980432751479e-06
0.36147306867257034 7.225787404437069e-05
0.3679251792490612 2.0986981372087556e-05
0.37332039644427606 9.90021013029749e-07
0.3785088981550544 7.344696651418348e-06
0.39449071228341737 1.083683635958472e-06
0.556234437870004 2.0295576218774018e-05
0.6579556567982303 3.1577681890121495e-05
0.7243762152581701 8.339953567307277e-06
0.8225522916545991 3.744313834133345e-05
0.8466735777465878 0.00016136583825638633
0.8505947997204183 0.00021615779870832357
0.8567249085472284 0.00022208054379359074
0.86783914863727 2.381703975036615e-05
0.8746366184081666 1.496889912041022e-05
0.8914037823726578 4.6555595183859714e-05
0.8945505638844559 1.4524579085630124e-05
0.8994243117285888 6.738552927053425e-05
0.9149993473305373 4.312277784631934e-05
0.9218906791813142 9.889608653028617e-06
0.9246996339935476 5.511118929542271e-05
0.9328352581560007 6.139446497822998e-05
0.9502586807854141 5.5597228859167304e-05
0.9853719322372417 0.0003561964968404219
0.9988532048564308 0.0003169706088755398
1.0194601269671972 6.589410687419996e-06
1.0483989121981603 3.539205708932672e-06
1.0800275275057092 1.175260133595153e-05
1.0974092820593961 4.5727321573571866e-05
1.1095219976386284 2.853124095952168e-05
1.1159778182969577 0.00010800593274634355
1.1250636772147788 1.3365742218943153e-05
1.1423019422311405 2.4760590406129446e-05
1.186516629735956 5.5401725401412183e-05
#kx=1.0, ky=2.0, Jx=1.0, Jy=1.0, Jz=1.0, h=0.0
0.1375711734759344 2.9693167104080966e-06
0.15755588322080682 4.00620647388238e-06
0.17141439422179994 4.264148390793703e-05
0.18478578842330118 0.00045575778388002897
0.21126417290388555 0.00022952638765265796
0.22398031877515046 0.00020304370756276383
0.2627558146320069 0.0002500498465523934
0.2763602445291935 9.607051305759422e-05
0.2778956914379316 7.166994408129083e-05
0.29363932961881833 0.0001576170782135043
0.3028052144777399 2.489709765155843e-05
0.31017491837082356 3.312792417862698e-05
0.3294836623729991 1.0450084740839103e-08
0.3431357045626926 1.0989494319346784e-05
0.3520897930035355 3.936410205125444e-06
0.35810341737243123 3.4795842087431044e-05
0.35944856095207256 1.2154633397983986e-05
0.3658256510034946 8.951168106036497e-05
0.37398393060458945 2.154266610023476e-05
0.3793411593446244 3.1564091543424775e-05
0.39469095199136883 3.161221626257087e-06
0.5658551252134786 1.7340054932073755e-05
0.7020910529774654 8.889555425671348e-05
0.7080763856651068 1.3791502970026585e-06
0.8423028591443921 0.00031073842487010065
0.8499571694190994 0.0007468447847146447
0.8547738284041789 1.4284159266644302e-05
0.8566061142908649 0.0003866793377430009
0.869182095019479 3.150486144870803e-05
0.8791811803236688 0.00018524945308266458
0.8928366469628929 1.7710186017625712e-05
0.8961378719178903 0.00014156217222593585
0.9041925104244236 0.00017682898639664763
0.9131799671068713 0.0001559559190684789
0.921395822040138 1.3293949956721558e-05
0.9264504526315465 2.0868096686893806e-05
0.9334380790928037 4.540282553201233e-05
0.9794302332312516 0.0006453297046189917
0.9863140841056633 6.078579663584484e-05
1.010861881802045 0.000134627963468621
1.0259177870512497 1.233256534491141e-06
1.0294856190670354 3.4036272910613132e-06
1.0458766211580917 3.864498692119932e-05
1.0823482417148873 2.652283395019171e-05
1.0978611509990555 5.695710213190587e-05
1.1064001966619141 0.0001675877335039253
1.1095323313340795 0.00012097882601858486
1.1194734526194727 3.4871603897888994e-06
1.1379929017627899 3.128259682102197e-05
1.1816153747344011 3.9777394865068976e-05
#kx=2.0, ky=4.0, Jx=1.0, Jy=1.0, Jz=1.0, h=0.0
0.1299056295751544 1.2281325616655292e-05
0.1496684312971397 9.188631881434941e-05
0.15158702949401637 2.4063401190453705e-05
0.18710237201806534 0.0004443714537321364
0.21382954002189536 0.0002732145174359788
0.22538361993421907 0.00018996129179706263
0.2639585959506435 0.0003578373441213764
0.27510271819909116 2.7070913653838753e-05
0.2798746982440081 0.00035815003820177286
0.29902516566517545 5.387239013922363e-05
0.3089038515444986 0.00010109170087774249
0.32897392406326387 2.624477204638445e-06
0.340771273335867 9.33844207991248e-05
0.35275390815378505 9.289492098939579e-06
0.3554982311614052 1.4686240475508651e-05
0.3610608296741097 5.172932226271364e-05
0.3639221278866106 0.00010065127765664419
0.36891230745434767 0.00011727766973529825
0.37606490156758543 9.546797156040987e-06
0.39394120142473954 3.0154191865539532e-05
0.46789203200584495 2.0051045858520674e-05
0.5888065614344229 7.115343283178449e-06
0.7093935021278275 5.892988044989561e-05
0.8408609228881436 0.0007071682149890157
0.8499748315529382 0.00036192071036061105
0.8534630189576942 1.5467054893723654e-05
0.863628081868198 1.927759532428572e-06
0.8735685376687641 0.0002526569289870934
0.8808637879467729 8.566749822180111e-05
0.8939338146760817 0.00010408363625079532
0.8999996443536801 0.00011708242517043116
0.9045125283864436 8.020146399835536e-05
0.9147398488784325 0.0005080073030685826
0.9223764558846353 2.0635757612410597e-05
0.9290565664857015 3.2188696933866016e-05
0.9347979015412872 7.079828858655226e-05
0.9819838988478818 0.0005740090974058149
0.9867193306123467 0.00026253006206150656
1.013588029155903 0.0002112959237726009
1.030585687142025 4.411413250408461e-06
1.0451609829486546 2.9348173301931095e-05
1.0535707441460351 3.1823366102835596e-06
1.0721405838957883 8.853743625496935e-06
1.0990598881827585 0.0009913160835290375
1.1041340570222298 0.0004021292771609518
1.1083346611088878 7.140460004991623e-05
1.1173981221366547 1.476637305222339e-06
1.136808651954138 2.841061979486535e-05
1.1454852160491902 2.6058461152538875e-05
1.1949656019316346 0.00010569966096512296
#kx=3.0, ky=6.0, Jx=1.0, Jy=1.0, Jz=1.0, h=0.0
0.127821869077282 5.430261097514354e-06
0.13981513312324112 1.2241060867563556e-05
0.154121733400851 3.8141180010093216e-05
0.18699990603856742 0.00027403169126356114
0.21610378616061687 0.00036843123951668265
0.22288202115382127 3.604660220003221e-05
0.26644148286319946 0.00015545730392262615
0.27249196505021445 6.850568807862376e-06
0.27920208336265295 0.00025132231054877317
0.29974349874488604 2.6424167222841405e-05
0.30898503163260704 5.544184229708289e-05
0.3298222840585008 3.7580372476907926e-06
0.34122877874580515 0.00013364355316230746
0.35292382195596994 5.9409176055540155e-05
0.35430776062574165 2.27599255301874e-05
0.36022569184130937 2.6746944550993076e-05
0.36355702658126376 0.0001709035641066575
0.3740473134152711 1.7396604073020118e-05
0.37929294853174755 2.6128250776889656e-05
0.39204581117540327 2.76009268286771e-05
0.48448735504249885 1.1076634155077697e-05
0.6204819962404867 2.445005587600907e-05
0.7233836167160551 4.0413620098625925e-05
0.8302598749638518 1.8451618717448006e-05
0.8475065192458364 0.0003593497888568158
0.8499598191589902 0.0002113358639074115
0.8619256437738537 3.483124154595789e-05
0.8691068936030333 6.715668363507833e-06
0.8838486242121346 5.808718127537301e-05
0.8929290334412787 9.054626086856753e-05
0.9014856683777334 1.9529127663829715e-05
0.9054389634862886 5.896754678786681e-05
0.9141171330128584 0.0002566624898320666
0.9220549016107193 1.9970142193439173e-05
0.926548480817167 0.00010278723806042672
0.936349784692504 7.161112724862826e-05
0.9800532444277787 0.0003049443985470514
0.9867984924919682 0.00035016374074352816
1.0165076083605196 0.0001016134025226783
1.0318824523016494 6.53652676664372e-07
1.0410984922712792 1.18254286583442e-05
1.0717239209421903 1.5946426809476507e-05
1.099219399889535 0.0014386653896347322
1.1076125330090973 0.0004252339517172329
1.1086085324721207 0.00014604152723100445
1.1186736930372598 8.684840991675266e-05
1.1374811692904663 3.295465847168765e-06
1.1590022351638796 9.076149596647033e-06
1.190539246432123 0.00020976020912685374
1.196505441360547 7.524956286610062e-05
#kx=4.0, ky=8.0, Jx=1.0, Jy=1.0, Jz=1.0, h=0.0
0.12441009318126806 6.843324459260009e-06
0.13771114437085397 9.317647023441537e-06
0.15338267071567158 1.175301697382497e-06
0.1857724659657256 0.00012437581257375218
0.21903150588754972 3.6970114113926316e-05
0.2273610499259049 7.557350093894316e-06
0.2668878241008493 8.357895730991886e-05
0.27275906142519346 7.71154803918794e-06
0.2774046600387753 4.9189433850736735e-05
0.3003911703572876 7.929081077135345e-06
0.30850453416523094 3.264197398324523e-05
0.33061482685578236 1.0300707958604634e-05
0.34126692129630487 3.9551250061908695e-06
0.35224934815013875 7.378549783747249e-05
0.3552167694128905 2.754014553615713e-05
0.35881207618087607 1.3970488220972409e-06
0.3638599269462006 2.602702444183133e-05
0.37378300290307254 8.427376823678934e-08
0.3770390197902407 2.0441106633704067e-05
0.3900653418061295 4.931187818796594e-06
0.48276450241373836 4.901423409033982e-06
0.6279082097955135 1.6084218593307413e-06
0.7260337882046475 1.816916984979127e-05
0.8257215845643928 3.473519014454175e-05
0.838755406492766 0.00016951013941221321
0.8480782474852178 0.00033736054658797804
0.8561932100729164 4.696058782749603e-06
0.871392031726892 0.000402899707649608
0.8843610641528771 9.605323026673088e-05
0.8922698199378493 3.5796517113806786e-05
0.9009450381795775 2.713617825347944e-05
0.9069464012910905 0.00010038097443718239
0.9133786304228092 9.110556715107573e-05
0.9228223739039648 1.0250217509882003e-05
0.9272256050571004 5.15920242255133e-05
0.9369375041095407 5.5536908684248104e-05
0.9785250315328786 0.00018332504423227786
0.9875437561418376 0.00011011151667590936
1.0159973786168774 5.911722323933868e-05
1.0292688430483765 1.8114022888381643e-05
1.0390385697774374 4.265021324657065e-05
1.053183599304102 0.00027027669775798725
1.076205263621095 2.2165528579074735e-06
1.0991408563878609 0.0016738220528212258
1.1086805110600406 2.731821936522484e-05
1.1177654386482583 0.0004247866213516126
1.1242826196576028 9.836272194618041e-05
1.1471000985522872 8.967763156382896e-07
1.2024943891109423 3.0982484751981613e-05
1.2511167268928969 4.652040336502305e-05
#kx=5.0, ky=7.0, Jx=1.0, Jy=1.0, Jz=1.0, h=0.0
0.04655286219437671 6.180828542020773e-06
0.13383421532803141 1.156012553885144e-05
0.14479759202946973 1.2593320647305888e-06
0.18520184566109987 9.067655256692941e-05
0.19890915576009915 3.763625920541985e-05
0.21848949256974504 0.0001163203137736046
0.22625200674195267 1.2983416466054592e-06
0.2684754359456848 9.767603900387916e-05
0.2729604175126854 2.789701527287982e-05
0.2796417394613854 6.571861536094719e-05
0.3068913534494716 1.575621395103508e-05
0.3241622208491629 8.113068548954675e-07
0.3332690625157042 2.373394110876814e-05
0.34257041187497783 1.9593538938086755e-05
0.352659988862451 9.221570575632732e-05
0.35759329954800134 1.3605133326019217e-05
0.3610699641277082 8.868424971249635e-06
0.3640684183724191 7.089543861267579e-05
0.3746663985203713 2.8008643744080732e-06
0.38368405960158947 3.012217818484824e-05
0.41290083791100274 1.0740879569753666e-05
0.5184875840731745 7.520037227697888e-06
0.683971572471227 2.615319546688995e-06
0.7343225881279108 4.862250418193969e-05
0.8345800943420401 7.434642823504436e-05
0.8403032566943103 0.00014608765528652926
0.850286647208624 0.00031012593091796713
0.8648847860379388 1.9038294207349606e-06
0.8719437119494583 0.00016776172983668522
0.8867239576711922 0.00012946360088660007
0.893891833444071 3.3006152410774704e-05
0.9036148542353395 3.1170133510785355e-05
0.9074603012308929 4.4124397329684684e-05
0.9184181183278844 3.302218011332332e-05
0.923887677757721 2.676974955787472e-05
0.9270952406568089 7.877360890402903e-05
0.9422433100946298 0.00012160487338844675
0.9866581721422019 0.0002864317101292259
0.9950674232442763 3.3612869897454284e-06
1.0214625738240557 3.661430917313868e-05
1.0440878862255105 1.684622388030488e-05
1.0811330968572097 8.81388989677831e-07
1.098065081001407 0.0010048981484115408
1.103315838575858 0.000952341519123876
1.1092088478868922 1.0420782460920994e-05
1.1209221823181896 0.00016580029840872494
1.135266530228416 5.5448675179943e-05
1.1623172663296366 0.0003363279144487496
1.176018188215819 4.07709497937077e-05
1.3230974600912497 4.9068030639137954e-05
#kx=6.0, ky=6.0, Jx=1.0, Jy=1.0, Jz=1.0, h=0.0
0.1331975334898572 6.048060179720529e-06
0.13879126515100093 5.025569791435645e-06
0.16717010804135124 4.4129911477712714e-05
0.18722670651606932 0.00013370588065990857
0.21617734940395206 0.00024710510125603737
0.2227004025144802 2.512392096980551e-05
0.2663682970486708 0.00013477039000275317
0.27221315559674 1.918314102551523e-05
0.27935598717823307 0.0001327437587899022
0.29994502832816405 9.598120895218121e-06
0.30860681713628213 2.632674549617709e-05
0.326741564481034 3.0617213600551146e-06
0.3421930012658714 6.074860661115934e-05
0.35250511474952173 5.512205412319642e-05
0.35548251807715814 3.444793269305092e-05
0.3603465999732758 1.1351807144173611e-05
0.3637593808260442 0.00013399766530225972
0.3743918770091731 5.191222534825119e-06
0.3822978464573873 1.647214937132289e-05
0.39408289649790096 1.519004085659488e-05
0.5069022052148908 2.8293746231984976e-05
0.6597736549819139 1.5945378635104126e-05
0.7317819516510726 3.300316404242259e-05
0.8297797536180013 2.851554271768802e-05
0.8437365639885752 0.0002114000425036723
0.8489616343777373 0.0003939051128164822
0.8557431911632513 3.389275115275553e-05
0.8704158630926345 5.6526094727074275e-05
0.8837209097740611 5.781717359673499e-05
0.8931451735103912 1.3045471828080627e-05
0.8963128992711911 3.5639549930931145e-05
0.9065677640492054 3.612418313957912e-05
0.9132387642337902 0.00019316476132893995
0.9219551051107505 3.4590431640967536e-05
0.9261944404753653 0.00010370524307851498
0.9406181015385834 0.00010074999170201994
0.9809781851769056 0.00014551934602624958
0.9875348521035909 0.0002965991154667289
1.017728287746849 8.305248284971868e-05
1.0299413230898757 1.3750346333498049e-05
1.0505818168463588 1.19445372682972e-05
1.08373435522914 5.562969023797546e-07
1.0985627125391857 0.0019086169101595741
1.1056342733909774 0.0003991618378815224
1.1094371455587275 9.956192409687673e-06
1.1185140484360911 0.00015254070892187162
1.1338240708665888 7.313155196137556e-05
1.178764880819057 6.116354962584321e-05
1.190618614383086 0.0003026773397696942
1.4125255001345298 2.0908747951435142e-05
