#kx=3.0, ky=3.0, Jx=1.0, Jy=1.0, Jz=1.0, h=0.0
0.03207996776113442 -0.17040818605375993
0.05643428030331743 -0.17040818605375993
0.0843355723238759 -0.17040818605375993
0.09186997603637725 -0.17040818605375993
0.1053726269106059 -0.17040818605375993
0.11539934028076071 -0.17040818605375993
0.12543147756040707 -0.17040818605375993
0.12982911963879962 -0.17040818605375993
0.16610402327255747 -0.17040818605375993
0.17421295452882346 -0.17040818605375993
0.1976558780060178 -0.17040818605375993
0.19983076868086813 -0.17040818605375993
0.21316434642850934 -0.17040818605375993
0.23592165047234326 -0.17040818605375993
0.2372311373897984 -0.17040818605375993
0.25509761420150545 -0.17040818605375993
0.26442647847101763 -0.17040818605375993
0.2776641468366442 -0.17040818605375993
0.28904182532080824 -0.17040818605375993
0.293604904154241 -0.17040818605375993
0.29856400303654607 -0.17040818605375993
0.3042754806273995 -0.17040818605375993
0.312806597081845 -0.17040818605375993
0.3266451870020215 -0.17040818605375993
0.3339357364931189 -0.17040818605375993
0.3561717778952672 -0.17040818605375993
0.39098512628887416 -0.17040818605375993
0.4029732035623651 -0.17040818605375993
0.41815310097082836 -0.17040818605375993
0.4301017854721634 -0.17040818605375993
0.44248630941762845 -0.17040818605375993
0.4546509485005523 -0.17040818605375993
0.4588641272672944 -0.17040818605375993
0.46359645396372495 -0.17040818605375993
0.4736426777759267 -0.17040818605375993
0.47727292501556995 -0.17040818605375993
0.48521173097409664 -0.17040818605375993
0.5098684156569389 -0.17040818605375993
0.5246283943812441 -0.17040818605375993
0.5754904582054721 -0.17040818605375993
0.5808139651558547 -0.17040818605375993
0.602382923901606 -0.17040818605375993
0.631984562991772 -0.17040818605375993
0.638154908468842 -0.17040818605375993
0.667732879413761 -0.17040818605375993
0.6790639338261417 -0.17040818605375993
0.7056953410550287 -0.17040818605375993
0.7254871618773834 -0.17040818605375993
0.7512022308478167 -0.17040818605375993
0.7727284425282654 -0.17040818605375993
0.8615862283446196 -0.17040818605375993
0.8742814924412584 -0.17040818605375993
0.886859230272028 -0.17040818605375993
0.907986482385712 -0.17040818605375993
0.9115202147259294 -0.17040818605375993
0.9469022610790756 -0.17040818605375993
0.9566086541823093 -0.17040818605375993
0.9622904751691319 -0.17040818605375993
0.9680289150474997 -0.17040818605375993
0.9834691884108565 -0.17040818605375993
0.9939044253410517 -0.17040818605375993
1.0017743113421074 -0.17040818605375993
1.0102801251576539 -0.17040818605375993
1.0185560047747189 -0.17040818605375993
1.0254651669427284 -0.17040818605375993
1.0400938255173109 -0.17040818605375993
1.0471582997921658 -0.17040818605375993
1.0497916729422196 -0.17040818605375993
1.068227770572655 -0.17040818605375993
1.0845478871968965 -0.17040818605375993
1.089280660185477 -0.17040818605375993
1.0954723680494782 -0.17040818605375993
1.0986662496155597 -0.17040818605375993
1.1112695234686427 -0.17040818605375993
1.1171695566398787 -0.17040818605375993
1.1258305120977479 -0.17040818605375993
1.1412477334362625 -0.17040818605375993
1.1511564907741971 -0.17040818605375993
1.161375973697777 -0.17040818605375993
1.1700300705640316 -0.17040818605375993
1.1848434851989982 -0.17040818605375993
1.1884062016633812 -0.17040818605375993
1.200819690805834 -0.17040818605375993
1.2070691326926175 -0.17040818605375993
1.2141633471338487 -0.17040818605375993
1.2260227376450483 -0.17040818605375993
1.227945477072785 -0.17040818605375993
1.2495033532827005 -0.17040818605375993
1.2520246403816504 -0.17040818605375993
1.2647563443744363 -0.17040818605375993
1.2729846091784458 -0.17040818605375993
1.283355358766708 -0.17040818605375993
1.288953741081727 -0.17040818605375993
1.3276742592167983 -0.17040818605375993
1.3351629656493862 -0.17040818605375993
1.3532748173844116 -0.17040818605375993
1.3603545292270225 -0.17040818605375993
1.3702671590901012 -0.17040818605375993
1.3815937350989704 -0.17040818605375993
1.4027472352603083 -0.17040818605375993
#kx=2.0, ky=2.0, Jx=1.0, Jy=1.0, Jz=1.0, h=0.0
0.03244713312318681 -0.17043081584876257
0.05894873978378845 -0.17043081584876257
0.08717103379087543 -0.17043081584876257
0.0925862306808406 -0.17043081584876257
0.10652280945469494 -0.17043081584876257
0.11776275178776441 -0.17043081584876257
0.12653533699124586 -0.17043081584876257
0.13428659582486902 -0.17043081584876257
0.16286820021011172 -0.17043081584876257
0.17846256641642078 -0.17043081584876257
0.1981006912608524 -0.17043081584876257
0.20194563203700777 -0.17043081584876257
0.21558070603660828 -0.17043081584876257
0.22941157463284456 -0.17043081584876257
0.23769115355063042 -0.17043081584876257
0.25496383423151026 -0.17043081584876257
0.263660130109693 -0.17043081584876257
0.2773030978741453 -0.17043081584876257
0.28480581663034965 -0.17043081584876257
0.2912046617579406 -0.17043081584876257
0.29409448275358685 -0.17043081584876257
0.30506538147212436 -0.17043081584876257
0.31077473435309144 -0.17043081584876257
0.314689036983119 -0.17043081584876257
0.32882774104408596 -0.17043081584876257
0.3340994020554533 -0.17043081584876257
0.3581748489191805 -0.17043081584876257
0.3990422478142297 -0.17043081584876257
0.4054184336182065 -0.17043081584876257
0.41543953030374225 -0.17043081584876257
0.4312793587063385 -0.17043081584876257
0.44531495617548766 -0.17043081584876257
0.4539820825822172 -0.17043081584876257
0.46096997499256387 -0.17043081584876257
0.4704444611542258 -0.17043081584876257
0.47505310299056913 -0.17043081584876257
0.49037172590723155 -0.17043081584876257
0.5066231464538934 -0.17043081584876257
0.539328826324017 -0.17043081584876257
0.5703941682584152 -0.17043081584876257
0.5755778834749042 -0.17043081584876257
0.586606194442853 -0.17043081584876257
0.6081312301135339 -0.17043081584876257
0.6295582818794832 -0.17043081584876257
0.6358733404310335 -0.17043081584876257
0.6537666094690464 -0.17043081584876257
0.6709912532630413 -0.17043081584876257
0.6953810406033217 -0.17043081584876257
0.7150297657998778 -0.17043081584876257
0.7417288607970968 -0.17043081584876257
0.7820492419393782 -0.17043081584876257
0.8583431862092994 -0.17043081584876257
0.8747077876230863 -0.17043081584876257
0.8988174124724735 -0.17043081584876257
0.9096106193752496 -0.17043081584876257
0.9156019948284871 -0.17043081584876257
0.9204861457838692 -0.17043081584876257
0.9539391313095735 -0.17043081584876257
0.9622239586721532 -0.17043081584876257
0.9722939478392406 -0.17043081584876257
0.9838881752857231 -0.17043081584876257
0.9899771496525434 -0.17043081584876257
1.0002787343345931 -0.17043081584876257
1.0082334877001915 -0.17043081584876257
1.0168862338362565 -0.17043081584876257
1.0250576119980108 -0.17043081584876257
1.0437274420427127 -0.17043081584876257
1.0507524940766828 -0.17043081584876257
1.0556034344615595 -0.17043081584876257
1.0648334361345757 -0.17043081584876257
1.0795525594535371 -0.17043081584876257
1.0876878209090974 -0.17043081584876257
1.0914721802270277 -0.17043081584876257
1.1003484478630587 -0.17043081584876257
1.109201070788905 -0.17043081584876257
1.1217628204618117 -0.17043081584876257
1.1280903261588398 -0.17043081584876257
1.1484880048072927 -0.17043081584876257
1.1623316485529638 -0.17043081584876257
1.1683089274764664 -0.17043081584876257
1.1736340294848162 -0.17043081584876257
1.1849339837602546 -0.17043081584876257
1.1896351747212153 -0.17043081584876257
1.2014797456067416 -0.17043081584876257
1.210760431401496 -0.17043081584876257
1.2211221858938182 -0.17043081584876257
1.229867614291602 -0.17043081584876257
1.2386716245989393 -0.17043081584876257
1.244960273747412 -0.17043081584876257
1.2525177022932 -0.17043081584876257
1.2646887987857758 -0.17043081584876257
1.2782126517022896 -0.17043081584876257
1.2882524570149445 -0.17043081584876257
1.309256674549577 -0.17043081584876257
1.3260931558468085 -0.17043081584876257
1.3454760994973864 -0.17043081584876257
1.358996556861784 -0.17043081584876257
1.3714980222764572 -0.17043081584876257
1.3798096776498114 -0.17043081584876257
1.394558374436869 -0.17043081584876257
#kx=1.0, ky=1.0, Jx=1.0, Jy=1.0, Jz=1.0, h=0.0
-0.03446092359804365 -0.17044756517274368
0.035353153092956835 -0.17044756517274368
0.06568942423021085 -0.17044756517274368
0.08909453690985891 -0.17044756517274368
0.09322554594086874 -0.17044756517274368
0.10780125383299088 -0.17044756517274368
0.11694547497347829 -0.17044756517274368
0.1258758155407136 -0.17044756517274368
0.13895417031283108 -0.17044756517274368
0.15248817040475815 -0.17044756517274368
0.17089577147738344 -0.17044756517274368
0.19333582829325457 -0.17044756517274368
0.199806613002379 -0.17044756517274368
0.2056170598411844 -0.17044756517274368
0.21688078605146988 -0.17044756517274368
0.22819138119318627 -0.17044756517274368
0.23725063746290964 -0.17044756517274368
0.2534536117822367 -0.17044756517274368
0.26733917025777487 -0.17044756517274368
0.2808261555528546 -0.17044756517274368
0.29035562506391 -0.17044756517274368
0.29651547754006025 -0.17044756517274368
0.3060487941783008 -0.17044756517274368
0.31058266631310893 -0.17044756517274368
0.31951609653968094 -0.17044756517274368
0.32983188110953465 -0.17044756517274368
0.3347064895223556 -0.17044756517274368
0.359640671736996 -0.17044756517274368
0.40072822000000563 -0.17044756517274368
0.4076238283024969 -0.17044756517274368
0.4122390409472926 -0.17044756517274368
0.4291581870854466 -0.17044756517274368
0.4396779718869759 -0.17044756517274368
0.4454649330643107 -0.17044756517274368
0.4594721972967447 -0.17044756517274368
0.4668551263884213 -0.17044756517274368
0.47395209364169244 -0.17044756517274368
0.4827678693689913 -0.17044756517274368
0.4963669838658963 -0.17044756517274368
0.5002997814119942 -0.17044756517274368
0.5110225522892214 -0.17044756517274368
0.5645160780899572 -0.17044756517274368
0.5844913566357629 -0.17044756517274368
0.594812601401089 -0.17044756517274368
0.6164306171285638 -0.17044756517274368
0.627016038818396 -0.17044756517274368
0.6588144548450287 -0.17044756517274368
0.6671539339052773 -0.17044756517274368
0.6935995804627626 -0.17044756517274368
0.7081768305444508 -0.17044756517274368
0.7290085760559484 -0.17044756517274368
0.7999341949656436 -0.17044756517274368
0.826836253655317 -0.17044756517274368
0.8662949730206987 -0.17044756517274368
0.8921921787661441 -0.17044756517274368
0.9037633369263687 -0.17044756517274368
0.9091366023437214 -0.17044756517274368
0.9179202612384352 -0.17044756517274368
0.9340532613917524 -0.17044756517274368
0.9504881919319286 -0.17044756517274368
0.9615570160099141 -0.17044756517274368
0.972790681771506 -0.17044756517274368
0.9825887579431586 -0.17044756517274368
0.9911003382764949 -0.17044756517274368
1.0006176589429816 -0.17044756517274368
1.0180594304502506 -0.17044756517274368
1.0283298101584704 -0.17044756517274368
1.0361013977551847 -0.17044756517274368
1.0497212622821173 -0.17044756517274368
1.0523571016373796 -0.17044756517274368
1.0612715024889892 -0.17044756517274368
1.0806777460978845 -0.17044756517274368
1.0870275362890909 -0.17044756517274368
1.0946739465361794 -0.17044756517274368
1.1009939540910785 -0.17044756517274368
1.1216348654451664 -0.17044756517274368
1.1249182951436136 -0.17044756517274368
1.143457381412698 -0.17044756517274368
1.156442269725838 -0.17044756517274368
1.1632803348109881 -0.17044756517274368
1.1696696906595683 -0.17044756517274368
1.1824863798716778 -0.17044756517274368
1.1911975207731362 -0.17044756517274368
1.2021953531700298 -0.17044756517274368
1.2071634126925095 -0.17044756517274368
1.215810421224936 -0.17044756517274368
1.2282317266007325 -0.17044756517274368
1.2354108786545086 -0.17044756517274368
1.2406823105012255 -0.17044756517274368
1.2541052104429995 -0.17044756517274368
1.2647798875226908 -0.17044756517274368
1.2739530480502133 -0.17044756517274368
1.279024751149046 -0.17044756517274368
1.320201853673857 -0.17044756517274368
1.3348255258281028 -0.17044756517274368
1.3444657112136698 -0.17044756517274368
1.3581690338923336 -0.17044756517274368
1.375322612121146 -0.17044756517274368
1.382109341738471 -0.17044756517274368
1.3936597178613814 -0.17044756517274368
#kx=0.0, ky=0.0, Jx=1.0, Jy=1.0, Jz=1.0, h=0.0
-0.0817177428031507 -0.17045443906837898
0.0379333342338084 -0.17045443906837898
0.0688813921233089 -0.17045443906837898
0.0862263332473795 -0.17045443906837898
0.09331896360925462 -0.17045443906837898
0.1043170961808465 -0.17045443906837898
0.11266564853065986 -0.17045443906837898
0.1248145816177948 -0.17045443906837898
0.1419962143535164 -0.17045443906837898
0.1466475021169944 -0.17045443906837898
0.17151884068215884 -0.17045443906837898
0.187334742699104 -0.17045443906837898
0.19412589525031 -0.17045443906837898
0.2058997776424476 -0.17045443906837898
0.2166796721929931 -0.17045443906837898
0.22327853053458024 -0.17045443906837898
0.2362721013511665 -0.17045443906837898
0.2512508897347049 -0.17045443906837898
0.2620499351593186 -0.17045443906837898
0.26965434783736975 -0.17045443906837898
0.28925150409383593 -0.17045443906837898
0.2965658942765159 -0.17045443906837898
0.3042649332559899 -0.17045443906837898
0.3087345001971181 -0.17045443906837898
0.3149621577770284 -0.17045443906837898
0.32674941152257386 -0.17045443906837898
0.33343848054934955 -0.17045443906837898
0.3447443566067393 -0.17045443906837898
0.36200990325076454 -0.17045443906837898
0.3740613028130896 -0.17045443906837898
0.4038628265371669 -0.17045443906837898
0.40902196086925136 -0.17045443906837898
0.42527351086645016 -0.17045443906837898
0.42923196114884654 -0.17045443906837898
0.44355023673296134 -0.17045443906837898
0.45180475368278294 -0.17045443906837898
0.461629230162352 -0.17045443906837898
0.4707829582388179 -0.17045443906837898
0.4745740474890897 -0.17045443906837898
0.49194560989845315 -0.17045443906837898
0.4971222500406475 -0.17045443906837898
0.5378029587916161 -0.17045443906837898
0.5727009027054186 -0.17045443906837898
0.5821038074048712 -0.17045443906837898
0.598644576145233 -0.17045443906837898
0.6137982497983774 -0.17045443906837898
0.6256528132663636 -0.17045443906837898
0.656262677606404 -0.17045443906837898
0.6713911830415387 -0.17045443906837898
0.6967224566113767 -0.17045443906837898
0.7058181064706737 -0.17045443906837898
0.7294049280232018 -0.17045443906837898
0.7647812846026109 -0.17045443906837898
0.8418392367833349 -0.17045443906837898
0.8770956042424327 -0.17045443906837898
0.8905900481727369 -0.17045443906837898
0.9086716115529647 -0.17045443906837898
0.9168003374370476 -0.17045443906837898
0.9256528471397796 -0.17045443906837898
0.943162928690407 -0.17045443906837898
0.9568754129711127 -0.17045443906837898
0.9711173892782676 -0.17045443906837898
0.9740941410920229 -0.17045443906837898
0.9890336903134284 -0.17045443906837898
0.9947507290128688 -0.17045443906837898
1.002912751447385 -0.17045443906837898
1.0170480367981738 -0.17045443906837898
1.0261671702989057 -0.17045443906837898
1.0438700524129159 -0.17045443906837898
1.0520638793357417 -0.17045443906837898
1.0566747280336104 -0.17045443906837898
1.062604184575603 -0.17045443906837898
1.0825535815224248 -0.17045443906837898
1.093959056968098 -0.17045443906837898
1.0975818492641238 -0.17045443906837898
1.1137547341796805 -0.17045443906837898
1.1250072374963982 -0.17045443906837898
1.1329391528206418 -0.17045443906837898
1.1485399656493716 -0.17045443906837898
1.1620640673699678 -0.17045443906837898
1.1703043390976975 -0.17045443906837898
1.1764801176801065 -0.17045443906837898
1.186978097592843 -0.17045443906837898
1.1956637440042623 -0.17045443906837898
1.2054471394453903 -0.17045443906837898
1.2133888462569713 -0.17045443906837898
1.2145185439134443 -0.17045443906837898
1.2268689845704295 -0.17045443906837898
1.238213914804938 -0.17045443906837898
1.2428631450160426 -0.17045443906837898
1.2627488717201663 -0.17045443906837898
1.267091314128637 -0.17045443906837898
1.2758569992771096 -0.17045443906837898
1.2849718383713327 -0.17045443906837898
1.3217295883116615 -0.17045443906837898
1.344148324734603 -0.17045443906837898
1.35492258779006 -0.17045443906837898
1.3626819324150947 -0.17045443906837898
1.3783712951641924 -0.17045443906837898
1.3865099737631543 -0.17045443906837898
1.4099137513459226 -0.17045443906837898
#kx=0.0, ky=1.0, Jx=1.0, Jy=1.0, Jz=1.0, h=0.0
-0.05722544998735257 -0.1704477300016822
0.03718177415825474 -0.1704477300016822
0.06557605351331319 -0.1704477300016822
0.08971193065277716 -0.1704477300016822
0.09301457542979452 -0.1704477300016822
0.10803561021050512 -0.1704477300016822
0.11720638616609769 -0.1704477300016822
0.12596447651073595 -0.1704477300016822
0.14037746677117602 -0.1704477300016822
0.1518498454640166 -0.1704477300016822
0.17292291175227237 -0.1704477300016822
0.19266433599279098 -0.1704477300016822
0.20147366914804066 -0.1704477300016822
0.20647354826937303 -0.1704477300016822
0.21942540248829967 -0.1704477300016822
0.22625759420425218 -0.1704477300016822
0.23667809314271704 -0.1704477300016822
0.2521293255954882 -0.1704477300016822
0.2660754010783084 -0.1704477300016822
0.2741079439076122 -0.1704477300016822
0.29064226093767964 -0.1704477300016822
0.2972075860620421 -0.1704477300016822
0.306842261543398 -0.1704477300016822
0.312739887744759 -0.1704477300016822
0.31842516730377524 -0.1704477300016822
0.3306285209009918 -0.1704477300016822
0.3336271270127483 -0.1704477300016822
0.3534438191228506 -0.1704477300016822
0.3901024635568845 -0.1704477300016822
0.4054230997271757 -0.1704477300016822
0.4105709768313687 -0.1704477300016822
0.42652419073385905 -0.1704477300016822
0.43645395471697546 -0.1704477300016822
0.4442509231517011 -0.1704477300016822
0.4531317105263505 -0.1704477300016822
0.46298723826991794 -0.1704477300016822
0.4735086529720567 -0.1704477300016822
0.47556741684824655 -0.1704477300016822
0.4872471347986135 -0.1704477300016822
0.4990421676867307 -0.1704477300016822
0.5099261325431159 -0.1704477300016822
0.5589069910987443 -0.1704477300016822
0.5844800786202364 -0.1704477300016822
0.5946294591090573 -0.1704477300016822
0.6100057633947709 -0.1704477300016822
0.6263092536487253 -0.1704477300016822
0.6527498001647897 -0.1704477300016822
0.6658995018229646 -0.1704477300016822
0.694563180876489 -0.1704477300016822
0.7001009909730371 -0.1704477300016822
0.714429819619023 -0.1704477300016822
0.7626379965443808 -0.1704477300016822
0.8073481016823286 -0.1704477300016822
0.8629944188081196 -0.1704477300016822
0.8850659126114013 -0.1704477300016822
0.8975793281288169 -0.1704477300016822
0.910633219198449 -0.1704477300016822
0.9158234617753369 -0.1704477300016822
0.935646718342702 -0.1704477300016822
0.9509260772017958 -0.1704477300016822
0.9610534347509547 -0.1704477300016822
0.9721752858218069 -0.1704477300016822
0.983893562580252 -0.1704477300016822
0.9924663959958863 -0.1704477300016822
0.9988030888243732 -0.1704477300016822
1.0090130993336033 -0.1704477300016822
1.0271299623697228 -0.1704477300016822
1.0371830839778058 -0.1704477300016822
1.0512435250475383 -0.1704477300016822
1.055278791429071 -0.1704477300016822
1.0613828040007194 -0.1704477300016822
1.077308062670671 -0.1704477300016822
1.0880715113246386 -0.1704477300016822
1.0948555972987628 -0.1704477300016822
1.0983590204817077 -0.1704477300016822
1.1226115513862445 -0.1704477300016822
1.1247167813944015 -0.1704477300016822
1.1456231709493103 -0.1704477300016822
1.149864146732068 -0.1704477300016822
1.1635812563009078 -0.1704477300016822
1.169187020886162 -0.1704477300016822
1.182509365736684 -0.1704477300016822
1.1946863095624276 -0.1704477300016822
1.2004838167211056 -0.1704477300016822
1.2088428505988347 -0.1704477300016822
1.215761017365744 -0.1704477300016822
1.2271814774249106 -0.1704477300016822
1.2360661567231868 -0.1704477300016822
1.2419479584580406 -0.1704477300016822
1.2572176666311274 -0.1704477300016822
1.2654995968207956 -0.1704477300016822
1.2753007936757514 -0.1704477300016822
1.2788935040016525 -0.1704477300016822
1.3191051579320234 -0.1704477300016822
1.3420787357002966 -0.1704477300016822
1.34676136351159 -0.1704477300016822
1.3586494480734868 -0.1704477300016822
1.3748983390529497 -0.1704477300016822
1.3828616275034218 -0.1704477300016822
1.3983324540986382 -0.1704477300016822
#kx=0.0, ky=2.0, Jx=1.0, Jy=1.0, Jz=1.0, h=0.0
0.034541843509898196 -0.17043055898888232
0.06276032847583435 -0.17043055898888232
0.08574906211090083 -0.17043055898888232
0.09194400489473897 -0.17043055898888232
0.10734581675175436 -0.17043055898888232
0.11479793147541273 -0.17043055898888232
0.12649400559155477 -0.17043055898888232
0.1378026780262842 -0.17043055898888232
0.16326123540073012 -0.17043055898888232
0.17556813200977128 -0.17043055898888232
0.1970574319279217 -0.17043055898888232
0.20286051105708636 -0.17043055898888232
0.21335543517699063 -0.17043055898888232
0.21831973741269883 -0.17043055898888232
0.23652058736644055 -0.17043055898888232
0.2514834372788177 -0.17043055898888232
0.26314061143003886 -0.17043055898888232
0.2658745249818284 -0.17043055898888232
0.28382829820214894 -0.17043055898888232
0.2903095618212198 -0.17043055898888232
0.2955465530259832 -0.17043055898888232
0.3054966831011907 -0.17043055898888232
0.3081911166005863 -0.17043055898888232
0.3153742626969125 -0.17043055898888232
0.3273334696110053 -0.17043055898888232
0.3324877309407831 -0.17043055898888232
0.3493032278407948 -0.17043055898888232
0.3955403231581506 -0.17043055898888232
0.4025593703443364 -0.17043055898888232
0.41223249522228056 -0.17043055898888232
0.42542599592855723 -0.17043055898888232
0.43478629957160564 -0.17043055898888232
0.4542439942092369 -0.17043055898888232
0.46042032716941794 -0.17043055898888232
0.4714447755141904 -0.17043055898888232
0.4733460740422313 -0.17043055898888232
0.4915433542528619 -0.17043055898888232
0.5017758103438286 -0.17043055898888232
0.5151181261657672 -0.17043055898888232
0.5373571735112798 -0.17043055898888232
0.5722483736720113 -0.17043055898888232
0.5869664006181768 -0.17043055898888232
0.5981637474549528 -0.17043055898888232
0.6010119404925435 -0.17043055898888232
0.6259982714998796 -0.17043055898888232
0.6390699067029026 -0.17043055898888232
0.6575850141397122 -0.17043055898888232
0.692902049232908 -0.17043055898888232
0.7078811001301522 -0.17043055898888232
0.7342407670075601 -0.17043055898888232
0.7808596502152448 -0.17043055898888232
0.8219211556906048 -0.17043055898888232
0.8590904867509441 -0.17043055898888232
0.8786314481141383 -0.17043055898888232
0.8950148125973684 -0.17043055898888232
0.9122136267057762 -0.17043055898888232
0.9168440703007547 -0.17043055898888232
0.9222301716337777 -0.17043055898888232
0.953155830532959 -0.17043055898888232
0.9605763599835437 -0.17043055898888232
0.9736954520865332 -0.17043055898888232
0.9858922982680751 -0.17043055898888232
0.9914307861072619 -0.17043055898888232
0.9940306500740159 -0.17043055898888232
1.0062955534928602 -0.17043055898888232
1.0182394794322458 -0.17043055898888232
1.0296762559643984 -0.17043055898888232
1.0453561569431606 -0.17043055898888232
1.0516518540923099 -0.17043055898888232
1.0553169476689588 -0.17043055898888232
1.0622220423889983 -0.17043055898888232
1.0801457092699773 -0.17043055898888232
1.088870854540895 -0.17043055898888232
1.0936959871138074 -0.17043055898888232
1.1066835069701892 -0.17043055898888232
1.1220032647310618 -0.17043055898888232
1.1278723626669747 -0.17043055898888232
1.1467814290809915 -0.17043055898888232
1.161505098263187 -0.17043055898888232
1.1663844595572848 -0.17043055898888232
1.1695802507600068 -0.17043055898888232
1.1852529328704957 -0.17043055898888232
1.1951737304591703 -0.17043055898888232
1.2016892296942765 -0.17043055898888232
1.2101350740031758 -0.17043055898888232
1.2194640817013052 -0.17043055898888232
1.2285674147186387 -0.17043055898888232
1.2412509284746136 -0.17043055898888232
1.2480157884886256 -0.17043055898888232
1.2616330465453585 -0.17043055898888232
1.2680582869084582 -0.17043055898888232
1.2772286452630737 -0.17043055898888232
1.2836684121028918 -0.17043055898888232
1.3265474765572527 -0.17043055898888232
1.343524801663295 -0.17043055898888232
1.354950216967949 -0.17043055898888232
1.3686826677455803 -0.17043055898888232
1.3792465376547525 -0.17043055898888232
1.3849602913479875 -0.17043055898888232
1.4263953828338543 -0.17043055898888232
#kx=0.0, ky=3.0, Jx=1.0, Jy=1.0, Jz=1.0, h=0.0
0.03376719927400129 -0.1704072419549953
0.04489057297358656 -0.1704072419549953
0.06148872194051358 -0.1704072419549953
0.08403819671442714 -0.1704072419549953
0.0926983596090547 -0.1704072419549953
0.10666256865633827 -0.1704072419549953
0.11649041718420627 -0.1704072419549953
0.12657795135790462 -0.1704072419549953
0.1351026291510493 -0.1704072419549953
0.16781984717045395 -0.1704072419549953
0.18228713361333249 -0.1704072419549953
0.19901820123876257 -0.1704072419549953
0.20223579563884875 -0.1704072419549953
0.21611125050958246 -0.1704072419549953
0.2212369357446714 -0.1704072419549953
0.2381797203079361 -0.1704072419549953
0.25167147490441133 -0.1704072419549953
0.26662501362510915 -0.1704072419549953
0.2774631991738513 -0.1704072419549953
0.2907623298395756 -0.1704072419549953
0.29552686879418866 -0.1704072419549953
0.3059694599216134 -0.1704072419549953
0.31050195673255676 -0.1704072419549953
0.31843540890209465 -0.1704072419549953
0.32722579893881387 -0.1704072419549953
0.3360210842960837 -0.1704072419549953
0.3504754052194825 -0.1704072419549953
0.3980618263015362 -0.1704072419549953
0.4049086940901775 -0.1704072419549953
0.417917963896855 -0.1704072419549953
0.4262259264421092 -0.1704072419549953
0.44498345352621316 -0.1704072419549953
0.44864866237375345 -0.1704072419549953
0.4585905329757006 -0.1704072419549953
0.46908633903400554 -0.1704072419549953
0.47589446048374284 -0.1704072419549953
0.4809118510195004 -0.1704072419549953
0.48878051434069536 -0.1704072419549953
0.5197507536298329 -0.1704072419549953
0.5489808760725345 -0.1704072419549953
0.575474498840351 -0.1704072419549953
0.5960683917730708 -0.1704072419549953
0.6033426633082284 -0.1704072419549953
0.6177878253758234 -0.1704072419549953
0.6324135544222792 -0.1704072419549953
0.6523414574789549 -0.1704072419549953
0.6763980366035344 -0.1704072419549953
0.6988761622109879 -0.1704072419549953
0.7064210469358373 -0.1704072419549953
0.742479536438253 -0.1704072419549953
0.8331131501786948 -0.1704072419549953
0.8673002504647637 -0.1704072419549953
0.8761926498454914 -0.1704072419549953
0.8875447861299418 -0.1704072419549953
0.9030348649477776 -0.1704072419549953
0.9147282161978371 -0.1704072419549953
0.921862996216507 -0.1704072419549953
0.9469694867106071 -0.1704072419549953
0.9569546312852745 -0.1704072419549953
0.9636600531935341 -0.1704072419549953
0.9816104584783092 -0.1704072419549953
0.984982130778494 -0.1704072419549953
0.9932302997586223 -0.1704072419549953
1.0049120482282419 -0.1704072419549953
1.0152126703996873 -0.1704072419549953
1.0241030066736494 -0.1704072419549953
1.0372123653464853 -0.1704072419549953
1.0462456977283692 -0.1704072419549953
1.0499258561611442 -0.1704072419549953
1.0576698226921173 -0.1704072419549953
1.0702382369186565 -0.1704072419549953
1.082051207233874 -0.1704072419549953
1.0880227165882639 -0.1704072419549953
1.094552117276587 -0.1704072419549953
1.101684034852819 -0.1704072419549953
1.1156769483941824 -0.1704072419549953
1.1323488659337433 -0.1704072419549953
1.1431885255730752 -0.1704072419549953
1.151340366033176 -0.1704072419549953
1.16675521726896 -0.1704072419549953
1.1700640716045962 -0.1704072419549953
1.1825664222457881 -0.1704072419549953
1.1975187631489277 -0.1704072419549953
1.201714110396948 -0.1704072419549953
1.2097720913620147 -0.1704072419549953
1.2198747141023074 -0.1704072419549953
1.2259255155225905 -0.1704072419549953
1.2413297510187289 -0.1704072419549953
1.2508703717850884 -0.1704072419549953
1.2617803019664335 -0.1704072419549953
1.2704961032460256 -0.1704072419549953
1.2776162732252487 -0.1704072419549953
1.2801080515191443 -0.1704072419549953
1.3139211232690933 -0.1704072419549953
1.331112936226001 -0.1704072419549953
1.3460783831495444 -0.1704072419549953
1.3583127415978224 -0.1704072419549953
1.3663665470784676 -0.1704072419549953
1.3794576943272912 -0.1704072419549953
1.3962493201963495 -0.1704072419549953
#kx=0.0, ky=4.0, Jx=1.0, Jy=1.0, Jz=1.0, h=0.0
0.03030196873795299 -0.17038378668572107
0.05796439523615138 -0.17038378668572107
0.08275044671892606 -0.17038378668572107
0.09179107691819843 -0.17038378668572107
0.10407026674140896 -0.17038378668572107
0.11532464818805155 -0.17038378668572107
0.12694403176196856 -0.17038378668572107
0.13230243094486616 -0.17038378668572107
0.16646320779463597 -0.17038378668572107
0.17669130834575886 -0.17038378668572107
0.1937711573209222 -0.17038378668572107
0.2011438378787156 -0.17038378668572107
0.2112900268477763 -0.17038378668572107
0.2261536692205035 -0.17038378668572107
0.2379022507313877 -0.17038378668572107
0.2503524085003722 -0.17038378668572107
0.2650185922715881 -0.17038378668572107
0.2780775576787603 -0.17038378668572107
0.28996099859815494 -0.17038378668572107
0.2917347268039666 -0.17038378668572107
0.30235764820029376 -0.17038378668572107
0.3092976339481618 -0.17038378668572107
0.3148517184794347 -0.17038378668572107
0.325406689901378 -0.17038378668572107
0.3368262143851958 -0.17038378668572107
0.3460349224267839 -0.17038378668572107
0.39540494134693405 -0.17038378668572107
0.3999662635109619 -0.17038378668572107
0.41240008628109615 -0.17038378668572107
0.42429621085522895 -0.17038378668572107
0.4387508713278082 -0.17038378668572107
0.4504461969158158 -0.17038378668572107
0.4574782152233703 -0.17038378668572107
0.4638247428665332 -0.17038378668572107
0.47706820493055246 -0.17038378668572107
0.48024040866728235 -0.17038378668572107
0.5002167879487174 -0.17038378668572107
0.5317620051992811 -0.17038378668572107
0.5521924811070372 -0.17038378668572107
0.5711294169502784 -0.17038378668572107
0.5894272357267483 -0.17038378668572107
0.6128391345658307 -0.17038378668572107
0.6206549741204531 -0.17038378668572107
0.633345082502042 -0.17038378668572107
0.659207219257632 -0.17038378668572107
0.682869743611686 -0.17038378668572107
0.6974772813158525 -0.17038378668572107
0.7113403748896352 -0.17038378668572107
0.7589821833028154 -0.17038378668572107
0.7911397591253821 -0.17038378668572107
0.8522952698410202 -0.17038378668572107
0.8771185712999602 -0.17038378668572107
0.8905622259847101 -0.17038378668572107
0.9114046946633603 -0.17038378668572107
0.923073875354184 -0.17038378668572107
0.9443597698069733 -0.17038378668572107
0.9591384649013074 -0.17038378668572107
0.9630209450799293 -0.17038378668572107
0.9793837739621114 -0.17038378668572107
0.9834866354760358 -0.17038378668572107
0.9902789805287376 -0.17038378668572107
1.002921110742108 -0.17038378668572107
1.0156605987685952 -0.17038378668572107
1.0228222224188994 -0.17038378668572107
1.0402299328042186 -0.17038378668572107
1.042730316623528 -0.17038378668572107
1.0470293969566868 -0.17038378668572107
1.0554012224821019 -0.17038378668572107
1.0624842728091015 -0.17038378668572107
1.0816938453343465 -0.17038378668572107
1.088324680012314 -0.17038378668572107
1.0959242712579669 -0.17038378668572107
1.1047495118263784 -0.17038378668572107
1.1154285519158398 -0.17038378668572107
1.1181952648542592 -0.17038378668572107
1.1362925630624843 -0.17038378668572107
1.143571291082866 -0.17038378668572107
1.1578504595624528 -0.17038378668572107
1.1636415957821278 -0.17038378668572107
1.1679152722537274 -0.17038378668572107
1.1823709273684502 -0.17038378668572107
1.1877103031327958 -0.17038378668572107
1.1986910471993033 -0.17038378668572107
1.209756468706975 -0.17038378668572107
1.218823600614457 -0.17038378668572107
1.2269685197552755 -0.17038378668572107
1.2341405585493037 -0.17038378668572107
1.2406956234610866 -0.17038378668572107
1.2562463716180168 -0.17038378668572107
1.2714859855072036 -0.17038378668572107
1.2766894068867956 -0.17038378668572107
1.2807030062660947 -0.17038378668572107
1.2871831715595001 -0.17038378668572107
1.3258996297425119 -0.17038378668572107
1.3398228516672477 -0.17038378668572107
1.3490101564216235 -0.17038378668572107
1.3608027655297872 -0.17038378668572107
1.3621702870803483 -0.17038378668572107
1.3810784293520055 -0.17038378668572107
1.3918860539955462 -0.17038378668572107
#kx=0.0, ky=5.0, Jx=1.0, Jy=1.0, Jz=1.0, h=0.0
0.002534331564784109 -0.17036658684817682
0.031292755046409826 -0.17036658684817682
0.05999627953328035 -0.17036658684817682
0.08296453043703911 -0.17036658684817682
0.09242310212005445 -0.17036658684817682
0.10359708822590907 -0.17036658684817682
0.11802783421745788 -0.17036658684817682
0.12803383819577463 -0.17036658684817682
0.13298853448841685 -0.17036658684817682
0.16645022320512737 -0.17036658684817682
0.17466895327565568 -0.17036658684817682
0.19738105098644598 -0.17036658684817682
0.20528275575561694 -0.17036658684817682
0.21736980170745546 -0.17036658684817682
0.2292001556098311 -0.17036658684817682
0.23891158237606291 -0.17036658684817682
0.25496789784910767 -0.17036658684817682
0.262109844432894 -0.17036658684817682
0.27831932802153625 -0.17036658684817682
0.2824192454345076 -0.17036658684817682
0.291815374377804 -0.17036658684817682
0.3030981880028466 -0.17036658684817682
0.3102778856175059 -0.17036658684817682
0.3139506087668853 -0.17036658684817682
0.3250605650337274 -0.17036658684817682
0.3390356166566716 -0.17036658684817682
0.34745671849266857 -0.17036658684817682
0.39786827343534503 -0.17036658684817682
0.40268926110966996 -0.17036658684817682
0.415814867630403 -0.17036658684817682
0.42901225509144936 -0.17036658684817682
0.4335464491379981 -0.17036658684817682
0.4482860131578398 -0.17036658684817682
0.4549853443459445 -0.17036658684817682
0.4576703769581114 -0.17036658684817682
0.4739697035976326 -0.17036658684817682
0.47702641441214166 -0.17036658684817682
0.4868085276817441 -0.17036658684817682
0.5179275287947027 -0.17036658684817682
0.538609795314629 -0.17036658684817682
0.5737166263728116 -0.17036658684817682
0.5977869432837629 -0.17036658684817682
0.6230322084858564 -0.17036658684817682
0.6311963059603959 -0.17036658684817682
0.6579797788709862 -0.17036658684817682
0.6847044881691139 -0.17036658684817682
0.6965418500026233 -0.17036658684817682
0.7107864122852287 -0.17036658684817682
0.7597451906069991 -0.17036658684817682
0.7845121158441548 -0.17036658684817682
0.8520942628488176 -0.17036658684817682
0.8711881632088114 -0.17036658684817682
0.8990266269655517 -0.17036658684817682
0.9096775185737255 -0.17036658684817682
0.9207176498644931 -0.17036658684817682
0.9523308002065772 -0.17036658684817682
0.9605770476953596 -0.17036658684817682
0.9617722554579189 -0.17036658684817682
0.9739440712818592 -0.17036658684817682
0.9851764462573431 -0.17036658684817682
0.9890617937068891 -0.17036658684817682
1.0022170072383851 -0.17036658684817682
1.0098527701197246 -0.17036658684817682
1.0253531724529314 -0.17036658684817682
1.035919945546055 -0.17036658684817682
1.0456330926928914 -0.17036658684817682
1.047506104196418 -0.17036658684817682
1.0559693493030298 -0.17036658684817682
1.0738557309876484 -0.17036658684817682
1.0849949701259964 -0.17036658684817682
1.097186737865112 -0.17036658684817682
1.1031921401817786 -0.17036658684817682
1.112521666017754 -0.17036658684817682
1.1163886242281018 -0.17036658684817682
1.1330686795727223 -0.17036658684817682
1.1429191240233565 -0.17036658684817682
1.15229270731201 -0.17036658684817682
1.159507277111066 -0.17036658684817682
1.1645922832392834 -0.17036658684817682
1.1746274846089682 -0.17036658684817682
1.1762163862787274 -0.17036658684817682
1.1851822978778177 -0.17036658684817682
1.1991010977599148 -0.17036658684817682
1.2105645579750257 -0.17036658684817682
1.2182568929296045 -0.17036658684817682
1.228415265362866 -0.17036658684817682
1.2341851657936171 -0.17036658684817682
1.246968205531338 -0.17036658684817682
1.258180728716477 -0.17036658684817682
1.2692304534961214 -0.17036658684817682
1.2759055992635915 -0.17036658684817682
1.2814723642630317 -0.17036658684817682
1.2896840263611276 -0.17036658684817682
1.312308064225518 -0.17036658684817682
1.3400969247186334 -0.17036658684817682
1.3485564613665284 -0.17036658684817682
1.3596845343311177 -0.17036658684817682
1.3667327437294585 -0.17036658684817682
1.381845101278956 -0.17036658684817682
1.3927983692362993 -0.17036658684817682
#kx=0.0, ky=6.0, Jx=1.0, Jy=1.0, Jz=1.0, h=0.0
0.0308569833675032 -0.1703606693844399
0.056544688630606466 -0.1703606693844399
0.07913051512511371 -0.1703606693844399
0.08981651748789954 -0.1703606693844399
0.10268615234201472 -0.1703606693844399
0.11426139498978083 -0.1703606693844399
0.12751681848770013 -0.1703606693844399
0.13392455499093014 -0.1703606693844399
0.16226521630367752 -0.1703606693844399
0.17188423791462182 -0.1703606693844399
0.18763854481121944 -0.1703606693844399
0.2027684182682099 -0.1703606693844399
0.20836609483808333 -0.1703606693844399
0.22033027009441541 -0.1703606693844399
0.23609137260453994 -0.1703606693844399
0.24988174967734866 -0.1703606693844399
0.2571169673641094 -0.1703606693844399
0.2726905750992381 -0.1703606693844399
0.28103912559646005 -0.1703606693844399
0.2896346124375815 -0.1703606693844399
0.29638036717828165 -0.1703606693844399
0.3069820865694839 -0.1703606693844399
0.31352630281925975 -0.1703606693844399
0.3220543399690806 -0.1703606693844399
0.34173862967873614 -0.1703606693844399
0.34699449057121357 -0.1703606693844399
0.3578782121480223 -0.1703606693844399
0.398076078406569 -0.1703606693844399
0.4037012530105155 -0.1703606693844399
0.4166767551035977 -0.1703606693844399
0.4320264540704616 -0.1703606693844399
0.44436357086273526 -0.1703606693844399
0.4478577504056219 -0.1703606693844399
0.4515749649596701 -0.1703606693844399
0.46150812122022045 -0.1703606693844399
0.4762364717924533 -0.1703606693844399
0.4844725214168194 -0.1703606693844399
0.5117653327562732 -0.1703606693844399
0.5252414776530739 -0.1703606693844399
0.5705757560703789 -0.1703606693844399
0.583830918511164 -0.1703606693844399
0.617832687544973 -0.1703606693844399
0.6311529533722848 -0.1703606693844399
0.6436757269241661 -0.1703606693844399
0.6716500084008353 -0.1703606693844399
0.6951247814477596 -0.1703606693844399
0.7024981078048786 -0.1703606693844399
0.7505962492648655 -0.1703606693844399
0.7735069446424675 -0.1703606693844399
0.8291363437094046 -0.1703606693844399
0.8715358746539398 -0.1703606693844399
0.8940613536760861 -0.1703606693844399
0.9068303845066827 -0.1703606693844399
0.9140767281026108 -0.1703606693844399
0.945673200356501 -0.1703606693844399
0.9549133469501359 -0.1703606693844399
0.9624159812239641 -0.1703606693844399
0.9648861398168068 -0.1703606693844399
0.9763927705115455 -0.1703606693844399
0.9872374623304786 -0.1703606693844399
0.9954239201251569 -0.1703606693844399
1.0064429328089264 -0.1703606693844399
1.019490257349368 -0.1703606693844399
1.0271217135057893 -0.1703606693844399
1.043384742411042 -0.1703606693844399
1.0468122023417403 -0.1703606693844399
1.057316280969403 -0.1703606693844399
1.066340190247303 -0.1703606693844399
1.0778185719597015 -0.1703606693844399
1.0875075919491946 -0.1703606693844399
1.1021461195597455 -0.1703606693844399
1.110979426004064 -0.1703606693844399
1.116036240858601 -0.1703606693844399
1.1254089879767781 -0.1703606693844399
1.1296215044802111 -0.1703606693844399
1.146494104406059 -0.1703606693844399
1.159834219853067 -0.1703606693844399
1.162539345073423 -0.1703606693844399
1.1740031851327566 -0.1703606693844399
1.1763676608131846 -0.1703606693844399
1.186255413255533 -0.1703606693844399
1.1935970464194972 -0.1703606693844399
1.2069317310504102 -0.1703606693844399
1.2127864451955013 -0.1703606693844399
1.220397105449364 -0.1703606693844399
1.2304286566782991 -0.1703606693844399
1.2375257722920008 -0.1703606693844399
1.2486534869102623 -0.1703606693844399
1.2579402557318105 -0.1703606693844399
1.2743071898912421 -0.1703606693844399
1.27625152636549 -0.1703606693844399
1.2937565033870413 -0.1703606693844399
1.3109608534431427 -0.1703606693844399
1.3283889185658109 -0.1703606693844399
1.3405906017752944 -0.1703606693844399
1.35056450647842 -0.1703606693844399
1.3651017211242182 -0.1703606693844399
1.3816954525562757 -0.1703606693844399
1.390297853326976 -0.1703606693844399
1.4063165559979778 -0.1703606693844399
#kx=1.0, ky=5.0, Jx=1.0, Jy=1.0, Jz=1.0, h=0.0
0.031170278621614478 -0.17036693148723922
0.05579976088091798 -0.17036693148723922
0.08060630242957667 -0.17036693148723922
0.0928008847381212 -0.17036693148723922
0.10416134855615433 -0.17036693148723922
0.11471561746110637 -0.17036693148723922
0.1270931874390263 -0.17036693148723922
0.13301651452771068 -0.17036693148723922
0.16513181953525247 -0.17036693148723922
0.173327761840526 -0.17036693148723922
0.19092448517546878 -0.17036693148723922
0.20143949117901738 -0.17036693148723922
0.21048129388139103 -0.17036693148723922
0.22759005672294885 -0.17036693148723922
0.23668991837802633 -0.17036693148723922
0.2543115930895756 -0.17036693148723922
0.25976085977307883 -0.17036693148723922
0.27682231479250363 -0.17036693148723922
0.28148657342082883 -0.17036693148723922
0.29140554097126403 -0.17036693148723922
0.30171968570875285 -0.17036693148723922
0.3060538370421306 -0.17036693148723922
0.31073776082400806 -0.17036693148723922
0.32424833372973916 -0.17036693148723922
0.337225370590043 -0.17036693148723922
0.3493990360134269 -0.17036693148723922
0.39731723607900893 -0.17036693148723922
0.4041097458457432 -0.17036693148723922
0.4191980615081914 -0.17036693148723922
0.422470844174333 -0.17036693148723922
0.4320372652946991 -0.17036693148723922
0.44810851187785716 -0.17036693148723922
0.4513507458349564 -0.17036693148723922
0.4559628959143974 -0.17036693148723922
0.46333293489878413 -0.17036693148723922
0.47576475531283413 -0.17036693148723922
0.48341612339288687 -0.17036693148723922
0.5120918018751203 -0.17036693148723922
0.5414017182122738 -0.17036693148723922
0.577479511693012 -0.17036693148723922
0.5879731851221437 -0.17036693148723922
0.6215308755667814 -0.17036693148723922
0.6368861642100704 -0.17036693148723922
0.6496751967375092 -0.17036693148723922
0.6792374122638484 -0.17036693148723922
0.6890700089166263 -0.17036693148723922
0.7005059454251866 -0.17036693148723922
0.7599180607937595 -0.17036693148723922
0.7876918805199179 -0.17036693148723922
0.8367462098732753 -0.17036693148723922
0.8686305787889409 -0.17036693148723922
0.8849769275054042 -0.17036693148723922
0.9011035989241584 -0.17036693148723922
0.9118023970154676 -0.17036693148723922
0.9509023878504569 -0.17036693148723922
0.9596195213144182 -0.17036693148723922
0.9638063560418569 -0.17036693148723922
0.9729079351458358 -0.17036693148723922
0.984422070551384 -0.17036693148723922
0.9890124486635044 -0.17036693148723922
0.9974936159234443 -0.17036693148723922
1.00595284852016 -0.17036693148723922
1.0191162134805065 -0.17036693148723922
1.0301570917405423 -0.17036693148723922
1.0450292930887044 -0.17036693148723922
1.0473651986436605 -0.17036693148723922
1.0612307095715234 -0.17036693148723922
1.0731570511980166 -0.17036693148723922
1.0830261423454641 -0.17036693148723922
1.0863704974552357 -0.17036693148723922
1.102189979129986 -0.17036693148723922
1.1074287410303163 -0.17036693148723922
1.1148000860355896 -0.17036693148723922
1.1232229699174439 -0.17036693148723922
1.1250726024231261 -0.17036693148723922
1.1406429770076825 -0.17036693148723922
1.1545701808571769 -0.17036693148723922
1.1621350021773225 -0.17036693148723922
1.1701077860493203 -0.17036693148723922
1.1745137856271555 -0.17036693148723922
1.1877361401873716 -0.17036693148723922
1.1897331895411223 -0.17036693148723922
1.205333648460254 -0.17036693148723922
1.210978420318956 -0.17036693148723922
1.2188378207740103 -0.17036693148723922
1.229879644742381 -0.17036693148723922
1.235072886886367 -0.17036693148723922
1.2421347648883567 -0.17036693148723922
1.2563723057886567 -0.17036693148723922
1.2678861145881841 -0.17036693148723922
1.2738766922116214 -0.17036693148723922
1.288963069930802 -0.17036693148723922
1.2954116826277984 -0.17036693148723922
1.3158272050286652 -0.17036693148723922
1.342482791634278 -0.17036693148723922
1.3490443162154437 -0.17036693148723922
1.362545012448933 -0.17036693148723922
1.3700247484618937 -0.17036693148723922
1.383668146403938 -0.17036693148723922
1.39674991526126 -0.17036693148723922
#kx=2.0, ky=4.0, Jx=1.0, Jy=1.0, Jz=1.0, h=0.0
0.031043450262990824 -0.1703845680498665
0.05589933978231765 -0.1703845680498665
0.08221918737534084 -0.1703845680498665
0.093277310670698 -0.1703845680498665
0.10543057221799157 -0.1703845680498665
0.1150844658378497 -0.1703845680498665
0.12541987290078216 -0.1703845680498665
0.1317628984296132 -0.1703845680498665
0.1675072430513852 -0.1703845680498665
0.17455658057189016 -0.1703845680498665
0.1954830901818061 -0.1703845680498665
0.19975581641104745 -0.1703845680498665
0.21188588548565535 -0.1703845680498665
0.23363870073692505 -0.1703845680498665
0.2386944581195688 -0.1703845680498665
0.25418436469630157 -0.1703845680498665
0.26465854236750685 -0.1703845680498665
0.27646758839524943 -0.1703845680498665
0.2837196572169792 -0.1703845680498665
0.29428348792182313 -0.1703845680498665
0.29862423023226836 -0.1703845680498665
0.3042999680306929 -0.1703845680498665
0.3118019420324242 -0.1703845680498665
0.3257968407575551 -0.1703845680498665
0.3348393035608793 -0.1703845680498665
0.3506836545846881 -0.1703845680498665
0.3915698930169209 -0.1703845680498665
0.40436006337105757 -0.1703845680498665
0.417541393734156 -0.1703845680498665
0.42702816417533984 -0.1703845680498665
0.4458767427662047 -0.1703845680498665
0.454169875071328 -0.1703845680498665
0.45566107929604305 -0.1703845680498665
0.4631769581550049 -0.1703845680498665
0.47430604767955686 -0.1703845680498665
0.4804190293524635 -0.1703845680498665
0.5103467600929068 -0.1703845680498665
0.5268413271153505 -0.1703845680498665
0.5479495735965084 -0.1703845680498665
0.5747683043299251 -0.1703845680498665
0.5863736629177096 -0.1703845680498665
0.614970087932521 -0.1703845680498665
0.6346565166578244 -0.1703845680498665
0.6452614197174689 -0.1703845680498665
0.6743614556445959 -0.1703845680498665
0.6924562521104061 -0.1703845680498665
0.706078590825383 -0.1703845680498665
0.736971413077453 -0.1703845680498665
0.7595604477079371 -0.1703845680498665
0.8465152706092122 -0.1703845680498665
0.8625775504463412 -0.1703845680498665
0.8770548538083622 -0.1703845680498665
0.9046553886696418 -0.1703845680498665
0.9125353608973996 -0.1703845680498665
0.9384868862535312 -0.1703845680498665
0.9564283214127772 -0.1703845680498665
0.959536304986438 -0.1703845680498665
0.9640840191276173 -0.1703845680498665
0.9800490366002623 -0.1703845680498665
0.9881891564345768 -0.1703845680498665
1.002987627536644 -0.1703845680498665
1.0087105390357727 -0.1703845680498665
1.0155806516221237 -0.1703845680498665
1.0289683451382947 -0.1703845680498665
1.0375440978007233 -0.1703845680498665
1.0446785311131679 -0.1703845680498665
1.048327153102651 -0.1703845680498665
1.0539571018992422 -0.1703845680498665
1.081822791178872 -0.1703845680498665
1.0848642372348154 -0.1703845680498665
1.094181450735518 -0.1703845680498665
1.0962760194845411 -0.1703845680498665
1.105312135116983 -0.1703845680498665
1.1149055428707588 -0.1703845680498665
1.121602398570884 -0.1703845680498665
1.1321835610147017 -0.1703845680498665
1.1531025753983248 -0.1703845680498665
1.1586427039543556 -0.1703845680498665
1.164152402477558 -0.1703845680498665
1.172944020896911 -0.1703845680498665
1.186776493001069 -0.1703845680498665
1.1990938384501182 -0.1703845680498665
1.2012133354563765 -0.1703845680498665
1.2131853275971316 -0.1703845680498665
1.2186603428883258 -0.1703845680498665
1.2262903213934524 -0.1703845680498665
1.235080717542637 -0.1703845680498665
1.250005381991846 -0.1703845680498665
1.2584354609350623 -0.1703845680498665
1.2728794354840123 -0.1703845680498665
1.2746406733523996 -0.1703845680498665
1.2826280436810182 -0.1703845680498665
1.2948916219361306 -0.1703845680498665
1.3263761802372827 -0.1703845680498665
1.339912566681865 -0.1703845680498665
1.3525001073352316 -0.1703845680498665
1.363643301046567 -0.1703845680498665
1.3695628464994853 -0.1703845680498665
1.3826150856808461 -0.1703845680498665
1.4049633774576482 -0.1703845680498665
#kx=3.0, ky=3.0, Jx=1.0, Jy=1.0, Jz=1.0, h=0.0
0.032079967761136086 -0.17040818605375993
0.056434280303319095 -0.17040818605375993
0.08433557232387756 -0.17040818605375993
0.09186997603637892 -0.17040818605375993
0.10537262691060756 -0.17040818605375993
0.11539934028076237 -0.17040818605375993
0.12543147756040873 -0.17040818605375993
0.12982911963880128 -0.17040818605375993
0.16610402327255913 -0.17040818605375993
0.17421295452882513 -0.17040818605375993
0.19765587800601947 -0.17040818605375993
0.1998307686808698 -0.17040818605375993
0.213164346428511 -0.17040818605375993
0.23592165047234492 -0.17040818605375993
0.23723113738980006 -0.17040818605375993
0.2550976142015071 -0.17040818605375993
0.2644264784710193 -0.17040818605375993
0.27766414683664586 -0.17040818605375993
0.2890418253208099 -0.17040818605375993
0.2936049041542427 -0.17040818605375993
0.29856400303654773 -0.17040818605375993
0.3042754806274012 -0.17040818605375993
0.31280659708184666 -0.17040818605375993
0.32664518700202316 -0.17040818605375993
0.3339357364931206 -0.17040818605375993
0.3561717778952689 -0.17040818605375993
0.39098512628887583 -0.17040818605375993
0.40297320356236677 -0.17040818605375993
0.41815310097083 -0.17040818605375993
0.43010178547216504 -0.17040818605375993
0.4424863094176301 -0.17040818605375993
0.454650948500554 -0.17040818605375993
0.4588641272672961 -0.17040818605375993
0.4635964539637266 -0.17040818605375993
0.4736426777759284 -0.17040818605375993
0.4772729250155716 -0.17040818605375993
0.4852117309740983 -0.17040818605375993
0.5098684156569405 -0.17040818605375993
0.5246283943812458 -0.17040818605375993
0.5754904582054737 -0.17040818605375993
0.5808139651558564 -0.17040818605375993
0.6023829239016076 -0.17040818605375993
0.6319845629917736 -0.17040818605375993
0.6381549084688437 -0.17040818605375993
0.6677328794137627 -0.17040818605375993
0.6790639338261434 -0.17040818605375993
0.7056953410550304 -0.17040818605375993
0.725487161877385 -0.17040818605375993
0.7512022308478183 -0.17040818605375993
0.7727284425282671 -0.17040818605375993
0.8615862283446213 -0.17040818605375993
0.8742814924412601 -0.17040818605375993
0.8868592302720296 -0.17040818605375993
0.9079864823857137 -0.17040818605375993
0.911520214725931 -0.17040818605375993
0.9469022610790773 -0.17040818605375993
0.956608654182311 -0.17040818605375993
0.9622904751691336 -0.17040818605375993
0.9680289150475013 -0.17040818605375993
0.9834691884108582 -0.17040818605375993
0.9939044253410534 -0.17040818605375993
1.0017743113421091 -0.17040818605375993
1.0102801251576554 -0.17040818605375993
1.0185560047747204 -0.17040818605375993
1.02546516694273 -0.17040818605375993
1.0400938255173124 -0.17040818605375993
1.0471582997921676 -0.17040818605375993
1.0497916729422214 -0.17040818605375993
1.0682277705726566 -0.17040818605375993
1.0845478871968983 -0.17040818605375993
1.0892806601854788 -0.17040818605375993
1.0954723680494798 -0.17040818605375993
1.0986662496155613 -0.17040818605375993
1.1112695234686443 -0.17040818605375993
1.1171695566398805 -0.17040818605375993
1.1258305120977496 -0.17040818605375993
1.141247733436264 -0.17040818605375993
1.151156490774199 -0.17040818605375993
1.1613759736977785 -0.17040818605375993
1.1700300705640332 -0.17040818605375993
1.1848434851989997 -0.17040818605375993
1.188406201663383 -0.17040818605375993
1.2008196908058355 -0.17040818605375993
1.2070691326926193 -0.17040818605375993
1.2141633471338502 -0.17040818605375993
1.2260227376450499 -0.17040818605375993
1.2279454770727867 -0.17040818605375993
1.249503353282702 -0.17040818605375993
1.2520246403816522 -0.17040818605375993
1.264756344374438 -0.17040818605375993
1.2729846091784474 -0.17040818605375993
1.2833553587667095 -0.17040818605375993
1.2889537410817287 -0.17040818605375993
1.3276742592168 -0.17040818605375993
1.335162965649388 -0.17040818605375993
1.3532748173844134 -0.17040818605375993
1.360354529227024 -0.17040818605375993
1.3702671590901028 -0.17040818605375993
1.381593735098972 -0.17040818605375993
1.4027472352603099 -0.17040818605375993
