#kx=6.0, ky=0.0, Jx=1.0, Jy=1.0, Jz=1.0, h=0.15
0.8250358362483895 0.00013495883753338514
0.8592117348391354 0.00014920411726833792
0.8920624376766356 0.00034830443132710534
0.9027412411342745 0.0001962513952069433
0.9267392289643162 0.00018314947359325022
0.9488263025489979 0.0003980033848534844
1.0132438739330896 1.4415862875127503e-05
1.0506974301239536 0.001227086394388808
1.0594216019318177 3.934292310187242e-05
1.0682193532952118 0.000243001757357302
1.082260591491696 0.00019718192704789583
1.095011601200503 0.0035306120178168485
1.1124307445156383 0.0032976923319072127
1.1271602496345627 0.00017577340083783599
1.132132632141375 0.0017695066819480494
1.1483139960892514 0.002119649737297887
1.156359717096584 4.5952371901694306e-05
1.1636511134100886 0.0006725310218558151
1.1703862795362685 0.0005340684203192111
1.1832347975009734 6.656072738004433e-05
1.1890939538315752 0.00013808723044320603
1.2086350656974214 0.00016160763844508033
1.222598540374955 0.00046311303467266873
1.2674477618447906 9.178070154611706e-05
1.276840312433526 0.0001359453488511233
1.344704320412922 9.46163310828858e-05
1.4211196491167977 3.576704103063046e-05
1.488547856483347 1.7566881636496187e-05
1.5224311779156041 9.742069275565853e-06
1.5449278261487442 2.54560820041907e-05
1.5972845319395819 0.00017993250608092882
1.6238932244141928 0.0003193681046590978
1.6375368072782714 0.000592441058094087
1.659446955022625 0.00010740240739053102
1.6871345803914317 0.0006671165474526776
1.6974144151252257 5.656015575226332e-05
1.7185714968827248 0.00036978272594031847
1.7242358457840008 0.00021027920899756384
1.7288384405365853 0.00014924806874530916
1.752139534368936 7.884902228083529e-05
1.7604529589174134 0.0001694279258426537
1.7747873529914027 0.000325475889757138
1.781616801447889 0.0001397796909524431
1.7988301162134535 0.00026522384825364504
1.8076894720418402 0.0002423256281509628
1.82140774207455 0.0003032284436245448
1.8323717768607732 0.00015350222792749705
1.8359971206053216 0.0009474068172667881
1.8505032340883798 0.0003861692483616379
1.8557783145993638 0.0004177416415303963
1.8644118227922606 0.0001482788528620012
1.8909384814248194 0.00013319740388384853
1.9028698512939362 3.49121129020171e-05
1.9303169195118626 0.00018243074349534586
1.942673212744087 8.872248035644922e-05
1.981947755263611 7.184885899721939e-05
2.0228430453498554 2.454894866204396e-05
2.0412832485619736 8.818839947047143e-05
2.0486101799918908 0.0001469249683045307
2.0695241333874135 2.876161223568936e-05
#kx=3.0, ky=0.0, Jx=1.0, Jy=1.0, Jz=1.0, h=0.15
0.7942845960279299 0.00016775494262613258
0.8569788019570146 3.7674374793803176e-05
0.8922107568415988 7.670863013984193e-05
0.9050176370490298 7.305564132289467e-06
0.9282547618584785 0.00028164842631102404
0.9506330548300124 0.00014016512048397928
1.0121299514477744 7.674904734358332e-06
1.0453457219258437 9.690130676388017e-05
1.060980728085557 0.00016838383729023156
1.0691343655022734 0.0005250606525463463
1.081892284344932 0.0006887101957245486
1.0932568078101634 0.0007088687389952146
1.105226886180743 0.0017169214259817678
1.1309044698945325 6.418324356506389e-05
1.144241538833265 0.0003388718710960952
1.1522796225662046 0.0005378590516757203
1.1575215546562374 9.578679790857e-06
1.1626728145784044 0.0002509931827762607
1.1732480934571305 0.00021028760920177063
1.1845954083068577 0.0002554062914951872
1.188067414297883 8.639643574386936e-05
1.2061239324992816 0.00034083623954926276
1.219977870002456 0.0004192211484855548
1.2736297283030595 0.00047852351578522444
1.2943377038242203 7.430172290281158e-05
1.3694569051706407 4.100805895305189e-05
1.4155895351733427 9.121883942388379e-05
1.5030563556977277 6.613052474989255e-05
1.5409246358437794 0.00023814274429139354
1.5641372653372159 5.5798370049667826e-05
1.5914112256035373 0.0003440703129605556
1.6235928946087212 0.0034694200390324084
1.638455068572842 4.224046006697186e-05
1.6747646806318754 0.00015898287938407075
1.6803053402197465 0.00020468639755933933
1.6951348974377134 0.001011698859617102
1.7209472760213624 0.0014854825211632543
1.7243613787928835 0.00010049091323755515
1.7285422214231072 0.00010344500068253081
1.739767474441412 0.00040948798033462976
1.7551187716309569 0.0002527800965111207
1.7665785100614906 0.0016123563361622026
1.7759362200804318 0.00035582125409079114
1.7924390407144148 0.0007051776643176781
1.8107376591083035 0.0008513012234128654
1.8144688284889092 0.00014985465703428082
1.831579397290557 0.0002535714624141118
1.8366204369145855 3.366830084923339e-05
1.8452721711712405 0.00018730083745053367
1.8485251260073627 0.00012977533065485522
1.8661632711568537 0.0007319124290107275
1.8819284758525763 5.234640387020813e-05
1.8897176615776217 0.0001272530552619792
1.9164596884710605 0.00023402687928423906
1.9386176690425279 2.3019215825578764e-05
1.9576252519709443 0.00028102423559279223
1.9899579317385263 0.00017812147337814227
2.0347817733344624 0.0006992474470217317
2.0422614118063014 5.354901926985263e-05
2.0634277381298984 4.847295624415357e-05
#kx=0.0, ky=0.0, Jx=1.0, Jy=1.0, Jz=1.0, h=0.15
0.5393269946444057 0.002538287836098562
0.8184111806548511 5.783027291032071e-05
0.8672802906410931 3.290361794569534e-06
0.911117936356482 0.0004241624475818139
0.9188952564996006 1.7025367542267302e-05
0.933437513938139 9.774825429665384e-06
0.9579032055364384 0.00031254587017381284
0.9849987904817109 0.00011218639736123447
1.0469944824917192 7.825906463617213e-05
1.0661501803292817 1.631908515243001e-05
1.0710047483527014 0.0001547915475806706
1.0815543119402993 0.00012023390402476547
1.1005578207966877 0.002888241359939352
1.1073121829120758 0.00029984432080099364
1.1281582013575981 4.3650014986066306e-05
1.1431825688561004 8.779757592391969e-05
1.1464005049836197 0.000709095167519944
1.1593871959597535 0.0001424275518620732
1.1683045402699515 0.00032422765407879065
1.174293658695809 6.063091622355492e-06
1.1839852928086814 3.566405828222678e-05
1.1903060120704423 1.0781449330610206e-05
1.208000561996248 0.00029135812616865053
1.2311355135442188 0.0008867480854512309
1.2743551271845703 0.0006472737237485097
1.2813596621608707 0.0009094123243475396
1.3204570176571695 0.0006253435971688254
1.3914807570317227 0.000149423585169886
1.444707218996311 6.315877796420023e-05
1.5239512378331992 0.00029623614595176626
1.5468304130279926 0.0002637537727930848
1.5755362186812838 7.369246333461392e-05
1.5953007103109729 5.394509816704947e-05
1.6271955903893387 0.0006894536657400298
1.6382087547059143 6.862000348451007e-05
1.6808334530886975 4.6660353312935925e-05
1.6929989184298448 0.0013117988507553597
1.6986745489912403 3.2468929467693487e-05
1.7155929507795493 0.0009519160454338559
1.7248563679244318 0.002592797091370647
1.737788118266625 0.000576789882358342
1.7496900777512958 0.00014238788067009553
1.7591610052672013 0.0002802977203385992
1.7704672879055483 0.0005089016283857897
1.7812261804564726 0.00032502234268795435
1.8000398772041954 2.7980854976236466e-05
1.8197893520216957 2.6558348037424708e-05
1.8252803076556439 1.2237735279504155e-06
1.8395987194257946 0.0004088694024999269
1.841247646038776 0.0001244606842898365
1.8607509530683326 0.0007468334128176104
1.8656761387001397 0.00020497431489473615
1.8808822074275051 2.263287437661104e-05
1.901967913725 7.485561337775168e-05
1.9193778154588585 0.00018945594773438486
1.940490433883419 0.0002375851787121597
1.9713330911975568 0.0003832128842260952
2.0133373543611994 0.0006679788588949428
2.0380964866051827 0.0005261481949765566
2.0611966642212525 5.781037153209698e-05
2.202655671840627 0.0008077989747666575
#kx=3.0, ky=6.0, Jx=1.0, Jy=1.0, Jz=1.0, h=0.15
0.8131571034662849 0.0001029247060404076
0.8829451257126802 0.00025237551042582525
0.9151590190207104 0.0001562505360644269
0.9225435695024375 1.1212403564754455e-05
0.9447282765565934 7.777267421768354e-05
0.954679642039557 0.00029016798253177217
1.005038125520192 0.0003522820493176377
1.056299302463359 0.00019004908270446583
1.0687198012910155 0.000106298449518638
1.0827797728178568 0.0004488406162889679
1.0900126233010876 8.675413088308986e-05
1.1035796826083883 0.0046394729186602125
1.1150631809461338 0.0019774802301004606
1.1342229400034765 0.00029448303774711
1.1495958914175448 0.0005438660874394247
1.158209708582027 0.00011327800084268619
1.1661846947495307 0.0005299991065294633
1.1764700198388316 2.822051014150607e-05
1.1783214629949401 0.0008027866695618053
1.1920975571978771 1.7144773298023347e-05
1.2170841709422104 9.423602890854783e-05
1.272488566267627 0.00016126459391894342
1.2883847358165053 4.9108894433584555e-05
1.3537683888491143 4.5533369797443765e-06
1.4183849665997368 3.326716871079986e-05
1.4677043381085402 7.282276240672223e-05
1.5233453603081921 1.194447574055977e-06
1.5465686609609048 0.00011853494291641694
1.5751760281176486 2.250781464200944e-05
1.6043471578985813 0.0012019095520949292
1.621515140267869 0.0016550199835663802
1.666774397492326 0.00015245305888318594
1.6859765243923546 0.00045215706660051657
1.691891450092864 0.00017656144007413742
1.7099756078606516 0.0002629855304903124
1.7135987436485505 0.00027215140213109344
1.724821193540829 0.0006344182688044646
1.7489038510345511 0.0001620771443280598
1.7546169996400214 9.38177485106477e-05
1.759074917067922 0.0005023806148743331
1.7667893454277812 0.0005385495572139906
1.7795780212865286 3.703657715044911e-05
1.789906014334088 0.0002573059514781076
1.802771739818703 6.183660949230165e-05
1.8092021425379123 0.0006321947900086651
1.8287715494500696 7.474794865187412e-05
1.836576720135299 0.0007680725661453725
1.8521666456255115 0.00012490761468498542
1.8548036394299068 0.00010456444442304472
1.8689213614467115 0.00046108794862013985
1.8797184477525546 0.0003504160072420285
1.890405663551269 0.0002672962446745933
1.9165313723306272 0.00020704477619879827
1.9320237897573478 0.00046745962612638185
1.955820392958187 2.8775764100479525e-05
1.980270209878111 0.0008061028539599695
2.021049666856553 0.00011507455173703042
2.0330208459875756 0.0001655442240355122
2.06512869680765 0.00033228159280829483
2.2236121680283154 2.5090265739098697e-05
#kx=6.0, ky=12.0, Jx=1.0, Jy=1.0, Jz=1.0, h=0.15
0.8250576514528124 0.00013563034926736408
0.8593060633250077 0.00014892094594302996
0.8921602198589568 0.00034988415552834694
0.9027698631112313 0.00019462226186072796
0.9268177102096153 0.00018304769893862956
0.9488467116705374 0.00039962636928400874
1.0132679790925265 1.4259574321952648e-05
1.0507822331433003 0.0012244765131500658
1.059493251537476 3.912760040502713e-05
1.0683314220608193 0.00024778722966424716
1.0823597926295703 0.0001993497703938843
1.0950642272707611 0.0035360714053967214
1.112456206881884 0.003290049680879388
1.1271869755339248 0.00017823780666372053
1.1321680751334062 0.0017714915549639461
1.1484025471238262 0.0021132545678957306
1.1564003416251367 4.8588984425730036e-05
1.16378463873728 0.0006733083072747782
1.1703873860530316 0.000529158670329462
1.1833434301704415 6.672103580855641e-05
1.1892223903594652 0.00013920803215218926
1.208645737046754 0.00016102820088463525
1.2227181044883417 0.00046428340072292323
1.2675054773177146 9.047834163367594e-05
1.2768837474900256 0.00013571436980109648
1.3447810479278703 9.52394758140319e-05
1.4211534003526256 3.5738663108528024e-05
1.488669194065687 1.756667839179194e-05
1.5225900725982071 9.678493995383368e-06
1.5450443513262446 2.5697604206344765e-05
1.5973925465936696 0.00017969525590218644
1.623930416433782 0.00032151737102850144
1.637679196011852 0.0005900326675328387
1.6594598021210882 0.00010757654194026864
1.6872475246807146 0.000666486403788666
1.697485055274972 5.585679765089915e-05
1.7186239715840905 0.0003684234965162242
1.7243624466874297 0.00021142236721033076
1.7289501204982005 0.00014978049549578304
1.7522415184221103 7.754347257047857e-05
1.760560569934662 0.00017066935094126956
1.774861988031281 0.0003244658812763406
1.7816891822587038 0.00013901807723437526
1.7989076261672454 0.00026515723937526876
1.8077631074139 0.00024454726613992874
1.8215153405756208 0.0003036497116338328
1.8324520931257688 0.0001581346321047606
1.8360706947471706 0.0009435218219072748
1.850586116611666 0.00038650012727320447
1.8558406668089378 0.0004159852253050467
1.8644786972699396 0.00014801160666567755
1.8909867548090609 0.0001341970878609671
1.90294385803728 3.424798889842861e-05
1.9304187123450767 0.00018252144905200922
1.9427623359088753 8.825297611017494e-05
1.9820346387460963 7.189496418867198e-05
2.022949098558347 2.4180178529608674e-05
2.041329005163904 8.875899995857554e-05
2.0486505951211678 0.0001463073739927108
2.069462718326262 2.9246834448347043e-05
#kx=6.0, ky=9.0, Jx=1.0, Jy=1.0, Jz=1.0, h=0.15
0.8397384759843673 0.00013132327966463659
0.882014138096428 0.0003011799417082105
0.9040647989934614 0.0006328731517235796
0.9265682517596019 1.493882282183172e-05
0.9404209358729093 0.00039222476408978547
0.9511711904820203 0.0006015712806084415
1.0043752542311613 2.921964419100781e-05
1.0539221736810127 0.0003897688044373322
1.0711351077343922 0.0011297922297904598
1.0746084524937105 0.0009386392325444402
1.0907040229685778 0.0005067656433728829
1.1018023989522092 0.0031144690992852084
1.126665843775783 0.0021330210609120377
1.1407311331362564 0.00032622511073717066
1.1455257737264786 0.002957907670257197
1.1533742689514055 0.0007833819930993186
1.163238550466827 0.0004344661243881265
1.1707367624325489 0.00011674541259724423
1.1802251641256079 3.818257793489087e-05
1.190855615779281 0.000254353614104073
1.1962566261182839 0.001158692289612697
1.2299648082421566 0.0002171325988850202
1.2689797939523566 6.870445558351298e-05
1.2756870359354588 1.5783941515297334e-05
1.3629707948960013 4.7571299359137084e-06
1.4169000550422406 7.11111483797624e-05
1.512368165405712 0.0003189187128399072
1.5428583071266722 0.00017227636751452499
1.5618330133840463 0.00012251214671252233
1.577843200080108 0.0001878368029463982
1.6162479347064092 0.0004745813432665112
1.6259481731120746 0.00015464909707210142
1.6568100444209395 0.0002013026244133086
1.670181685047731 1.1141505733027705e-05
1.6915729493388565 0.0001860252990998115
1.7038675104469254 5.5941647925103197e-05
1.7157690278462163 0.00031147784523419454
1.7274211106270072 3.347497407723961e-05
1.7352020928931522 9.863359872177244e-05
1.7496279817973337 7.123794169029566e-05
1.7620314794909282 3.988490773228342e-06
1.7744425819226701 7.781770276796014e-05
1.7826182395256192 0.0001970534651691394
1.8091276335391497 0.00023438702646389658
1.8191815397849957 0.00040965896693619466
1.8254495620226292 0.0004896462942850047
1.8346325279376052 0.0006638282190173585
1.8500208113042627 0.00026513319215423515
1.8613430576949614 2.373513172359887e-05
1.8697694670883953 0.0006723407911901175
1.886468138159691 0.00010247518936882814
1.90107326280877 2.4808964676925564e-06
1.9169266327284373 5.773189053695743e-05
1.9245584966693414 0.00019104441283233805
1.942218629713186 0.0002390188764599661
1.967042452547156 0.00016581980346009042
1.979162187162427 4.582130612095461e-05
2.0293475066173117 9.547899746695189e-05
2.0483056171371934 8.936997781864787e-05
2.2129531197697268 4.200444382128012e-05
#kx=6.0, ky=6.0, Jx=1.0, Jy=1.0, Jz=1.0, h=0.15
0.8385977126755367 1.9018426286991393e-06
0.882817708960979 2.907793684595084e-05
0.8972383979591414 7.442875418618929e-06
0.928421429391017 1.8802583440024274e-05
0.9391818385524353 8.487730796406542e-06
0.9484866968469713 0.0001710316754356141
0.9976418234466167 0.0005025724787433337
1.0577644501271266 0.0018659287526027542
1.0681011973139443 0.00018876242867267692
1.0825297217486929 3.0875267442002794e-05
1.0923303198523104 0.000637610372156801
1.1067814282931927 0.00439784429691228
1.1195602666757731 0.00028665192802211306
1.1349676098333628 0.005707109914344285
1.1470208462971587 0.0006087669257277218
1.1565688101967582 0.00010175967316534021
1.1650824067999772 0.0006105678056238577
1.1795873365243825 0.00015722527974570776
1.1830098603558663 0.00017976966414456772
1.1917989340283797 0.0001231721280379157
1.2224116395305389 0.0003659703449846051
1.270074293331938 0.0001335241937211856
1.2786206397441235 0.000163799805609937
1.3551143625137696 3.6997514602047266e-05
1.4131191709140962 2.7063986124650928e-06
1.486003843872901 0.0003408286980657129
1.5024822770283293 8.328474856485771e-05
1.5593613546307212 0.000124622103453026
1.5759250037657684 0.00018193654580637877
1.602766849847554 0.0005297390552831903
1.626525736340686 0.00011269811946745927
1.6672471037542946 3.356294101244661e-05
1.681580109202423 3.400360526615107e-05
1.688864796807602 6.161658105062731e-06
1.7118656982841847 0.0001226563427872931
1.7160425833466415 6.0795269821225614e-05
1.7270156765006388 9.042529423174045e-06
1.7487005295469098 3.0404048246595462e-05
1.7601399758544982 9.903851884725113e-06
1.7682497611591779 0.0004794184467476644
1.7742166903434313 0.0001243063655874424
1.7889766557665265 0.00018752413932954432
1.7996259339310883 7.864706672517434e-05
1.8129472654712546 0.00018311112624020892
1.818508069365815 0.00011854475709258812
1.8305838497166782 3.7843868506360475e-05
1.8477891061398792 2.1418809311660847e-05
1.8603507077572368 0.00021625605070111611
1.8628419259322992 0.0013592514193785318
1.8825785716169152 0.00019468210947659327
1.891949638266603 6.202704645976425e-05
1.896416860867396 0.0002987987904485401
1.9108577676955436 9.11286398472806e-05
1.9312621735977586 0.0002306066279132455
1.9502234614054497 0.0006413143791153034
1.9651003132956801 6.318863519915255e-05
2.0216115902276286 6.661219615475211e-05
2.038644245039207 9.715057049017744e-05
2.0624334874226853 0.00030876510043622565
2.2484988342631236 0.00031554097565853904
#kx=6.0, ky=3.0, Jx=1.0, Jy=1.0, Jz=1.0, h=0.15
0.845377588422474 6.188778917819942e-05
0.8772425694827718 0.0005208149013524646
0.8981008441142169 1.4611345666002745e-05
0.9190241160015378 0.0013134701356986456
0.9345767743549971 0.0004703764668523802
0.9557518684745664 0.00044931812388038857
1.005075200763209 0.0002263559541127467
1.0537842070094838 0.00034680826912212085
1.0659697016851089 0.0010881063606201435
1.0768849664915625 5.653934050629111e-05
1.0850565383145905 0.0003795409617421629
1.099129864853613 0.00131453321190537
1.1116709472060549 0.00037856096924926674
1.1393856794684298 0.002801253529567449
1.1420918399038045 0.0008182882603076582
1.1581684034323265 0.00011901117747810676
1.1654627084825209 0.0008117137888958767
1.1754539975866418 0.0003892706848345513
1.1841681289470092 0.00015772257619587227
1.1891356472716526 0.00026025207354077074
1.225191843976956 0.0010768865685790616
1.2569882213623929 0.000246362256333459
1.2726203347408167 0.00016423456520564346
1.2873168973099665 7.807006399107336e-05
1.3478740338216784 0.00010058967055970638
1.4201074776609728 4.805788123767809e-05
1.4921037116267706 9.418485696354316e-05
1.5277009322947177 5.106737528711002e-05
1.5783955681629398 2.9226271470435074e-05
1.6040716769127117 3.647213216039157e-05
1.6184578839713204 0.0010720350973788724
1.6310762271891726 8.440009243910348e-05
1.6498096287138597 0.0004079808293208455
1.6686320326383086 0.0001346149961256682
1.6897295583801353 0.00011947776545318404
1.6975323119529246 0.00024356485378999022
1.7186495168901645 0.00043183694524486323
1.7246051117950911 0.00027056027113588294
1.7294140665994207 0.0005573598451959383
1.7577340533040509 0.00021487532472257942
1.7626412898845578 0.00013773593415500573
1.7720944961493883 0.0002508918667389355
1.7757880976253704 3.171852080436771e-05
1.7941558625829175 0.0006021677201995128
1.8109104757540173 6.837246686484148e-05
1.8203491760872303 0.00014835979877302419
1.8280685299343025 5.247632418116151e-06
1.8418281346129466 1.737322724835518e-05
1.8617138156170765 0.00033094097492346466
1.8640978051266521 8.933231258450494e-05
1.8759432944161547 0.00045373295226619974
1.8856579562335418 0.00024133750315783882
1.900818958146585 0.0005840587542813239
1.931641383051212 6.949197035470432e-05
1.9542237637202824 7.349598260080313e-05
1.9642390263238674 0.0009415020332563022
1.987342922366101 0.000100674861349259
2.0291386171747035 0.0012273179661929723
2.049479949040415 0.00036480360660121633
2.185731685606604 1.8915273875470795e-05
#kx=6.0, ky=0.0, Jx=1.0, Jy=1.0, Jz=1.0, h=0.15
0.8250358362483945 0.00013495883753338514
0.8592117348391404 0.00014920411726833792
0.8920624376766406 0.00034830443132710534
0.9027412411342794 0.0001962513952069433
0.9267392289643211 0.00018314947359325022
0.9488263025490029 0.0003980033848534844
1.0132438739330945 1.4415862875127503e-05
1.0506974301239587 0.001227086394388808
1.0594216019318226 3.934292310187242e-05
1.0682193532952167 0.000243001757357302
1.0822605914917012 0.00019718192704789583
1.095011601200508 0.0035306120178168485
1.1124307445156434 0.0032976923319072127
1.1271602496345678 0.00017577340083783599
1.13213263214138 0.0017695066819480494
1.1483139960892563 0.002119649737297887
1.156359717096589 4.5952371901694306e-05
1.1636511134100935 0.0006725310218558151
1.1703862795362734 0.0005340684203192111
1.1832347975009783 6.656072738004433e-05
1.1890939538315803 0.00013808723044320603
1.2086350656974265 0.00016160763844508033
1.22259854037496 0.00046311303467266873
1.2674477618447955 9.178070154611706e-05
1.276840312433531 0.0001359453488511233
1.3447043204129272 9.46163310828858e-05
1.4211196491168026 3.576704103063046e-05
1.488547856483352 1.7566881636496187e-05
1.522431177915609 9.742069275565853e-06
1.5449278261487494 2.54560820041907e-05
1.5972845319395867 0.00017993250608092882
1.623893224414198 0.0003193681046590978
1.6375368072782766 0.000592441058094087
1.6594469550226298 0.00010740240739053102
1.6871345803914366 0.0006671165474526776
1.6974144151252308 5.656015575226332e-05
1.71857149688273 0.00036978272594031847
1.7242358457840057 0.00021027920899756384
1.7288384405365904 0.00014924806874530916
1.7521395343689412 7.884902228083529e-05
1.7604529589174183 0.0001694279258426537
1.7747873529914076 0.000325475889757138
1.781616801447894 0.0001397796909524431
1.7988301162134586 0.00026522384825364504
1.807689472041845 0.0002423256281509628
1.821407742074555 0.0003032284436245448
1.8323717768607783 0.00015350222792749705
1.8359971206053265 0.0009474068172667881
1.850503234088385 0.0003861692483616379
1.855778314599369 0.0004177416415303963
1.8644118227922657 0.0001482788528620012
1.8909384814248242 0.00013319740388384853
1.9028698512939413 3.49121129020171e-05
1.9303169195118675 0.00018243074349534586
1.9426732127440922 8.872248035644922e-05
1.981947755263616 7.184885899721939e-05
2.0228430453498603 2.454894866204396e-05
2.0412832485619785 8.818839947047143e-05
2.048610179991896 0.0001469249683045307
2.069524133387419 2.876161223568936e-05
