0.000000000000000000e+00 4.585303681497681971e+00
-5.042016806722688510e-03 4.412130888063937384e+00
-1.008403361344537702e-02 4.350611967772296751e+00
-1.512605042016806553e-02 4.275474952612913881e+00
-2.016806722689075404e-02 4.137972899833446405e+00
-2.521008403361344255e-02 2.034167463805304443e+00
-3.025210084033613106e-02 -2.323547568393201423e+00
-3.529411764705882304e-02 4.328351629902329023e+00
-4.033613445378150808e-02 -1.582958387868887540e+00
-4.537815126050419312e-02 4.344707262265755432e+00
-5.042016806722688510e-02 2.627352227271599450e+00
-5.546218487394957708e-02 -2.584279756278184692e+01
-6.050420168067226212e-02 4.137446607946468902e+00
-6.554621848739494716e-02 4.335311209165597646e+00
-7.058823529411764608e-02 4.336812274314033822e+00
-7.563025210084033112e-02 4.339662573399955647e+00
-8.067226890756301616e-02 4.342340328415663642e+00
-8.571428571428570120e-02 4.343878322071003772e+00
-9.075630252100838624e-02 4.882391131216370361e+00
-9.579831932773108516e-02 4.873323965924165613e+00
-1.008403361344537702e-01 4.862443903511069365e+00
-1.058823529411764552e-01 4.843138645382973451e+00
-1.109243697478991542e-01 4.821241294875246552e+00
-1.159663865546218392e-01 4.782567856008137497e+00
-1.210084033613445242e-01 4.764710368414144526e+00
-1.260504201680672232e-01 4.744218415880479434e+00
-1.310924369747898943e-01 5.441355175056002302e+00
-1.361344537815125932e-01 5.413609391264497361e+00
-1.411764705882352922e-01 5.386213677835606894e+00
-1.462184873949579633e-01 6.411365743172734000e+00
-1.512605042016806622e-01 6.370463489252354172e+00
-1.563025210084033334e-01 6.929195049524022210e+00
-1.613445378151260323e-01 7.107944578403078140e+00
-1.663865546218487312e-01 7.272642903940372605e+00
-1.714285714285714024e-01 5.528543010085331666e+00
-1.764705882352941013e-01 5.542501959075114115e+00
-1.815126050420167725e-01 5.557344157984428712e+00
-1.865546218487394714e-01 5.573773809038611304e+00
-1.915966386554621703e-01 3.957182007544907787e+00
-1.966386554621848415e-01 3.927666004985626458e+00
-2.016806722689075404e-01 3.905289623390387987e+00
-2.067226890756302393e-01 3.591375369642956006e+00
-2.117647058823529105e-01 3.591940789177908933e+00
-2.168067226890756094e-01 3.607195611401876612e+00
-2.218487394957983083e-01 3.634958103480997238e+00
-2.268907563025209795e-01 3.282156349741757406e+00
-2.319327731092436784e-01 3.345349490245603352e+00
-2.369747899159663496e-01 3.423048014317148446e+00
-2.420168067226890485e-01 3.478032157303601934e+00
-2.470588235294117474e-01 3.491058655008787426e+00
-2.521008403361344463e-01 3.029664117827413516e+00
-2.571428571428571175e-01 2.932581726691340762e+00
-2.621848739495797886e-01 2.839921746003819081e+00
-2.672268907563025153e-01 2.758340394448465904e+00
-2.722689075630251865e-01 2.686670234053313955e+00
-2.773109243697478576e-01 2.642790810041323546e+00
-2.823529411764705843e-01 2.848839007515872712e+00
-2.873949579831932555e-01 2.840125132046854795e+00
-2.924369747899159266e-01 2.836188434214435894e+00
-2.974789915966385978e-01 2.834032530364824165e+00
-3.025210084033613245e-01 2.833347779512159548e+00
-3.075630252100839956e-01 2.833970951339196631e+00
-3.126050420168066668e-01 2.835772117843110784e+00
-3.176470588235293935e-01 2.838647610828236800e+00
-3.226890756302520646e-01 2.842509283251161811e+00
-3.277310924369747358e-01 2.847279113154424390e+00
-3.327731092436974625e-01 2.852886381522603543e+00
-3.378151260504201336e-01 2.859266070056411646e+00
-3.428571428571428048e-01 2.866355988157759160e+00
-3.478991596638655315e-01 2.874104827726216005e+00
-3.529411764705882026e-01 2.882457030819208565e+00
-3.579831932773108738e-01 2.891360499083640789e+00
-3.630252100840335450e-01 2.900767745716427370e+00
-3.680672268907562716e-01 2.910633223563489302e+00
-3.731092436974789428e-01 2.920913082450534048e+00
-3.781512605042016140e-01 2.931564925806515731e+00
-3.831932773109243406e-01 2.942547597807241289e+00
-3.882352941176470118e-01 2.953821000834632837e+00
-3.932773109243696830e-01 2.965345940531451951e+00
-3.983193277310924096e-01 2.977083995319786958e+00
-4.033613445378150808e-01 2.988997406106461252e+00
-4.084033613445377520e-01 3.001048982136233612e+00
-4.134453781512604786e-01 3.013202019591101788e+00
-4.184873949579831498e-01 3.025420230377899422e+00
-4.235294117647058210e-01 3.037667674823562702e+00
-4.285714285714285476e-01 3.049908698477787006e+00
-4.336134453781512188e-01 3.062107866872282091e+00
-4.386554621848738900e-01 3.074229897053135652e+00
-4.436974789915966166e-01 3.086239579956966850e+00
-4.487394957983192878e-01 3.098101693226230857e+00
-4.537815126050419590e-01 3.170111625184234061e+00
-4.588235294117646301e-01 3.182387955174005079e+00
-4.638655462184873568e-01 3.194380267828069275e+00
-4.689075630252100280e-01 3.206064782750817521e+00
-4.739495798319326991e-01 3.276249976148188026e+00
-4.789915966386554258e-01 3.288138905837249659e+00
-4.840336134453780970e-01 3.298632828646340442e+00
-4.890756302521007681e-01 3.309686820364720727e+00
-4.941176470588234948e-01 3.320265309555209932e+00
-4.991596638655461660e-01 3.330347130289180058e+00
-5.042016806722688926e-01 3.339910039252459661e+00
-5.092436974789915638e-01 3.348931504008984206e+00
-5.142857142857142350e-01 3.357389754535358151e+00
-5.193277310924369061e-01 3.364863817624342612e+00
-5.243697478991595773e-01 3.368051632582775845e+00
-5.294117647058822484e-01 3.374017708926125181e+00
-5.344537815126050306e-01 3.379576490062400129e+00
-5.394957983193277018e-01 3.384725085643777387e+00
-5.445378151260503730e-01 3.389483158775480121e+00
-5.495798319327730441e-01 3.393905222413533540e+00
-5.546218487394957153e-01 3.396708463956843449e+00
-5.596638655462183864e-01 3.401020268208411856e+00
-5.647058823529411686e-01 3.405945593626941381e+00
-5.697478991596638398e-01 3.411992305532034031e+00
-5.747899159663865110e-01 3.555178284842959169e+00
-5.798319327731091821e-01 3.574096458572118884e+00
-5.848739495798318533e-01 3.604439359579612479e+00
-5.899159663865545244e-01 3.748077015230222298e+00
-5.949579831932771956e-01 3.934681469546866595e+00
-5.999999999999999778e-01 1.193537539445150131e+01
