0.000000000000000000e+00 -1.810115179007941612e-17 2.374487199553279594e-18 5.551115123125782702e-17 -9.501787815550949255e-18 -8.765947954103919542e-17 0.000000000000000000e+00 5.813613250191423283e-18 2.895067737399951601e-19 8.326672684688674053e-17 -2.902742542440946293e-18 7.478199362210948604e-19 1.042291855764338218e-18 0.000000000000000000e+00
-5.042016806722688510e-03 -1.109658382681142928e-18 -1.166369249769373934e-17 0.000000000000000000e+00 -5.361473191155677179e-18 4.299263557160031366e-17 1.110223024625156540e-16 -4.130924247278151981e-18 3.834366394782091813e-18 -5.551115123125782702e-17 4.202787350394239960e-18 -7.933478548861274773e-18 7.893213014731544092e-21 -5.551115123125782702e-17
-1.008403361344537702e-02 -1.169559443316400169e-17 -2.568489863145988225e-17 5.551115123125782702e-17 6.500749530702017412e-18 -4.468188771159409930e-18 0.000000000000000000e+00 5.133808607225688273e-19 -9.164656265884522087e-18 -5.551115123125782702e-17 4.264641655509390718e-18 6.836723104664013722e-18 1.043753091132678312e-19 0.000000000000000000e+00
-1.512605042016806553e-02 5.459851098422181312e-18 9.770265609275240714e-18 0.000000000000000000e+00 7.420010878308731164e-18 3.779902790791776943e-17 0.000000000000000000e+00 3.040100668694005971e-18 1.514108339185332193e-17 2.775557561562891351e-17 2.213775651220048871e-18 2.206411975606677825e-18 5.749324281374317664e-20 0.000000000000000000e+00
-2.016806722689075404e-02 -7.376966620224514605e-18 3.687233321175030117e-17 0.000000000000000000e+00 1.695513354743414290e-17 -5.038875709231988225e-17 0.000000000000000000e+00 -6.311111240322021153e-19 1.452954590739104721e-17 0.000000000000000000e+00 3.223309142572590023e-18 3.652767144625241920e-18 1.185278674001412463e-19 0.000000000000000000e+00
-2.521008403361344255e-02 1.127629149927643212e-19 2.148611167653662260e-17 0.000000000000000000e+00 1.065861603783089816e-17 -3.173010587463121792e-17 0.000000000000000000e+00 6.350772203742399268e-18 5.789031642998511688e-18 0.000000000000000000e+00 5.985062636977546853e-18 9.457795803987199435e-19 2.380048518275563569e-19 0.000000000000000000e+00
-3.025210084033613106e-02 -3.109884498939390158e-18 3.450541337549130393e-18 -5.551115123125782702e-17 -3.081820323758066096e-18 7.582194744019772370e-17 0.000000000000000000e+00 6.876832962995326438e-18 -2.264951435005929662e-17 5.551115123125782702e-17 -2.784448007124663571e-18 -2.385571666630157910e-18 -7.756389426197486326e-20 0.000000000000000000e+00
-3.529411764705882304e-02 4.063989715034648741e-18 -1.253815847857608422e-17 0.000000000000000000e+00 -1.233773992338275429e-17 1.292215836026587228e-16 0.000000000000000000e+00 -2.723309112726697462e-18 -3.293618048878303188e-18 0.000000000000000000e+00 7.193861413366700106e-18 -1.520410703986170151e-18 2.286582985754468344e-20 0.000000000000000000e+00
-4.033613445378150808e-02 6.424050546225902302e-18 3.080341181029441601e-17 0.000000000000000000e+00 -2.887092660762090633e-19 5.441005517095105336e-17 0.000000000000000000e+00 3.296190221782474672e-18 -1.546685404114331152e-17 0.000000000000000000e+00 2.704915229810328499e-19 -3.288811353967946188e-19 6.719940522056385503e-19 0.000000000000000000e+00
-4.537815126050419312e-02 -5.436555687727138773e-18 -2.020721400510946203e-17 0.000000000000000000e+00 1.072598653100210205e-17 9.040447468474915099e-17 -5.551115123125782702e-17 -1.038367334706173393e-18 -7.411057430699491360e-18 0.000000000000000000e+00 -4.729725544721804522e-18 8.390022208626292746e-18 -6.562173169130169365e-20 0.000000000000000000e+00
-5.042016806722688510e-02 -6.639075883102519403e-18 7.679386977484182141e-18 -5.551115123125782702e-17 -1.356233183164176208e-17 -3.560840700423371212e-17 5.551115123125782702e-17 -3.224612098389180420e-19 -1.266336898649240374e-17 -5.551115123125782702e-17 -5.410845183661458230e-18 -6.825867338604740761e-19 4.406188991281423863e-20 -1.110223024625156540e-16
-5.546218487394957708e-02 -8.439425985820947415e-18 -6.755832587435252162e-18 2.775557561562891351e-17 -2.546404973156301047e-18 -8.545248762866095448e-17 -1.110223024625156540e-16 -5.512487936776357780e-18 -5.461587259609899646e-19 0.000000000000000000e+00 3.791487569132955706e-18 -1.343856709887110292e-18 -1.726214951710912472e-19 0.000000000000000000e+00
-6.050420168067226212e-02 1.040448093867676241e-17 -1.262966764752215961e-17 0.000000000000000000e+00 -4.400951589146454287e-18 2.365941181549873643e-17 1.110223024625156540e-16 2.259900497241716601e-18 8.582894489098495010e-18 -5.551115123125782702e-17 -4.796493180372347449e-18 -1.179177148815544606e-17 4.505434849734758552e-19 0.000000000000000000e+00
-6.554621848739494716e-02 1.288388708900243801e-17 -1.847635554712374394e-17 5.551115123125782702e-17 2.533468767217896020e-18 2.637505674598316947e-17 1.110223024625156540e-16 -7.694972315681481439e-18 1.021114436002111301e-17 0.000000000000000000e+00 2.886114804364452627e-18 3.678319762877843716e-19 8.117193915894015016e-19 0.000000000000000000e+00
-7.058823529411764608e-02 3.058862514211019677e-18 -3.040046249594844886e-17 -8.326672684688674053e-17 -4.102135351522334835e-19 -4.244905877286865992e-17 1.110223024625156540e-16 5.060057111542936680e-18 -2.595429656437053529e-17 5.551115123125782702e-17 4.128889968403869633e-18 -1.466565744983561978e-18 6.105692885053157144e-20 5.551115123125782702e-17
-7.563025210084033112e-02 8.840595606809848779e-18 5.177809900864912260e-17 -5.551115123125782702e-17 5.042794246521878336e-18 -5.615421205406717675e-17 -1.110223024625156540e-16 1.843228081322227570e-18 -3.541013933467898017e-18 0.000000000000000000e+00 -4.765005286441826074e-19 -9.732796621347583102e-19 4.096966335548284094e-19 2.220446049250313081e-16
-8.067226890756301616e-02 4.012031271699522468e-18 1.440070069555428285e-18 0.000000000000000000e+00 2.610230124384798188e-19 -2.577064263352614272e-17 0.000000000000000000e+00 -3.976693925653118776e-19 -2.374969655140084560e-18 5.551115123125782702e-17 -5.994322707380845712e-18 -5.694895785523546503e-18 1.764478170244977030e-20 0.000000000000000000e+00
-8.571428571428570120e-02 -2.477219003350547419e-18 -1.568797825492307624e-17 -1.110223024625156540e-16 -5.018541388591031405e-18 1.018041427350776445e-16 -1.110223024625156540e-16 1.236262474312112544e-18 -4.772369135968335871e-18 5.551115123125782702e-17 -3.373621824649805460e-18 -2.480236556194242345e-18 1.947682903295018349e-19 0.000000000000000000e+00
-9.075630252100838624e-02 -9.841474909993244326e-18 8.132865875902952587e-20 5.551115123125782702e-17 7.539066374404819327e-18 1.151795120673574397e-16 0.000000000000000000e+00 -1.288257124744173188e-18 -5.116672967124103891e-18 -2.775557561562891351e-17 2.606344471205892860e-18 1.788798395443118787e-18 1.721264676686585760e-20 0.000000000000000000e+00
-9.579831932773108516e-02 1.023853953414434498e-18 3.936450745484772393e-17 0.000000000000000000e+00 -1.487140912204678100e-17 -9.616671619293789909e-17 0.000000000000000000e+00 -3.991767025348361680e-18 2.364349963785273911e-17 0.000000000000000000e+00 -6.033328347912732017e-20 -2.049586406861745839e-18 5.434669053819682210e-19 0.000000000000000000e+00
-1.008403361344537702e-01 -4.406305738923868353e-18 1.386440113220902579e-17 2.775557561562891351e-17 1.266189449279464541e-17 -9.132833587241143266e-17 0.000000000000000000e+00 2.539263079852346137e-18 5.479493323526583229e-18 0.000000000000000000e+00 5.340653119047254435e-18 1.329924963742710064e-18 4.840558776904222110e-19 0.000000000000000000e+00
-1.058823529411764552e-01 -4.387192057332384611e-18 -5.593731177544763951e-21 5.551115123125782702e-17 -2.208619653401445405e-17 -4.655507443661400993e-17 5.551115123125782702e-17 8.369546305173174557e-18 -4.011715434009655337e-18 -1.110223024625156540e-16 -3.115701538241767982e-18 7.077339730211708780e-19 3.867002628402377288e-19 -5.551115123125782702e-17
-1.109243697478991542e-01 -4.780034157551387380e-18 7.247187480564743147e-18 2.775557561562891351e-17 3.220124982888863207e-19 -1.520016533689436206e-17 0.000000000000000000e+00 2.893168404115985466e-18 -7.992287755608332303e-18 0.000000000000000000e+00 8.870208520964744773e-18 -2.575657848603715373e-18 -2.391483799209837742e-19 5.551115123125782702e-17
-1.159663865546218392e-01 -6.376804610378833758e-18 -1.899618059649073743e-17 -5.551115123125782702e-17 2.267976508490488835e-18 -3.851617171421081472e-17 -1.110223024625156540e-16 -2.204447179212619423e-18 -7.586673856270982342e-18 0.000000000000000000e+00 -2.727216994306555691e-18 -1.746140634794114028e-18 7.597452569574791482e-20 -1.110223024625156540e-16
-1.210084033613445242e-01 6.435515877381090275e-19 -1.812253226522168179e-17 -5.551115123125782702e-17 -8.865947354321875408e-19 -4.835380867840921263e-17 -2.220446049250313081e-16 -3.460602014734716162e-18 1.406119741226561186e-17 5.551115123125782702e-17 -1.208113300455521957e-18 -3.083062933592560929e-18 2.661929416997487589e-22 1.110223024625156540e-16
-1.260504201680672232e-01 3.025921271548312483e-18 5.905568616818116207e-18 0.000000000000000000e+00 3.682329030822962376e-18 -5.758552286982179619e-17 1.110223024625156540e-16 2.167379243144105629e-18 6.245167899164169027e-18 -1.110223024625156540e-16 5.275933468180536956e-18 -3.771738980061441199e-18 -4.517228794780566307e-20 0.000000000000000000e+00
-1.310924369747898943e-01 1.931731258945141528e-18 -2.271474788377130444e-17 2.775557561562891351e-17 1.574726090209476729e-17 7.811239075462714218e-17 0.000000000000000000e+00 2.817885996528824954e-20 -1.143911231952473829e-17 0.000000000000000000e+00 4.218357583783632314e-18 1.250646788744044022e-18 -6.413496075769459617e-19 0.000000000000000000e+00
-1.361344537815125932e-01 -1.701609342998768178e-18 -3.890363736131885006e-17 -2.775557561562891351e-17 1.174665492541037691e-18 3.069395256853086387e-17 1.110223024625156540e-16 -3.571318691435143690e-18 -6.729212617142804968e-18 -8.326672684688674053e-17 7.159424918618761637e-19 -8.560750967673738862e-19 3.155229607713160900e-20 5.551115123125782702e-17
-1.411764705882352922e-01 -2.003564751523304798e-18 -9.724624955322156948e-18 0.000000000000000000e+00 1.692667390667291526e-17 3.420884021498268332e-17 -5.551115123125782702e-17 -1.905656136457619783e-18 -7.493713483481507634e-18 -2.775557561562891351e-17 2.981132144879842724e-19 1.579017542884141813e-18 6.829283858923327821e-20 -5.551115123125782702e-17
-1.462184873949579633e-01 -7.977531553251701180e-18 -5.068575044167596403e-18 0.000000000000000000e+00 6.331747827630138617e-18 6.437705336207346202e-19 1.110223024625156540e-16 1.626528535316095288e-18 -5.958510330555041630e-18 -1.110223024625156540e-16 2.052978076383957129e-18 -2.154090021689413418e-18 -1.631931995179481450e-19 2.775557561562891351e-16
-1.512605042016806622e-01 4.194535415647916056e-18 1.767182991998398122e-18 0.000000000000000000e+00 4.615644983638120319e-18 5.708214078391403676e-17 0.000000000000000000e+00 8.285807078345006569e-18 1.928816645256133691e-18 0.000000000000000000e+00 -1.060161112033948069e-18 -1.758068259931527305e-19 -6.826861861764065120e-19 0.000000000000000000e+00
-1.563025210084033334e-01 -1.475121965725774768e-18 1.502330620352587875e-17 0.000000000000000000e+00 4.933271576999488665e-19 3.574980068758468718e-17 0.000000000000000000e+00 -2.737905539881478878e-18 2.373351802547279758e-17 0.000000000000000000e+00 7.003737755609047950e-18 1.763611240538802796e-18 1.438907368843969530e-19 0.000000000000000000e+00
-1.613445378151260323e-01 -1.149982196719393687e-17 8.184435664925727111e-18 -5.551115123125782702e-17 1.448647372850650089e-17 7.493153573890457410e-17 5.551115123125782702e-17 6.823744431362756445e-18 -8.748582236645609085e-18 2.775557561562891351e-17 5.345292033048357371e-18 -1.974480394956271457e-18 -1.769696409901662534e-19 -1.110223024625156540e-16
-1.663865546218487312e-01 -6.538493471091066235e-18 -2.247069440957713204e-17 0.000000000000000000e+00 2.753530513712961788e-17 1.164119274746755100e-17 0.000000000000000000e+00 1.012056601315999750e-18 1.381947249815621083e-18 -5.551115123125782702e-17 -3.984034738560326003e-18 -1.993881058911538321e-18 -1.755908254407253452e-19 5.551115123125782702e-17
-1.714285714285714024e-01 5.819297866297062694e-18 3.904976875479941690e-18 -5.551115123125782702e-17 -5.860768046848691817e-19 5.851684847833813371e-17 1.110223024625156540e-16 7.131293685765847849e-18 7.701755442785854753e-18 -5.551115123125782702e-17 5.844521668977447425e-18 -2.964154724569734560e-18 2.554107436977083327e-19 -1.110223024625156540e-16
-1.764705882352941013e-01 3.566083954304002503e-18 -3.811102546336304615e-17 2.775557561562891351e-17 -1.954657076575323073e-17 -5.411182033805914713e-17 2.220446049250313081e-16 1.587915285136158529e-18 -9.135322568581391210e-19 0.000000000000000000e+00 4.827316470879365461e-19 -5.167006147862735770e-18 -1.473838002356713137e-19 5.551115123125782702e-17
-1.815126050420167725e-01 -9.923116389259040164e-18 8.327017563224867707e-18 2.775557561562891351e-17 2.813036802314259012e-18 1.385410779338897352e-17 1.110223024625156540e-16 -3.849748516086559266e-18 -1.681580055595557731e-17 -2.775557561562891351e-17 -1.494980358772008447e-18 4.729874551080979895e-20 -7.896150382533025593e-20 0.000000000000000000e+00
-1.865546218487394714e-01 -4.845391593794129462e-18 2.130815539159821778e-17 2.775557561562891351e-17 -1.955205229172294568e-17 7.792470284214727462e-17 1.110223024625156540e-16 -1.295737656537502945e-18 -3.305666306660129780e-18 2.775557561562891351e-17 3.908500950980423644e-19 -7.834156823311221487e-19 3.804323995252203841e-19 -5.551115123125782702e-17
-1.915966386554621703e-01 -1.373283258154591856e-18 3.178502701109304744e-17 5.551115123125782702e-17 -3.894489048922661513e-18 1.758228150517701199e-19 1.110223024625156540e-16 -7.354193562905234433e-19 3.040267838527457854e-18 -5.551115123125782702e-17 4.260324608851065944e-18 5.060991749553289271e-19 1.919793175623534730e-19 -5.551115123125782702e-17
-1.966386554621848415e-01 1.103574886524229324e-17 -1.078609477423833276e-17 0.000000000000000000e+00 9.569939284073586393e-19 -1.525812461913803415e-17 -1.110223024625156540e-16 7.358400718492741463e-18 -5.461718862373237954e-18 0.000000000000000000e+00 -3.351823693531708330e-18 -3.974835665358061865e-18 1.778058491970382964e-19 1.110223024625156540e-16
-2.016806722689075404e-01 -9.466627162004567006e-18 -3.049954536862027785e-17 -2.775557561562891351e-17 7.385751810374524598e-18 -3.054613320375507005e-17 1.110223024625156540e-16 -4.110734517088069314e-18 -1.174051648824924706e-17 -2.775557561562891351e-17 2.275877109134414988e-18 2.398674670395659515e-18 1.402793756426966101e-19 5.551115123125782702e-17
-2.067226890756302393e-01 -2.477586570335856219e-18 -1.793384763919884544e-17 -5.551115123125782702e-17 1.676259622373181430e-17 1.496960413788070707e-17 -5.551115123125782702e-17 -4.856555046823150685e-18 1.385059184495279503e-18 -2.775557561562891351e-17 2.739066628369637700e-18 -4.101341129945662566e-18 1.150490582113413102e-19 -5.551115123125782702e-17
-2.117647058823529105e-01 -1.199829743162760033e-18 -2.224477688779264144e-17 5.551115123125782702e-17 -2.743551087053417676e-18 -3.596676121154866958e-17 -1.110223024625156540e-16 7.082877320575748757e-20 -1.444058320246640589e-17 1.665334536937734811e-16 -4.538898621192290392e-19 -2.930386416832421484e-18 1.454687157353801355e-19 -1.110223024625156540e-16
-2.168067226890756094e-01 2.673822328302109946e-18 1.207382287442005303e-17 1.110223024625156540e-16 -6.381981068535830661e-18 5.467382838862166421e-17 0.000000000000000000e+00 -9.134888574332578965e-19 1.095122489912575918e-17 0.000000000000000000e+00 -1.075538105001315298e-18 5.189138260559682639e-18 1.183165448886858344e-19 0.000000000000000000e+00
-2.218487394957983083e-01 6.077167278225205635e-18 1.593091195358389197e-17 5.551115123125782702e-17 -7.928139847573105722e-18 -2.258707407248675163e-17 5.551115123125782702e-17 6.190293175469820216e-19 2.024651774237105203e-17 -8.326672684688674053e-17 8.539201090691143864e-20 2.483226578071997019e-19 2.138574903980812330e-19 5.551115123125782702e-17
-2.268907563025209795e-01 -1.835913619507216294e-18 -6.685636551696341176e-19 1.387778780781445676e-16 -1.513960863941222812e-17 -7.681269921956545233e-17 -5.551115123125782702e-17 -8.684683099780030245e-19 9.550062138847108829e-19 -8.326672684688674053e-17 3.886533993272154749e-18 -5.169617813021964463e-18 -1.601371044625137412e-19 -1.110223024625156540e-16
-2.319327731092436784e-01 -7.399442343539427460e-18 -5.961366360361671865e-18 0.000000000000000000e+00 4.386575813663464860e-18 -1.083838613025759577e-16 0.000000000000000000e+00 -2.349986525207885616e-19 2.538816252875824868e-18 2.775557561562891351e-17 -1.825672226995500505e-18 1.145942977508470883e-19 2.126933790959965380e-21 0.000000000000000000e+00
-2.369747899159663496e-01 -3.745084117637413701e-18 6.765085427509333944e-18 -5.551115123125782702e-17 1.304023455988567483e-18 -1.299990818465477690e-17 -1.110223024625156540e-16 1.007469641940436873e-18 1.766930926230035772e-17 -5.551115123125782702e-17 1.013218095242888551e-18 -7.898562973601158129e-20 -1.790304076543816453e-19 -1.110223024625156540e-16
-2.420168067226890485e-01 -6.887409681586990459e-18 -1.539323372173889086e-17 0.000000000000000000e+00 1.951487964720069385e-17 -9.687798887277157583e-18 -1.110223024625156540e-16 3.308737217236720235e-18 9.772230443023392937e-19 0.000000000000000000e+00 -5.927152539279719870e-18 3.675918229729218878e-18 -3.736890440809780400e-20 0.000000000000000000e+00
-2.470588235294117474e-01 3.389715792410227856e-18 -1.154552517393013937e-17 5.551115123125782702e-17 3.950624159487644042e-18 1.742367009864662477e-18 0.000000000000000000e+00 3.642932758291641366e-18 2.592307143198149268e-17 -5.551115123125782702e-17 1.347746977012963322e-19 -1.555085638326581449e-18 5.360780830583942761e-19 0.000000000000000000e+00
-2.521008403361344463e-01 -3.892747341308301439e-18 -2.500400999237762392e-17 0.000000000000000000e+00 -5.398434688157771733e-18 5.646406760682221082e-17 -1.110223024625156540e-16 -1.900120550525975923e-18 -8.093811303166527482e-19 -5.551115123125782702e-17 -2.193087237108908066e-18 1.877415505809571398e-18 7.310237470791910378e-19 -1.110223024625156540e-16
-2.571428571428571175e-01 -3.771956092220911624e-18 -9.949019009400177434e-18 -2.775557561562891351e-17 2.404816749800007209e-18 -3.078785529366488089e-17 0.000000000000000000e+00 5.167620877161279899e-18 -7.095577401047678150e-18 2.775557561562891351e-17 -1.847166839301146163e-18 1.172875271603449777e-19 -1.509597879965893332e-19 -3.330669073875469621e-16
-2.621848739495797886e-01 8.958591820799301761e-18 1.667409376562894778e-18 0.000000000000000000e+00 1.907906438286221524e-18 -1.215871023073703715e-16 0.000000000000000000e+00 4.477742833168783244e-18 1.286261568379131334e-17 5.551115123125782702e-17 -4.389028699051952046e-18 -8.503041498720663956e-18 -2.578093128437384515e-19 0.000000000000000000e+00
-2.672268907563025153e-01 1.386951091775199159e-18 1.071030519550931748e-17 0.000000000000000000e+00 7.956947629658405130e-18 8.605283157223416985e-17 0.000000000000000000e+00 2.305327915442279386e-18 1.420544473024908848e-17 0.000000000000000000e+00 1.583889207471973917e-18 -6.187736840192735255e-18 -9.895663289651322767e-20 0.000000000000000000e+00
-2.722689075630251865e-01 2.723640155500103341e-18 4.842851311612948868e-18 -2.775557561562891351e-17 6.031726525716229379e-18 -6.198978816090319091e-17 -5.551115123125782702e-17 -9.192978756092678123e-19 -1.353824222551475196e-19 -2.775557561562891351e-17 -1.350031606746866359e-19 -5.756178238849916859e-19 2.079013488756211663e-19 1.110223024625156540e-16
-2.773109243697478576e-01 3.880262763968555102e-18 1.134900858978691057e-19 0.000000000000000000e+00 1.154002129707723691e-17 -5.733192275598362402e-17 -1.110223024625156540e-16 9.162244414348267325e-19 -9.983124593052069510e-18 -5.551115123125782702e-17 3.385655576899083349e-18 -1.320882007203812269e-18 1.406551246472287127e-19 1.110223024625156540e-16
-2.823529411764705843e-01 1.553189863872202345e-17 -7.515170027214362603e-19 0.000000000000000000e+00 2.326713737545000978e-18 -2.145853206259171251e-17 0.000000000000000000e+00 -6.059504258970949559e-19 1.524463033601814731e-18 0.000000000000000000e+00 -4.239593283972899605e-18 -1.373002709484641376e-18 -3.929422161582280618e-19 0.000000000000000000e+00
-2.873949579831932555e-01 7.510413272360890788e-18 1.207063119694804879e-17 -5.551115123125782702e-17 -3.555137699356436553e-19 1.466510991925313706e-16 5.551115123125782702e-17 9.884048264847758423e-19 9.211337177546196913e-18 -5.551115123125782702e-17 2.427391153520988870e-18 5.762064124739425465e-19 -2.500728447837128308e-20 5.551115123125782702e-17
-2.924369747899159266e-01 2.140081383026848375e-18 -1.743525637352037994e-17 5.551115123125782702e-17 -1.887238903266113005e-18 1.285569686055659195e-16 -1.110223024625156540e-16 1.585534875239364086e-19 -1.422078899787211996e-17 -2.775557561562891351e-17 3.288833154616896745e-18 3.801027707936157714e-18 1.210656271445579986e-19 0.000000000000000000e+00
-2.974789915966385978e-01 1.443852759079752072e-18 -6.909776315910526994e-18 -5.551115123125782702e-17 8.413576922109234997e-19 -1.616484656477559293e-16 -2.220446049250313081e-16 1.853558385984821472e-18 -5.322114878702904456e-18 -1.110223024625156540e-16 -3.643728344630082283e-18 4.748473866188459170e-18 -3.590953213660583716e-19 0.000000000000000000e+00
-3.025210084033613245e-01 2.379088758856564900e-18 1.563194624304551796e-17 0.000000000000000000e+00 -3.667147435959674136e-18 -2.239554991076629871e-17 0.000000000000000000e+00 1.733475399755907304e-18 4.263345585470254519e-18 -5.551115123125782702e-17 1.415013129714482878e-18 1.768041014760310304e-18 -4.267167573464130387e-20 -5.551115123125782702e-17
-3.075630252100839956e-01 2.343099146808367219e-19 1.494084436379326131e-17 -1.110223024625156540e-16 7.364104751734914252e-18 -1.106206188868638136e-18 0.000000000000000000e+00 -3.673865602293282279e-18 4.927113310202029222e-18 0.000000000000000000e+00 2.600955417384091559e-18 -1.881484552255010932e-18 2.271509598765393126e-19 -5.551115123125782702e-17
-3.126050420168066668e-01 -3.344680510827539525e-18 -5.150270878773031209e-18 5.551115123125782702e-17 1.932852130835263826e-18 -1.508075696480110015e-16 0.000000000000000000e+00 7.224505218828786581e-18 8.116887687321514121e-19 0.000000000000000000e+00 6.345667520594209001e-18 9.392342974681217558e-18 -8.563168705986746962e-20 0.000000000000000000e+00
-3.176470588235293935e-01 6.312562103777796632e-18 -5.139224628495095316e-18 5.551115123125782702e-17 -3.599177772304669004e-18 -1.358257812235557314e-17 0.000000000000000000e+00 -3.251381663082034678e-18 6.984638639237058483e-18 2.775557561562891351e-17 2.868565058549613488e-18 -1.303486224345760539e-18 -2.449158313857068564e-19 -1.110223024625156540e-16
-3.226890756302520646e-01 -2.782954347583570910e-18 2.900999908662911257e-17 -5.551115123125782702e-17 4.308834934882836784e-18 -1.038967136735940361e-16 -1.110223024625156540e-16 -2.905025049643896986e-18 -1.580329626954482589e-18 -5.551115123125782702e-17 -1.081244446580723717e-19 1.697337390587103652e-18 1.060521998695393840e-19 -1.110223024625156540e-16
-3.277310924369747358e-01 1.729066754328373443e-18 1.760204048688759360e-18 0.000000000000000000e+00 2.074842033148322190e-18 -1.202465633723522269e-16 0.000000000000000000e+00 2.577977597259079973e-18 -1.899004369739487803e-17 1.110223024625156540e-16 2.741642094302084694e-19 -2.577179419838293314e-18 -4.263097441155002179e-19 -2.220446049250313081e-16
-3.327731092436974625e-01 -7.314552273237119940e-19 4.672902002563151196e-19 0.000000000000000000e+00 -1.067765140320447853e-17 5.906994847619148349e-17 1.110223024625156540e-16 -1.879640622081750062e-18 1.084256109204857385e-18 -5.551115123125782702e-17 1.040441645247122167e-19 8.104001733417021815e-20 -1.016067673256102701e-19 1.110223024625156540e-16
-3.378151260504201336e-01 -7.947249581618208655e-18 2.255127001896366491e-18 5.551115123125782702e-17 -4.977766146446837292e-18 -4.884374656673222570e-17 -1.110223024625156540e-16 6.549774301949032311e-18 -1.024932723566719625e-17 -5.551115123125782702e-17 -3.033738638625038098e-18 8.146085911066706616e-19 -4.816373896385682186e-20 1.110223024625156540e-16
-3.428571428571428048e-01 -3.410994067673259781e-19 5.719160390537903835e-18 0.000000000000000000e+00 1.242410199873741637e-17 9.472705395739669752e-17 0.000000000000000000e+00 -1.127647969173430051e-18 1.462687244964657922e-17 0.000000000000000000e+00 -1.075640316424789409e-18 -5.684452460896980897e-18 -1.895262956088981817e-19 1.110223024625156540e-16
-3.478991596638655315e-01 -5.675501021785604780e-18 1.105097254410692605e-17 0.000000000000000000e+00 -2.667976873476083569e-18 -1.556090460430171003e-17 0.000000000000000000e+00 4.821423599917058797e-18 3.319513744596594546e-19 0.000000000000000000e+00 1.235709390323806574e-18 5.486041119680922072e-18 3.325314713703056501e-19 0.000000000000000000e+00
-3.529411764705882026e-01 -4.585047388790748909e-18 -4.463020213048380656e-18 0.000000000000000000e+00 1.294527581381818767e-18 -2.410043714849449934e-17 -2.220446049250313081e-16 4.903887480031196916e-18 -7.255604587443846456e-18 1.665334536937734811e-16 5.045040428087888228e-18 3.761909432401645418e-19 -1.859655071637354866e-19 -1.110223024625156540e-16
-3.579831932773108738e-01 -1.390881835912344973e-17 -3.489407396047188124e-18 -2.775557561562891351e-17 9.470184283243108015e-18 5.343008653281314247e-18 0.000000000000000000e+00 6.726591133189177377e-18 -2.003016409272173915e-17 5.551115123125782702e-17 -3.449132240045195964e-18 -3.633235256300381854e-18 1.947320321980130858e-19 -5.551115123125782702e-17
-3.630252100840335450e-01 6.058585804036214626e-19 -3.301641557747048614e-17 0.000000000000000000e+00 -8.566979687775162752e-18 2.706694615284231605e-17 -2.220446049250313081e-16 -2.396874312251311844e-18 -1.625546022488037389e-17 1.110223024625156540e-16 8.957704858302840117e-21 1.254941258378234610e-18 1.908180200196798197e-19 -1.110223024625156540e-16
-3.680672268907562716e-01 1.476826249935927473e-17 1.826368974936555180e-17 0.000000000000000000e+00 -5.576337470528184630e-19 -1.600053178679586997e-17 5.551115123125782702e-17 4.930523069452086408e-18 -3.517184840719690679e-18 5.551115123125782702e-17 3.320926816406948315e-18 3.435092375273083373e-18 2.041953979858063153e-19 -5.551115123125782702e-17
-3.731092436974789428e-01 -1.601157879670848459e-18 3.656446764042488891e-17 5.551115123125782702e-17 2.391007898394920107e-18 1.594915550725411297e-16 -1.110223024625156540e-16 2.528619284266506887e-18 -7.467135075023648013e-18 5.551115123125782702e-17 1.339049333783482689e-18 2.465871662887744641e-18 -1.755564532190174773e-19 -1.110223024625156540e-16
-3.781512605042016140e-01 1.194188614182703753e-18 -1.900092694025298415e-17 -2.775557561562891351e-17 -1.840908599719722577e-18 4.756161461666288697e-17 5.551115123125782702e-17 2.448933413718177427e-18 1.335968534623463610e-17 0.000000000000000000e+00 6.324022764566651420e-19 1.898268314008922111e-18 -7.981617090217542924e-19 -5.551115123125782702e-17
-3.831932773109243406e-01 -2.117018417460008420e-18 -3.209301927826402074e-17 1.110223024625156540e-16 -8.014473836391829422e-18 -8.045233558470641899e-17 0.000000000000000000e+00 5.266024172505984399e-18 -5.486623830471102465e-18 2.775557561562891351e-17 6.617970649226421108e-19 8.609828036234457935e-19 6.298445929183076208e-19 1.110223024625156540e-16
-3.882352941176470118e-01 -6.249889039604367449e-18 -9.288840862879700795e-18 -2.775557561562891351e-17 -5.883934736121178289e-18 1.114508673988473324e-16 0.000000000000000000e+00 6.914067509795928866e-19 -2.205746129686399149e-17 2.775557561562891351e-17 -1.652633711423790830e-18 -3.176987987525463832e-19 1.041017277917804353e-19 0.000000000000000000e+00
-3.932773109243696830e-01 -5.418974637547192154e-18 -1.390647974430571944e-17 2.775557561562891351e-17 1.704994218366998073e-18 1.427172542538226633e-17 -5.551115123125782702e-17 9.738049126411528121e-20 -6.823461286019007579e-18 5.551115123125782702e-17 -5.923868654276583232e-19 2.128970649516584261e-18 8.888813037686074882e-20 1.110223024625156540e-16
-3.983193277310924096e-01 1.466823532691255044e-17 -2.432861028988547616e-18 0.000000000000000000e+00 1.506514255240736113e-17 7.631828625289672295e-17 0.000000000000000000e+00 8.759359960373281162e-19 -9.622541958007227387e-18 0.000000000000000000e+00 3.012296195333785126e-18 -6.287717217939275827e-18 -4.540785778686445110e-21 0.000000000000000000e+00
-4.033613445378150808e-01 -3.981598304137214495e-18 2.442092760322636029e-17 0.000000000000000000e+00 1.006429504150735924e-17 2.088858507087728727e-16 -1.110223024625156540e-16 2.558334632490878270e-18 -5.213710962000806952e-18 1.110223024625156540e-16 5.242972932393629567e-18 -1.371045459550223391e-18 -8.275562314187550182e-20 0.000000000000000000e+00
-4.084033613445377520e-01 2.602614232525957398e-18 -1.423890275443436624e-17 2.775557561562891351e-17 2.129386639452239345e-18 -1.058146930940372891e-16 0.000000000000000000e+00 2.402294319859526534e-18 -1.608609949388978128e-17 2.775557561562891351e-17 -2.149855735317164671e-18 -4.931192792513535607e-19 2.546416294282635412e-21 0.000000000000000000e+00
-4.134453781512604786e-01 2.587598070314828109e-18 -2.854748553568147625e-17 2.775557561562891351e-17 1.237742621391123907e-17 1.351541129964589475e-16 -5.551115123125782702e-17 2.627163977002613074e-18 -3.460039178097335484e-18 2.775557561562891351e-17 -5.016816368612613520e-19 2.172896218842153317e-18 -9.862856395167698423e-20 0.000000000000000000e+00
-4.184873949579831498e-01 1.250790029125471958e-17 -1.182484441510923536e-17 -2.775557561562891351e-17 -9.816541647143122245e-18 1.812578223865505628e-17 0.000000000000000000e+00 -1.121906793714963716e-18 -1.771796424566919845e-17 -5.551115123125782702e-17 -3.466106197840914866e-18 -4.260497024083975917e-19 -2.128951362902194881e-20 5.551115123125782702e-17
-4.235294117647058210e-01 1.003201815847922144e-17 2.211389975990516439e-17 -2.775557561562891351e-17 -1.224762490777120660e-17 -5.816576124244193895e-17 5.551115123125782702e-17 2.878502297248659630e-18 6.022479031791913740e-18 2.775557561562891351e-17 2.504351407069702192e-18 -5.170627694209968734e-20 4.854037603288077030e-20 0.000000000000000000e+00
-4.285714285714285476e-01 5.096666159796228300e-18 -1.348746205881932890e-17 -5.551115123125782702e-17 8.821863578734648616e-18 5.685874726182687358e-17 -2.220446049250313081e-16 4.607999589216949681e-18 -2.510217255281906391e-19 5.551115123125782702e-17 -1.209398309095405802e-18 9.466724561801334155e-19 -1.899080477821768168e-19 1.110223024625156540e-16
-4.336134453781512188e-01 1.133480102389241229e-18 1.301863698542656654e-17 -2.775557561562891351e-17 7.999292231629042483e-18 4.390116586340820723e-17 0.000000000000000000e+00 -2.092200488757915577e-18 -2.046062683138994968e-18 5.551115123125782702e-17 -9.447308380751776820e-19 2.938123733162354611e-18 2.138745571559257577e-19 -5.551115123125782702e-17
-4.386554621848738900e-01 -6.342784775405848619e-18 -1.069418576412547135e-17 5.551115123125782702e-17 -2.473785212909333105e-18 -9.685054245078996869e-18 1.110223024625156540e-16 -5.503884316236345400e-18 1.663463823596526266e-17 0.000000000000000000e+00 -4.343830754534564268e-18 -2.806451520038081033e-19 -5.622329965914853822e-19 1.110223024625156540e-16
-4.436974789915966166e-01 -4.843097436709608425e-18 -1.751318134227662273e-17 -8.326672684688674053e-17 3.548114739450842510e-18 2.114561689192001508e-16 1.110223024625156540e-16 6.166655607012326799e-19 -2.897986175410500022e-17 -8.326672684688674053e-17 1.519855231904708525e-18 2.336514896857624792e-18 -5.463873627158791568e-20 5.551115123125782702e-17
-4.487394957983192878e-01 -4.355526300997407301e-18 -3.335917268699826576e-17 5.551115123125782702e-17 2.670260224243854868e-18 -1.412205229135442168e-16 0.000000000000000000e+00 -1.092445340498215799e-18 5.468782225554542084e-18 0.000000000000000000e+00 -2.223725711469714672e-18 -1.785075885186638552e-18 1.068636383362598273e-19 0.000000000000000000e+00
-4.537815126050419590e-01 -1.022085667968698940e-17 -1.485530253471444135e-17 5.551115123125782702e-17 1.910450757101544704e-17 1.167146866705101631e-17 -5.551115123125782702e-17 -3.206127253557442606e-18 -2.448935340120336109e-17 2.775557561562891351e-17 2.420670416993458154e-18 2.321482641287627038e-18 1.162896834820078895e-19 0.000000000000000000e+00
-4.588235294117646301e-01 -1.078455361451750854e-18 1.599024494317332910e-18 -2.775557561562891351e-17 5.485609527076031535e-18 4.841799308602119983e-18 1.110223024625156540e-16 -4.768006126183090934e-18 -4.242538591883802716e-19 0.000000000000000000e+00 -1.407980519350624755e-18 9.959491831598621706e-19 -1.140421962470070471e-19 5.551115123125782702e-17
-4.638655462184873568e-01 4.244226371974559871e-18 -2.114162182552515308e-19 0.000000000000000000e+00 1.149305073110728503e-17 3.023583767684395649e-17 0.000000000000000000e+00 -1.866232669511225625e-18 1.782073758354016999e-18 0.000000000000000000e+00 2.878532090966410516e-18 1.180447829420432164e-18 -2.166186424496748198e-19 0.000000000000000000e+00
-4.689075630252100280e-01 -4.513254883167663946e-18 1.035470561617098383e-17 5.551115123125782702e-17 2.612256711111853639e-17 1.672215011928617124e-18 -5.551115123125782702e-17 -5.728876438003806947e-19 -1.318844662665430259e-18 0.000000000000000000e+00 4.704434098479139512e-18 5.677351059018638991e-18 2.711370979319495390e-19 0.000000000000000000e+00
-4.739495798319326991e-01 -6.089606092075621924e-19 -3.622805535622652087e-19 -5.551115123125782702e-17 -6.251884593306081613e-18 8.293586178059785690e-17 5.551115123125782702e-17 -7.693906834272127446e-18 -1.163226659021899677e-17 0.000000000000000000e+00 2.939230798437717168e-18 -2.561064659627963025e-18 -5.379893236166572014e-20 0.000000000000000000e+00
-4.789915966386554258e-01 -5.251556871645385090e-18 2.600331762478621119e-18 0.000000000000000000e+00 -2.762137379532320688e-17 9.189049950481091658e-17 0.000000000000000000e+00 -2.925792732498026447e-18 1.151983063695850271e-17 0.000000000000000000e+00 -6.905941472359878638e-18 4.027158415839539892e-18 -8.010536203605183762e-20 0.000000000000000000e+00
-4.840336134453780970e-01 2.533455439391772549e-18 -2.009707135204119775e-17 -8.326672684688674053e-17 -3.709098363945797284e-18 -7.496314105719821943e-17 -5.551115123125782702e-17 -2.203884621009406395e-19 5.554636605303531911e-18 -2.775557561562891351e-17 1.048679393972006461e-18 -3.650478425729347866e-18 2.288432075407134936e-19 -1.110223024625156540e-16
-4.890756302521007681e-01 2.526112802912198415e-18 -1.586960870857082086e-17 5.551115123125782702e-17 -3.117965008595362205e-18 -1.552408747177676310e-16 0.000000000000000000e+00 -1.088461126442890280e-18 -8.781266334430703721e-18 0.000000000000000000e+00 -3.694347323811017159e-18 -1.513426215636772794e-18 3.126723163811727031e-19 0.000000000000000000e+00
-4.941176470588234948e-01 3.138844156892481632e-18 -1.871389114056606776e-17 5.551115123125782702e-17 2.918432379181596040e-18 1.249652332315926187e-16 -5.551115123125782702e-17 -1.344540726379262515e-19 6.714149573284641983e-19 -8.326672684688674053e-17 2.647147311179827862e-18 3.580852498380095730e-18 -5.230835499402133934e-20 5.551115123125782702e-17
-4.991596638655461660e-01 -2.029828763025374674e-18 -1.538362875112347021e-17 0.000000000000000000e+00 2.163137531406184535e-18 6.736065928750191855e-17 5.551115123125782702e-17 3.412091115343092620e-18 1.648413037810359179e-18 0.000000000000000000e+00 1.149412789468310150e-19 -1.853200938073694579e-18 6.507349874047771461e-21 0.000000000000000000e+00
-5.042016806722688926e-01 -9.418140628226157208e-18 2.142816998047939089e-17 -2.775557561562891351e-17 4.748563199839200181e-18 5.105269621824001026e-17 0.000000000000000000e+00 -4.776570813277455709e-18 -6.372788169652441859e-18 5.551115123125782702e-17 2.367185822992129011e-18 -5.451008435095617964e-18 -1.463008059771390650e-21 -3.330669073875469621e-16
-5.092436974789915638e-01 8.097460850428404804e-19 1.988554356468129155e-17 0.000000000000000000e+00 -1.191733173483564982e-17 -5.797377671562820002e-17 -1.110223024625156540e-16 7.370758201186698188e-19 3.860029514884271967e-18 0.000000000000000000e+00 2.729321377836296570e-18 -1.304196850031358413e-19 2.041460268376154861e-19 1.110223024625156540e-16
-5.142857142857142350e-01 -4.923149070516147260e-18 -2.419296801568570490e-17 8.326672684688674053e-17 8.537783778515823324e-19 1.165647473885361214e-16 1.665334536937734811e-16 -2.158545249995575342e-19 -1.098303117192205259e-17 2.775557561562891351e-17 -4.251354040555979783e-18 4.007985356570395594e-18 -1.762870465106532179e-19 0.000000000000000000e+00
-5.193277310924369061e-01 7.397414346759615574e-18 1.163033262201597195e-17 0.000000000000000000e+00 -1.397816294851937764e-17 8.401214515999742626e-17 0.000000000000000000e+00 5.318160070572717062e-18 -8.464611858432896965e-19 0.000000000000000000e+00 -6.383028581520297960e-19 2.452307136925594170e-19 -1.574180604913538385e-19 0.000000000000000000e+00
-5.243697478991595773e-01 1.111954900195981937e-17 -2.547045600196244566e-17 2.775557561562891351e-17 -4.477296721822162428e-18 7.979617000025419495e-17 1.110223024625156540e-16 4.013783646674842259e-18 -6.287206546599840080e-18 -5.551115123125782702e-17 1.539508768842799122e-18 2.986681353658353618e-18 2.011419348620211799e-19 1.110223024625156540e-16
-5.294117647058822484e-01 -2.112684196107321667e-18 -1.361336761718764287e-19 8.326672684688674053e-17 -5.571457617668434653e-18 -2.306130376765085984e-17 5.551115123125782702e-17 2.969455032054102059e-20 -6.938450841450906271e-18 0.000000000000000000e+00 -1.514868575963306841e-18 -1.012754834395403271e-18 4.088083335691914148e-19 -1.110223024625156540e-16
-5.344537815126050306e-01 -5.267357197333743787e-18 -1.374959178154395625e-17 -5.551115123125782702e-17 2.944810811872891921e-18 -7.305692253699867084e-17 0.000000000000000000e+00 -5.580827698480502240e-18 -3.233513731737725216e-18 0.000000000000000000e+00 1.594380828957881800e-18 3.008964057219402321e-18 -1.539618698643974592e-19 0.000000000000000000e+00
-5.394957983193277018e-01 -5.600117212939992229e-18 9.311441712437189721e-18 -2.775557561562891351e-17 1.956335983202885944e-18 9.661669755333057977e-17 1.110223024625156540e-16 7.716344619005359594e-19 7.080288024965019892e-18 -2.775557561562891351e-17 -3.064352510421296797e-18 -5.825260982393490392e-18 1.000477245925396034e-19 0.000000000000000000e+00
-5.445378151260503730e-01 5.444048054309844834e-18 -9.269425100123678513e-18 2.775557561562891351e-17 -1.246319714802952082e-17 8.555562225142399080e-17 0.000000000000000000e+00 9.693695327498719819e-19 -1.023141228547454481e-17 2.775557561562891351e-17 -6.593964407133224364e-18 -3.200771860723211134e-18 2.819832082340996015e-20 0.000000000000000000e+00
-5.495798319327730441e-01 3.903564654030251090e-18 -1.506432448874779167e-17 5.551115123125782702e-17 -4.504026805083746239e-18 1.071668683761779180e-16 0.000000000000000000e+00 9.235169100045592272e-18 1.853314751358932426e-19 5.551115123125782702e-17 -5.210892186039858912e-18 2.911717400208187613e-18 -1.320620460166118393e-19 0.000000000000000000e+00
-5.546218487394957153e-01 -1.493323838873118828e-18 8.883931866845584696e-18 5.551115123125782702e-17 -2.632330797556685609e-18 -1.558878065068094329e-17 0.000000000000000000e+00 2.899044754256150192e-18 -4.466149969665501664e-18 2.775557561562891351e-17 1.663896091604994746e-18 -2.165970367088719950e-18 2.425475558896860681e-20 -5.551115123125782702e-17
-5.596638655462183864e-01 -1.157924771183850105e-18 1.806523786136984460e-17 0.000000000000000000e+00 4.958663490340730777e-19 -3.661619436318974188e-18 0.000000000000000000e+00 -1.162736625077463421e-18 -2.792546364903211212e-18 0.000000000000000000e+00 6.510474833533444744e-19 4.616032789830374165e-18 1.677740820518487650e-20 0.000000000000000000e+00
-5.647058823529411686e-01 1.316012299823130079e-18 2.420415517673594869e-17 1.110223024625156540e-16 4.070197415284072336e-18 -1.743305299970682655e-16 -1.110223024625156540e-16 2.559784077342069557e-18 1.534193836146156409e-17 0.000000000000000000e+00 1.034816142604387612e-19 -3.782645814161721897e-18 -3.420978030675468254e-19 -2.220446049250313081e-16
-5.697478991596638398e-01 -2.630199607019775791e-19 -2.165359269457403207e-17 -8.326672684688674053e-17 4.310344027746771971e-18 -1.827410349142452220e-17 0.000000000000000000e+00 2.422008813717939154e-18 5.890677986488734513e-18 0.000000000000000000e+00 -4.593160833716605401e-19 2.869064531806233067e-20 2.171368632174985913e-19 0.000000000000000000e+00
-5.747899159663865110e-01 -8.588558931871618615e-18 1.407559748211985717e-17 -2.775557561562891351e-17 3.320155446968717122e-17 -1.292385954312762840e-16 -5.551115123125782702e-17 6.778645181520034206e-19 -1.757289361783930787e-17 0.000000000000000000e+00 8.992782575631774754e-19 -4.739881779613725674e-18 -5.029908758090585337e-21 0.000000000000000000e+00
-5.798319327731091821e-01 8.778161350757754533e-18 -1.175304995536695182e-17 2.775557561562891351e-17 -2.030596249176329707e-17 -8.169137695424125124e-17 -1.110223024625156540e-16 4.517786691179567156e-19 9.323572518850343402e-18 -5.551115123125782702e-17 -3.261294491589478300e-18 -6.439543522904213388e-18 -1.333176202649454578e-19 5.551115123125782702e-17
-5.848739495798318533e-01 -6.253312269274992949e-18 4.217972340633645615e-18 0.000000000000000000e+00 5.136796944180179436e-18 1.052757889335924621e-16 -2.220446049250313081e-16 -1.894588413261806182e-18 1.361469185598478249e-17 0.000000000000000000e+00 3.149457443953679881e-18 8.615090272301551773e-19 -3.251262534161750535e-19 -2.220446049250313081e-16
-5.899159663865545244e-01 6.484665978397326348e-18 1.993872681500408196e-17 5.551115123125782702e-17 -4.168316889343798949e-18 -8.765989850021441443e-17 5.551115123125782702e-17 -6.310131374111358138e-18 -6.356033402666850703e-18 0.000000000000000000e+00 3.614284391860423334e-18 8.715126699131675390e-18 2.509776220432989607e-19 1.110223024625156540e-16
-5.949579831932771956e-01 -7.022449918652186539e-18 1.549463949021584981e-17 2.775557561562891351e-17 5.455143340300065452e-18 -8.960850855887345220e-18 0.000000000000000000e+00 -2.303045480550407245e-18 -1.224804923968439496e-17 -2.775557561562891351e-17 -4.926111206326431428e-19 1.181623842616126268e-18 8.082402769756001246e-20 0.000000000000000000e+00
-5.999999999999999778e-01 -9.483441043998470420e-18 2.109189302909223163e-17 0.000000000000000000e+00 -2.284475031607485882e-18 -6.094540736323106284e-18 5.551115123125782702e-17 9.252250495833293284e-19 -7.461170842690834395e-18 2.775557561562891351e-17 -2.555748688551813343e-18 2.146421803617076302e-18 1.019472250735941541e-19 1.110223024625156540e-16
