0.000000000000000000e+00 -1.057683400175739046e-17 -2.467186243066825944e-18 0.000000000000000000e+00 1.155100620565292547e-17 -1.967878841645854299e-17 1.665334536937734811e-16 -7.376783798483305481e-19 2.337931090083570923e-17 -8.326672684688674053e-17 -3.969590837366851714e-18 1.889016994922978944e-18 4.226571551843463138e-19 1.110223024625156540e-16
-5.042016806722688510e-03 4.692021537082462639e-18 7.113984962361234141e-18 0.000000000000000000e+00 -3.412532518812591228e-18 -1.669958717679328700e-16 -1.110223024625156540e-16 3.232833508141709628e-19 -1.147574127127235153e-18 1.110223024625156540e-16 -1.790533276308706257e-18 4.090164453756062005e-18 1.260606060137459604e-19 0.000000000000000000e+00
-1.008403361344537702e-02 6.509905657222422739e-18 -2.440298287934157915e-17 5.551115123125782702e-17 -1.750328170007899833e-18 5.902580005817768968e-17 1.110223024625156540e-16 3.723191084088045133e-18 -1.134154710085563819e-17 0.000000000000000000e+00 -2.267740586591824577e-18 -5.029776768815858875e-18 -2.561258594517274062e-19 1.110223024625156540e-16
-1.512605042016806553e-02 -3.826708473244592477e-18 -2.286920333345362015e-17 0.000000000000000000e+00 -3.209656270242559993e-18 1.323477089274267632e-16 0.000000000000000000e+00 -5.040549840062696716e-18 5.408513765858045516e-18 -5.551115123125782702e-17 -3.595103998476773351e-18 2.770301998813698404e-19 2.230196448577126852e-19 0.000000000000000000e+00
-2.016806722689075404e-02 3.503035553283692433e-18 -1.989008882827722924e-17 -5.551115123125782702e-17 -8.061397773350088711e-18 4.048178243398592375e-18 0.000000000000000000e+00 8.798898733783966143e-18 -1.493912862973742347e-17 0.000000000000000000e+00 -6.181050026348746887e-18 -1.868139522983174428e-18 -1.907808079059078767e-20 5.551115123125782702e-17
-2.521008403361344255e-02 -3.972952053750576885e-18 -8.531489643954589860e-18 2.775557561562891351e-17 1.511949285851878800e-17 -1.208403158655723525e-16 0.000000000000000000e+00 2.305541055116276818e-18 6.620424524246138558e-18 -2.775557561562891351e-17 1.212219443926107191e-18 -9.766305813453555398e-19 2.222597163325200450e-19 0.000000000000000000e+00
-3.025210084033613106e-02 -1.323804980088309990e-18 1.092457990978039970e-18 0.000000000000000000e+00 -3.143119211161470346e-18 -9.151249650705890909e-18 -1.110223024625156540e-16 5.333859686339262938e-18 1.440922176513118890e-17 1.110223024625156540e-16 -1.916088186350249526e-18 -3.973000389472606234e-18 -5.739157371327013228e-19 0.000000000000000000e+00
-3.529411764705882304e-02 -1.715768331212970045e-18 3.194665275783569759e-18 0.000000000000000000e+00 4.036684522694810372e-18 5.348963095254019999e-17 0.000000000000000000e+00 -9.166866100516719482e-18 -1.433169004175697232e-17 0.000000000000000000e+00 -1.344049709324292082e-19 -6.546633802246208044e-19 2.328556383269747500e-19 5.551115123125782702e-17
-4.033613445378150808e-02 5.681829426247435994e-18 7.316206073559179165e-18 5.551115123125782702e-17 -1.137922583662557832e-17 -6.513322653063980244e-17 -5.551115123125782702e-17 -4.675478842452752677e-18 -1.817328311476543741e-17 -5.551115123125782702e-17 -2.039127140920734788e-18 4.374740844219762392e-18 5.824147186554774922e-20 5.551115123125782702e-17
-4.537815126050419312e-02 1.749169817375891965e-18 1.971626126681736939e-17 8.326672684688674053e-17 -1.564932571778746866e-17 -1.120354401098716131e-17 1.110223024625156540e-16 1.937880138915756916e-18 5.323845494739693934e-18 0.000000000000000000e+00 2.705781221140444556e-18 -1.851682030198570995e-18 6.314750676649429521e-19 1.110223024625156540e-16
-5.042016806722688510e-02 3.028176334532925050e-18 -3.139212204304402000e-18 0.000000000000000000e+00 3.990341399232020407e-18 -5.355292019987904372e-17 1.110223024625156540e-16 -3.710158091444025242e-18 -4.157956759234949322e-19 -1.110223024625156540e-16 -2.060196423686435925e-18 -6.053823996596093634e-18 2.854131892372875170e-19 0.000000000000000000e+00
-5.546218487394957708e-02 7.100133340486267806e-18 -1.622457331153399202e-17 0.000000000000000000e+00 -3.140170037879153616e-18 -3.226087195651149004e-17 1.110223024625156540e-16 -1.584649233846082960e-18 1.434114514763833161e-17 0.000000000000000000e+00 4.521604701443480310e-19 6.856978883731315781e-19 1.486456767185778335e-19 1.110223024625156540e-16
-6.050420168067226212e-02 -7.843519867529206257e-19 1.588180357249494163e-17 0.000000000000000000e+00 -5.987711839986664776e-18 3.501398669183413483e-18 0.000000000000000000e+00 1.482845439137972201e-18 -1.555128824826149441e-18 0.000000000000000000e+00 -1.876593040526317726e-19 2.236916564863585313e-18 1.947652765168122681e-19 0.000000000000000000e+00
-6.554621848739494716e-02 -4.376719546664722971e-18 -7.513032980768786080e-18 0.000000000000000000e+00 2.981104637733230097e-17 1.946639999107866715e-17 0.000000000000000000e+00 2.888571658601008685e-18 4.046722440026810392e-18 -5.551115123125782702e-17 -1.630135346075123538e-18 -9.973669119473824622e-19 -1.363752141572607322e-19 0.000000000000000000e+00
-7.058823529411764608e-02 5.917295741057716456e-18 -2.529704861263179330e-18 0.000000000000000000e+00 9.138635349458365912e-18 -3.270258378837006832e-17 0.000000000000000000e+00 3.566409350855541886e-18 1.261682855496486937e-18 5.551115123125782702e-17 4.685521434989511087e-18 -3.359227929432406904e-19 -3.370887734719482425e-20 5.551115123125782702e-17
-7.563025210084033112e-02 6.415338735584971363e-18 -1.022701959944673783e-17 0.000000000000000000e+00 -1.135386907059973903e-17 7.311230723906642976e-17 -1.665334536937734811e-16 -3.114116601962082269e-18 2.747438905107835374e-18 8.326672684688674053e-17 2.715860108431158383e-18 -5.013964248602011151e-19 4.908734185575244962e-19 1.110223024625156540e-16
-8.067226890756301616e-02 -2.147153021342719084e-18 1.102649724143797570e-17 5.551115123125782702e-17 -6.499650914953682549e-18 2.604420626749786634e-17 -2.775557561562891351e-16 1.729484367096789553e-18 1.492579758635066105e-19 5.551115123125782702e-17 -1.174901103075084508e-18 -3.396650668928193893e-18 -4.065674162592962463e-19 0.000000000000000000e+00
-8.571428571428570120e-02 -6.032345362846470562e-18 -7.510524944817110793e-18 0.000000000000000000e+00 8.887890938274916015e-18 -1.252485083403780943e-16 5.551115123125782702e-17 -3.208654291286293599e-18 1.085245554051874800e-18 0.000000000000000000e+00 -2.468770704737107930e-18 -8.651861348913425418e-19 -1.046566917346594505e-19 5.551115123125782702e-17
-9.075630252100838624e-02 -4.044532491349798760e-18 -1.089639775531837387e-18 -1.387778780781445676e-16 5.524094743350579342e-18 -4.315082883234694139e-17 -1.665334536937734811e-16 -3.232024967173894924e-18 -1.742320234945368565e-18 8.326672684688674053e-17 -1.163490945618752582e-18 1.584099223092969768e-18 -4.677074760921658998e-19 -1.110223024625156540e-16
-9.579831932773108516e-02 3.152966144841207882e-18 -1.035366916322579715e-17 0.000000000000000000e+00 5.271025693958019422e-18 1.813300229093951573e-17 0.000000000000000000e+00 -1.829030513722234475e-20 -6.528164649296235054e-18 0.000000000000000000e+00 6.568894238383945241e-18 4.480562876863982106e-18 -4.150716024485904022e-20 1.665334536937734811e-16
-1.008403361344537702e-01 3.376817019592036770e-18 1.243698299208575911e-17 2.775557561562891351e-17 -8.366396218775014453e-18 -1.310762452346045586e-17 1.110223024625156540e-16 4.517547258804108021e-18 -4.494836094646170454e-18 0.000000000000000000e+00 -6.163983713352579505e-18 -8.086643940578275657e-19 8.308862533770327574e-19 0.000000000000000000e+00
-1.058823529411764552e-01 9.198429497545313455e-18 2.199910533723072246e-18 -2.775557561562891351e-17 3.993140289569378517e-18 3.408288695356257275e-17 0.000000000000000000e+00 -5.026960658729228334e-18 6.162246669407411649e-18 5.551115123125782702e-17 -2.161884154630719041e-18 -2.079357506423792797e-18 1.430826800247860904e-19 5.551115123125782702e-17
-1.109243697478991542e-01 -8.011895229135386441e-18 1.111341730702569883e-18 -5.551115123125782702e-17 2.754058723431376601e-17 1.541126278855729301e-17 0.000000000000000000e+00 1.520815810325045688e-18 -1.800191733524985086e-17 5.551115123125782702e-17 8.709783530225772605e-19 2.297141865891842092e-18 1.948430107819811936e-19 0.000000000000000000e+00
-1.159663865546218392e-01 -1.706346312364314138e-18 -2.203147687135110823e-17 2.775557561562891351e-17 -2.340042244598525756e-18 1.327950614335036258e-16 2.220446049250313081e-16 -4.295187746178880538e-18 3.793583704659084156e-18 -8.326672684688674053e-17 -1.056180419784864991e-19 9.931345110887425737e-19 -2.975818374639141514e-20 5.551115123125782702e-17
-1.210084033613445242e-01 5.125515572649927378e-18 -2.286107020495266221e-17 -5.551115123125782702e-17 -7.291714167451877576e-18 -4.978204364042666600e-17 5.551115123125782702e-17 -1.297409690690309035e-18 -6.744419516331984365e-18 0.000000000000000000e+00 8.532334766214083754e-19 -1.773939270373365133e-18 -1.561837572949146394e-19 0.000000000000000000e+00
-1.260504201680672232e-01 3.992766263164269620e-18 -2.693814908844262263e-18 0.000000000000000000e+00 7.057395036626203268e-18 -4.314069204042039886e-17 -1.110223024625156540e-16 -3.697362451851720456e-18 9.072963208885158970e-19 0.000000000000000000e+00 5.360860845595148271e-18 -7.663277056809240645e-19 -3.283938038504461643e-19 0.000000000000000000e+00
-1.310924369747898943e-01 7.214278329680942258e-19 4.102659312873529938e-18 2.775557561562891351e-17 -1.303882142266177148e-17 1.835961376719879742e-17 1.110223024625156540e-16 -1.387747100238759983e-18 2.232642151660862395e-18 -5.551115123125782702e-17 -1.201027264573041374e-19 4.740117316693718650e-18 1.803675187766812326e-19 0.000000000000000000e+00
-1.361344537815125932e-01 -1.032391132733414045e-18 -7.164019924745315903e-18 -2.775557561562891351e-17 1.410856025796953387e-17 -4.298420731255776638e-17 1.665334536937734811e-16 -1.540172268011348999e-18 -1.864331401722788797e-18 5.551115123125782702e-17 -7.725559151932792383e-19 -5.120054041124137444e-18 9.364399523820867295e-21 5.551115123125782702e-17
-1.411764705882352922e-01 4.951513275805347626e-20 3.730938971045068309e-17 -8.326672684688674053e-17 8.433575100919914897e-18 -5.388745356960194455e-18 5.551115123125782702e-17 -1.228118992922165474e-18 3.420502321514635413e-17 2.775557561562891351e-17 -1.063013404896105241e-18 1.328203221769714967e-18 -5.659684588576978723e-20 5.551115123125782702e-17
-1.462184873949579633e-01 1.460175478635160003e-17 -3.441657470489620549e-18 0.000000000000000000e+00 -1.609921299760403185e-18 -4.881806418031707973e-17 0.000000000000000000e+00 1.420888593398803995e-18 -6.255722907080882191e-18 -5.551115123125782702e-17 -3.910598351417381143e-18 1.285522447913513938e-18 -4.094985451522222055e-20 0.000000000000000000e+00
-1.512605042016806622e-01 -5.645721527273255944e-18 -2.609949427521784067e-17 5.551115123125782702e-17 1.147383712909922588e-17 3.955877894810617395e-18 -1.110223024625156540e-16 -9.393759735922381994e-18 1.007500480239053255e-17 0.000000000000000000e+00 4.724998618065472749e-18 2.201301294276872266e-18 8.530842356715078985e-20 0.000000000000000000e+00
-1.563025210084033334e-01 -1.172118501776074884e-17 -1.841551039526589029e-17 2.775557561562891351e-17 1.060776625201222683e-17 -4.086952328751710401e-17 1.110223024625156540e-16 1.569719377989306155e-18 -4.320407734488781531e-18 0.000000000000000000e+00 -1.058280627278551161e-18 -4.202211679664811086e-19 1.129024544493799526e-19 -5.551115123125782702e-17
-1.613445378151260323e-01 -1.515073912680255427e-18 1.127563636516759230e-17 -5.551115123125782702e-17 1.325474493128653782e-18 -3.142306904528873424e-17 0.000000000000000000e+00 2.999869975521641998e-18 -1.175585883307289475e-17 -5.551115123125782702e-17 -1.345566743870833151e-18 4.492718642115933107e-18 3.862237478221665786e-19 0.000000000000000000e+00
-1.663865546218487312e-01 3.380249777979069668e-18 -1.992532522683706879e-17 5.551115123125782702e-17 7.186165096667414073e-18 1.377619806502452820e-16 1.110223024625156540e-16 -7.617607111761536970e-19 1.056054358850648164e-18 -5.551115123125782702e-17 5.633462551774120574e-19 -4.260282076353571123e-18 3.554972158988580439e-19 0.000000000000000000e+00
-1.714285714285714024e-01 6.939103839741588124e-18 -2.483951388569695175e-17 -2.775557561562891351e-17 5.314042216584845235e-18 -2.132651254769137313e-18 0.000000000000000000e+00 -7.442162565965911659e-19 -3.354333647101921477e-18 0.000000000000000000e+00 2.285065312550341847e-18 -9.269681015238331445e-19 2.682597474525580709e-19 0.000000000000000000e+00
-1.764705882352941013e-01 2.214311486887509743e-18 2.701566437162111048e-18 0.000000000000000000e+00 1.927556752334277532e-18 -4.380220044379547241e-17 -5.551115123125782702e-17 2.190798832936144164e-18 2.394618440792848655e-17 2.775557561562891351e-17 7.915340393136947500e-20 2.935967137976854415e-19 -2.602820072651937616e-19 -1.110223024625156540e-16
-1.815126050420167725e-01 -1.013710594029752905e-19 -1.352631125075711359e-17 0.000000000000000000e+00 1.607772239735254788e-17 4.093878087248637680e-17 0.000000000000000000e+00 -9.142380417917272780e-19 -1.185172864902566634e-17 0.000000000000000000e+00 -8.962547485216932869e-20 -3.362519287274769255e-18 3.248972586583981423e-19 0.000000000000000000e+00
-1.865546218487394714e-01 -3.328937349595340940e-18 -3.023693279688721005e-18 5.551115123125782702e-17 7.614570843040562750e-18 9.218457792582959686e-17 -1.110223024625156540e-16 -2.553255976700943889e-18 -7.113862983989173435e-19 0.000000000000000000e+00 1.808267273534509591e-18 2.169426248070813001e-18 -2.027867333329888844e-19 5.551115123125782702e-17
-1.915966386554621703e-01 6.176907695922629219e-18 -1.127939760067277774e-17 0.000000000000000000e+00 2.151051707464671720e-17 7.705021383637007313e-18 -1.110223024625156540e-16 -4.351030677569161548e-18 -7.910051343084479319e-18 -5.551115123125782702e-17 2.266353429778231214e-18 3.225515868649250292e-18 -3.769500645597005253e-19 0.000000000000000000e+00
-1.966386554621848415e-01 1.088198094647491666e-18 2.723431936672019409e-18 0.000000000000000000e+00 3.681954511739357295e-19 2.686451235648570164e-17 2.220446049250313081e-16 3.647716217335488214e-18 2.128728689926016453e-17 -2.775557561562891351e-17 1.824964005919551148e-19 5.277577641893306722e-19 -2.045072902585880233e-19 -2.220446049250313081e-16
-2.016806722689075404e-01 2.728343503012910075e-18 -8.578141642992144354e-18 0.000000000000000000e+00 -1.696746299983547898e-18 -2.668172673974522498e-17 0.000000000000000000e+00 3.742516806724145627e-18 -4.631537535619478589e-18 0.000000000000000000e+00 -1.005108021198228736e-18 -4.208118716907099044e-19 5.711818491268745061e-20 0.000000000000000000e+00
-2.067226890756302393e-01 1.025323425498354028e-18 -1.850265492645011110e-17 0.000000000000000000e+00 6.010579709762704771e-18 -3.094872428208137848e-17 0.000000000000000000e+00 -4.636128034768504878e-18 -1.559280615894945552e-18 -2.775557561562891351e-17 1.642852846326451874e-18 -1.145513132319298514e-18 -3.448380859802451157e-19 0.000000000000000000e+00
-2.117647058823529105e-01 3.533581960443599648e-18 -1.636767332657571947e-18 0.000000000000000000e+00 -8.339740023525477060e-18 -4.271815010669412867e-17 0.000000000000000000e+00 3.228081625532392231e-18 1.409187130819685154e-17 -5.551115123125782702e-17 4.089015486876147624e-18 2.199806545206447571e-18 6.979843564963965475e-19 5.551115123125782702e-17
-2.168067226890756094e-01 4.285108870481507701e-18 -1.777173484068027630e-17 0.000000000000000000e+00 -1.322558547584037836e-17 1.530358538251905483e-16 0.000000000000000000e+00 -2.559314790513013411e-18 1.140963920267675607e-17 5.551115123125782702e-17 4.403186281401042021e-19 1.901481558868465438e-19 -1.683586471721638405e-19 -5.551115123125782702e-17
-2.218487394957983083e-01 3.315523878092481404e-19 1.559498498851526396e-19 -8.326672684688674053e-17 1.057182623793631625e-17 1.491085641872934400e-16 -1.110223024625156540e-16 -3.024737059275900333e-18 1.415941273987119456e-18 2.775557561562891351e-17 4.349035332978906451e-18 5.114382645106994161e-18 6.383003620967588620e-19 -1.110223024625156540e-16
-2.268907563025209795e-01 3.793972801379759347e-18 1.910318237130487932e-17 5.551115123125782702e-17 -2.117525430725123016e-18 9.355378867031890515e-17 5.551115123125782702e-17 -2.162341749803658451e-18 -1.051912525881728798e-18 0.000000000000000000e+00 4.035122380318755085e-18 1.198273241366190462e-18 -4.107616311689583063e-20 0.000000000000000000e+00
-2.319327731092436784e-01 2.507166702899227411e-19 2.177496319962625759e-17 0.000000000000000000e+00 -3.774462733699679589e-18 6.480816894679300956e-17 0.000000000000000000e+00 1.496532851315263509e-18 1.818017842675508487e-17 0.000000000000000000e+00 9.432513487669620291e-19 6.088794111231242835e-19 -2.493057626336102180e-20 0.000000000000000000e+00
-2.369747899159663496e-01 -8.649679190757993558e-18 -1.522183839219215541e-17 -2.775557561562891351e-17 -1.774828240431469109e-17 1.417179390391410789e-16 0.000000000000000000e+00 1.048869982007601799e-18 1.146406140573372264e-17 0.000000000000000000e+00 -2.065155741017547509e-18 -5.527315859978541074e-18 3.227540581659471660e-19 0.000000000000000000e+00
-2.420168067226890485e-01 1.068951379243165620e-17 2.645322252643979735e-17 0.000000000000000000e+00 -5.467014360748307137e-18 4.307290688195277670e-17 0.000000000000000000e+00 -3.138651100442997567e-18 -1.591400009064624114e-17 0.000000000000000000e+00 4.838688715902355595e-18 6.052503612996490550e-18 8.579699744823369512e-20 0.000000000000000000e+00
-2.470588235294117474e-01 2.456285286202321517e-18 -8.897307643381404302e-18 0.000000000000000000e+00 -4.041870027981897070e-18 2.338334564110594401e-17 -5.551115123125782702e-17 -3.691574208075252565e-18 -1.036033713706240204e-18 5.551115123125782702e-17 -3.606189333388724808e-18 1.069942089240179844e-18 5.901673201836113531e-19 -3.330669073875469621e-16
-2.521008403361344463e-01 -4.198643243774111960e-20 -8.132341657919090996e-18 0.000000000000000000e+00 4.812142410433618025e-18 -1.315216649130788238e-17 1.110223024625156540e-16 1.733522903583718221e-18 7.024981455019050806e-18 5.551115123125782702e-17 2.273643432307053326e-18 -2.211631213965365407e-18 3.926920715232430053e-19 -1.110223024625156540e-16
-2.571428571428571175e-01 -4.871776706913453448e-18 -1.811122424218944087e-17 5.551115123125782702e-17 -4.020438348423324006e-18 2.406391625085527356e-17 -1.110223024625156540e-16 -3.640428229965494473e-18 -6.808576131782534799e-18 -5.551115123125782702e-17 -1.725999336159468459e-18 -2.604975014552734456e-19 8.953677904683401806e-20 -1.110223024625156540e-16
-2.621848739495797886e-01 4.247561084137444550e-18 1.928031602622829588e-17 0.000000000000000000e+00 9.257717427506723835e-18 4.833785769619215138e-17 0.000000000000000000e+00 2.173207151227764561e-18 2.155418813572206597e-17 5.551115123125782702e-17 1.996427824857689452e-18 -1.296229153850934313e-18 -2.991145339480607723e-19 5.551115123125782702e-17
-2.672268907563025153e-01 1.235316612239074823e-18 -4.508739330807838344e-19 -2.775557561562891351e-17 -1.039166288950679322e-17 -1.245210339986745077e-16 0.000000000000000000e+00 1.062381688966796151e-18 -2.565846151163406495e-18 0.000000000000000000e+00 -1.975772329324110530e-18 1.727917610036454877e-18 2.906403345618402177e-19 0.000000000000000000e+00
-2.722689075630251865e-01 -1.850459992773113295e-18 -3.692074930087799753e-18 -2.775557561562891351e-17 5.899521554254438369e-18 -2.677339510880280886e-17 0.000000000000000000e+00 -4.261287551531614236e-18 2.722061335682836336e-18 -5.551115123125782702e-17 -2.030301527778214843e-18 -1.284093103131811253e-18 9.491236750970886391e-20 -5.551115123125782702e-17
-2.773109243697478576e-01 -4.135406498909504829e-18 -1.432356162365943899e-18 -5.551115123125782702e-17 -7.274177499297900293e-18 -7.597408843479065935e-18 0.000000000000000000e+00 2.337797331640228302e-19 -5.991642594850903265e-18 0.000000000000000000e+00 6.336792361785901065e-19 -3.651716831816410938e-18 -1.046882392110003637e-19 0.000000000000000000e+00
-2.823529411764705843e-01 -2.611693069799008474e-18 9.007695753210155813e-19 -5.551115123125782702e-17 1.390107434495875224e-17 -7.080423416907863463e-17 0.000000000000000000e+00 -2.273923944025927388e-18 7.086721990164238272e-18 0.000000000000000000e+00 -3.319334047640531196e-18 1.798669100368192406e-18 1.557881502308367618e-19 1.110223024625156540e-16
-2.873949579831932555e-01 -4.363187152579613729e-18 -9.445511764982409514e-18 0.000000000000000000e+00 5.634327205138956665e-19 -1.038428033647716249e-16 0.000000000000000000e+00 3.823193830961918070e-19 -4.534012713649088654e-18 -1.665334536937734811e-16 2.953206145356860827e-18 2.792189739026265779e-18 7.913600407704670882e-20 1.110223024625156540e-16
-2.924369747899159266e-01 3.996708164704692632e-18 2.253445862972706576e-18 0.000000000000000000e+00 -1.370343153661121473e-17 -5.872369241858322786e-17 0.000000000000000000e+00 -8.654270275123063303e-19 -1.079722457592658274e-17 0.000000000000000000e+00 4.870371125071445397e-20 2.577900283808000583e-18 3.800758976177287953e-19 0.000000000000000000e+00
-2.974789915966385978e-01 -6.723818873749392989e-18 1.264051136134187058e-17 5.551115123125782702e-17 2.158436077202111766e-17 -6.871237187165493709e-17 1.110223024625156540e-16 4.108200420583821887e-18 7.237195329413239027e-18 0.000000000000000000e+00 -1.552708889704649161e-19 -3.921619487175202175e-18 -2.792729986037186213e-19 -1.110223024625156540e-16
-3.025210084033613245e-01 -5.078953008075854435e-18 -2.688333223419420122e-18 -5.551115123125782702e-17 -2.029470232648647850e-19 2.102727735170267014e-17 5.551115123125782702e-17 -3.254603535944019807e-18 -3.486351764235641620e-18 5.551115123125782702e-17 -1.082276643866025379e-18 3.120503977479537681e-18 -5.585306815707052472e-19 5.551115123125782702e-17
-3.075630252100839956e-01 2.216686937919557330e-18 6.276606105523033183e-18 0.000000000000000000e+00 1.074843500633362439e-17 -3.384090970253845731e-17 0.000000000000000000e+00 5.683772033797566372e-18 -1.485528181184547689e-17 5.551115123125782702e-17 -1.103239739355067689e-18 1.861296818931976989e-18 1.174799813521584594e-19 -5.551115123125782702e-17
-3.126050420168066668e-01 -1.568983013265628761e-18 1.258254536278085106e-17 0.000000000000000000e+00 1.067309570416815747e-17 2.681640315716126235e-17 0.000000000000000000e+00 -2.072032065434526048e-19 1.060584480029224962e-17 0.000000000000000000e+00 -1.595727873335760774e-18 4.460097393789784869e-18 -8.708209121767159016e-20 0.000000000000000000e+00
-3.176470588235293935e-01 -1.357992592326431279e-18 1.095955089509745003e-17 2.775557561562891351e-17 -1.227985231682789037e-18 -3.321093398181754325e-17 0.000000000000000000e+00 3.945964695307345438e-18 -1.006695602546913272e-17 5.551115123125782702e-17 1.757525987274987686e-19 2.191833084834229466e-18 -5.029488462473673460e-19 0.000000000000000000e+00
-3.226890756302520646e-01 4.723453735471508829e-18 -8.604081058765148850e-18 -5.551115123125782702e-17 2.211224451198316918e-17 -4.622277734930729987e-18 -5.551115123125782702e-17 6.004675675436336454e-18 -1.723559180025940060e-17 5.551115123125782702e-17 1.981421797861694001e-18 1.536597596465777641e-18 2.328886073373322501e-20 0.000000000000000000e+00
-3.277310924369747358e-01 2.397980978798809180e-18 -6.692116834720951354e-19 0.000000000000000000e+00 -7.036446562215341265e-18 -5.018111879941989697e-17 0.000000000000000000e+00 3.524809678670109350e-18 -7.258222395743723120e-18 0.000000000000000000e+00 -5.843071208300134538e-18 -4.850985881949264836e-18 -1.214284287300635395e-19 0.000000000000000000e+00
-3.327731092436974625e-01 3.364032822398896497e-19 8.679972029582479458e-18 5.551115123125782702e-17 -5.001165401114869494e-18 -4.929999338923769552e-17 0.000000000000000000e+00 1.609564824542888888e-18 2.233449850548132838e-17 5.551115123125782702e-17 -1.344820828614285802e-19 -1.407580208197722661e-18 7.380203645373924745e-20 0.000000000000000000e+00
-3.378151260504201336e-01 -2.020133708294295811e-18 -1.819409268488050237e-18 5.551115123125782702e-17 -2.898241580834440866e-19 -7.252713015377607421e-17 1.110223024625156540e-16 -1.708617655642667046e-18 -1.990562697884990934e-17 1.110223024625156540e-16 2.786501389004631151e-19 3.731274161770601809e-18 6.418637520249034905e-19 0.000000000000000000e+00
-3.428571428571428048e-01 4.153943414199778848e-18 -2.534079874705934864e-17 -5.551115123125782702e-17 6.254134811493466407e-18 1.478256721632734402e-17 1.110223024625156540e-16 2.396786658619340111e-18 -1.408069177435097972e-18 -2.775557561562891351e-17 -2.943192539597534952e-18 2.605775379291488371e-18 -3.509342144547021557e-20 0.000000000000000000e+00
-3.478991596638655315e-01 3.396867312778452374e-19 -1.239646621599785491e-17 0.000000000000000000e+00 -3.029050364074938679e-19 -5.347180381895410225e-17 1.110223024625156540e-16 8.720088650041608554e-20 -5.441125658344557554e-18 5.551115123125782702e-17 -2.870818756100134522e-19 -2.338989827464917958e-18 -2.014326631275637566e-19 1.665334536937734811e-16
-3.529411764705882026e-01 -9.857242427397051266e-18 -4.324655701609585945e-18 0.000000000000000000e+00 -4.969985985046908537e-18 5.465041339217361231e-18 0.000000000000000000e+00 -3.478723210832742937e-18 1.847675129906330616e-18 0.000000000000000000e+00 5.367884852430124070e-18 -1.572739573897262602e-18 3.180452006641593564e-19 0.000000000000000000e+00
-3.579831932773108738e-01 -4.907803653973197195e-18 1.312017437087122268e-17 5.551115123125782702e-17 1.255324182661610436e-18 1.285813325150557728e-16 -2.220446049250313081e-16 -8.447365795838592899e-19 1.438354101098681459e-17 1.110223024625156540e-16 6.481572868392787058e-19 1.626682569778097849e-18 -2.813549069170951035e-19 -1.110223024625156540e-16
-3.630252100840335450e-01 -1.319064048493563251e-18 -1.993120829310736438e-17 5.551115123125782702e-17 -2.190866547035223470e-18 7.663040205013624354e-17 1.110223024625156540e-16 1.138752020673969130e-18 -2.002577295744203525e-17 2.775557561562891351e-17 -4.627817894627901903e-19 -2.272069227060172568e-18 2.340466933106782147e-20 0.000000000000000000e+00
-3.680672268907562716e-01 -5.948493796031976639e-18 -2.154100492241314054e-17 -5.551115123125782702e-17 1.671471880244103766e-17 -8.963762731210940181e-17 5.551115123125782702e-17 1.922725907207687058e-18 -5.497491292516061640e-18 0.000000000000000000e+00 -4.060712245967408611e-19 5.019813662688736231e-18 -6.532213083773243781e-20 -5.551115123125782702e-17
-3.731092436974789428e-01 1.552469188160828494e-18 -3.983269198717062564e-18 0.000000000000000000e+00 2.545133541417854014e-18 9.487489315726929993e-17 0.000000000000000000e+00 -8.963609447245303095e-19 -5.520243493753401505e-18 1.110223024625156540e-16 3.201669086539288720e-18 -1.534414049999865584e-18 -3.627930030236891703e-19 -5.551115123125782702e-17
-3.781512605042016140e-01 3.879292703503734663e-18 -3.026610551399653632e-18 2.775557561562891351e-17 8.601565133626130842e-18 8.207385365588805390e-18 0.000000000000000000e+00 1.937554564723400159e-18 -3.943764328972810413e-18 0.000000000000000000e+00 -2.201420119912968138e-18 -9.872368569204481438e-20 -4.178551434433508702e-19 5.551115123125782702e-17
-3.831932773109243406e-01 -3.095799322114134983e-18 -1.829255765868632829e-17 0.000000000000000000e+00 1.587556794655466050e-17 -1.296095156595315857e-16 5.551115123125782702e-17 -4.254981103035354618e-19 -1.029239393880425304e-17 2.775557561562891351e-17 -9.263936155774539691e-19 -7.848682764939902365e-19 3.477947990931616977e-20 0.000000000000000000e+00
-3.882352941176470118e-01 1.350707628869924109e-17 9.092946066021085965e-18 0.000000000000000000e+00 2.725805396456750117e-18 -2.576764204457788209e-17 0.000000000000000000e+00 -3.428670763427972736e-18 -6.700214764904432979e-18 0.000000000000000000e+00 1.859381488459478102e-19 -1.584921898209184976e-18 3.117599731283759552e-20 0.000000000000000000e+00
-3.932773109243696830e-01 2.850716364091029814e-19 -2.904560386469089063e-18 -5.551115123125782702e-17 1.029468158475569500e-17 -2.565567897438635279e-16 1.665334536937734811e-16 2.866123297049114150e-18 2.099876665840960656e-17 -1.110223024625156540e-16 -3.538450489629557100e-18 1.421394227540978378e-18 -1.831457118575837576e-19 -5.551115123125782702e-17
-3.983193277310924096e-01 -7.023325966017961300e-18 2.336109301887509646e-17 5.551115123125782702e-17 7.198098031023646510e-18 4.073711700941116112e-17 5.551115123125782702e-17 -4.724239809910234147e-18 -1.234378314198675498e-17 2.775557561562891351e-17 3.692776418623316923e-18 5.793286949178029851e-19 3.240080802442273832e-20 0.000000000000000000e+00
-4.033613445378150808e-01 -2.031858183574281705e-18 9.381352125332264215e-18 0.000000000000000000e+00 -3.125727162871921210e-18 -6.526211863185971480e-18 0.000000000000000000e+00 4.925869458876528842e-18 8.080177130092925443e-18 0.000000000000000000e+00 -8.631473280304430856e-19 -5.273332203147038216e-18 4.145162143879542078e-20 0.000000000000000000e+00
-4.084033613445377520e-01 5.404241730061543837e-18 7.985985321253981817e-18 -2.775557561562891351e-17 -3.366752950269380669e-18 1.667514008247574954e-16 -5.551115123125782702e-17 1.533430859002742483e-18 1.999880458856218170e-17 -1.387778780781445676e-16 -2.502997037721512345e-18 1.233388944819944560e-18 1.906126844034045780e-19 0.000000000000000000e+00
-4.134453781512604786e-01 9.446200012920615497e-18 4.335470301305330085e-18 8.326672684688674053e-17 2.189033543818469476e-18 -1.316179367041844808e-16 5.551115123125782702e-17 -2.892927841461949066e-18 -8.088386640775165663e-18 -5.551115123125782702e-17 2.236183800205966406e-18 1.205872000513726085e-18 -3.847039967836563889e-19 -5.551115123125782702e-17
-4.184873949579831498e-01 4.545602637199154941e-19 1.140876190599172689e-17 0.000000000000000000e+00 -7.449815333863279843e-18 -8.527271161150399808e-17 -1.110223024625156540e-16 1.747480254939857539e-18 3.926185891335940891e-18 -5.551115123125782702e-17 6.346938128706756645e-19 -7.792731533298466864e-19 6.570513566319082234e-20 -2.220446049250313081e-16
-4.235294117647058210e-01 6.564234581045055106e-18 2.798633327313246768e-17 0.000000000000000000e+00 -1.433915350018530403e-17 7.470137263064803796e-18 0.000000000000000000e+00 4.025910583877016800e-18 -9.684588865971973728e-18 0.000000000000000000e+00 -1.626407979010835685e-18 -1.591968015455130690e-18 -1.991456020100200673e-19 0.000000000000000000e+00
-4.285714285714285476e-01 4.177001120358597262e-19 -6.670408279496686158e-18 0.000000000000000000e+00 1.035596771163996925e-17 9.846961656947581877e-17 0.000000000000000000e+00 6.016770674518069477e-18 4.636035502088224426e-18 0.000000000000000000e+00 1.818308506075982602e-18 2.383091954484887925e-18 -6.528099768923296196e-19 0.000000000000000000e+00
-4.336134453781512188e-01 5.539421577293526212e-18 7.671912971569261724e-18 2.775557561562891351e-17 1.152175635114319852e-17 -1.091293637785408411e-16 -5.551115123125782702e-17 2.687408066137865632e-18 5.833048922007900396e-18 -2.775557561562891351e-17 -9.518826040069015030e-19 -1.190432057980754236e-18 -1.695187586419805698e-20 0.000000000000000000e+00
-4.386554621848738900e-01 -1.064997219171285307e-18 5.836830191707302023e-19 0.000000000000000000e+00 -4.484569492561753743e-18 1.960120676611525686e-17 -1.110223024625156540e-16 1.309890214575859199e-18 5.128461241366586987e-18 5.551115123125782702e-17 -8.922521345844661848e-19 1.240840291538795205e-18 2.862111350721435152e-19 0.000000000000000000e+00
-4.436974789915966166e-01 4.168700228201545549e-18 1.155448461582375697e-17 -5.551115123125782702e-17 1.284455557062378285e-17 -1.251558979727213432e-16 1.110223024625156540e-16 4.201934782311964102e-18 5.814626965136955359e-18 -8.326672684688674053e-17 -2.981461724070228401e-18 4.428657708539115947e-20 -9.538473122801670335e-20 0.000000000000000000e+00
-4.487394957983192878e-01 -1.920473304726919721e-18 3.142488877617606456e-17 -1.387778780781445676e-16 -1.078535506107776824e-18 -5.380719360497936658e-17 -5.551115123125782702e-17 3.096980274868266668e-18 -5.667361879682008406e-18 8.326672684688674053e-17 -3.848539649121009226e-18 6.753938744892196793e-19 -7.337117403814179590e-20 -5.551115123125782702e-17
-4.537815126050419590e-01 7.132624229137708424e-19 2.490354177290335078e-18 0.000000000000000000e+00 1.415929003230691717e-17 -4.310790190963915474e-18 -1.110223024625156540e-16 -4.869090437223324859e-18 -6.014832009094726082e-18 5.551115123125782702e-17 4.596835499548550152e-18 2.215852660484014024e-18 -1.021347865620997072e-19 -1.110223024625156540e-16
-4.588235294117646301e-01 1.778310679103732076e-18 8.287337434764099725e-18 1.110223024625156540e-16 3.586162604652396236e-18 4.548791810103213106e-17 0.000000000000000000e+00 4.797496862504013273e-19 3.784117621154651121e-19 -5.551115123125782702e-17 -1.041837082566836117e-18 3.038824670923174055e-18 -6.742653629550656086e-20 0.000000000000000000e+00
-4.638655462184873568e-01 5.764612262299940728e-18 -2.905127829357416793e-18 0.000000000000000000e+00 -8.569567736294020347e-18 -8.527745107658420694e-17 -1.110223024625156540e-16 3.569877806712933269e-18 8.318136131279812696e-18 0.000000000000000000e+00 -8.108916724766457353e-19 1.028190562274942116e-18 8.360092370802842442e-21 -1.110223024625156540e-16
-4.689075630252100280e-01 6.846420176711067650e-18 7.503132044386313800e-18 -2.775557561562891351e-17 -1.187670437443436528e-18 -2.728540352726789419e-17 0.000000000000000000e+00 -5.473146419819505066e-19 -2.672445698751841705e-19 2.775557561562891351e-17 2.975059324604468537e-18 -1.433826084410339428e-18 -2.938566639136108957e-19 0.000000000000000000e+00
-4.739495798319326991e-01 5.237174576076327711e-18 -1.779803560704479559e-17 -5.551115123125782702e-17 1.070185919988310769e-17 1.809254544648109695e-17 1.110223024625156540e-16 -2.065303141943011537e-18 -4.446357910299591916e-18 0.000000000000000000e+00 5.620863240329303614e-19 -6.945234353736244096e-18 -1.207523782512165865e-19 0.000000000000000000e+00
-4.789915966386554258e-01 -9.197752868658038436e-18 -2.089984413665648042e-18 -2.775557561562891351e-17 -7.270645168313082242e-19 1.317710659521987711e-16 1.665334536937734811e-16 2.761550502038787031e-18 1.363425851495762029e-17 -1.110223024625156540e-16 6.550262246784290232e-18 -1.146954851361534163e-18 -2.961756389077761486e-20 -1.110223024625156540e-16
-4.840336134453780970e-01 -2.715992155353404941e-19 -2.725282907126643683e-17 0.000000000000000000e+00 1.604330284306845662e-17 3.710969350958544417e-17 1.110223024625156540e-16 4.185726012797915239e-19 -1.107093060064154761e-17 0.000000000000000000e+00 6.323641776896394406e-18 -2.289428015940619134e-19 -5.780383592047182821e-20 -1.110223024625156540e-16
-4.890756302521007681e-01 -9.720365514643219955e-18 -1.081535955683793280e-17 0.000000000000000000e+00 -4.893627898338988344e-18 -5.269874103791791662e-17 0.000000000000000000e+00 -1.347237081512287522e-19 1.105478759982463587e-17 0.000000000000000000e+00 -3.375441206817137416e-19 4.835064994813423215e-19 2.404394330315356746e-19 0.000000000000000000e+00
-4.941176470588234948e-01 7.581268190123910730e-18 -1.430452343567958796e-17 0.000000000000000000e+00 -2.090191580526322017e-18 -2.765135608992628264e-17 1.110223024625156540e-16 1.220944761751732456e-18 -3.733190555905515707e-18 -8.326672684688674053e-17 3.110025976726783710e-18 8.371312446961173116e-19 1.928160517879144822e-19 -1.110223024625156540e-16
-4.991596638655461660e-01 1.267149751009256895e-17 -2.114201588198837028e-17 1.110223024625156540e-16 1.024769884142242306e-18 -1.071855113511953155e-16 1.110223024625156540e-16 4.743357769610455545e-19 8.255718504405904608e-18 5.551115123125782702e-17 1.011704539031915355e-18 -2.281881830989263240e-18 2.466042048954980528e-19 -5.551115123125782702e-17
-5.042016806722688926e-01 -4.031612536879728271e-19 1.535311576180949581e-17 0.000000000000000000e+00 -5.296769391436058255e-18 2.528800344634396501e-17 2.220446049250313081e-16 -1.760141604288127480e-18 -4.906467917410635345e-19 0.000000000000000000e+00 2.126397684348056158e-18 2.621989085811214185e-18 -2.025863133598185427e-19 0.000000000000000000e+00
-5.092436974789915638e-01 -2.340205397526970423e-18 -3.245725358993458460e-17 0.000000000000000000e+00 -5.720600540591384034e-18 2.526128556085153376e-18 5.551115123125782702e-17 -2.068743527161680401e-18 5.904560372405907994e-18 2.775557561562891351e-17 8.787324234529568998e-19 3.085424904818604174e-18 1.379385350171967740e-19 5.551115123125782702e-17
-5.142857142857142350e-01 -2.231650403325561881e-18 -2.547028154987092799e-17 -2.775557561562891351e-17 6.561329038149623446e-18 -1.411082540124881988e-16 -1.110223024625156540e-16 -4.174023839767521383e-19 -1.136495639831430211e-18 5.551115123125782702e-17 5.936275482074907178e-19 1.936577652074608090e-18 -1.368502435816496624e-19 -5.551115123125782702e-17
-5.193277310924369061e-01 -4.064541566173694854e-18 1.897915832465484926e-17 2.775557561562891351e-17 -3.997065240360807405e-18 -1.828988519674330841e-16 0.000000000000000000e+00 1.837636157315198986e-18 -1.617248725878955263e-18 -2.775557561562891351e-17 -2.741576504037768393e-20 -4.130175962928893806e-18 2.740901653698191743e-19 0.000000000000000000e+00
-5.243697478991595773e-01 8.010852670154579722e-19 2.206505567380648377e-18 -1.110223024625156540e-16 -9.919682233602514850e-19 -1.427930902606057071e-16 -1.110223024625156540e-16 5.261900472437081572e-18 1.451257815984058133e-18 0.000000000000000000e+00 1.500286621745282589e-19 7.552719549425990642e-19 4.757464972522390358e-20 -1.110223024625156540e-16
-5.294117647058822484e-01 7.361706791621231263e-18 2.791012793755170546e-17 -2.775557561562891351e-17 -5.689321081352662887e-19 -4.755229924146107991e-17 -1.110223024625156540e-16 3.873467110323555921e-18 -1.440138557335848479e-17 0.000000000000000000e+00 -9.392239299595094709e-19 1.629697729859141006e-18 1.835260533991621442e-19 0.000000000000000000e+00
-5.344537815126050306e-01 1.475367756920019799e-18 -4.704481534063458684e-17 -2.775557561562891351e-17 2.330963043988020102e-18 2.595833120511110794e-17 1.110223024625156540e-16 6.249534780547813612e-18 -1.633757844418558621e-17 0.000000000000000000e+00 3.946531776387718579e-18 5.991936831720031566e-18 -1.905809164933961939e-19 0.000000000000000000e+00
-5.394957983193277018e-01 1.195468446461591439e-18 1.708438195027555886e-17 -2.775557561562891351e-17 4.198743722070965584e-18 -2.334379868460210668e-16 0.000000000000000000e+00 -1.631185224396299160e-18 2.749415746160108417e-19 0.000000000000000000e+00 3.320261094629648510e-18 5.268627032051267724e-19 -6.298765646383228683e-20 0.000000000000000000e+00
-5.445378151260503730e-01 -4.688198850959170202e-18 2.779513314952032175e-17 0.000000000000000000e+00 8.199263679141613372e-18 6.893078780022607525e-17 0.000000000000000000e+00 -3.128500176237871735e-18 1.157195933575826308e-17 0.000000000000000000e+00 3.474315057002637255e-18 -2.036810202922176148e-19 2.482431443950419173e-19 0.000000000000000000e+00
-5.495798319327730441e-01 -4.734929751851678267e-18 -2.527463296514120611e-18 -2.775557561562891351e-17 2.183084783587697932e-18 4.838511839030086786e-17 1.110223024625156540e-16 3.896950208338587131e-18 5.907031285372200201e-19 -2.775557561562891351e-17 7.396764604325221716e-18 1.966210849186322103e-18 1.634973639347420364e-19 -5.551115123125782702e-17
-5.546218487394957153e-01 1.337988455314935541e-17 4.101071116228649549e-18 0.000000000000000000e+00 1.294930403172750845e-18 -1.052767915511368459e-16 1.110223024625156540e-16 5.117970108993946930e-19 2.278356340598933853e-18 -5.551115123125782702e-17 1.866175357820958753e-18 -4.052860971660043321e-18 1.713785890448895527e-19 5.551115123125782702e-17
-5.596638655462183864e-01 4.857415687293871572e-19 -6.590365901024065492e-18 -5.551115123125782702e-17 -1.472623097986198323e-17 1.994785515245373359e-17 -5.551115123125782702e-17 5.989496494966373087e-19 5.932156541326237627e-18 5.551115123125782702e-17 -2.570744902412396429e-18 1.237466526733315815e-18 -1.516719771200448496e-19 5.551115123125782702e-17
-5.647058823529411686e-01 1.659035540728775095e-18 -1.484106380601088449e-17 0.000000000000000000e+00 -1.786441352594387008e-18 1.083139157712667447e-17 0.000000000000000000e+00 3.596576310356048526e-18 -1.092842520473524749e-17 0.000000000000000000e+00 2.122826157761867690e-18 1.485962170135959583e-18 2.500910531966245886e-20 5.551115123125782702e-17
-5.697478991596638398e-01 5.019497606031759365e-18 3.454474814742080571e-17 0.000000000000000000e+00 -4.610615212315639061e-18 -3.474871366674601868e-17 1.110223024625156540e-16 -1.990394431998460683e-19 8.772878718515026415e-18 -5.551115123125782702e-17 6.197918838606686953e-18 -3.475373689739707508e-18 -2.733474291545414645e-19 0.000000000000000000e+00
-5.747899159663865110e-01 -4.077414087973403445e-18 3.105705982494831276e-17 -5.551115123125782702e-17 -6.852516928505813991e-18 2.150081718123148454e-16 0.000000000000000000e+00 2.996115673948316181e-19 -1.742612973955303931e-18 0.000000000000000000e+00 -2.062673445574459728e-18 -1.052809411502348358e-18 -9.443347705094321379e-20 0.000000000000000000e+00
-5.798319327731091821e-01 -8.049778253496017694e-18 2.801221230538953729e-17 -1.110223024625156540e-16 -7.907329826481639417e-19 1.435398942626679630e-16 1.110223024625156540e-16 2.391452180319260417e-19 -8.235092368482302419e-18 0.000000000000000000e+00 1.601057635148231184e-18 1.213950151165516030e-18 -4.730263333966716542e-20 -1.110223024625156540e-16
-5.848739495798318533e-01 -1.172376408242140131e-17 -1.205308438387198806e-17 -2.775557561562891351e-17 -6.798494143354376272e-18 9.760230451141276386e-17 1.110223024625156540e-16 3.906650622711798600e-18 -6.805443285356752017e-20 -5.551115123125782702e-17 -1.575484400071020249e-18 -3.493341518162743776e-19 2.305925674621068101e-19 0.000000000000000000e+00
-5.899159663865545244e-01 -1.514581113245638425e-17 -3.555106610181166718e-18 5.551115123125782702e-17 -6.564214824052976470e-18 -8.170154377874386108e-18 0.000000000000000000e+00 -5.109338612792248895e-18 1.367864406872031800e-17 0.000000000000000000e+00 2.316577250122682697e-19 -5.207535314504822990e-18 -1.437350721480692230e-19 0.000000000000000000e+00
-5.949579831932771956e-01 4.106704391427981221e-18 -1.301511792649601918e-17 -5.551115123125782702e-17 -7.824388697814403112e-18 -9.081406995668626432e-18 -2.220446049250313081e-16 -1.805885021764883613e-18 -1.555979413303985637e-17 1.665334536937734811e-16 4.121227266363411341e-18 -5.205871978248501722e-18 -4.964630235874990073e-20 -1.110223024625156540e-16
-5.999999999999999778e-01 8.449007550092421416e-19 -5.540105335541232762e-18 -2.775557561562891351e-17 5.810520755212827041e-18 1.508030544093463849e-17 0.000000000000000000e+00 4.466117448263233526e-18 -2.584345811317354085e-18 -5.551115123125782702e-17 1.408594176054292718e-18 3.081881034799370263e-18 -3.930132385840929921e-19 -5.551115123125782702e-17
