0.000000000000000000e+00 1.186937641203485934e-17 -7.699930033982082594e-18 0.000000000000000000e+00 -4.895106538607818902e-18 3.940253635012029948e-17 5.551115123125782702e-17 -1.013838884939636083e-18 1.337726154518039903e-18 -2.775557561562891351e-17 5.189117832554174701e-19 -2.869196605191589449e-18 -1.039613890704878448e-18 -5.551115123125782702e-17
-5.042016806722688510e-03 7.702812151701331566e-19 -1.397509841213857408e-17 0.000000000000000000e+00 -8.502524919316513925e-18 7.711617814464567529e-17 0.000000000000000000e+00 1.208512676660491901e-18 1.567147278969682349e-17 2.775557561562891351e-17 2.336386562253488149e-18 -3.461980310162745953e-18 -2.798838039368533942e-19 0.000000000000000000e+00
-1.008403361344537702e-02 5.535937248446550166e-19 3.860996652335876963e-18 0.000000000000000000e+00 -9.716729378747603315e-18 7.667285795794994532e-18 -2.220446049250313081e-16 -1.123807847983439878e-18 9.385948589237166334e-18 1.387778780781445676e-16 1.036762388085186564e-18 1.310501384296347112e-18 -8.254785174788733703e-19 5.551115123125782702e-17
-1.512605042016806553e-02 -6.286780628417000272e-19 3.331254730278890563e-18 0.000000000000000000e+00 8.083172514907008041e-19 -2.956066211957069832e-17 0.000000000000000000e+00 7.953977131965957651e-19 7.183781719108351308e-18 0.000000000000000000e+00 -3.254036936491297806e-19 8.180459551794560398e-19 -1.965845249717973732e-19 0.000000000000000000e+00
-2.016806722689075404e-02 -3.833420838900122190e-18 1.836002062945348910e-18 -2.775557561562891351e-17 -6.565345354240844123e-19 -9.330877977324487070e-17 2.220446049250313081e-16 1.474497431506083205e-18 -4.394086029755104073e-18 -5.551115123125782702e-17 3.559366920705705196e-18 -2.217083199680972988e-19 5.403433762003498363e-19 0.000000000000000000e+00
-2.521008403361344255e-02 -9.213841235108247184e-18 -4.672585987405958120e-18 0.000000000000000000e+00 6.058015206668451639e-18 1.160444441599750276e-17 1.110223024625156540e-16 6.979968389759226678e-18 9.953952674426038199e-18 -8.326672684688674053e-17 3.759862102909541380e-19 9.953774611299977858e-20 1.424409158547007883e-19 5.551115123125782702e-17
-3.025210084033613106e-02 3.976415723066288328e-18 -1.954045792861739787e-18 2.775557561562891351e-17 6.453988429225559636e-19 -8.390301935955851065e-18 1.110223024625156540e-16 7.726825707058179748e-19 -8.507959743046247081e-18 5.551115123125782702e-17 -1.866288864781650963e-18 -2.390433279655778926e-18 9.397203545027022830e-20 0.000000000000000000e+00
-3.529411764705882304e-02 2.786920872559455213e-19 1.288798799528256941e-17 0.000000000000000000e+00 8.502386115704061888e-18 9.474885709027309807e-17 0.000000000000000000e+00 -1.043458782166297591e-18 5.253292378299585677e-18 -1.110223024625156540e-16 4.777550435072170912e-18 1.719345503962543376e-18 1.367971257884180604e-19 0.000000000000000000e+00
-4.033613445378150808e-02 -3.056561958296055155e-18 5.714959380002421623e-18 -8.326672684688674053e-17 -6.975277034350523478e-18 1.665810052728686484e-17 -1.110223024625156540e-16 -3.917948848454142972e-18 1.575593887201447845e-17 -1.387778780781445676e-16 -2.833959499095136321e-19 2.065485370681412098e-18 -1.004711528646221428e-20 1.110223024625156540e-16
-4.537815126050419312e-02 5.709887801368700990e-18 -3.814225567405078977e-18 0.000000000000000000e+00 1.812476985182421023e-18 -1.048521087919000095e-17 0.000000000000000000e+00 -2.728523702360731652e-18 -1.942593337658153484e-18 5.551115123125782702e-17 -2.558250518152356562e-18 2.119756065277540395e-19 4.805612162339308190e-19 5.551115123125782702e-17
-5.042016806722688510e-02 4.038144866248597791e-18 1.331145623163607211e-17 8.326672684688674053e-17 3.726568449909983216e-18 -1.328491624069388502e-16 0.000000000000000000e+00 1.211656547758495399e-18 6.294999941103781958e-18 2.775557561562891351e-17 -8.601467992265702862e-19 4.424169833072204467e-18 -7.807972062671005957e-20 5.551115123125782702e-17
-5.546218487394957708e-02 -3.631604952815112971e-18 -9.281860090474599898e-18 0.000000000000000000e+00 -8.400425588994177710e-18 -5.960325836104967993e-17 0.000000000000000000e+00 -6.913174396510303173e-19 6.327742633144412641e-18 0.000000000000000000e+00 -1.642068027490798880e-18 -1.523731910828764883e-18 -2.088704538784733445e-19 0.000000000000000000e+00
-6.050420168067226212e-02 4.814970177338789769e-19 1.062746461483347228e-17 -2.775557561562891351e-17 6.975349323301079729e-18 5.100911388281357248e-17 0.000000000000000000e+00 1.008756699148096175e-18 3.724615902351342892e-18 1.110223024625156540e-16 -4.626102883071251849e-19 2.145170537524926609e-18 -4.550400590652974284e-20 0.000000000000000000e+00
-6.554621848739494716e-02 8.044551708738736272e-18 -3.213000456970105577e-17 0.000000000000000000e+00 -9.588320198377544585e-19 -2.143948557000933531e-17 0.000000000000000000e+00 -3.716156403255880422e-18 9.633343053542786089e-18 -5.551115123125782702e-17 -2.589456923118511129e-18 -3.089282720201898412e-18 -1.476034985369348071e-19 0.000000000000000000e+00
-7.058823529411764608e-02 2.529497854457563193e-18 6.124462278964795730e-18 0.000000000000000000e+00 1.211267998521004056e-17 -8.048994719957344173e-17 0.000000000000000000e+00 8.548842966058540906e-19 -1.125098625329099581e-17 0.000000000000000000e+00 2.047785569016326012e-18 1.618696090051052433e-18 -4.202295275275725844e-19 0.000000000000000000e+00
-7.563025210084033112e-02 1.265943570894947163e-18 -6.198663822888185745e-18 5.551115123125782702e-17 7.965707087449929422e-19 7.972468423188622167e-17 1.110223024625156540e-16 3.387884044105611115e-18 1.866165725119578633e-17 -1.110223024625156540e-16 -1.117350141878538616e-18 -1.352049414607897524e-18 -2.143589342952220066e-19 -1.110223024625156540e-16
-8.067226890756301616e-02 -2.987619578176117161e-18 -1.162270562375100163e-18 -2.775557561562891351e-17 -5.891265939588669837e-18 -3.350430374634588288e-17 1.110223024625156540e-16 -9.658929882673402692e-19 1.170316417832314172e-17 0.000000000000000000e+00 8.336621328883604556e-19 2.974048541352094756e-18 -4.518241829411412562e-19 1.110223024625156540e-16
-8.571428571428570120e-02 9.648094254496388933e-19 -6.672706095108605291e-18 -5.551115123125782702e-17 -3.177702332810626252e-18 1.023335373177231934e-16 0.000000000000000000e+00 -5.067073104709798029e-18 -1.943689856067833663e-18 5.551115123125782702e-17 1.122030222484221305e-18 6.954813463342096071e-19 1.330984676210940773e-19 0.000000000000000000e+00
-9.075630252100838624e-02 5.316467435342939387e-18 -5.909692213879846183e-18 -2.775557561562891351e-17 9.193904232809911887e-19 -1.612864937611725818e-16 0.000000000000000000e+00 1.689166317717144127e-18 -2.604997876980355649e-18 0.000000000000000000e+00 -5.715880915906019826e-19 1.663044315119184958e-18 -1.243164978179634500e-19 0.000000000000000000e+00
-9.579831932773108516e-02 -5.541842724130426327e-18 2.508108029868395350e-17 0.000000000000000000e+00 -3.011672695433013363e-18 8.109547236940469647e-17 0.000000000000000000e+00 1.350618269947067043e-19 6.801489115498385032e-18 0.000000000000000000e+00 7.259475245932903490e-19 2.545349907058442024e-18 -6.419321984197957764e-20 0.000000000000000000e+00
-1.008403361344537702e-01 4.473829870500147775e-18 -2.099205950416374799e-17 -2.775557561562891351e-17 -1.273219663508106560e-17 5.974408169714977080e-17 0.000000000000000000e+00 -5.115402617983185689e-18 1.253182988674559931e-17 -8.326672684688674053e-17 -7.206861339774300601e-19 -1.686685616355308538e-18 2.069131913720584615e-19 0.000000000000000000e+00
-1.058823529411764552e-01 -2.877905793578404155e-18 6.262386722703517380e-18 1.110223024625156540e-16 -6.606502166095053441e-19 -6.360604711121876165e-17 -2.220446049250313081e-16 1.789127638641085399e-18 4.240860992221206774e-18 -5.551115123125782702e-17 -2.738509280141306123e-18 -1.716015617996764282e-19 -3.484393250674709443e-19 -1.110223024625156540e-16
-1.109243697478991542e-01 3.521857659170478272e-18 1.323864380819278949e-17 0.000000000000000000e+00 -9.837120340329827162e-18 -3.875982460911145981e-17 0.000000000000000000e+00 8.515530366377657348e-19 1.268796337455073888e-17 2.775557561562891351e-17 -1.216049395681664468e-18 -8.178554917433525306e-19 -1.190443852824289007e-19 5.551115123125782702e-17
-1.159663865546218392e-01 -7.746887150040874400e-18 2.503453119696061512e-18 0.000000000000000000e+00 1.141600760627886652e-17 4.976281552901504604e-17 -1.110223024625156540e-16 -1.814078570821092807e-18 1.289271016833990550e-17 1.110223024625156540e-16 -1.843735577761275080e-18 -2.203027507006823766e-18 -4.032042948354075412e-19 1.110223024625156540e-16
-1.210084033613445242e-01 1.107434642746726358e-17 -2.109287319418569512e-18 -2.775557561562891351e-17 -2.863789486727078473e-18 3.323424799204107408e-17 0.000000000000000000e+00 -4.863351061641222033e-18 1.877040289043807016e-18 2.775557561562891351e-17 -3.934590174483970629e-18 1.422166889068964488e-18 2.276941459318685164e-19 0.000000000000000000e+00
-1.260504201680672232e-01 5.442617239363923504e-18 5.608100889034453719e-18 -2.775557561562891351e-17 -1.018371702335885102e-17 3.956953486855654960e-17 5.551115123125782702e-17 1.942230159231857935e-18 6.716007851038833159e-18 -1.942890293094023946e-16 -2.950503119031885949e-18 -5.752535056152300859e-19 8.602688211549915087e-20 0.000000000000000000e+00
-1.310924369747898943e-01 -4.958963228573640513e-18 3.135724328133645088e-17 0.000000000000000000e+00 2.045038354240952413e-17 6.818252170319503862e-17 -5.551115123125782702e-17 -5.379618241030953692e-18 -2.228456575329564844e-18 0.000000000000000000e+00 4.332958568139655093e-18 1.492025248569457212e-18 -5.306115556074094329e-19 0.000000000000000000e+00
-1.361344537815125932e-01 3.805548048236190382e-18 2.321875246945331138e-18 0.000000000000000000e+00 1.035200600234755938e-17 1.771610340865279903e-17 0.000000000000000000e+00 -4.970696388932490855e-18 1.234849187843999912e-18 0.000000000000000000e+00 2.235198264559349702e-18 -1.061067815591179093e-18 4.892668713937323495e-19 0.000000000000000000e+00
-1.411764705882352922e-01 -6.995735352932116858e-18 4.378480875571539299e-19 2.775557561562891351e-17 -6.339037043736496595e-18 6.808692185502129336e-18 -5.551115123125782702e-17 -2.354212805959084081e-18 1.663234871439936156e-17 0.000000000000000000e+00 -3.663446104140817560e-18 -1.828027380591466261e-19 -6.837721336758283960e-19 -1.665334536937734811e-16
-1.462184873949579633e-01 -1.827768357182290170e-18 -1.544132691140739083e-17 0.000000000000000000e+00 -6.028173857102752362e-18 -1.191642985833995412e-16 1.665334536937734811e-16 2.147542112685264950e-18 -3.081748697478891268e-18 -8.326672684688674053e-17 -1.721746933961875215e-18 -2.434595553410121882e-18 4.242305357377716670e-20 1.110223024625156540e-16
-1.512605042016806622e-01 -9.254662311288669178e-18 -5.679350550436428535e-18 8.326672684688674053e-17 -9.858822699096244400e-19 7.627884581640280279e-17 0.000000000000000000e+00 5.352387547986520624e-19 2.172237195424937611e-18 0.000000000000000000e+00 6.009045467830517571e-19 -2.069764965549739088e-18 1.628763805638045169e-19 0.000000000000000000e+00
-1.563025210084033334e-01 4.632217509492843041e-18 -3.233745575206320748e-17 0.000000000000000000e+00 -8.631657017889070654e-19 5.183900594587506680e-17 0.000000000000000000e+00 -2.416618645453658994e-18 -8.901486375678439137e-18 -8.326672684688674053e-17 4.489131685532149585e-18 3.784909349357494288e-18 -1.254077237761291892e-19 -5.551115123125782702e-17
-1.613445378151260323e-01 -2.869748266986287043e-18 -1.248756225732985175e-18 -5.551115123125782702e-17 -2.186151825349344000e-18 -5.203739102919400406e-17 5.551115123125782702e-17 -1.239516003283397321e-18 -3.268959403527023877e-19 0.000000000000000000e+00 2.505678378697745092e-18 -1.580407910545836935e-18 1.027266398668683756e-19 0.000000000000000000e+00
-1.663865546218487312e-01 6.019374919640861564e-18 1.785810958344220572e-17 0.000000000000000000e+00 4.715382938848552816e-18 1.193905175176131527e-16 0.000000000000000000e+00 4.139266021014027347e-19 6.367695162532789202e-18 0.000000000000000000e+00 1.128073803513442906e-18 3.443064415143954395e-18 -1.222062132118763173e-19 0.000000000000000000e+00
-1.714285714285714024e-01 -6.443514088988026547e-18 -3.770594104835651925e-18 2.775557561562891351e-17 9.008187924875365478e-18 -6.503541362529645410e-17 5.551115123125782702e-17 -2.602724238668728129e-18 7.116638135876210586e-18 -5.551115123125782702e-17 -2.789181159819868846e-18 -2.449248107049754982e-18 -6.039229204386146515e-19 1.110223024625156540e-16
-1.764705882352941013e-01 2.026312972779008206e-18 -2.036553534302927274e-17 0.000000000000000000e+00 -1.699434805696713752e-18 -1.271794279723536963e-17 -5.551115123125782702e-17 1.564672397033263766e-18 4.301956758364919872e-18 -2.775557561562891351e-17 -3.441971545085830784e-18 -1.068091242971858466e-19 6.257786516051859737e-20 0.000000000000000000e+00
-1.815126050420167725e-01 -8.967662224501331946e-19 -4.020759588104879863e-17 -2.775557561562891351e-17 3.898278371682556256e-18 -8.348821601494150075e-18 5.551115123125782702e-17 -3.473252126421225664e-19 6.079474064886073065e-18 -2.775557561562891351e-17 -3.009488545219571954e-18 2.319103161880076302e-18 6.445709432876940779e-19 -5.551115123125782702e-17
-1.865546218487394714e-01 -7.345765953863920894e-18 -2.060401489646815636e-17 2.775557561562891351e-17 1.265123323018194715e-17 1.518656863592620950e-17 -1.110223024625156540e-16 -4.347025399981584549e-18 -1.411272978276003691e-17 1.110223024625156540e-16 -3.043417127974619442e-18 -6.327292865283926523e-18 4.532661298393649647e-19 0.000000000000000000e+00
-1.915966386554621703e-01 1.424915585518685260e-18 1.446448836011408036e-17 0.000000000000000000e+00 1.647577567866253535e-19 2.037621474131527735e-18 0.000000000000000000e+00 1.120332334365076727e-18 -5.880602775077074602e-18 -1.110223024625156540e-16 -2.621978916142164311e-18 1.093425861508889798e-18 2.330836429772648273e-19 -1.110223024625156540e-16
-1.966386554621848415e-01 3.139295628343640048e-19 2.250248211336476765e-17 -1.665334536937734811e-16 -8.346838829097431390e-18 -4.469333452667412220e-17 -1.110223024625156540e-16 5.468838894006732822e-18 9.848977458673295051e-18 5.551115123125782702e-17 -5.318969097172353617e-18 2.749208495039233240e-18 6.786031977150423669e-19 -2.220446049250313081e-16
-2.016806722689075404e-01 7.482457997355973735e-19 -2.405599386928755872e-17 -5.551115123125782702e-17 -3.587354284052943071e-18 -2.685300483172877923e-17 2.220446049250313081e-16 2.679376275114242234e-18 2.422381469808794870e-18 -5.551115123125782702e-17 -3.019092437323926588e-19 2.728841613510529392e-18 -1.895597514480434504e-21 -5.551115123125782702e-17
-2.067226890756302393e-01 -1.784458732078005962e-18 -4.829777729537026681e-18 -5.551115123125782702e-17 -9.687230333179131488e-18 3.471816577705443469e-17 0.000000000000000000e+00 -4.575649711500153236e-18 3.088285167691841892e-18 0.000000000000000000e+00 -2.597194928984853199e-18 2.997567786898685816e-18 -3.712781785179221300e-19 -1.110223024625156540e-16
-2.117647058823529105e-01 5.873517561885327885e-18 1.804571994843720286e-17 2.775557561562891351e-17 -1.284123178194837073e-17 8.066295405941382706e-17 1.110223024625156540e-16 1.064728357942436013e-18 -5.076006296386950838e-19 5.551115123125782702e-17 -4.234451125875629692e-18 -3.730536351373587448e-18 -1.743514829987634511e-19 5.551115123125782702e-17
-2.168067226890756094e-01 1.627909256766031607e-18 1.140605351598583030e-17 2.775557561562891351e-17 2.347260482746916980e-18 8.190756735950951478e-18 -1.110223024625156540e-16 -3.304332232693842989e-18 1.037815065413834401e-18 0.000000000000000000e+00 -2.952690119096283717e-18 1.311912153800300517e-19 -2.080961379115658291e-19 0.000000000000000000e+00
-2.218487394957983083e-01 1.351291782694120726e-18 -9.655799150185079776e-18 0.000000000000000000e+00 -1.037132084384738795e-18 8.146777317635494563e-17 0.000000000000000000e+00 -4.446433372293191135e-18 9.276581084725840253e-18 2.775557561562891351e-17 -4.478403047566592410e-18 -2.117613168049542203e-18 -1.950525133167506920e-19 0.000000000000000000e+00
-2.268907563025209795e-01 -3.276096482583778550e-18 -8.211206787740732783e-19 0.000000000000000000e+00 1.814663852011083076e-18 -2.696046671092425693e-17 0.000000000000000000e+00 2.902248319715983276e-18 8.872129707711756551e-18 -1.387778780781445676e-16 2.501612629462014949e-19 -2.039625374455848957e-18 -2.000815557141265980e-20 -1.110223024625156540e-16
-2.319327731092436784e-01 -1.064352055133053241e-18 -2.956544458194269589e-18 0.000000000000000000e+00 3.581317353778583307e-19 -4.085776079880140564e-17 0.000000000000000000e+00 2.783606428226286205e-18 7.508468948265963602e-18 -5.551115123125782702e-17 8.581750297190620075e-19 2.891508381513043188e-18 -1.786843108979602315e-20 0.000000000000000000e+00
-2.369747899159663496e-01 6.598121274166570090e-18 4.119907685239220108e-18 5.551115123125782702e-17 -5.988859535798336370e-18 3.761481259737417251e-17 5.551115123125782702e-17 -2.671974839657203212e-18 -7.364704518111311837e-18 -2.775557561562891351e-17 -9.009298466501284597e-19 4.156992292334094367e-19 3.350006974232394460e-21 -1.110223024625156540e-16
-2.420168067226890485e-01 4.255425317963171236e-18 1.445807097128272865e-17 0.000000000000000000e+00 -1.204026848290143348e-17 6.449865510593235523e-17 1.110223024625156540e-16 3.625029292614831881e-18 -4.650684664807100933e-18 -5.551115123125782702e-17 -6.226013001962779192e-19 -9.828021981516678203e-19 -8.047742029607667073e-20 5.551115123125782702e-17
-2.470588235294117474e-01 6.631970342302489945e-18 5.947538756106421362e-18 2.775557561562891351e-17 -1.722904017257030440e-17 -2.995812897852070478e-17 0.000000000000000000e+00 4.372900561077296548e-18 -5.699064165839674922e-18 5.551115123125782702e-17 -4.649559256281112895e-18 2.178640643146978325e-18 -7.120907236626902731e-20 5.551115123125782702e-17
-2.521008403361344463e-01 9.153422658105288299e-20 2.249375472213230658e-18 0.000000000000000000e+00 2.060036244846263314e-18 -8.491152131892231429e-17 0.000000000000000000e+00 4.268419243561669150e-19 -8.004994325143545148e-18 0.000000000000000000e+00 -5.556041733777910927e-18 -1.704636952922843662e-18 -6.467624922878533970e-20 0.000000000000000000e+00
-2.571428571428571175e-01 -3.282245726622559819e-18 -1.999807263645596402e-17 0.000000000000000000e+00 1.677285924407893927e-17 -2.190859996394888473e-17 -5.551115123125782702e-17 -4.409689245971938294e-18 -5.006114989030192193e-18 8.326672684688674053e-17 3.149175780019451612e-18 2.478548648843884670e-18 -7.033462882893280006e-19 5.551115123125782702e-17
-2.621848739495797886e-01 -4.775805705631751296e-18 1.899181113893252185e-17 0.000000000000000000e+00 2.524726394323498553e-18 2.965613011864237333e-17 0.000000000000000000e+00 -4.670566685822389837e-18 4.119742081128708091e-18 2.775557561562891351e-17 -3.376828228037523922e-18 -6.671818465336973064e-19 -2.049312315974167121e-19 2.220446049250313081e-16
-2.672268907563025153e-01 -1.423651181704564091e-17 1.251726381866302982e-18 5.551115123125782702e-17 -1.438030530327400618e-17 -4.206343226083744426e-17 5.551115123125782702e-17 -6.903031285068444010e-18 5.806146025848113920e-18 0.000000000000000000e+00 4.538616912278906970e-18 1.888873313626246515e-18 -4.415017000798652512e-19 0.000000000000000000e+00
-2.722689075630251865e-01 3.759960764633893955e-18 -6.481144439802998816e-18 -5.551115123125782702e-17 -7.707358837362900939e-18 5.955410071390152045e-17 1.110223024625156540e-16 1.321362987306837949e-18 4.099781808562572641e-18 -1.110223024625156540e-16 -4.178499184132056263e-18 -4.501738834058637272e-19 5.557774815802956008e-20 1.665334536937734811e-16
-2.773109243697478576e-01 3.963048517303062135e-18 -1.098353405966561370e-17 0.000000000000000000e+00 -1.001645183891875945e-17 2.951328406080839692e-17 1.665334536937734811e-16 2.883438897190378095e-18 -4.901011673434799507e-18 -2.775557561562891351e-17 1.439172056113831699e-18 -2.306814137687326364e-18 -2.624663240012326946e-19 -1.665334536937734811e-16
-2.823529411764705843e-01 7.681597195885122789e-18 1.073094097955147469e-17 1.110223024625156540e-16 -1.360012740318690694e-18 -5.800544517251809822e-17 5.551115123125782702e-17 1.817900453829515348e-19 3.200584303569990352e-18 2.775557561562891351e-17 6.984834892402414970e-19 3.430949230740676877e-18 -7.264612958827412883e-20 0.000000000000000000e+00
-2.873949579831932555e-01 -2.271016553959748501e-18 -1.806224576287010205e-17 0.000000000000000000e+00 5.615908753987484904e-18 4.838265240944493100e-17 0.000000000000000000e+00 2.170554336775065716e-18 -3.329403398839354858e-18 0.000000000000000000e+00 4.584176697472054216e-18 2.638028620172372550e-18 9.413092387523962111e-20 0.000000000000000000e+00
-2.924369747899159266e-01 3.958495268578291169e-18 -4.073139526282482142e-18 -8.326672684688674053e-17 -1.452382085396586917e-17 -3.581028841090571797e-17 0.000000000000000000e+00 -2.415922842472489795e-19 4.677807217397387771e-18 5.551115123125782702e-17 6.017463517611085952e-19 1.711629109405856984e-18 -1.862118691158419698e-19 -5.551115123125782702e-17
-2.974789915966385978e-01 2.260589710401519991e-18 -1.963980219479891286e-17 0.000000000000000000e+00 1.621016545290881357e-17 -4.539769849902402953e-17 1.110223024625156540e-16 5.026313642887788176e-18 7.580593658717981003e-18 0.000000000000000000e+00 -2.761157594739348517e-20 1.488526136976357968e-18 3.127403443981864824e-19 0.000000000000000000e+00
-3.025210084033613245e-01 -6.653971436391657912e-19 8.964870563869254707e-18 0.000000000000000000e+00 4.241788473088917970e-18 1.313167874956478234e-16 -2.220446049250313081e-16 -2.306997556651263788e-18 -7.451108638965667790e-18 1.110223024625156540e-16 -1.148986160477718097e-18 4.982973709504220336e-19 -3.005886704113414203e-19 0.000000000000000000e+00
-3.075630252100839956e-01 -3.687085604927977088e-18 -1.419746878233199536e-17 5.551115123125782702e-17 6.047797096573640286e-18 8.361474132730603713e-18 0.000000000000000000e+00 8.372138969289272630e-19 -4.625681925454245572e-18 -8.326672684688674053e-17 9.311738281874827485e-19 -4.198443295851702732e-18 -8.468823564124982697e-19 3.330669073875469621e-16
-3.126050420168066668e-01 8.518370222564980366e-18 6.335993793163863719e-18 0.000000000000000000e+00 3.128386001464657538e-18 -4.428325273734729998e-17 -5.551115123125782702e-17 2.389500782060594765e-19 -3.784499178245234545e-18 5.551115123125782702e-17 -3.666958935919179113e-18 -2.121317472736886957e-18 1.285573470339884993e-19 0.000000000000000000e+00
-3.176470588235293935e-01 -3.282510155755136695e-18 3.168197632380905825e-18 -5.551115123125782702e-17 5.181746513292759580e-18 -6.716096910234293429e-18 0.000000000000000000e+00 -2.486195329088804200e-19 8.725581075493158979e-18 5.551115123125782702e-17 -4.312477097737729560e-18 2.395287003081643591e-18 3.120554491111346814e-20 0.000000000000000000e+00
-3.226890756302520646e-01 -4.088409777670951011e-18 1.980562894651535859e-17 -5.551115123125782702e-17 -4.500105969477997630e-18 -8.360106238649665783e-17 0.000000000000000000e+00 -1.760659202732424898e-18 -4.232056978433311103e-18 0.000000000000000000e+00 1.143908511800872870e-18 -2.198995582542282756e-18 1.494604803031604045e-19 1.110223024625156540e-16
-3.277310924369747358e-01 2.733394690803294013e-18 2.338023507887530038e-22 -2.775557561562891351e-17 -4.616291085272041660e-18 5.176962628151827862e-17 0.000000000000000000e+00 1.848502431745789029e-18 -3.314637712159293526e-18 -2.775557561562891351e-17 -2.720133296532898189e-18 2.916384115941556822e-18 3.103568921421953990e-19 0.000000000000000000e+00
-3.327731092436974625e-01 2.667241767373051345e-18 -1.082131435132325828e-17 2.775557561562891351e-17 -6.636388001517062017e-18 -1.098925359055223486e-16 -1.110223024625156540e-16 1.532568800266299193e-19 -1.391215878437294409e-17 5.551115123125782702e-17 -2.150241313107345362e-18 1.648132580679598955e-18 3.400932685022133462e-19 0.000000000000000000e+00
-3.378151260504201336e-01 -1.562528401997295171e-20 -1.362153198160042111e-17 0.000000000000000000e+00 1.181722920092723468e-17 4.105101550771811259e-17 0.000000000000000000e+00 2.554503353966573425e-19 -2.977048353317785647e-18 0.000000000000000000e+00 -3.175541674013178808e-18 4.573245970989996447e-18 1.158094549404348895e-19 1.110223024625156540e-16
-3.428571428571428048e-01 -1.767686579528761677e-18 6.342899925584387663e-18 -5.551115123125782702e-17 6.804182750299519773e-19 -6.934063392454094103e-17 1.665334536937734811e-16 -4.845964118560199722e-18 -5.499677394174797504e-18 -8.326672684688674053e-17 -2.314024434310297248e-18 -2.867440750858690881e-18 1.599904962982117330e-19 5.551115123125782702e-17
-3.478991596638655315e-01 9.453954349775008957e-18 3.489834837942396072e-17 0.000000000000000000e+00 -2.616852795040279807e-18 -5.982715340700803387e-17 -1.110223024625156540e-16 3.271297041729800874e-18 9.750903463176812728e-18 1.110223024625156540e-16 2.373366241868253782e-18 -1.313326956361486884e-19 4.580831051634520199e-19 0.000000000000000000e+00
-3.529411764705882026e-01 -4.377832509489496184e-18 -3.671897057949908149e-18 5.551115123125782702e-17 1.928057119919315249e-18 3.179463061784407572e-17 0.000000000000000000e+00 -2.054494547639953824e-18 1.540367757489285634e-18 0.000000000000000000e+00 6.531696617246476432e-19 -2.473254434996599571e-18 4.275583889057577379e-19 2.220446049250313081e-16
-3.579831932773108738e-01 -4.089329919453547811e-18 1.926961280588376688e-17 0.000000000000000000e+00 3.396766631319567622e-18 -6.145705674585880238e-17 0.000000000000000000e+00 -1.699323139037000537e-18 3.451934062311547883e-18 0.000000000000000000e+00 9.239858038413817640e-19 9.179384060475617704e-19 1.498842333844107746e-19 0.000000000000000000e+00
-3.630252100840335450e-01 7.337563100659524835e-18 1.504503777936600445e-17 -5.551115123125782702e-17 -4.153424422629094961e-18 -5.298695938627974151e-17 1.665334536937734811e-16 3.869962196977212449e-18 1.287643877311003214e-18 -1.665334536937734811e-16 4.057037683172995529e-18 9.099028183795166269e-20 -6.380019751992368493e-19 0.000000000000000000e+00
-3.680672268907562716e-01 -4.170488794350335539e-18 -1.960513800416469611e-17 5.551115123125782702e-17 3.900743878944651512e-18 -1.099754994120513778e-16 -5.551115123125782702e-17 -1.609510736532231068e-18 -5.358047152012530087e-18 2.775557561562891351e-17 3.258530945550632002e-18 -3.143984693734522242e-18 2.779048654696345753e-19 0.000000000000000000e+00
-3.731092436974789428e-01 -3.050587991792180627e-18 -1.996994442717209101e-17 0.000000000000000000e+00 3.256235972609298572e-19 -1.813836604741898690e-17 -2.775557561562891351e-16 -2.782151460936727615e-18 -4.864092421880649911e-18 0.000000000000000000e+00 2.394722309164965380e-18 1.617319204129716384e-18 1.507042377987539720e-19 0.000000000000000000e+00
-3.781512605042016140e-01 3.697248961102718427e-18 2.052334155006237317e-18 0.000000000000000000e+00 4.444754370130049017e-18 -5.178566557974916682e-17 0.000000000000000000e+00 -6.526407153773024343e-20 -6.023709733244545088e-18 -2.775557561562891351e-17 3.950341586735800840e-19 1.299300841146754405e-18 1.711971286966443408e-19 0.000000000000000000e+00
-3.831932773109243406e-01 8.571696601493985657e-19 1.804001351629601575e-17 0.000000000000000000e+00 -4.823102044738835649e-18 9.816126319204004580e-17 0.000000000000000000e+00 3.256767623585710764e-18 4.428693253902315400e-18 -1.110223024625156540e-16 -3.537039737040785626e-18 -8.515380020768592869e-19 -1.451143331937415481e-19 -4.996003610813204432e-16
-3.882352941176470118e-01 -3.997954874624080917e-18 1.431296329126900467e-18 -5.551115123125782702e-17 2.843463807753787138e-18 5.177016653419899448e-17 -1.110223024625156540e-16 -2.700049069599687969e-18 4.977117721439603393e-18 -2.220446049250313081e-16 -2.522452645724027406e-18 1.800398280542783491e-19 -1.485787416080211547e-19 0.000000000000000000e+00
-3.932773109243696830e-01 -2.430227325306221789e-18 1.165151193445979076e-17 5.551115123125782702e-17 -3.648675898794243270e-18 1.715919502869617868e-17 -2.220446049250313081e-16 -5.668072954106524043e-19 3.140919648254619380e-18 0.000000000000000000e+00 -9.500562460498518498e-19 2.506654475421200567e-18 -7.777467118935706893e-20 1.110223024625156540e-16
-3.983193277310924096e-01 -1.590720186556373294e-18 -3.731777846473385537e-18 5.551115123125782702e-17 -4.312874645787714220e-18 -1.301719472424470316e-17 0.000000000000000000e+00 2.027009286761569716e-18 8.575652382009623567e-18 -5.551115123125782702e-17 -1.107404959787700804e-18 -3.497825798443947737e-19 -8.697013290931168675e-20 2.220446049250313081e-16
-4.033613445378150808e-01 3.206929828666719757e-18 1.394129894772576583e-17 -5.551115123125782702e-17 -1.704704256080944489e-17 -9.327347827298946759e-17 5.551115123125782702e-17 1.340016277381152053e-18 3.156626618703183529e-19 -1.110223024625156540e-16 -3.127101862588320355e-18 -4.006001779218709603e-18 2.834934118281561360e-19 0.000000000000000000e+00
-4.084033613445377520e-01 -1.071449762976499497e-17 1.674054394022142842e-17 0.000000000000000000e+00 -3.935983321354617235e-18 -3.214479383504095253e-17 -1.110223024625156540e-16 -2.467424507863399439e-18 -3.507805628280058681e-18 0.000000000000000000e+00 2.977408081606496602e-18 -8.822495746150834876e-19 -1.620732408775371156e-19 1.110223024625156540e-16
-4.134453781512604786e-01 -7.764228805566476323e-18 1.641042376565080516e-17 5.551115123125782702e-17 -3.180607377079353289e-18 1.592121254041175064e-16 0.000000000000000000e+00 -4.507701674414524895e-18 -3.553344788213018816e-19 0.000000000000000000e+00 1.171964030126906942e-18 -2.575216188244423993e-18 3.904618177568417896e-19 0.000000000000000000e+00
-4.184873949579831498e-01 -3.902869584128597124e-18 -1.075957971034606194e-17 0.000000000000000000e+00 2.504179584930896794e-18 -1.181279544670899528e-16 0.000000000000000000e+00 6.052201355544873105e-19 6.073968513610226602e-18 0.000000000000000000e+00 -2.281896988194980520e-18 4.962989443226540597e-18 1.989523342110395944e-19 0.000000000000000000e+00
-4.235294117647058210e-01 -7.295208020786315603e-18 1.030009015793997255e-17 0.000000000000000000e+00 2.842762406908440312e-18 4.615307711995490286e-17 0.000000000000000000e+00 -4.774450170464064814e-18 9.986972411554239996e-18 0.000000000000000000e+00 1.145835059297392305e-18 8.625067262590812316e-19 7.210915979890434244e-19 0.000000000000000000e+00
-4.285714285714285476e-01 -7.230794344628447938e-18 -4.938454421922211701e-18 0.000000000000000000e+00 5.070585859663821746e-19 -6.133155320452718823e-18 -2.220446049250313081e-16 -1.854500181772070796e-18 1.988928707932619514e-18 0.000000000000000000e+00 -1.348406789115850432e-18 -7.699356027110700240e-19 4.709583130398243656e-19 1.110223024625156540e-16
-4.336134453781512188e-01 2.496586662688230388e-18 -8.514996178903595498e-18 -5.551115123125782702e-17 6.635313971767697178e-18 -3.531177318980573281e-17 1.110223024625156540e-16 2.649323423298516003e-18 3.352461611095758136e-18 -5.551115123125782702e-17 3.112176679661638277e-19 -9.831943037259524352e-21 1.926682609124590216e-19 -1.110223024625156540e-16
-4.386554621848738900e-01 1.535900084686320953e-19 7.942085249498514205e-18 5.551115123125782702e-17 5.005463662917853095e-19 -4.026441111304349242e-17 5.551115123125782702e-17 -3.369332271426380763e-18 9.811876573226471968e-18 0.000000000000000000e+00 7.828976462424217018e-19 -9.278413759723883640e-19 7.708731449504891240e-20 -1.110223024625156540e-16
-4.436974789915966166e-01 -5.227034767693926292e-18 -2.312910905705059467e-17 -5.551115123125782702e-17 -6.394383210670603609e-18 -8.744590353039373982e-17 0.000000000000000000e+00 2.031623879280320497e-18 -2.472725208479170172e-18 8.326672684688674053e-17 -5.933048396532608613e-19 -2.477421114173727919e-19 -1.824183759958339255e-19 0.000000000000000000e+00
-4.487394957983192878e-01 5.154305128252769713e-18 -6.632837167764892734e-18 -5.551115123125782702e-17 -2.658986321136920760e-18 1.415731667106230849e-17 0.000000000000000000e+00 7.183915051427088445e-18 4.904259992068843738e-18 5.551115123125782702e-17 -6.620337297733299343e-19 3.333707908415701163e-18 2.152780693492834315e-19 -5.551115123125782702e-17
-4.537815126050419590e-01 -3.849331351484603279e-18 6.189298925899401250e-18 0.000000000000000000e+00 -4.213114059423550432e-18 -1.715616230990379834e-17 0.000000000000000000e+00 -2.298056520504526569e-19 1.212917664669800534e-17 5.551115123125782702e-17 3.503431862114735013e-19 -7.631200808121141322e-19 -1.440216244179674812e-19 0.000000000000000000e+00
-4.588235294117646301e-01 -1.068045081893442846e-18 5.060285527421120245e-18 2.775557561562891351e-17 -3.927182350021317363e-18 5.012164489977977132e-17 1.110223024625156540e-16 -8.059171006187465694e-18 8.270523152446421182e-18 -5.551115123125782702e-17 3.150437579027485362e-18 5.191099082972050052e-20 -6.180631028292767879e-19 -1.110223024625156540e-16
-4.638655462184873568e-01 -1.746628188342234224e-18 1.521753260072596819e-18 2.775557561562891351e-17 -1.227867060330788269e-17 -1.046264900508298600e-16 0.000000000000000000e+00 1.623247405004220281e-18 -6.855323704425776397e-18 0.000000000000000000e+00 -3.547931683485888262e-19 -1.836848355477533205e-18 -7.801266453977491297e-20 0.000000000000000000e+00
-4.689075630252100280e-01 1.183620808334184596e-18 9.580528634835460055e-18 0.000000000000000000e+00 7.630243803753545480e-18 -9.584401205447042919e-17 1.110223024625156540e-16 1.170318174721234613e-19 8.407876598064207849e-18 0.000000000000000000e+00 -1.954394684122298257e-18 -1.831068471189913616e-18 1.026418610717893991e-19 1.110223024625156540e-16
-4.739495798319326991e-01 4.807231374903894573e-18 -3.244766188547479500e-18 -2.775557561562891351e-17 -2.537208049101995515e-18 -7.686137000372183877e-17 2.220446049250313081e-16 1.085116564337927475e-18 8.347029094652269249e-18 0.000000000000000000e+00 -4.946716790431106586e-19 1.166458111397558497e-18 -7.613422452100896679e-19 5.551115123125782702e-17
-4.789915966386554258e-01 7.381628687423807738e-18 1.316518987168817279e-18 -8.326672684688674053e-17 3.706099115996321141e-19 -3.489999605212504394e-17 5.551115123125782702e-17 2.723457013555850882e-18 6.860172581131621841e-18 -1.387778780781445676e-16 -2.352868530078673114e-18 4.998817518875928315e-18 4.618068481338223475e-19 5.551115123125782702e-17
-4.840336134453780970e-01 -1.136341713456725678e-17 2.923502674423311950e-17 0.000000000000000000e+00 -8.291003916778728609e-18 1.836052720627129805e-16 0.000000000000000000e+00 -5.196044501504032426e-18 1.971567781645766425e-17 0.000000000000000000e+00 1.031462787520459063e-18 -2.173630388207437583e-18 1.714002290009095329e-19 0.000000000000000000e+00
-4.890756302521007681e-01 -4.876180566714139115e-20 3.914188035986758309e-18 5.551115123125782702e-17 1.950656701181375578e-17 -1.627113308982133388e-16 5.551115123125782702e-17 -2.301319038774389543e-18 -6.404759504203202409e-18 -5.551115123125782702e-17 2.730887441275056224e-18 2.913436420905034415e-18 2.741831226542985133e-19 0.000000000000000000e+00
-4.941176470588234948e-01 2.927420411169971415e-18 1.178834903424434390e-17 5.551115123125782702e-17 2.711018780511613085e-18 -5.547458548852460296e-17 -1.110223024625156540e-16 5.523641156168561289e-18 7.449226792203653257e-19 0.000000000000000000e+00 1.392879699621178604e-18 -4.124131455117094261e-18 -2.929353373819255469e-20 1.110223024625156540e-16
-4.991596638655461660e-01 -1.187470030012924392e-17 6.859592354764959490e-18 -2.775557561562891351e-17 9.217307780880220454e-18 2.294271106317894204e-16 0.000000000000000000e+00 -5.788034256068843467e-18 1.263939780215151112e-17 -1.110223024625156540e-16 3.141496675099548167e-18 3.443025990892445729e-18 3.651355041520383168e-20 2.775557561562891351e-16
-5.042016806722688926e-01 -1.427338345769009653e-17 -1.887887977920813508e-18 0.000000000000000000e+00 1.783301465725473801e-17 8.054310779390344801e-17 -1.110223024625156540e-16 -3.560770114863919779e-18 2.923762760578036830e-18 5.551115123125782702e-17 -4.078473875856748923e-19 -1.429487954659919090e-18 1.955647512153256527e-19 -1.110223024625156540e-16
-5.092436974789915638e-01 1.061312393254396012e-19 2.218814173571652300e-17 0.000000000000000000e+00 7.352874523352401042e-18 -9.141278507737568131e-18 0.000000000000000000e+00 -3.020039686556375112e-18 2.334864085473192754e-18 0.000000000000000000e+00 4.532877742752171383e-19 5.350457037555013337e-18 -8.747287416275907778e-20 0.000000000000000000e+00
-5.142857142857142350e-01 2.238449123978656685e-18 1.062218703960054067e-17 0.000000000000000000e+00 5.349192893099275074e-18 4.841571399721356427e-17 -1.110223024625156540e-16 3.851858409832742214e-18 7.496841317222917946e-18 5.551115123125782702e-17 -2.279395131266455510e-18 -8.796131245130473622e-19 1.697795297074309665e-19 0.000000000000000000e+00
-5.193277310924369061e-01 -1.853283030651640186e-18 3.980916213321052766e-18 0.000000000000000000e+00 3.929937943145955737e-18 -9.330404601761097889e-18 0.000000000000000000e+00 2.488532182760448061e-18 1.008150173315289099e-17 0.000000000000000000e+00 2.840279685886132736e-18 3.403470058828530905e-18 -2.223502630433755115e-20 0.000000000000000000e+00
-5.243697478991595773e-01 4.020527508777290870e-18 2.239032369121768043e-17 0.000000000000000000e+00 1.097965511892886789e-18 1.768342422840696713e-16 0.000000000000000000e+00 7.550749609725710042e-19 9.713519431892510919e-18 -2.775557561562891351e-17 3.224871013190351353e-18 2.054187132642223047e-19 -2.396770970624110893e-20 0.000000000000000000e+00
-5.294117647058822484e-01 -6.041641096649158387e-18 2.183087461092446905e-17 0.000000000000000000e+00 -2.316473282687773105e-18 -1.676101942359437811e-16 0.000000000000000000e+00 -3.374017255664813214e-19 5.944716778992744028e-18 5.551115123125782702e-17 1.391408905668422411e-18 8.784321748828761214e-19 -6.101450319430755050e-19 -1.110223024625156540e-16
-5.344537815126050306e-01 5.598449728713085535e-18 5.947851904273527281e-18 -1.110223024625156540e-16 -1.823931083032393766e-18 1.289763951497428941e-16 0.000000000000000000e+00 1.079765959264567791e-18 -6.314371128193822516e-20 0.000000000000000000e+00 7.588838408912896087e-19 -5.007561308911386950e-18 1.476124455153534503e-20 -2.220446049250313081e-16
-5.394957983193277018e-01 -4.034128921904140558e-18 4.858398713064945898e-18 -2.775557561562891351e-17 6.025141792075765731e-18 -1.792157892521914902e-16 1.110223024625156540e-16 3.466135118864970177e-18 -2.699231044056549330e-18 0.000000000000000000e+00 2.274964137155309837e-19 -1.375963221667980535e-18 1.370287157007038525e-19 0.000000000000000000e+00
-5.445378151260503730e-01 -4.341764663544896319e-18 -1.620932890400129026e-17 1.110223024625156540e-16 -4.790243355886982975e-18 8.760150076449970671e-17 -1.110223024625156540e-16 -4.526929378049939127e-18 1.982582445118552991e-19 0.000000000000000000e+00 8.373623741145003053e-19 -2.728055145744142030e-19 3.798665036425922219e-19 0.000000000000000000e+00
-5.495798319327730441e-01 -6.771600661219098748e-18 -2.032411897304498603e-17 0.000000000000000000e+00 -2.397469009322879384e-18 -1.336429904662842843e-16 0.000000000000000000e+00 8.840398154268900397e-19 1.303429840754955715e-17 -5.551115123125782702e-17 -1.445055173088414077e-18 -1.846681669440829499e-18 -2.919127319161701339e-19 0.000000000000000000e+00
-5.546218487394957153e-01 -6.678676768638928068e-18 2.198054275750966750e-17 0.000000000000000000e+00 -3.487029659662560109e-18 3.107856003007118501e-17 5.551115123125782702e-17 4.804128458207448541e-20 -1.599877535087312470e-18 -2.775557561562891351e-17 1.146897322288058520e-18 -5.650273435617822616e-18 2.340099770564467404e-19 0.000000000000000000e+00
-5.596638655462183864e-01 2.508880485860899404e-18 -1.616079297964251670e-17 0.000000000000000000e+00 -4.065282605985058365e-18 1.934544028914217756e-16 1.665334536937734811e-16 2.749383789361155126e-18 1.093126734702713568e-17 -1.110223024625156540e-16 -3.782882068432538407e-19 -1.999401278121526263e-19 -4.099027848898703445e-19 0.000000000000000000e+00
-5.647058823529411686e-01 5.543056976840150456e-18 1.462734090362084416e-17 0.000000000000000000e+00 -1.267203001652645035e-17 5.597381934708248820e-18 0.000000000000000000e+00 -1.733447055001636931e-18 -8.884960703595063504e-18 -2.775557561562891351e-17 -6.826316972698285018e-19 -3.612687726094186811e-18 4.209577150785395606e-19 0.000000000000000000e+00
-5.697478991596638398e-01 5.972658480753234550e-18 1.148260503772185623e-18 2.775557561562891351e-17 -1.394225521959558513e-18 -6.967386999597385064e-17 -1.110223024625156540e-16 -9.776312050055790206e-19 -8.115046723691603075e-18 8.326672684688674053e-17 -1.162064830552459068e-19 2.058762511784040012e-18 1.028054518304804143e-19 1.110223024625156540e-16
-5.747899159663865110e-01 -3.382147637040941699e-18 4.797038494271349552e-18 0.000000000000000000e+00 6.899712240763324874e-18 9.984348301004330341e-18 0.000000000000000000e+00 -3.340055537282455205e-18 5.121608991856011868e-18 -5.551115123125782702e-17 2.250014048630048556e-18 -8.086757545396956701e-18 9.906690111258770534e-20 0.000000000000000000e+00
-5.798319327731091821e-01 -4.443260340670046799e-18 -5.663698382985551098e-18 0.000000000000000000e+00 -1.067672542224122045e-18 -4.737541480184316828e-17 1.110223024625156540e-16 -2.948833270930974281e-18 -1.383920534502201427e-19 0.000000000000000000e+00 1.631342438065584306e-18 3.123422042617955723e-18 -1.940001089443615902e-19 0.000000000000000000e+00
-5.848739495798318533e-01 -2.478896723925778580e-18 1.592895089400031622e-17 -5.551115123125782702e-17 -7.927758119914790112e-18 -1.290377898180503918e-16 -5.551115123125782702e-17 -3.287034959808701078e-18 1.981124248888991704e-17 0.000000000000000000e+00 -6.871762110301958156e-19 -1.337676896441558087e-18 -5.548291470683706415e-20 1.110223024625156540e-16
-5.899159663865545244e-01 -2.957131800961404162e-18 2.779055767067913087e-17 0.000000000000000000e+00 3.948947217259712758e-18 -2.952594334271768630e-19 1.110223024625156540e-16 -2.516925268605005255e-18 4.385488388072646605e-18 0.000000000000000000e+00 -3.175966115623249978e-19 4.405347083451167088e-18 -8.633233334012634094e-20 -1.110223024625156540e-16
-5.949579831932771956e-01 -9.043071264382311563e-18 -4.505420854732687637e-18 0.000000000000000000e+00 9.050357426495929136e-19 -1.771731086030218618e-16 0.000000000000000000e+00 1.353444255177465167e-18 -1.971643209624976095e-18 -5.551115123125782702e-17 -3.379668059155376618e-18 2.207968247261265812e-18 -2.410235266513969142e-19 2.220446049250313081e-16
-5.999999999999999778e-01 6.320131167305730969e-20 6.005548876683631739e-18 0.000000000000000000e+00 4.800574995438159491e-19 2.112118878364302334e-16 -1.110223024625156540e-16 -6.022115085366860484e-19 -1.683373901400245619e-18 8.326672684688674053e-17 -1.190467121411915099e-18 -2.227782675632796085e-19 2.969637408456341503e-20 -2.220446049250313081e-16
