0.000000000000000000e+00 9.999999999999950040e-01
-5.042016806722688510e-03 9.999999999999963363e-01
-1.008403361344537702e-02 9.999999999999976685e-01
-1.512605042016806553e-02 9.999999999999997780e-01
-2.016806722689075404e-02 9.999999999999966693e-01
-2.521008403361344255e-02 9.999999999999941158e-01
-3.025210084033613106e-02 9.999999999999998890e-01
-3.529411764705882304e-02 9.999999999999988898e-01
-4.033613445378150808e-02 1.000000000000001110e+00
-4.537815126050419312e-02 9.999999999999971134e-01
-5.042016806722688510e-02 1.000000000000002887e+00
-5.546218487394957708e-02 9.999999999999986677e-01
-6.050420168067226212e-02 1.000000000000002665e+00
-6.554621848739494716e-02 9.999999999999977796e-01
-7.058823529411764608e-02 9.999999999999971134e-01
-7.563025210084033112e-02 1.000000000000001332e+00
-8.067226890756301616e-02 9.999999999999962252e-01
-8.571428571428570120e-02 1.000000000000001776e+00
-9.075630252100838624e-02 1.000000000000000444e+00
-9.579831932773108516e-02 1.000000000000000000e+00
-1.008403361344537702e-01 1.000000000000000666e+00
-1.058823529411764552e-01 1.000000000000000444e+00
-1.109243697478991542e-01 9.999999999999962252e-01
-1.159663865546218392e-01 9.999999999999970024e-01
-1.210084033613445242e-01 9.999999999999988898e-01
-1.260504201680672232e-01 9.999999999999987788e-01
-1.310924369747898943e-01 1.000000000000002220e+00
-1.361344537815125932e-01 9.999999999999991118e-01
-1.411764705882352922e-01 1.000000000000004663e+00
-1.462184873949579633e-01 9.999999999999950040e-01
-1.512605042016806622e-01 1.000000000000000222e+00
-1.563025210084033334e-01 1.000000000000000444e+00
-1.613445378151260323e-01 9.999999999999992228e-01
-1.663865546218487312e-01 9.999999999999993339e-01
-1.714285714285714024e-01 1.000000000000001998e+00
-1.764705882352941013e-01 9.999999999999970024e-01
-1.815126050420167725e-01 1.000000000000001332e+00
-1.865546218487394714e-01 9.999999999999996669e-01
-1.915966386554621703e-01 1.000000000000001554e+00
-1.966386554621848415e-01 9.999999999999991118e-01
-2.016806722689075404e-01 1.000000000000002220e+00
-2.067226890756302393e-01 1.000000000000001332e+00
-2.117647058823529105e-01 1.000000000000001554e+00
-2.168067226890756094e-01 1.000000000000001332e+00
-2.218487394957983083e-01 1.000000000000002220e+00
-2.268907563025209795e-01 1.000000000000000000e+00
-2.319327731092436784e-01 1.000000000000001776e+00
-2.369747899159663496e-01 1.000000000000002220e+00
-2.420168067226890485e-01 1.000000000000000666e+00
-2.470588235294117474e-01 1.000000000000000888e+00
-2.521008403361344463e-01 9.999999999999994449e-01
-2.571428571428571175e-01 9.999999999999967804e-01
-2.621848739495797886e-01 9.999999999999968914e-01
-2.672268907563025153e-01 1.000000000000001110e+00
-2.722689075630251865e-01 1.000000000000000222e+00
-2.773109243697478576e-01 1.000000000000000444e+00
-2.823529411764705843e-01 9.999999999999965583e-01
-2.873949579831932555e-01 1.000000000000001776e+00
-2.924369747899159266e-01 1.000000000000001332e+00
-2.974789915966385978e-01 1.000000000000001332e+00
-3.025210084033613245e-01 9.999999999999975575e-01
-3.075630252100839956e-01 1.000000000000000888e+00
-3.126050420168066668e-01 9.999999999999997780e-01
-3.176470588235293935e-01 1.000000000000000888e+00
-3.226890756302520646e-01 1.000000000000000444e+00
-3.277310924369747358e-01 9.999999999999976685e-01
-3.327731092436974625e-01 1.000000000000003553e+00
-3.378151260504201336e-01 9.999999999999975575e-01
-3.428571428571428048e-01 1.000000000000000000e+00
-3.478991596638655315e-01 9.999999999999996669e-01
-3.529411764705882026e-01 9.999999999999984457e-01
-3.579831932773108738e-01 9.999999999999996669e-01
-3.630252100840335450e-01 9.999999999999985567e-01
-3.680672268907562716e-01 1.000000000000003331e+00
-3.731092436974789428e-01 9.999999999999993339e-01
-3.781512605042016140e-01 9.999999999999982236e-01
-3.831932773109243406e-01 9.999999999999990008e-01
-3.882352941176470118e-01 9.999999999999988898e-01
-3.932773109243696830e-01 1.000000000000000666e+00
-3.983193277310924096e-01 9.999999999999994449e-01
-4.033613445378150808e-01 1.000000000000002665e+00
-4.084033613445377520e-01 1.000000000000000000e+00
-4.134453781512604786e-01 9.999999999999993339e-01
-4.184873949579831498e-01 1.000000000000000000e+00
-4.235294117647058210e-01 9.999999999999983347e-01
-4.285714285714285476e-01 1.000000000000000444e+00
-4.336134453781512188e-01 1.000000000000001110e+00
-4.386554621848738900e-01 9.999999999999980016e-01
-4.436974789915966166e-01 9.999999999999998890e-01
-4.487394957983192878e-01 9.999999999999986677e-01
-4.537815126050419590e-01 1.000000000000002220e+00
-4.588235294117646301e-01 9.999999999999976685e-01
-4.638655462184873568e-01 9.999999999999993339e-01
-4.689075630252100280e-01 1.000000000000000888e+00
-4.739495798319326991e-01 1.000000000000002887e+00
-4.789915966386554258e-01 9.999999999999991118e-01
-4.840336134453780970e-01 1.000000000000001332e+00
-4.890756302521007681e-01 1.000000000000001554e+00
-4.941176470588234948e-01 1.000000000000001776e+00
-4.991596638655461660e-01 9.999999999999991118e-01
-5.042016806722688926e-01 9.999999999999991118e-01
-5.092436974789915638e-01 9.999999999999983347e-01
-5.142857142857142350e-01 1.000000000000000444e+00
-5.193277310924369061e-01 1.000000000000001776e+00
-5.243697478991595773e-01 9.999999999999991118e-01
-5.294117647058822484e-01 9.999999999999996669e-01
-5.344537815126050306e-01 1.000000000000000888e+00
-5.394957983193277018e-01 9.999999999999998890e-01
-5.445378151260503730e-01 9.999999999999973355e-01
-5.495798319327730441e-01 1.000000000000000444e+00
-5.546218487394957153e-01 9.999999999999997780e-01
-5.596638655462183864e-01 9.999999999999991118e-01
-5.647058823529411686e-01 9.999999999999984457e-01
-5.697478991596638398e-01 1.000000000000000666e+00
-5.747899159663865110e-01 1.000000000000001554e+00
-5.798319327731091821e-01 1.000000000000001332e+00
-5.848739495798318533e-01 9.999999999999993339e-01
-5.899159663865545244e-01 1.000000000000001332e+00
-5.949579831932771956e-01 1.000000000000000888e+00
-5.999999999999999778e-01 9.999999999999975575e-01
