#kx=8.0, ky=0.0, Jx=1.0, Jy=1.0, Jz=1.5, h=0.15
3.277422970648332 1.504684487740648e-05
3.5120410551748877 7.5024068537750814e-06
3.736843790795998 1.652063840661395e-05
3.8383084478667353 0.00021471767723312368
3.9709519564451474 0.00016823672798888867
4.02362636985163 0.0002535625631220038
4.0550027243493005 0.0003256261861670463
4.129143115448594 0.00019019409878308775
4.176904990661148 8.709134125985764e-05
4.196802749707979 0.00017386814098886035
4.247887539946309 0.0001946682863661103
4.258482432929077 0.000346086140058324
4.323502405895557 0.0002341153005295233
4.357511954672511 0.00031364860558443793
4.388490350517902 0.00024083579960092012
4.414167214735281 0.0006750587310161127
4.429789455524799 0.00022502909767251004
4.46758940478259 0.00010828036310412038
4.501180720895828 0.00042619080364424453
4.515653190243636 0.0002569515924295583
4.538625166550364 0.0003247980213066731
4.568862574268722 4.42207133113959e-05
4.576258878410751 9.686690755808344e-05
4.6079338160318555 0.0007883108141770983
4.636194608518589 0.0002277235098638318
4.645421833975318 0.00013699388155997418
4.670527285999502 0.0006058747200585244
4.685472875524402 0.00018665166794895371
4.714257052370947 0.0006050972062862219
4.742408499138268 0.0008320701818055846
4.754904471725412 0.00010149637944155545
4.78203274871987 1.246417639055075e-05
4.822001667512521 3.8721266699664866e-05
4.851548563612221 0.0004261467559738616
4.877873446668232 0.00040859646791418093
4.921920279367931 1.8886685559330033e-05
4.936353717186471 0.0001829098712821734
5.004774217627668 7.918146442782433e-06
5.029194428866379 0.00023728010559277671
5.063010349010495 8.616373501202162e-05
5.083664079748987 0.0002280481493194213
5.09845149536797 0.00010321027235539893
5.162342661925365 0.00014733892564840542
5.168477953642682 0.00047015576999661816
5.21689335241198 0.00033482987943597226
5.254743353195833 0.002140089147297735
5.269635370500438 6.917180811652581e-05
5.302503643443347 0.00015272056692745077
5.3243885287915615 6.693010075382728e-05
5.349179193814271 0.0002711944551238035
5.370260676189232 0.0004059107083716854
5.400573799666633 0.001266659147865541
5.428190936127489 0.0008417183555825934
5.4913565578698575 0.00031073806387713814
5.5261874640663216 0.0028415057483637094
5.567582538406518 0.0005378088680793472
5.645379472053303 0.00010798485372688102
5.660393995740212 4.0715169071936626e-05
5.787437719214415 7.855227653482519e-05
6.075332864006507 0.0004063491429473098
#kx=4.0, ky=0.0, Jx=1.0, Jy=1.0, Jz=1.5, h=0.15
3.3816300862735074 0.00033726858537559375
3.633155460539591 0.00011853240358773997
3.8193036096989896 8.53996485085473e-05
3.9646142788295684 4.171581065210087e-05
4.007768043443523 0.0005773882485557617
4.059144996269193 1.2100329609180154e-05
4.094333666092932 0.00042177028899665725
4.125160969972122 2.750286626399924e-05
4.185284282574949 0.00019783239818752977
4.228101058383589 2.2794730238230225e-05
4.255309310810933 7.048674207384953e-05
4.301187305991001 6.810463272895693e-05
4.336529942742326 2.9965878784409288e-05
4.369298473828412 0.0001315391308675059
4.40140283996483 0.0002145855560812378
4.417028824890245 7.888237215246477e-06
4.4321415678307545 0.0004181189044891816
4.470604179393355 5.289729156879267e-05
4.5023339471901895 0.00028535335023329816
4.525097795453913 2.8533030427783322e-05
4.556875558007503 8.93132905137939e-05
4.5708855610654435 9.802331064376635e-05
4.5904739743161285 0.00030067061963544355
4.6003783491811046 0.0004605349872177561
4.638222622500073 0.00015117588874954588
4.653017712161161 0.0001621253254800941
4.677608407576772 0.00024278362191638267
4.710334498821805 0.00016114783297681363
4.732660421035869 0.0001316351167726922
4.749502125485693 0.000322237566451896
4.768236846440473 0.00011630276728114214
4.819243919704046 0.00029888342449960144
4.846248372059259 2.6229568574174693e-05
4.868876678774376 5.4834883146564665e-05
4.925979959340063 0.00029101898286304327
4.939685069432857 0.00022422794607199656
4.989946543984911 1.9706713445773905e-05
5.019220357423418 0.0005154694920163171
5.052640952660163 6.0841631698091326e-05
5.0690981883516715 0.00010131712334045213
5.10064284997874 1.3544097489183368e-05
5.146882420491574 0.0004768579946786655
5.171326139889751 0.00012940921408236821
5.197138040925001 0.0009972484626177332
5.243918830384007 0.00018843547732756488
5.251969434283543 0.0010134278949193078
5.276358113242255 0.0016592916239470186
5.3198854190293385 0.000983310667616568
5.341536665188026 2.1070291936094087e-05
5.367679611308425 0.00010136969332591556
5.395483427145454 0.0007188678831562803
5.419189059770669 0.00036782260002421815
5.4709182007075645 0.0001642058213523624
5.503691906822811 0.0004030242947816547
5.550431579633701 0.002043127339433303
5.58050603161108 0.0021869472340524574
5.649474280216308 0.0011453902554106245
5.687132027595298 0.0006296067265230516
5.7938015641376985 0.00018610865323335235
5.993096078655761 0.00037378171160421984
#kx=0.0, ky=0.0, Jx=1.0, Jy=1.0, Jz=1.5, h=0.15
2.908673288327833 0.0001021776480198164
3.5216166018338857 0.00022575873449178445
3.709247095706389 7.264185515798407e-05
3.8313216415893985 0.00023569321785826366
3.987585663412286 4.8620276605632623e-05
4.035495618225534 0.0003597606137605975
4.09287667512422 3.655039821837939e-05
4.1179728843762895 0.0005708889032367996
4.172037543978647 0.00015105286781143522
4.195550454566845 0.00028056560620709606
4.256612082252204 0.00010830677534144009
4.302619856198075 0.00013033434147786423
4.3190184906813265 0.0004119404841127422
4.347835363014701 0.00023468085103343664
4.392297205216955 5.861592202524658e-06
4.413039444958457 5.56537522047243e-05
4.437463192391222 0.00011844935877028411
4.4735736743559205 0.0003650433457774373
4.488696114597333 0.0003804983424001439
4.514214547196067 3.0544567026086203e-06
4.545184795780824 0.00013113160178185304
4.570095086072301 0.00021396820420291354
4.5804377677427635 0.0004975607406839789
4.606799448167191 0.0009647880075109061
4.641416921916526 8.999598744605676e-05
4.647258492655118 0.0008173925949991121
4.667312304071425 0.0020221007758987547
4.7061345373984445 0.0001541233113900656
4.718363192666566 0.00046954369271346846
4.729749563180528 0.00022241882000718788
4.751825994064008 0.0002550823944749272
4.7974102497630895 6.575501939465031e-05
4.838268516469935 0.00017432671101900646
4.854792873422169 0.00014500956280882616
4.922049138281892 7.674890222872915e-05
4.960756207869196 0.0002804836650435659
4.989380857707085 0.00023699198852925233
5.012904854922601 0.0007258479665359082
5.057288602530464 2.4164651634803704e-05
5.078608813820599 2.94790044031759e-05
5.088012293926106 6.590174163445063e-05
5.1091877979557605 0.0006727726936544832
5.1647614967366735 0.0018547138855323283
5.202244112863805 9.885314817922881e-05
5.231018947724808 0.00016970070693685967
5.263864183634011 0.0002547822532990156
5.2994052194119 0.0004385512261673174
5.309199371552478 0.0001477728710327766
5.34577156347645 0.000987828633467263
5.353509897201805 0.0009377223869931259
5.392507163162746 0.0004311272997087951
5.41026235746107 2.9762592385372754e-05
5.483567405642582 0.0005069005184357344
5.508600658850693 3.131678339022208e-05
5.564275862217964 0.00032055837664210593
5.601206343988069 0.0009807930295900923
5.632491740629446 0.0002900832710626822
5.693516859092309 0.0009848733965198554
5.841030565227193 0.00033577352943186216
7.336439251442764 0.0004403991602349864
#kx=4.0, ky=8.0, Jx=1.0, Jy=1.0, Jz=1.5, h=0.15
3.4353931649718743 0.0006001890261902808
3.7203458598575025 0.0002774859934673769
3.8468574731494023 8.709403065766094e-05
3.94431580939737 7.742750441714177e-05
3.990750256302179 3.8078092984767994e-05
4.013889783636083 8.19335021142535e-05
4.05339572773001 7.954897340191738e-05
4.10851883610934 0.0002844784656502594
4.1559634064713205 0.00023023429068303207
4.183966943464554 6.211597847010226e-05
4.224024424227592 0.0002532843147350375
4.2876819679859715 0.0002321516628105993
4.29372688688837 0.0003622384384423146
4.338485585212389 0.000274824227799757
4.366991970715661 0.0003097215031989144
4.403472132140822 0.00043093686072952946
4.428485698407059 6.101668019373177e-05
4.448780227739137 0.0004241794027465988
4.465631266943066 7.959033521807032e-05
4.509594895554272 0.00014422028769892086
4.519342449421407 0.00038621409998980524
4.550446041375249 0.0011013337943576575
4.5773618167717 0.0005878109902380882
4.587955788748188 9.320356952333737e-05
4.629929549201627 2.972078881651439e-05
4.667229308996806 0.0002786612494629251
4.680523778725228 0.0009784683931057944
4.696644839231908 2.123042736595204e-06
4.710179697822678 0.0004071381063372549
4.758377530474213 0.00015314521099269555
4.776499028672142 0.0005998537953927174
4.808788214435554 0.0001936565844212109
4.846237462432994 0.0006559659686163383
4.868146836312199 0.00018530543324872596
4.91089950240329 0.00040626234766179834
4.938254294978199 0.00013693079488625372
4.979878151945174 0.0002738946969134387
5.02097490150007 0.0002537932923158113
5.039258311554147 0.0008872708981016503
5.091863478580093 0.0005268470351899753
5.121902001335173 0.00041119562265336154
5.155499076995169 0.0003666998231679608
5.171505350971396 4.09201380179922e-05
5.224157970146486 0.00018480184865511142
5.232377501041041 0.00038338213443774786
5.277439104761617 0.0008430554726217108
5.314877590163552 0.0010107327350212868
5.33907884349736 0.0005249162070502426
5.374511495887122 6.439203363157088e-05
5.397970884988947 0.0004710773427750581
5.453418201625995 0.00037986047916612847
5.472466275594456 0.00044850396216491745
5.526462462078163 0.00020478535728786634
5.5613384678890725 8.555526136459081e-05
5.598894378848948 0.0016891175255914577
5.618882396145914 5.302813115571212e-05
5.681221257407903 0.0005411869256275771
5.805318089859092 0.0003553391654591251
6.024020615125375 1.7529508787828537e-05
6.195575925026722 1.5475252445896652e-05
#kx=8.0, ky=16.0, Jx=1.0, Jy=1.0, Jz=1.5, h=0.15
3.277422970648284 1.5046844877339391e-05
3.5120410551748797 7.502406853835245e-06
3.7368437907960774 1.6520638406471263e-05
3.838308447866731 0.00021471767723292963
3.9709519564451368 0.00016823672798978645
4.023626369851595 0.0002535625631233085
4.055002724349238 0.00032562618616432666
4.1291431154486515 0.0001901940987817207
4.176904990661185 8.709134126050766e-05
4.196802749708013 0.00017386814098987349
4.247887539946303 0.00019466828636656905
4.258482432929096 0.00034608614005824295
4.323502405895588 0.000234115300528631
4.357511954672541 0.0003136486055846233
4.388490350517972 0.00024083579960182261
4.414167214735306 0.0006750587310164493
4.429789455524816 0.0002250290976739959
4.467589404782584 0.0001082803631041756
4.501180720895835 0.00042619080364462986
4.515653190243632 0.000256951592429238
4.538625166550394 0.0003247980213086285
4.568862574268753 4.422071331143287e-05
4.576258878410767 9.686690755856379e-05
4.607933816031864 0.0007883108141780875
4.636194608518603 0.00022772350986394876
4.645421833975335 0.00013699388156015563
4.670527285999513 0.0006058747200568854
4.685472875524468 0.00018665166794905815
4.714257052370977 0.000605097206286754
4.742408499138268 0.00083207018180588
4.754904471725418 0.0001014963794416529
4.78203274871987 1.2464176390534563e-05
4.822001667512509 3.872126670066884e-05
4.851548563612224 0.0004261467559739818
4.877873446668199 0.0004085964679147437
4.921920279367972 1.888668555937809e-05
4.936353717186524 0.00018290987128316186
5.004774217627658 7.918146443065737e-06
5.0291944288663935 0.00023728010559168183
5.0630103490105345 8.61637350127946e-05
5.0836640797489965 0.00022804814932140624
5.098451495368009 0.00010321027235523084
5.162342661925379 0.00014733892564930813
5.168477953642672 0.00047015576999456685
5.216893352412019 0.0003348298794387212
5.25474335319587 0.00214008914730867
5.26963537050049 6.917180811507572e-05
5.302503643443368 0.00015272056692577522
5.324388528791583 6.693010075510285e-05
5.349179193814275 0.000271194455121721
5.370260676189241 0.00040591070837277455
5.40057379966666 0.0012666591478576316
5.428190936127532 0.0008417183555840771
5.491356557869872 0.00031073806387533446
5.5261874640662905 0.0028415057483523578
5.567582538406574 0.0005378088680792201
5.645379472053362 0.00010798485372612873
5.660393995740297 4.0715169072088475e-05
5.787437719214449 7.855227653454506e-05
6.075332864006533 0.00040634914294626964
#kx=8.0, ky=12.0, Jx=1.0, Jy=1.0, Jz=1.5, h=0.15
3.4437538673845633 0.00012060495137983778
3.5981268383489273 3.168047078656385e-05
3.833384675273117 0.00010670509422690456
3.9515690319382655 2.5588840820463788e-05
4.015369090038248 8.669936804745142e-06
4.041171955374392 0.00038941737213001173
4.111196222075488 0.001390743345161451
4.143744514011258 0.00066286073077067
4.1901829878429275 0.00018451053011412868
4.219399261216402 1.9601573692031568e-06
4.257322441716594 0.00025029777212343595
4.280548365471952 0.00014667739327358674
4.335553258853774 4.994806988771155e-05
4.346488781544507 0.00028615894111249794
4.393894829742154 9.792712589381985e-05
4.42971751461514 0.0001130973972871987
4.437073596588846 0.00036987624968986974
4.476518717717939 0.00032134722311262287
4.481377239881748 0.00024856061856558227
4.512329202599248 0.00024401076063878461
4.539555984658838 0.0002806533711422565
4.557461581078897 0.00021066837309746913
4.574942191217202 0.00017308010614075655
4.588230751393806 0.00027452133835443194
4.627802711777563 1.0738884163055693e-05
4.6451996778210365 1.5174928092669293e-05
4.691737302414991 3.642333048712034e-06
4.700097931276585 3.63773408710782e-05
4.722207555865611 0.0007481434332048337
4.764404374650778 5.0561708709414145e-05
4.789327529317333 0.00020560428813621692
4.820915990205239 5.2171889256985836e-05
4.831058291424782 0.0009097943022677713
4.86087360373713 4.1880332762196906e-05
4.882605857232191 0.000570662838066895
4.920425024121775 3.5627546858906794e-05
4.989610263661408 0.00041034460768547614
5.007313189929906 5.8354526515361106e-05
5.046351925063473 0.0003947569204600353
5.07160790291897 7.893927387822493e-05
5.1372690565654935 0.00011464658862012192
5.166908579176862 0.0009893110952782318
5.187823254114571 0.0001628748350165738
5.208134607539517 0.00034438078990899887
5.234468325136035 0.0007399290334944399
5.275064730743198 1.1779829671496976e-05
5.287922802641626 0.0008316824124884173
5.3336282724285144 0.0016225160809254097
5.359957943388583 0.00033369251975029436
5.386187607596866 0.0010255823611393985
5.427499196749514 0.0010681428376077687
5.450327356137717 0.0002726437951044319
5.515175806968362 0.0002955996424870868
5.51977436493666 0.002065029770507246
5.582310519006972 0.00020393445624881094
5.607002770890261 0.00013034229934214854
5.679393584057807 0.00015720994048100165
5.7516773598463935 4.6753536882120505e-05
5.823599249637737 0.0001520564195704305
6.095714854332485 0.0004202223068286655
#kx=8.0, ky=8.0, Jx=1.0, Jy=1.0, Jz=1.5, h=0.15
3.45183758344742 1.586166947759499e-05
3.6797509540129756 0.00024251489383255416
3.847890540111087 0.0008418904500606065
3.951780090227493 6.456048824480486e-05
3.9742900284696803 0.0001014825003830491
4.01651322426416 9.762208458775962e-05
4.047237609017301 7.436515509166656e-05
4.099580519411832 0.00014102784269752009
4.143880746593264 5.154033959200922e-05
4.198727542220869 0.0003565584539679265
4.248029107736328 0.00077324219207124
4.28606542645794 0.0005001936839785248
4.298712800234304 0.00030348713151260144
4.349544883043849 0.0003556234881656669
4.3644432108022775 0.0002738231969714713
4.393904725079569 0.0004261690460637762
4.424357715813218 1.5114630863517445e-05
4.438243231873094 1.2601106511612174e-05
4.470074278750461 0.00028990979981981333
4.511815529643669 0.00019534098254451053
4.521806159190459 0.0006296768543458931
4.553201134818762 0.0005604667611418969
4.573087915746494 6.346337666807538e-05
4.585220793650995 6.704654523959369e-05
4.622408356642573 0.0005015994113689684
4.659422767724891 0.0005507095422232324
4.669290528977578 3.2510679052501e-05
4.694788751614391 0.0004476911258267973
4.711318904617039 3.364939272387361e-05
4.741109188931192 0.0005340772184944586
4.764828658419772 0.0005671391948327327
4.8099986329622 0.0003911310012860672
4.851740321700264 0.00013831451180696614
4.8625273002433405 0.0004591864706594583
4.91771841147251 0.0009840039508278327
4.924404800348115 0.0002475142079704381
4.986873366686201 0.0003632196330588545
5.017845757597673 0.0007236000059374256
5.04328039689931 0.00013729767147703046
5.061966115612947 0.0005835475673767079
5.087564876382415 0.00023306839636662492
5.125284539353455 0.0012550857093136555
5.162505210374924 0.0003514793629145726
5.220681972162771 0.0007068760013725338
5.253308465511257 0.0002258671002901898
5.2727409777928385 2.858317952545816e-06
5.300463676457969 0.00011457193687791157
5.336763753914352 0.00010152400210567887
5.369117623373835 1.3188829065549475e-05
5.376495589737516 0.0031328123875643443
5.434952547123683 0.00023907460925798085
5.458636803709311 0.00015690532018921937
5.51937198175526 0.0004123607832513104
5.547865169809371 3.3525990802444547e-05
5.569418520013795 3.286830971234208e-05
5.639650807371829 0.00014719513703381542
5.693311331600401 0.00012482034006389326
5.820720550192117 7.693643969568768e-06
6.019283382227919 3.077174490233493e-05
6.193121409077771 1.9603238059444623e-05
#kx=8.0, ky=4.0, Jx=1.0, Jy=1.0, Jz=1.5, h=0.15
3.3925524862494685 0.00042554585253008287
3.745739809556305 0.00017458999472626493
3.8446487128933367 0.00014330317178819473
3.9469437454406187 0.001487659325748793
4.025586185555976 0.0006743876055079725
4.05268453230393 0.00035554498662695544
4.088337189468094 0.00014422045294002031
4.155559929318753 0.00012958051054296475
4.192816626608803 0.000309876368528133
4.227464007844109 6.971295406834954e-05
4.262924424780024 0.00018671483299399964
4.3051023604356615 2.627283151141738e-06
4.351012919316244 7.934755506395863e-05
4.367552798864265 0.00044443247216801473
4.37777178701127 0.0004990290824379474
4.407275343717049 0.00032423200778479606
4.4161443162006595 3.9724924341714115e-06
4.4558944052471 0.0001681805551150245
4.478288110724219 0.00013155521128191806
4.50249324896935 2.8969154562432853e-05
4.5343915050493635 8.743436794148581e-05
4.561049069117647 0.00023877436046535068
4.583634773362902 0.0002915887858314715
4.597946123227228 9.189235619793041e-05
4.623178039145131 0.0004116410683990186
4.636825698758602 0.00028339774572516457
4.6804109160079825 8.525406265359178e-05
4.708237052553393 0.00022173655307123287
4.727283897736721 0.00013847057428591024
4.747482636294343 0.0004570260389981532
4.771607780412804 6.440974326041105e-05
4.82348875329917 0.00018163874939653666
4.83888108081787 0.00042947817198869077
4.871134112728206 0.0004181792388486313
4.904154668933887 2.600037582384333e-05
4.908702297763345 0.0001722082178318251
4.975846185520685 0.00013807586004988174
5.021935761675925 9.258728359206479e-05
5.049741404192552 0.0003880664410542478
5.080006336776792 7.154444944756524e-05
5.107705940301651 0.0003168455818164784
5.12341891518019 0.0007526459230636213
5.165783260386333 0.0016282625185718934
5.199586781686588 5.774985231941956e-06
5.2443306607965745 0.0003238673087997562
5.272393214952521 0.0001039341778039178
5.30730135903147 0.002707730732917559
5.323024209997148 0.0006193372341808358
5.354158918213401 1.0453269712962255e-05
5.3808411733553765 0.0004078126019576245
5.408300195962066 0.0004472499172051223
5.422048231465743 0.00021553624789019706
5.4841222527846245 0.00038237668555671814
5.530258535321163 0.0009815355554808672
5.5615071579298885 0.0005530856176491021
5.5784522186192245 0.0001456742586341681
5.654547143382242 5.209759489700942e-05
5.762609593284133 0.00038516106229680044
5.804660960625277 3.997632261324977e-05
6.100741863334141 0.0002257253769911118
#kx=8.0, ky=0.0, Jx=1.0, Jy=1.0, Jz=1.5, h=0.15
3.27742297064834 1.504684487740648e-05
3.5120410551748957 7.5024068537750814e-06
3.736843790796006 1.652063840661395e-05
3.8383084478667433 0.00021471767723312368
3.9709519564451554 0.00016823672798888867
4.023626369851638 0.0002535625631220038
4.0550027243493085 0.0003256261861670463
4.129143115448602 0.00019019409878308775
4.176904990661156 8.709134125985764e-05
4.196802749707986 0.00017386814098886035
4.247887539946317 0.0001946682863661103
4.258482432929085 0.000346086140058324
4.323502405895564 0.0002341153005295233
4.357511954672519 0.00031364860558443793
4.38849035051791 0.00024083579960092012
4.414167214735289 0.0006750587310161127
4.429789455524807 0.00022502909767251004
4.467589404782597 0.00010828036310412038
4.501180720895835 0.00042619080364424453
4.515653190243644 0.0002569515924295583
4.538625166550371 0.0003247980213066731
4.56886257426873 4.42207133113959e-05
4.576258878410759 9.686690755808344e-05
4.6079338160318635 0.0007883108141770983
4.636194608518597 0.0002277235098638318
4.645421833975325 0.00013699388155997418
4.67052728599951 0.0006058747200585244
4.68547287552441 0.00018665166794895371
4.714257052370955 0.0006050972062862219
4.742408499138276 0.0008320701818055846
4.75490447172542 0.00010149637944155545
4.782032748719878 1.246417639055075e-05
4.822001667512529 3.8721266699664866e-05
4.851548563612228 0.0004261467559738616
4.87787344666824 0.00040859646791418093
4.921920279367939 1.8886685559330033e-05
4.936353717186479 0.0001829098712821734
5.004774217627675 7.918146442782433e-06
5.029194428866387 0.00023728010559277671
5.063010349010503 8.616373501202162e-05
5.083664079748995 0.0002280481493194213
5.098451495367978 0.00010321027235539893
5.162342661925373 0.00014733892564840542
5.16847795364269 0.00047015576999661816
5.216893352411988 0.00033482987943597226
5.254743353195841 0.002140089147297735
5.269635370500446 6.917180811652581e-05
5.302503643443355 0.00015272056692745077
5.3243885287915695 6.693010075382728e-05
5.349179193814278 0.0002711944551238035
5.37026067618924 0.0004059107083716854
5.400573799666641 0.001266659147865541
5.428190936127497 0.0008417183555825934
5.4913565578698655 0.00031073806387713814
5.526187464066329 0.0028415057483637094
5.567582538406526 0.0005378088680793472
5.645379472053311 0.00010798485372688102
5.66039399574022 4.0715169071936626e-05
5.787437719214422 7.855227653482519e-05
6.075332864006515 0.0004063491429473098
