#kx=8.0, ky=0.0, Jx=1.0, Jy=1.0, Jz=1.5, h=0.15
3.277422970648332 -0.14655585395010717
3.5120410551748877 -0.14655585395010717
3.736843790795998 -0.14655585395010717
3.8383084478667353 -0.14655585395010717
3.9709519564451474 -0.14655585395010717
4.02362636985163 -0.14655585395010717
4.0550027243493005 -0.14655585395010717
4.129143115448594 -0.14655585395010717
4.176904990661148 -0.14655585395010717
4.196802749707979 -0.14655585395010717
4.247887539946309 -0.14655585395010717
4.258482432929077 -0.14655585395010717
4.323502405895557 -0.14655585395010717
4.357511954672511 -0.14655585395010717
4.388490350517902 -0.14655585395010717
4.414167214735281 -0.14655585395010717
4.429789455524799 -0.14655585395010717
4.46758940478259 -0.14655585395010717
4.501180720895828 -0.14655585395010717
4.515653190243636 -0.14655585395010717
4.538625166550364 -0.14655585395010717
4.568862574268722 -0.14655585395010717
4.576258878410751 -0.14655585395010717
4.6079338160318555 -0.14655585395010717
4.636194608518589 -0.14655585395010717
4.645421833975318 -0.14655585395010717
4.670527285999502 -0.14655585395010717
4.685472875524402 -0.14655585395010717
4.714257052370947 -0.14655585395010717
4.742408499138268 -0.14655585395010717
4.754904471725412 -0.14655585395010717
4.78203274871987 -0.14655585395010717
4.822001667512521 -0.14655585395010717
4.851548563612221 -0.14655585395010717
4.877873446668232 -0.14655585395010717
4.921920279367931 -0.14655585395010717
4.936353717186471 -0.14655585395010717
5.004774217627668 -0.14655585395010717
5.029194428866379 -0.14655585395010717
5.063010349010495 -0.14655585395010717
5.083664079748987 -0.14655585395010717
5.09845149536797 -0.14655585395010717
5.162342661925365 -0.14655585395010717
5.168477953642682 -0.14655585395010717
5.21689335241198 -0.14655585395010717
5.254743353195833 -0.14655585395010717
5.269635370500438 -0.14655585395010717
5.302503643443347 -0.14655585395010717
5.3243885287915615 -0.14655585395010717
5.349179193814271 -0.14655585395010717
5.370260676189232 -0.14655585395010717
5.400573799666633 -0.14655585395010717
5.428190936127489 -0.14655585395010717
5.4913565578698575 -0.14655585395010717
5.5261874640663216 -0.14655585395010717
5.567582538406518 -0.14655585395010717
5.645379472053303 -0.14655585395010717
5.660393995740212 -0.14655585395010717
5.787437719214415 -0.14655585395010717
6.075332864006507 -0.14655585395010717
#kx=4.0, ky=0.0, Jx=1.0, Jy=1.0, Jz=1.5, h=0.15
3.3816300862735074 -0.14613256983290512
3.633155460539591 -0.14613256983290512
3.8193036096989896 -0.14613256983290512
3.9646142788295684 -0.14613256983290512
4.007768043443523 -0.14613256983290512
4.059144996269193 -0.14613256983290512
4.094333666092932 -0.14613256983290512
4.125160969972122 -0.14613256983290512
4.185284282574949 -0.14613256983290512
4.228101058383589 -0.14613256983290512
4.255309310810933 -0.14613256983290512
4.301187305991001 -0.14613256983290512
4.336529942742326 -0.14613256983290512
4.369298473828412 -0.14613256983290512
4.40140283996483 -0.14613256983290512
4.417028824890245 -0.14613256983290512
4.4321415678307545 -0.14613256983290512
4.470604179393355 -0.14613256983290512
4.5023339471901895 -0.14613256983290512
4.525097795453913 -0.14613256983290512
4.556875558007503 -0.14613256983290512
4.5708855610654435 -0.14613256983290512
4.5904739743161285 -0.14613256983290512
4.6003783491811046 -0.14613256983290512
4.638222622500073 -0.14613256983290512
4.653017712161161 -0.14613256983290512
4.677608407576772 -0.14613256983290512
4.710334498821805 -0.14613256983290512
4.732660421035869 -0.14613256983290512
4.749502125485693 -0.14613256983290512
4.768236846440473 -0.14613256983290512
4.819243919704046 -0.14613256983290512
4.846248372059259 -0.14613256983290512
4.868876678774376 -0.14613256983290512
4.925979959340063 -0.14613256983290512
4.939685069432857 -0.14613256983290512
4.989946543984911 -0.14613256983290512
5.019220357423418 -0.14613256983290512
5.052640952660163 -0.14613256983290512
5.0690981883516715 -0.14613256983290512
5.10064284997874 -0.14613256983290512
5.146882420491574 -0.14613256983290512
5.171326139889751 -0.14613256983290512
5.197138040925001 -0.14613256983290512
5.243918830384007 -0.14613256983290512
5.251969434283543 -0.14613256983290512
5.276358113242255 -0.14613256983290512
5.3198854190293385 -0.14613256983290512
5.341536665188026 -0.14613256983290512
5.367679611308425 -0.14613256983290512
5.395483427145454 -0.14613256983290512
5.419189059770669 -0.14613256983290512
5.4709182007075645 -0.14613256983290512
5.503691906822811 -0.14613256983290512
5.550431579633701 -0.14613256983290512
5.58050603161108 -0.14613256983290512
5.649474280216308 -0.14613256983290512
5.687132027595298 -0.14613256983290512
5.7938015641376985 -0.14613256983290512
5.993096078655761 -0.14613256983290512
#kx=0.0, ky=0.0, Jx=1.0, Jy=1.0, Jz=1.5, h=0.15
2.908673288327833 -0.31205539294527895
3.5216166018338857 -0.31205539294527895
3.709247095706389 -0.31205539294527895
3.8313216415893985 -0.31205539294527895
3.987585663412286 -0.31205539294527895
4.035495618225534 -0.31205539294527895
4.09287667512422 -0.31205539294527895
4.1179728843762895 -0.31205539294527895
4.172037543978647 -0.31205539294527895
4.195550454566845 -0.31205539294527895
4.256612082252204 -0.31205539294527895
4.302619856198075 -0.31205539294527895
4.3190184906813265 -0.31205539294527895
4.347835363014701 -0.31205539294527895
4.392297205216955 -0.31205539294527895
4.413039444958457 -0.31205539294527895
4.437463192391222 -0.31205539294527895
4.4735736743559205 -0.31205539294527895
4.488696114597333 -0.31205539294527895
4.514214547196067 -0.31205539294527895
4.545184795780824 -0.31205539294527895
4.570095086072301 -0.31205539294527895
4.5804377677427635 -0.31205539294527895
4.606799448167191 -0.31205539294527895
4.641416921916526 -0.31205539294527895
4.647258492655118 -0.31205539294527895
4.667312304071425 -0.31205539294527895
4.7061345373984445 -0.31205539294527895
4.718363192666566 -0.31205539294527895
4.729749563180528 -0.31205539294527895
4.751825994064008 -0.31205539294527895
4.7974102497630895 -0.31205539294527895
4.838268516469935 -0.31205539294527895
4.854792873422169 -0.31205539294527895
4.922049138281892 -0.31205539294527895
4.960756207869196 -0.31205539294527895
4.989380857707085 -0.31205539294527895
5.012904854922601 -0.31205539294527895
5.057288602530464 -0.31205539294527895
5.078608813820599 -0.31205539294527895
5.088012293926106 -0.31205539294527895
5.1091877979557605 -0.31205539294527895
5.1647614967366735 -0.31205539294527895
5.202244112863805 -0.31205539294527895
5.231018947724808 -0.31205539294527895
5.263864183634011 -0.31205539294527895
5.2994052194119 -0.31205539294527895
5.309199371552478 -0.31205539294527895
5.34577156347645 -0.31205539294527895
5.353509897201805 -0.31205539294527895
5.392507163162746 -0.31205539294527895
5.41026235746107 -0.31205539294527895
5.483567405642582 -0.31205539294527895
5.508600658850693 -0.31205539294527895
5.564275862217964 -0.31205539294527895
5.601206343988069 -0.31205539294527895
5.632491740629446 -0.31205539294527895
5.693516859092309 -0.31205539294527895
5.841030565227193 -0.31205539294527895
7.336439251442764 -0.31205539294527895
#kx=4.0, ky=8.0, Jx=1.0, Jy=1.0, Jz=1.5, h=0.15
3.4353931649718743 -0.14721756897893162
3.7203458598575025 -0.14721756897893162
3.8468574731494023 -0.14721756897893162
3.94431580939737 -0.14721756897893162
3.990750256302179 -0.14721756897893162
4.013889783636083 -0.14721756897893162
4.05339572773001 -0.14721756897893162
4.10851883610934 -0.14721756897893162
4.1559634064713205 -0.14721756897893162
4.183966943464554 -0.14721756897893162
4.224024424227592 -0.14721756897893162
4.2876819679859715 -0.14721756897893162
4.29372688688837 -0.14721756897893162
4.338485585212389 -0.14721756897893162
4.366991970715661 -0.14721756897893162
4.403472132140822 -0.14721756897893162
4.428485698407059 -0.14721756897893162
4.448780227739137 -0.14721756897893162
4.465631266943066 -0.14721756897893162
4.509594895554272 -0.14721756897893162
4.519342449421407 -0.14721756897893162
4.550446041375249 -0.14721756897893162
4.5773618167717 -0.14721756897893162
4.587955788748188 -0.14721756897893162
4.629929549201627 -0.14721756897893162
4.667229308996806 -0.14721756897893162
4.680523778725228 -0.14721756897893162
4.696644839231908 -0.14721756897893162
4.710179697822678 -0.14721756897893162
4.758377530474213 -0.14721756897893162
4.776499028672142 -0.14721756897893162
4.808788214435554 -0.14721756897893162
4.846237462432994 -0.14721756897893162
4.868146836312199 -0.14721756897893162
4.91089950240329 -0.14721756897893162
4.938254294978199 -0.14721756897893162
4.979878151945174 -0.14721756897893162
5.02097490150007 -0.14721756897893162
5.039258311554147 -0.14721756897893162
5.091863478580093 -0.14721756897893162
5.121902001335173 -0.14721756897893162
5.155499076995169 -0.14721756897893162
5.171505350971396 -0.14721756897893162
5.224157970146486 -0.14721756897893162
5.232377501041041 -0.14721756897893162
5.277439104761617 -0.14721756897893162
5.314877590163552 -0.14721756897893162
5.33907884349736 -0.14721756897893162
5.374511495887122 -0.14721756897893162
5.397970884988947 -0.14721756897893162
5.453418201625995 -0.14721756897893162
5.472466275594456 -0.14721756897893162
5.526462462078163 -0.14721756897893162
5.5613384678890725 -0.14721756897893162
5.598894378848948 -0.14721756897893162
5.618882396145914 -0.14721756897893162
5.681221257407903 -0.14721756897893162
5.805318089859092 -0.14721756897893162
6.024020615125375 -0.14721756897893162
6.195575925026722 -0.14721756897893162
#kx=8.0, ky=16.0, Jx=1.0, Jy=1.0, Jz=1.5, h=0.15
3.277422970648284 -0.14655585395010717
3.5120410551748797 -0.14655585395010717
3.7368437907960774 -0.14655585395010717
3.838308447866731 -0.14655585395010717
3.9709519564451368 -0.14655585395010717
4.023626369851595 -0.14655585395010717
4.055002724349238 -0.14655585395010717
4.1291431154486515 -0.14655585395010717
4.176904990661185 -0.14655585395010717
4.196802749708013 -0.14655585395010717
4.247887539946303 -0.14655585395010717
4.258482432929096 -0.14655585395010717
4.323502405895588 -0.14655585395010717
4.357511954672541 -0.14655585395010717
4.388490350517972 -0.14655585395010717
4.414167214735306 -0.14655585395010717
4.429789455524816 -0.14655585395010717
4.467589404782584 -0.14655585395010717
4.501180720895835 -0.14655585395010717
4.515653190243632 -0.14655585395010717
4.538625166550394 -0.14655585395010717
4.568862574268753 -0.14655585395010717
4.576258878410767 -0.14655585395010717
4.607933816031864 -0.14655585395010717
4.636194608518603 -0.14655585395010717
4.645421833975335 -0.14655585395010717
4.670527285999513 -0.14655585395010717
4.685472875524468 -0.14655585395010717
4.714257052370977 -0.14655585395010717
4.742408499138268 -0.14655585395010717
4.754904471725418 -0.14655585395010717
4.78203274871987 -0.14655585395010717
4.822001667512509 -0.14655585395010717
4.851548563612224 -0.14655585395010717
4.877873446668199 -0.14655585395010717
4.921920279367972 -0.14655585395010717
4.936353717186524 -0.14655585395010717
5.004774217627658 -0.14655585395010717
5.0291944288663935 -0.14655585395010717
5.0630103490105345 -0.14655585395010717
5.0836640797489965 -0.14655585395010717
5.098451495368009 -0.14655585395010717
5.162342661925379 -0.14655585395010717
5.168477953642672 -0.14655585395010717
5.216893352412019 -0.14655585395010717
5.25474335319587 -0.14655585395010717
5.26963537050049 -0.14655585395010717
5.302503643443368 -0.14655585395010717
5.324388528791583 -0.14655585395010717
5.349179193814275 -0.14655585395010717
5.370260676189241 -0.14655585395010717
5.40057379966666 -0.14655585395010717
5.428190936127532 -0.14655585395010717
5.491356557869872 -0.14655585395010717
5.5261874640662905 -0.14655585395010717
5.567582538406574 -0.14655585395010717
5.645379472053362 -0.14655585395010717
5.660393995740297 -0.14655585395010717
5.787437719214449 -0.14655585395010717
6.075332864006533 -0.14655585395010717
#kx=8.0, ky=12.0, Jx=1.0, Jy=1.0, Jz=1.5, h=0.15
3.4437538673845633 -0.14651957043765723
3.5981268383489273 -0.14651957043765723
3.833384675273117 -0.14651957043765723
3.9515690319382655 -0.14651957043765723
4.015369090038248 -0.14651957043765723
4.041171955374392 -0.14651957043765723
4.111196222075488 -0.14651957043765723
4.143744514011258 -0.14651957043765723
4.1901829878429275 -0.14651957043765723
4.219399261216402 -0.14651957043765723
4.257322441716594 -0.14651957043765723
4.280548365471952 -0.14651957043765723
4.335553258853774 -0.14651957043765723
4.346488781544507 -0.14651957043765723
4.393894829742154 -0.14651957043765723
4.42971751461514 -0.14651957043765723
4.437073596588846 -0.14651957043765723
4.476518717717939 -0.14651957043765723
4.481377239881748 -0.14651957043765723
4.512329202599248 -0.14651957043765723
4.539555984658838 -0.14651957043765723
4.557461581078897 -0.14651957043765723
4.574942191217202 -0.14651957043765723
4.588230751393806 -0.14651957043765723
4.627802711777563 -0.14651957043765723
4.6451996778210365 -0.14651957043765723
4.691737302414991 -0.14651957043765723
4.700097931276585 -0.14651957043765723
4.722207555865611 -0.14651957043765723
4.764404374650778 -0.14651957043765723
4.789327529317333 -0.14651957043765723
4.820915990205239 -0.14651957043765723
4.831058291424782 -0.14651957043765723
4.86087360373713 -0.14651957043765723
4.882605857232191 -0.14651957043765723
4.920425024121775 -0.14651957043765723
4.989610263661408 -0.14651957043765723
5.007313189929906 -0.14651957043765723
5.046351925063473 -0.14651957043765723
5.07160790291897 -0.14651957043765723
5.1372690565654935 -0.14651957043765723
5.166908579176862 -0.14651957043765723
5.187823254114571 -0.14651957043765723
5.208134607539517 -0.14651957043765723
5.234468325136035 -0.14651957043765723
5.275064730743198 -0.14651957043765723
5.287922802641626 -0.14651957043765723
5.3336282724285144 -0.14651957043765723
5.359957943388583 -0.14651957043765723
5.386187607596866 -0.14651957043765723
5.427499196749514 -0.14651957043765723
5.450327356137717 -0.14651957043765723
5.515175806968362 -0.14651957043765723
5.51977436493666 -0.14651957043765723
5.582310519006972 -0.14651957043765723
5.607002770890261 -0.14651957043765723
5.679393584057807 -0.14651957043765723
5.7516773598463935 -0.14651957043765723
5.823599249637737 -0.14651957043765723
6.095714854332485 -0.14651957043765723
#kx=8.0, ky=8.0, Jx=1.0, Jy=1.0, Jz=1.5, h=0.15
3.45183758344742 -0.14665226822662908
3.6797509540129756 -0.14665226822662908
3.847890540111087 -0.14665226822662908
3.951780090227493 -0.14665226822662908
3.9742900284696803 -0.14665226822662908
4.01651322426416 -0.14665226822662908
4.047237609017301 -0.14665226822662908
4.099580519411832 -0.14665226822662908
4.143880746593264 -0.14665226822662908
4.198727542220869 -0.14665226822662908
4.248029107736328 -0.14665226822662908
4.28606542645794 -0.14665226822662908
4.298712800234304 -0.14665226822662908
4.349544883043849 -0.14665226822662908
4.3644432108022775 -0.14665226822662908
4.393904725079569 -0.14665226822662908
4.424357715813218 -0.14665226822662908
4.438243231873094 -0.14665226822662908
4.470074278750461 -0.14665226822662908
4.511815529643669 -0.14665226822662908
4.521806159190459 -0.14665226822662908
4.553201134818762 -0.14665226822662908
4.573087915746494 -0.14665226822662908
4.585220793650995 -0.14665226822662908
4.622408356642573 -0.14665226822662908
4.659422767724891 -0.14665226822662908
4.669290528977578 -0.14665226822662908
4.694788751614391 -0.14665226822662908
4.711318904617039 -0.14665226822662908
4.741109188931192 -0.14665226822662908
4.764828658419772 -0.14665226822662908
4.8099986329622 -0.14665226822662908
4.851740321700264 -0.14665226822662908
4.8625273002433405 -0.14665226822662908
4.91771841147251 -0.14665226822662908
4.924404800348115 -0.14665226822662908
4.986873366686201 -0.14665226822662908
5.017845757597673 -0.14665226822662908
5.04328039689931 -0.14665226822662908
5.061966115612947 -0.14665226822662908
5.087564876382415 -0.14665226822662908
5.125284539353455 -0.14665226822662908
5.162505210374924 -0.14665226822662908
5.220681972162771 -0.14665226822662908
5.253308465511257 -0.14665226822662908
5.2727409777928385 -0.14665226822662908
5.300463676457969 -0.14665226822662908
5.336763753914352 -0.14665226822662908
5.369117623373835 -0.14665226822662908
5.376495589737516 -0.14665226822662908
5.434952547123683 -0.14665226822662908
5.458636803709311 -0.14665226822662908
5.51937198175526 -0.14665226822662908
5.547865169809371 -0.14665226822662908
5.569418520013795 -0.14665226822662908
5.639650807371829 -0.14665226822662908
5.693311331600401 -0.14665226822662908
5.820720550192117 -0.14665226822662908
6.019283382227919 -0.14665226822662908
6.193121409077771 -0.14665226822662908
#kx=8.0, ky=4.0, Jx=1.0, Jy=1.0, Jz=1.5, h=0.15
3.3925524862494685 -0.14654427077771176
3.745739809556305 -0.14654427077771176
3.8446487128933367 -0.14654427077771176
3.9469437454406187 -0.14654427077771176
4.025586185555976 -0.14654427077771176
4.05268453230393 -0.14654427077771176
4.088337189468094 -0.14654427077771176
4.155559929318753 -0.14654427077771176
4.192816626608803 -0.14654427077771176
4.227464007844109 -0.14654427077771176
4.262924424780024 -0.14654427077771176
4.3051023604356615 -0.14654427077771176
4.351012919316244 -0.14654427077771176
4.367552798864265 -0.14654427077771176
4.37777178701127 -0.14654427077771176
4.407275343717049 -0.14654427077771176
4.4161443162006595 -0.14654427077771176
4.4558944052471 -0.14654427077771176
4.478288110724219 -0.14654427077771176
4.50249324896935 -0.14654427077771176
4.5343915050493635 -0.14654427077771176
4.561049069117647 -0.14654427077771176
4.583634773362902 -0.14654427077771176
4.597946123227228 -0.14654427077771176
4.623178039145131 -0.14654427077771176
4.636825698758602 -0.14654427077771176
4.6804109160079825 -0.14654427077771176
4.708237052553393 -0.14654427077771176
4.727283897736721 -0.14654427077771176
4.747482636294343 -0.14654427077771176
4.771607780412804 -0.14654427077771176
4.82348875329917 -0.14654427077771176
4.83888108081787 -0.14654427077771176
4.871134112728206 -0.14654427077771176
4.904154668933887 -0.14654427077771176
4.908702297763345 -0.14654427077771176
4.975846185520685 -0.14654427077771176
5.021935761675925 -0.14654427077771176
5.049741404192552 -0.14654427077771176
5.080006336776792 -0.14654427077771176
5.107705940301651 -0.14654427077771176
5.12341891518019 -0.14654427077771176
5.165783260386333 -0.14654427077771176
5.199586781686588 -0.14654427077771176
5.2443306607965745 -0.14654427077771176
5.272393214952521 -0.14654427077771176
5.30730135903147 -0.14654427077771176
5.323024209997148 -0.14654427077771176
5.354158918213401 -0.14654427077771176
5.3808411733553765 -0.14654427077771176
5.408300195962066 -0.14654427077771176
5.422048231465743 -0.14654427077771176
5.4841222527846245 -0.14654427077771176
5.530258535321163 -0.14654427077771176
5.5615071579298885 -0.14654427077771176
5.5784522186192245 -0.14654427077771176
5.654547143382242 -0.14654427077771176
5.762609593284133 -0.14654427077771176
5.804660960625277 -0.14654427077771176
6.100741863334141 -0.14654427077771176
#kx=8.0, ky=0.0, Jx=1.0, Jy=1.0, Jz=1.5, h=0.15
3.27742297064834 -0.14655585395010717
3.5120410551748957 -0.14655585395010717
3.736843790796006 -0.14655585395010717
3.8383084478667433 -0.14655585395010717
3.9709519564451554 -0.14655585395010717
4.023626369851638 -0.14655585395010717
4.0550027243493085 -0.14655585395010717
4.129143115448602 -0.14655585395010717
4.176904990661156 -0.14655585395010717
4.196802749707986 -0.14655585395010717
4.247887539946317 -0.14655585395010717
4.258482432929085 -0.14655585395010717
4.323502405895564 -0.14655585395010717
4.357511954672519 -0.14655585395010717
4.38849035051791 -0.14655585395010717
4.414167214735289 -0.14655585395010717
4.429789455524807 -0.14655585395010717
4.467589404782597 -0.14655585395010717
4.501180720895835 -0.14655585395010717
4.515653190243644 -0.14655585395010717
4.538625166550371 -0.14655585395010717
4.56886257426873 -0.14655585395010717
4.576258878410759 -0.14655585395010717
4.6079338160318635 -0.14655585395010717
4.636194608518597 -0.14655585395010717
4.645421833975325 -0.14655585395010717
4.67052728599951 -0.14655585395010717
4.68547287552441 -0.14655585395010717
4.714257052370955 -0.14655585395010717
4.742408499138276 -0.14655585395010717
4.75490447172542 -0.14655585395010717
4.782032748719878 -0.14655585395010717
4.822001667512529 -0.14655585395010717
4.851548563612228 -0.14655585395010717
4.87787344666824 -0.14655585395010717
4.921920279367939 -0.14655585395010717
4.936353717186479 -0.14655585395010717
5.004774217627675 -0.14655585395010717
5.029194428866387 -0.14655585395010717
5.063010349010503 -0.14655585395010717
5.083664079748995 -0.14655585395010717
5.098451495367978 -0.14655585395010717
5.162342661925373 -0.14655585395010717
5.16847795364269 -0.14655585395010717
5.216893352411988 -0.14655585395010717
5.254743353195841 -0.14655585395010717
5.269635370500446 -0.14655585395010717
5.302503643443355 -0.14655585395010717
5.3243885287915695 -0.14655585395010717
5.349179193814278 -0.14655585395010717
5.37026067618924 -0.14655585395010717
5.400573799666641 -0.14655585395010717
5.428190936127497 -0.14655585395010717
5.4913565578698655 -0.14655585395010717
5.526187464066329 -0.14655585395010717
5.567582538406526 -0.14655585395010717
5.645379472053311 -0.14655585395010717
5.66039399574022 -0.14655585395010717
5.787437719214422 -0.14655585395010717
6.075332864006515 -0.14655585395010717
