#kx=6.0, ky=6.0, Jx=1.0, Jy=1.0, Jz=1.0, h=0.0
0.03099796512234687 8.090497538394413e-05
0.057620945824101155 8.705856460569026e-05
0.0693906817448725 0.0001941906403094358
0.08279124852642206 0.00030018285097977836
0.09519435741779103 6.981889718807194e-05
0.15637499784376008 5.122216751843245e-05
0.16754150747813945 6.7586266916122595e-06
0.18882356738066153 0.00016841344394256033
0.2150791149263015 4.816673957117546e-05
0.23926380670874492 4.9601038196671684e-05
0.2525643514471748 6.568621924975276e-05
0.2604035761257212 0.0004103485004736046
0.30194375180562283 6.985467204673669e-05
0.3053551829880291 4.0475744950207174e-05
0.3285769494749957 7.959989583673515e-05
0.33610739815592316 4.363341362953906e-05
0.3395815084048731 8.57179389497687e-05
0.3427194339465589 3.997405517219352e-06
0.3506029854723014 6.345250086470595e-05
0.35261688100699407 9.74144097829511e-05
0.35890211923145676 1.3618362673931115e-05
0.37323264185134375 0.0001957102595853093
0.40191360404176146 2.457322436846318e-05
0.41066794269355167 1.6372347109121124e-05
0.45827807015129784 7.141919590791452e-06
0.47470606145645244 0.00015629831996064468
0.4925630333497638 8.512805468682958e-06
0.5059807731941718 6.137043565182428e-05
0.5739120507626372 7.070108022991571e-05
0.5826765958164709 2.885504254742993e-05
0.6404118448717372 1.9707340415844147e-05
0.6550240326580697 5.860986579131967e-05
0.7157253352583953 2.4291481544557743e-05
0.7717837987169085 2.5858013618732226e-05
0.8162390016233823 5.1391965547963526e-05
0.847628732134737 0.00014363225876537906
0.8706508206300689 2.799926472891529e-05
0.8817622275296599 6.271173075568927e-06
0.883005139406941 6.017239086147653e-05
0.8908985585852586 3.1928755572799407e-06
0.8952588248678628 8.142821957867137e-05
0.9111895476632997 0.00044152503121003685
0.9190282336329286 1.82523977698265e-05
0.9296030697165175 7.956338969750591e-05
0.9366916304347223 2.5971137087539883e-05
0.9508634943560068 3.762328122365498e-05
0.9595718084581573 9.882337155308379e-05
0.9712561748550402 0.0002962603769553059
0.977153307041021 0.00037690353920384053
0.9819111017033177 2.749015837369885e-05
0.9950061520599085 4.264015248234007e-05
1.0022815282014108 2.016497713453131e-07
1.0097690536475268 0.00020671698698300814
1.0188517791443419 8.980368461168683e-05
1.0300012856869851 3.558291961590757e-05
1.0366542572430348 6.573594849419538e-05
1.051649765402357 1.7655492073842793e-06
1.0608075950618194 5.5383988542820015e-06
1.073691005993172 4.1181674529543506e-05
1.0942476581600409 0.0007870585140465612
1.0999419600628273 0.0005951222480176463
1.1416639372986852 4.722101764602994e-05
1.1564845661040195 6.425318847892331e-05
1.179862540785146 0.0007025111294100755
1.2006032326982707 5.1187405383865375e-05
1.208988692823933 0.00013997697893543113
1.219111144624816 1.1119171529110195e-05
1.2335623466072776 1.8079135166608725e-05
1.2503462364917994 0.000285475427180805
1.2818058899691547 0.00023838731998723124
1.2940441347470877 0.00011173526108812219
1.3243312791842738 7.659256146505467e-05
1.3285307535341477 1.8203205514582096e-05
1.381955854223282 2.3782191100454607e-05
1.4784641450508222 7.989694152866609e-07
#kx=4.0, ky=4.0, Jx=1.0, Jy=1.0, Jz=1.0, h=0.0
0.045665295108042736 9.266678522123547e-05
0.059016127285813624 0.0002473926739080913
0.07043172552314847 0.00084138863103136
0.08576866146262241 0.0009242240964001296
0.10034190521198472 0.00021735069342997552
0.16459795911021036 4.411603590750406e-05
0.17794067264306657 0.000540402197999076
0.19584038732587572 0.0006351992707963291
0.2253481846234301 1.0846428891471167e-05
0.23872178848637682 6.998956455767258e-05
0.2497441938533973 4.424775575596422e-05
0.2624254195330339 0.0010795936130824503
0.3004764594338788 2.9440319403353053e-05
0.304010220705645 0.00014724956062057634
0.33214263531242294 0.00020849675473290098
0.33523757292086565 2.7266213364801744e-05
0.33729323821438006 8.511673295843595e-05
0.3448633997900469 8.162906319285927e-05
0.35193678781461013 3.144902113872078e-05
0.3539310727781908 0.00014170701401774782
0.3647556013484565 3.472884099856087e-07
0.381519864365204 0.0001329885779105783
0.4195723004782481 0.00013546692317003444
0.4510702276380668 0.00018597674955683134
0.4747861785990043 0.00035908159548753913
0.49629539593790906 0.0003169094035861603
0.5319559717015809 0.00014769935739793693
0.5726307491710919 0.00022315893855281331
0.5837415012293101 1.499469393428799e-05
0.6164343764117619 4.776651541303799e-05
0.6451418855718555 1.912946541727627e-05
0.6605717217404755 7.63124478019176e-05
0.684493562514723 0.0001162053649221628
0.7748127922599779 5.541749914889728e-05
0.8111974723096083 0.0007484891166456167
0.8698108138951888 5.3165406742644784e-05
0.8738434557803115 2.5195089295728074e-05
0.880197470732717 9.424991773248075e-05
0.885664969819619 0.00012453166255479002
0.8951688187654383 0.00011307487534498832
0.9037425905344676 0.0001382613604051815
0.9131577913706773 0.0007430858939935129
0.9172269774823499 0.000143145786116458
0.9267036319052541 0.0002095098658979013
0.9339374587667665 2.444202148770146e-05
0.9489917336883252 1.8933754411523329e-06
0.9588296556587467 2.3938897271407517e-05
0.972783599882599 0.0010512611369535556
0.9766171262750445 6.178385950488153e-05
0.982882208453405 2.749888167275242e-05
0.9899778168769241 5.109453336583173e-06
1.0007208539044943 0.0002917478263487891
1.0044930659697076 0.0006028562767409055
1.0140480279687085 0.00035208981886815876
1.0341037694993394 5.710154175991346e-05
1.039692986612949 0.00016476385660543682
1.0553318021914877 5.773551524262192e-06
1.060876076385483 3.6266254174933015e-05
1.0702068691036626 0.00040244921269480484
1.095253233203088 0.0007586579447638569
1.0995001958531208 8.293380482414339e-05
1.1447072125343567 0.00011821251855072749
1.1800362749701958 0.0004312187894665035
1.1888267454340185 0.0003836279560974343
1.2001982913864484 2.278721979520315e-06
1.2166196317956823 5.093503663140549e-05
1.2274715198992636 0.00028918019519099297
1.2409752114938604 0.0005094871557715329
1.273864587773108 0.00039030310094634763
1.2846155370420953 8.111788261433745e-05
1.3117512109975378 0.0001795487498041063
1.32195527578669 0.0004754540104130605
1.334978609316397 8.023324911349249e-05
1.3754149377973683 5.967213896388267e-05
1.4367283588498614 0.0001102884326649002
#kx=2.0, ky=2.0, Jx=1.0, Jy=1.0, Jz=1.0, h=0.0
0.05000811153157758 0.0003217219215619712
0.06729354953854627 0.0006644528656568752
0.07655892046256052 0.0003014148701696075
0.08444747570478917 0.00033441687396060504
0.10653286580665777 3.039335621618004e-05
0.15972377309475316 9.708092611112758e-06
0.17450397978443444 0.0006745362523405273
0.1947613605321702 0.00034283343444552216
0.22576222895449083 0.0002501870230532389
0.23807104866383766 0.0001099717607365756
0.24542538818847548 0.0003640082336045921
0.26153065224975125 0.0005679726905166295
0.2902834892870382 0.00021212250945883734
0.29984418040615746 9.444938556191211e-05
0.3038426770107022 2.8117555049392196e-05
0.33056057281832973 3.812997729716574e-06
0.33396041185224157 7.13064917161901e-05
0.33954765140554233 0.00011158022411328083
0.34801059185032845 5.8536481728990875e-05
0.3522822202727127 4.540561952053685e-05
0.35580444229699637 5.627674300736175e-05
0.3680001536975108 9.917606684298646e-06
0.3977461624465978 5.825350964943916e-06
0.41877978492532164 6.626936955401681e-05
0.4494712242604143 0.0002580855839584704
0.4748025773331349 9.911729700837884e-05
0.49158987189990955 0.00011026118820436952
0.4975031304241334 0.00019228223411146256
0.5626294987822972 5.5984050667817243e-05
0.5805596860451423 6.706350419050317e-05
0.6041440161405115 4.6046646090106504e-05
0.6522526765221454 0.00016342859062834072
0.6624165461004095 0.00010941809858027452
0.7170091540476509 4.617002466425499e-06
0.7596966853449505 7.458790258778607e-06
0.8076469393361496 0.001236929059597594
0.8734942398956802 0.0003281302094402669
0.8813815688296406 0.0001581719858394719
0.8867468758998953 6.065867580516185e-05
0.8905462691511423 6.993441888039907e-05
0.9002719431602113 0.0003651454327153873
0.9056203172653243 0.00018510579143003232
0.9169690061319186 7.03460875393274e-05
0.9194765698056806 2.539318410702322e-05
0.9290467006389669 5.937497559169291e-06
0.935319340296743 3.601108546694785e-05
0.9563117277369282 7.304207887545518e-05
0.9654833335651697 5.9242597476811244e-05
0.9752745150349329 0.0011596265024847948
0.9887566515837215 2.2662738351215914e-06
0.9926485115367606 3.3222773998940076e-05
0.9998128923332994 0.00011410296162556375
1.0041897766423102 0.0002686437368270091
1.0122900631705294 0.00016469865777570127
1.0339153952600721 0.00017041800555063445
1.0496051533391104 1.651041751923498e-05
1.054853681452702 2.789276659440207e-05
1.0715551354235338 0.0002839519794004084
1.0844860615407286 3.6088450731614453e-06
1.0980941229816992 9.511157891844528e-05
1.1115702943027062 7.32107980718185e-05
1.1401982878012362 5.3797130346307625e-06
1.175494692797245 1.2975134580197112e-05
1.1843465977770968 0.0005059021117950281
1.1895012361455932 3.369212944302489e-05
1.2062548553107004 6.786719753085737e-05
1.2241985364592929 0.00010950330383420587
1.234320496202706 2.687223134856344e-05
1.237642842822837 0.000204270193412658
1.2708979789400083 0.0002666353410932942
1.2867836390746623 1.967074672728727e-05
1.3121534189884572 0.0002452564392872451
1.33335091622242 0.00026871168570790683
1.3562202396896461 6.43106603285686e-05
1.371558460444341 9.753783082521458e-06
#kx=0.0, ky=0.0, Jx=1.0, Jy=1.0, Jz=1.0, h=0.0
-0.014250515013486953 3.99932834703297e-06
0.05956218428624538 7.511778595877919e-05
0.06609877774570061 2.5058813378901453e-05
0.0872343244374274 3.183577071192543e-05
0.1009034960190508 3.8173528515308824e-05
0.10686500283162426 2.5194991330477067e-05
0.15557985536620245 1.1860602273721612e-05
0.18186840313079988 7.206693001418876e-05
0.19859124889401225 2.3799771745398027e-06
0.227588799172192 7.871028524468848e-05
0.23161651981622344 0.00011199296726700728
0.24350432322091942 1.9597904896641206e-05
0.26196274767944117 6.796637144378309e-06
0.2798081085664744 2.7103769365594627e-05
0.2951098697768023 1.2402056375865021e-05
0.3052504443554971 1.945418454232201e-05
0.3285691872438379 6.484781445891167e-06
0.3330584496524497 5.333797372433016e-05
0.3386104353097996 4.5362636068002365e-06
0.34384480921706595 5.1545637136486306e-05
0.3464022302621328 4.331610105190401e-06
0.3523624243468265 4.6499210640496144e-06
0.3561117775413719 6.0419559235245914e-06
0.36731656110431776 1.4982882408705656e-05
0.39560567063662067 1.828792206002891e-05
0.4159605569105046 5.038203933942782e-07
0.42607569325846417 6.399381456356906e-06
0.46719430704594667 2.9345291226029096e-05
0.4708277849470549 3.034225203826176e-05
0.4859119797871181 6.448598969675547e-05
0.5396385212691523 3.883264275802348e-06
0.5768466610428663 9.288648146237901e-06
0.5863882227676936 0.00020614014838224809
0.6305240314752869 8.805880730067682e-07
0.7220399983670339 4.406777268111257e-05
0.7427385752994109 2.0084716062235185e-06
0.7693183024522343 1.078811123972573e-05
0.8079639168013619 4.586265098408692e-05
0.8647611810215966 2.3068088743189755e-05
0.8812623969419575 7.777299999447396e-05
0.8847751694408573 2.4414714169389273e-05
0.8884257936846912 1.1105770757282528e-06
0.8912639856517335 2.0161883867413137e-05
0.90262272443906 2.318567967881598e-05
0.9115263426982873 0.00014811086174830695
0.9166100149804896 1.3767846221427441e-05
0.9355047735107219 0.00011414232614923608
0.9384460838392306 2.2241959443665994e-05
0.9551983022052679 0.0002054118100289704
0.9638729247433647 0.000269282691097
0.9739401927755148 0.00016088866278045076
0.9852007077220337 7.764346699249912e-05
0.9915318102774462 8.158186264856867e-05
0.9964540022959678 4.811017507957461e-05
1.0012080948231779 6.31767694140707e-05
1.0097626203509962 1.011631523843345e-05
1.0282017758746786 0.0001853687184932568
1.0517300391154487 2.0245540768957805e-06
1.0534337704373198 3.1024687968311954e-06
1.0741653329490215 4.1489180078981466e-05
1.0997808138323095 8.028235635979714e-05
1.1063362165246242 3.5665735394604633e-06
1.1445921719328482 9.41710543464305e-06
1.1606477774616497 1.1625826843786372e-05
1.1796827489619366 5.060595880556174e-05
1.1915825202834118 3.03261539373699e-06
1.212965078517394 0.00010366997758379862
1.2321906524942061 3.3281849841468568e-06
1.2416327294852092 1.3308719768508182e-05
1.2701245190412214 9.266200692313164e-05
1.2800230512109638 0.0002908729325434804
1.296433976931683 4.4637456271317217e-07
1.3151208207264768 7.157428810806277e-05
1.341502657581795 2.2147643922912194e-05
1.3504247224027521 4.650646648250199e-06
1.3732976273621744 3.1107686873575194e-05
#kx=2.0, ky=4.0, Jx=1.0, Jy=1.0, Jz=1.0, h=0.0
0.04479290217659804 8.660502820281441e-05
0.052890294812373284 0.00016551755343308848
0.07205458667010445 0.0011963418272378833
0.08585502580197579 0.000814349977972837
0.11136380460074757 5.456936431331046e-05
0.1539722461814813 2.041392158692609e-05
0.17807013671435334 0.0005983839408442268
0.1956157863977681 0.0005888184350728676
0.22458759845833065 1.3474676289917825e-05
0.24002483061949575 7.727830880015617e-05
0.25002237451774934 5.5583197093235476e-05
0.2622323290853579 0.0011038392120800542
0.300970233713293 2.6429189118571698e-05
0.3049588731690739 0.00014101995817105401
0.3293274762119963 4.6201021388658375e-05
0.33420364385789825 9.011632803505022e-05
0.33641234661812014 0.00014317934200377389
0.34665095978682947 0.00011918175758613935
0.3523232389287645 0.0001807769917467103
0.3552849937272784 2.7675128177726237e-05
0.3632041146797299 8.636689365927423e-05
0.38490517756209763 6.824670039290384e-05
0.43319875424262966 6.147240589053041e-05
0.4514486819992847 0.00017170100354705196
0.47447104105715066 0.0004587676983609214
0.48865480946807427 0.0002726219534353478
0.5124821745070318 9.086126141987857e-05
0.5701230725589279 4.933357513022611e-05
0.5736431534912295 0.0001713127190455488
0.5977860644164873 0.00018069718800683548
0.6430579787472956 0.00010568506658868793
0.6602032728989471 9.777036649948608e-05
0.7158965455377508 0.00010372516279544421
0.7635951653636985 2.1301744517428917e-05
0.8112146783997359 0.0006236985316483902
0.8700222554072212 8.881175171659159e-06
0.8773851560128032 0.0002698431082366104
0.8827725231473599 0.00013388267747565583
0.8880967025739589 5.188763133919168e-05
0.8923410428571382 2.4680905418040707e-05
0.9043327446685956 0.00010810588588203934
0.9109639182199325 0.0008185706598993657
0.9194824431241505 2.6254292409864673e-05
0.92791041581616 0.00011751827290566838
0.9327187239515278 6.980702003888877e-05
0.9512089147737524 1.9556342623059546e-05
0.959558176176124 7.850264638783719e-06
0.9731546574377709 0.001154680064675858
0.9800059539105166 7.648508041425923e-05
0.9886704169294858 2.720854380341093e-05
0.9990670189839423 2.024411839590878e-05
1.0030955945332554 0.0008398679242229706
1.0092338356625186 0.00018638655627447044
1.0155910907911447 0.0002805461198516737
1.033658126240674 0.00014712224567072854
1.0570738755909381 1.724873792697412e-05
1.0660145002703052 9.072254146478582e-06
1.0725354050927727 0.0004805325669212302
1.0929478829007984 0.00012768652895276986
1.096197696304556 0.0005001252180808784
1.114815495539336 1.139731288429723e-05
1.146922570857401 9.475286188412321e-05
1.181809514130402 0.0005749839208837627
1.1908174911037162 0.00017862153183623096
1.2020421634210388 2.9758613101524114e-07
1.2165974441358278 6.477199701227448e-05
1.229672949660206 0.00035928334635161287
1.2403017384157267 0.0004590299714833361
1.2808869702197 0.00034114467026727456
1.2899094298016216 0.00014919113405169353
1.3166557795523177 0.00020370105159833631
1.3250577210571413 0.00026695391083032935
1.3400377379578958 6.570174728676525e-05
1.3717398193628538 2.6019614255236972e-05
1.3807850093360146 0.00014478835431871456
#kx=4.0, ky=8.0, Jx=1.0, Jy=1.0, Jz=1.0, h=0.0
0.05294744043821298 6.674160324193937e-05
0.058772429417470184 1.4498897783812119e-05
0.08060444411698786 2.651213160180768e-05
0.09213853821784745 9.821745708512675e-06
0.10285760389824206 2.0179618907984877e-05
0.16133290470549289 2.1117440842373317e-06
0.18242371518808753 3.184226371358315e-05
0.20377151804760796 0.00015004463858029016
0.22508906590702316 1.6252214684684764e-06
0.23513252078426528 0.00029700485018195003
0.2489167475560239 5.686159742214132e-05
0.2638738745706237 5.1446135777789696e-05
0.2969904647040428 7.93053068970522e-06
0.30194731768663163 4.449608738537022e-05
0.3208795345243548 3.6599500159629106e-05
0.3276816906985053 0.00023508250516345223
0.3424885424194929 6.219111443457507e-05
0.3447440329705531 2.734855139167047e-06
0.3483475513470369 2.4876910914240214e-05
0.3507133229721998 1.2686734143182308e-06
0.363752465902602 6.7635190348566865e-06
0.3875641490962789 2.2808055425689184e-06
0.4139897628072525 1.9546556526912583e-05
0.43407135318329404 1.4250096568344976e-05
0.4737157102792017 0.00011444856900105222
0.4856258459467716 9.493151646936798e-05
0.5026048354079193 4.854936569704011e-06
0.517935253413907 7.860320502857785e-07
0.5826093781686298 1.3576474662890848e-05
0.5867050760036341 6.969975043626532e-05
0.6218236362168189 6.461336598956498e-06
0.6671933035157573 3.618577388416236e-06
0.7011923151433547 2.184964819256491e-06
0.7888646948287675 1.400839314035789e-05
0.8147306460552933 0.00010884307353161897
0.8557310842017929 0.00015548908290922094
0.8676432851574967 1.7739109289665846e-05
0.8790161824486425 2.729584200135009e-05
0.8855175377583829 4.732982775072603e-05
0.8912109401335755 0.00010953974826118649
0.9069131077633458 4.414119226200149e-06
0.9108392268262522 3.185488936087686e-05
0.9186303112164429 2.7476325835417596e-05
0.9211095327777663 2.0195275064298926e-05
0.9370002222370055 6.04596525383883e-06
0.9419376499219356 4.330798080208815e-05
0.9588508393857592 0.00013784611632294724
0.9639371342166414 0.0003309042709159952
0.973297904215702 3.459477904149482e-06
0.9752637745485393 9.821503348616739e-06
0.9825957525273554 4.970308081375121e-06
0.9976711867076127 9.200462201147073e-05
1.004706599173325 3.865741802664986e-06
1.01220138728717 9.9326114113606e-05
1.0255571074543057 5.348579592699791e-05
1.0319839696526718 3.915501503171173e-05
1.0474280632032518 9.572108041374499e-05
1.0512584549589854 1.8548802587494984e-06
1.0780540240023813 1.2567933704183166e-05
1.0980439786876006 0.001092258373580899
1.1035297783449098 0.00010374490177850227
1.144960272416769 3.129191957588402e-06
1.1739309160786253 0.00020545799753232994
1.1799235974506312 0.000263004527299539
1.2089126698279045 2.826990725245074e-05
1.2180334285559473 0.00023317729957388625
1.2314052120181822 7.080062227854687e-06
1.24793391147908 0.00016179753965839258
1.266173359075287 2.3778663071223445e-07
1.2823188305909823 1.120755931002306e-05
1.296536167813015 0.00010364328707885484
1.320735838280852 2.3133872150646994e-05
1.3314283802179383 0.00011090111442071005
1.3816944879166178 2.2291702514229783e-05
1.4295252787276485 7.487594084723728e-06
#kx=5.0, ky=7.0, Jx=1.0, Jy=1.0, Jz=1.0, h=0.0
0.04463089594979264 6.202621559878801e-05
0.054389840576620774 6.347840973997977e-05
0.07023502154783368 1.043895228941163e-05
0.08638136643993655 0.00010026199831729666
0.09786966307858358 1.9571792645982084e-05
0.16199930675117047 6.298960327810496e-06
0.17784955282681925 2.3048937699514922e-05
0.20057420109981738 0.00013527443717351796
0.22565942373805437 1.9137342251619e-05
0.23828836582007795 0.0001352909781321235
0.2510706935174106 3.920465268401769e-05
0.264485726014389 0.00015094211000832216
0.300858198936817 2.63393320770098e-05
0.3045095234131928 5.2044468753665764e-05
0.32522209110139866 4.9587180911802233e-05
0.33009828905913363 0.0001368462673728993
0.34052570475046395 7.055817141528438e-05
0.34647833345390955 2.7460268390851613e-07
0.3480546362949699 6.287200878483704e-05
0.35144960871970443 8.091076813321241e-05
0.3600922200698242 2.2390125975238898e-05
0.38853336064105515 2.762073043628762e-05
0.41248051249024864 7.051288345665339e-06
0.4566511054550648 7.469328622780107e-06
0.4729404675773613 0.00014184649594836993
0.491085407025984 3.47639716058902e-05
0.5103538498663035 1.5824105937096713e-07
0.5726934562216124 6.601645232374371e-05
0.5831547653605396 1.4799922710230723e-05
0.5985999401793263 1.440759992841267e-05
0.6601132785520142 3.481118389418431e-05
0.6926413178443269 1.595519242376532e-05
0.7276923955502096 1.2168719567411955e-05
0.7905241888429948 1.113779541740838e-05
0.816772232222035 9.24836466090261e-06
0.8573700775667836 9.234458369259669e-05
0.874385781513996 3.1103611573004956e-05
0.8825987100908073 7.835684531013303e-06
0.8889395781890891 2.5187239396608793e-05
0.8971686817794805 8.953275946876511e-06
0.9085063679295302 0.00026371574061253574
0.9145096167995675 2.6544940860879974e-05
0.9219261795262795 4.1500176852723986e-05
0.9341063012178968 3.061086644142539e-05
0.9419776722863749 0.00011686577934731249
0.9539974010126595 4.182772495378625e-05
0.9602624849405189 2.669145555940404e-05
0.9692749413282059 0.0003208960840152592
0.9762645023467076 0.00013356617603154617
0.9832675063002644 1.4450852364806805e-05
0.9921217544676303 1.3657183061052487e-06
1.0064019491303906 0.00014254807684191113
1.0152735469250596 1.9809803335331073e-05
1.0222874787729175 4.8573098037296255e-05
1.0322603962604386 8.546989327412008e-05
1.0457810157107028 7.3107433890610905e-06
1.0494540163602317 6.537586249452868e-06
1.0571511977322745 1.3123156800524778e-05
1.0847228804412419 3.644292364132294e-05
1.0973154174993516 0.0010960760309272667
1.1044656656965164 0.00011872663949479467
1.1423044049468385 8.630756902129362e-06
1.1733966686807111 0.00047308812963596156
1.185377417169946 1.4099589351625556e-05
1.2087292960327662 2.7834184298698618e-05
1.2156567226456338 0.00020144582348070338
1.2264075315487355 3.108642025175765e-05
1.2530958688410259 0.00020707660573486108
1.2677642966122509 3.52684629027918e-05
1.2847501355207014 7.593194502168523e-05
1.2880752648847626 5.896268148186015e-05
1.3195903290511501 8.69157166197526e-06
1.32526491093784 8.215277197806795e-05
1.3868573426373927 2.593076711456868e-05
1.4631026298603056 2.4452115998369576e-06
