#kx=6.0, ky=6.0, Jx=1.0, Jy=1.0, Jz=1.0, h=0.0
0.03099796512234687 4.7523126503308605e-06
0.057620945824101155 1.0372296376323838e-05
0.0693906817448725 2.7847112841560765e-05
0.08279124852642206 1.761739033613939e-06
0.09519435741779103 2.316582551991267e-06
0.15637499784376008 1.2378172371452666e-06
0.16754150747813945 4.934157286731117e-06
0.18882356738066153 2.255864348722642e-06
0.2150791149263015 3.4250376678126686e-06
0.23926380670874492 1.099626710379575e-05
0.2525643514471748 3.2569810486213188e-06
0.2604035761257212 2.0630392094172585e-07
0.30194375180562283 2.359366468438506e-06
0.3053551829880291 2.7096193511187034e-05
0.3285769494749957 2.3773760033504376e-07
0.33610739815592316 4.030705950710861e-05
0.3395815084048731 1.0430216550889274e-05
0.3427194339465589 3.7809698633519747e-06
0.3506029854723014 3.522425271870312e-07
0.35261688100699407 1.3935885164572322e-05
0.35890211923145676 2.1458697431296787e-05
0.37323264185134375 3.0388813680971267e-06
0.40191360404176146 1.2083028408860382e-05
0.41066794269355167 1.8714031012640255e-05
0.45827807015129784 1.2395466315543596e-06
0.47470606145645244 1.087848535273801e-06
0.4925630333497638 2.4676075901812534e-05
0.5059807731941718 5.72152220288152e-06
0.5739120507626372 2.9525276481600816e-06
0.5826765958164709 7.431477547351296e-06
0.6404118448717372 3.171173496386567e-05
0.6550240326580697 2.0860261022004597e-06
0.7157253352583953 4.053481179026192e-06
0.7717837987169085 3.5011959048678916e-06
0.8162390016233823 3.5666144305528167e-07
0.847628732134737 1.5054676367544417e-05
0.8706508206300689 6.170037321463916e-05
0.8817622275296599 4.892006543158224e-05
0.883005139406941 8.689005795932267e-05
0.8908985585852586 1.4377791996127533e-05
0.8952588248678628 1.4038638762353412e-05
0.9111895476632997 1.2208087214154634e-05
0.9190282336329286 0.0001626202647765228
0.9296030697165175 3.414730682720887e-05
0.9366916304347223 4.440301752077569e-05
0.9508634943560068 1.0642379979213503e-05
0.9595718084581573 4.635233151395831e-06
0.9712561748550402 4.8529138005219905e-05
0.977153307041021 4.690768568817951e-05
0.9819111017033177 1.0021057232777006e-05
0.9950061520599085 3.943927897059237e-05
1.0022815282014108 0.00021259102489050118
1.0097690536475268 1.556132896503786e-05
1.0188517791443419 4.504544331342247e-06
1.0300012856869851 1.6955741908558957e-05
1.0366542572430348 1.6480915850334525e-06
1.051649765402357 8.130411577931772e-08
1.0608075950618194 1.998757781770791e-05
1.073691005993172 1.9475384498614773e-05
1.0942476581600409 2.030760192644731e-05
1.0999419600628273 4.319812122946154e-05
1.1416639372986852 1.8031278935942185e-05
1.1564845661040195 2.092475293559494e-06
1.179862540785146 3.7942810121319193e-05
1.2006032326982707 3.957079237386595e-05
1.208988692823933 7.748432314162867e-05
1.219111144624816 6.364991924733332e-05
1.2335623466072776 1.0464073752367703e-05
1.2503462364917994 2.718287156255469e-05
1.2818058899691547 8.903602181328879e-06
1.2940441347470877 1.3432227039519984e-05
1.3243312791842738 2.168810722407115e-05
1.3285307535341477 2.7458527873683747e-05
1.381955854223282 8.621057740248642e-06
1.4784641450508222 7.301012319856132e-05
#kx=4.0, ky=4.0, Jx=1.0, Jy=1.0, Jz=1.0, h=0.0
0.045665295108042736 6.897767666923881e-06
0.059016127285813624 7.5788633316231965e-06
0.07043172552314847 1.4512770761653856e-05
0.08576866146262241 2.770553695985821e-06
0.10034190521198472 3.4107119321050015e-06
0.16459795911021036 1.5144027782505804e-05
0.17794067264306657 7.929205417710845e-07
0.19584038732587572 8.457413403410527e-06
0.2253481846234301 1.8698282630218673e-05
0.23872178848637682 5.656203559174456e-05
0.2497441938533973 5.936025486448149e-06
0.2624254195330339 2.231450873788013e-06
0.3004764594338788 9.646998816481738e-06
0.304010220705645 9.39694177148932e-05
0.33214263531242294 1.0298983242330964e-05
0.33523757292086565 7.483451938500925e-06
0.33729323821438006 1.715755483579376e-05
0.3448633997900469 2.1382881618426733e-05
0.35193678781461013 1.0062282427595618e-05
0.3539310727781908 1.4415857392907711e-05
0.3647556013484565 6.649206649054394e-06
0.381519864365204 1.0985193476532805e-05
0.4195723004782481 2.9266554676803458e-05
0.4510702276380668 4.5542365296814975e-06
0.4747861785990043 8.931943312743506e-06
0.49629539593790906 6.8271474995298e-06
0.5319559717015809 5.1276832219925726e-05
0.5726307491710919 1.5139671249176699e-05
0.5837415012293101 2.645931883099239e-06
0.6164343764117619 3.257870674561186e-05
0.6451418855718555 2.5833979768165147e-06
0.6605717217404755 5.4659612436196144e-05
0.684493562514723 1.731937968996059e-05
0.7748127922599779 5.284837061382609e-05
0.8111974723096083 2.2164420326271556e-06
0.8698108138951888 7.492623980744573e-05
0.8738434557803115 8.986836858458494e-06
0.880197470732717 0.00022700001939489738
0.885664969819619 2.123729438371253e-05
0.8951688187654383 1.4429681432671109e-05
0.9037425905344676 5.246516588534033e-05
0.9131577913706773 1.3155725462629486e-05
0.9172269774823499 2.5470066097330146e-05
0.9267036319052541 1.2764870235947636e-05
0.9339374587667665 0.00020249521461522676
0.9489917336883252 2.3885633683234994e-05
0.9588296556587467 8.191598759215342e-06
0.972783599882599 5.382731963290885e-06
0.9766171262750445 2.202306861511009e-05
0.982882208453405 2.7802537301265704e-05
0.9899778168769241 8.626585561044873e-06
1.0007208539044943 0.00042574452048227044
1.0044930659697076 9.786397849346201e-06
1.0140480279687085 4.087560969799106e-05
1.0341037694993394 2.896635107806358e-05
1.039692986612949 1.99293981776672e-05
1.0553318021914877 1.8405163664931533e-05
1.060876076385483 3.374259902015405e-05
1.0702068691036626 3.819888112677533e-05
1.095253233203088 9.802756865052408e-06
1.0995001958531208 8.918262203225585e-05
1.1447072125343567 3.119595241764785e-05
1.1800362749701958 0.00017233629047373205
1.1888267454340185 6.765779911283891e-05
1.2001982913864484 1.4276220062612949e-05
1.2166196317956823 0.00010056070546972345
1.2274715198992636 2.9785294575776997e-06
1.2409752114938604 1.8815145585297627e-05
1.273864587773108 5.212244725870492e-05
1.2846155370420953 2.6990392194062722e-05
1.3117512109975378 9.116790235754954e-05
1.32195527578669 7.4173758338412446e-06
1.334978609316397 8.496070781143116e-06
1.3754149377973683 2.29323583815769e-05
1.4367283588498614 8.686226969197593e-05
#kx=2.0, ky=2.0, Jx=1.0, Jy=1.0, Jz=1.0, h=0.0
0.05000811153157758 2.2533278872103313e-05
0.06729354953854627 3.641774334064761e-07
0.07655892046256052 1.1348445852696837e-05
0.08444747570478917 1.41521477122905e-05
0.10653286580665777 1.2198546125803838e-05
0.15972377309475316 5.138177531439075e-05
0.17450397978443444 1.3088504716422214e-05
0.1947613605321702 1.4080608137437136e-05
0.22576222895449083 3.852423429352008e-05
0.23807104866383766 5.8188843326217845e-05
0.24542538818847548 3.411131581567642e-05
0.26153065224975125 3.002535613771673e-06
0.2902834892870382 1.2643226778101915e-05
0.29984418040615746 2.9014840222555486e-05
0.3038426770107022 0.00019206127424697454
0.33056057281832973 1.3350545259991654e-05
0.33396041185224157 1.3062840171662866e-05
0.33954765140554233 5.204710586508484e-06
0.34801059185032845 4.2072897336215634e-05
0.3522822202727127 2.3816823323512103e-05
0.35580444229699637 2.4222045567513307e-05
0.3680001536975108 1.9063316701210514e-05
0.3977461624465978 0.00013693493420209612
0.41877978492532164 2.5621396669422645e-06
0.4494712242604143 5.354260949927472e-06
0.4748025773331349 6.485096967443008e-06
0.49158987189990955 8.675806515156887e-06
0.4975031304241334 1.4028370542064729e-05
0.5626294987822972 3.9796859979984275e-05
0.5805596860451423 1.9293724825841962e-05
0.6041440161405115 3.593301821844973e-05
0.6522526765221454 0.00019866387346722804
0.6624165461004095 6.192232873999564e-05
0.7170091540476509 2.7770676193322676e-05
0.7596966853449505 4.1191388393427675e-05
0.8076469393361496 1.052912566818329e-06
0.8734942398956802 7.482972635616266e-06
0.8813815688296406 0.00011566246770665345
0.8867468758998953 4.953997746315279e-05
0.8905462691511423 0.00011151685307131107
0.9002719431602113 3.221604874330756e-05
0.9056203172653243 0.0001577052824717003
0.9169690061319186 3.2341261543832954e-06
0.9194765698056806 4.333610529641992e-05
0.9290467006389669 2.7113950771383833e-05
0.935319340296743 0.0002373924229347042
0.9563117277369282 5.827026287330849e-06
0.9654833335651697 3.738491387807262e-06
0.9752745150349329 5.332232881317889e-05
0.9887566515837215 6.076135446391333e-06
0.9926485115367606 5.939015288294209e-06
0.9998128923332994 0.0003725126655605363
1.0041897766423102 2.3009355152043838e-05
1.0122900631705294 5.753482534604707e-05
1.0339153952600721 7.375709207115591e-05
1.0496051533391104 6.285097293262636e-06
1.054853681452702 5.460906078860793e-06
1.0715551354235338 1.2329069176106495e-05
1.0844860615407286 2.50640941413074e-05
1.0980941229816992 1.080730676010828e-05
1.1115702943027062 2.9506845593569254e-05
1.1401982878012362 3.4273566637716066e-05
1.175494692797245 0.00028071345735138526
1.1843465977770968 3.153332710013748e-05
1.1895012361455932 4.777857941023968e-05
1.2062548553107004 4.568116764561144e-05
1.2241985364592929 4.054649015340568e-05
1.234320496202706 3.150142688408142e-05
1.237642842822837 4.234335697081237e-06
1.2708979789400083 7.279360480542259e-06
1.2867836390746623 9.974869750410839e-06
1.3121534189884572 1.8789576597803147e-05
1.33335091622242 2.3833992677211258e-05
1.3562202396896461 1.9483916132447657e-05
1.371558460444341 4.5752438241456035e-05
#kx=0.0, ky=0.0, Jx=1.0, Jy=1.0, Jz=1.0, h=0.0
-0.014250515013486953 0.01587826387499367
0.05956218428624538 0.02006792619988602
0.06609877774570061 0.15043977893241545
0.0872343244374274 0.004009340568254075
0.1009034960190508 0.013771590103783026
0.10686500283162426 0.006368500199555377
0.15557985536620245 0.043761721919596895
0.18186840313079988 0.015366451263199719
0.19859124889401225 0.00035999708462318674
0.227588799172192 0.0304276334802034
0.23161651981622344 0.016518758869298832
0.24350432322091942 0.0084092791666702
0.26196274767944117 0.0007453217070022793
0.2798081085664744 0.025910170405045806
0.2951098697768023 0.01597518343681263
0.3052504443554971 0.33149113924317625
0.3285691872438379 0.007121328235669787
0.3330584496524497 0.014932569516903799
0.3386104353097996 0.055759810257666444
0.34384480921706595 0.03565039150466637
0.3464022302621328 0.004013958443786935
0.3523624243468265 0.0018803352331231479
0.3561117775413719 0.07494756161966082
0.36731656110431776 0.010148844259662147
0.39560567063662067 0.06078139151892486
0.4159605569105046 0.010128291532131272
0.42607569325846417 0.031937079416174345
0.46719430704594667 0.011742150037524069
0.4708277849470549 0.00023030199059798385
0.4859119797871181 0.00599008261396278
0.5396385212691523 0.0012410651772576365
0.5768466610428663 0.08670474748535063
0.5863882227676936 0.02325282459031872
0.6305240314752869 0.07034994434186569
0.7220399983670339 0.016599292610162845
0.7427385752994109 0.08755228290513486
0.7693183024522343 0.012019231518526305
0.8079639168013619 0.00037575139543638423
0.8647611810215966 0.015004730553898128
0.8812623969419575 0.005172309517382348
0.8847751694408573 0.019632237090211387
0.8884257936846912 0.017106847996658018
0.8912639856517335 0.003988084359269383
0.90262272443906 0.0039236802110377625
0.9115263426982873 0.008660743953555932
0.9166100149804896 0.004591914452736216
0.9355047735107219 0.013110628010102878
0.9384460838392306 0.017756774243125405
0.9551983022052679 0.0076638141476369085
0.9638729247433647 0.0011873542103581552
0.9739401927755148 0.005951594860381029
0.9852007077220337 0.0031773037164755545
0.9915318102774462 0.00529348257186811
0.9964540022959678 0.007673026232021018
1.0012080948231779 0.006183833453224103
1.0097626203509962 0.010279133638288404
1.0282017758746786 0.02717107528486482
1.0517300391154487 0.005743506630597711
1.0534337704373198 0.00214826908652956
1.0741653329490215 0.0009759274535155921
1.0997808138323095 0.0031789052433133765
1.1063362165246242 0.008067114732159328
1.1445921719328482 0.006878766977423351
1.1606477774616497 0.011135613791581728
1.1796827489619366 0.018613065154041715
1.1915825202834118 0.006496125326586187
1.212965078517394 0.004827624048019173
1.2321906524942061 0.009070379245196693
1.2416327294852092 0.04286240602574869
1.2701245190412214 0.007022024225009537
1.2800230512109638 0.007153606997748376
1.296433976931683 0.003261951125653487
1.3151208207264768 0.020410727553804592
1.341502657581795 0.00020392411436761357
1.3504247224027521 0.004487526691708431
1.3732976273621744 0.005880635164635098
#kx=2.0, ky=4.0, Jx=1.0, Jy=1.0, Jz=1.0, h=0.0
0.04479290217659804 9.52416605843679e-06
0.052890294812373284 7.834342226804753e-06
0.07205458667010445 1.1909659176546694e-05
0.08585502580197579 1.350439015835986e-05
0.11136380460074757 5.449039857026313e-06
0.1539722461814813 8.866850244834514e-06
0.17807013671435334 2.0669025792561197e-06
0.1956157863977681 9.835495799562586e-06
0.22458759845833065 1.654037934604195e-05
0.24002483061949575 6.206818147216572e-05
0.25002237451774934 8.0161948448618e-06
0.2622323290853579 9.483783940058203e-07
0.300970233713293 1.0052504701655283e-06
0.3049588731690739 0.0001646954707207772
0.3293274762119963 3.629101681553875e-05
0.33420364385789825 1.2670401585572328e-06
0.33641234661812014 8.456442041362309e-06
0.34665095978682947 8.787707850419263e-05
0.3523232389287645 6.601518192002864e-06
0.3552849937272784 4.400091831707343e-06
0.3632041146797299 1.80159066349195e-07
0.38490517756209763 5.0833146180556727e-05
0.43319875424262966 8.271035202011117e-07
0.4514486819992847 3.2489378752175462e-06
0.47447104105715066 1.7694683784249924e-06
0.48865480946807427 2.255314639370579e-06
0.5124821745070318 2.1950372837224833e-05
0.5701230725589279 3.52176024488302e-05
0.5736431534912295 2.427232424052955e-06
0.5977860644164873 6.15012391609494e-05
0.6430579787472956 2.23809810342231e-05
0.6602032728989471 8.878497242772733e-05
0.7158965455377508 4.3962331381932674e-05
0.7635951653636985 8.93205468057501e-05
0.8112146783997359 3.845420128815462e-06
0.8700222554072212 5.6350785922552075e-05
0.8773851560128032 0.00012754245107447483
0.8827725231473599 0.00013107724941435858
0.8880967025739589 9.586637727297151e-05
0.8923410428571382 5.810006921371027e-05
0.9043327446685956 9.683107809128694e-05
0.9109639182199325 2.1835971289827772e-05
0.9194824431241505 5.249296303865842e-05
0.92791041581616 0.0001586687209358824
0.9327187239515278 4.483094691709787e-06
0.9512089147737524 1.74109430343763e-05
0.959558176176124 1.137232936225931e-06
0.9731546574377709 8.266467546776326e-06
0.9800059539105166 2.1697923202707233e-05
0.9886704169294858 4.296964049927621e-05
0.9990670189839423 0.0004341260042891576
1.0030955945332554 8.6739407202584e-05
1.0092338356625186 5.00124260482453e-05
1.0155910907911447 8.589483263901709e-05
1.033658126240674 1.8678240519516524e-05
1.0570738755909381 2.7949054640810137e-06
1.0660145002703052 2.9417868271123738e-05
1.0725354050927727 1.1771145425361258e-05
1.0929478829007984 1.9539886240158266e-05
1.096197696304556 1.2895429026453179e-05
1.114815495539336 2.4975016899455387e-05
1.146922570857401 6.507133935102327e-06
1.181809514130402 0.00015810757272061466
1.1908174911037162 0.00014212736666527283
1.2020421634210388 7.425409235512695e-06
1.2165974441358278 5.997327718997611e-05
1.229672949660206 7.805283184145076e-07
1.2403017384157267 2.926150634333063e-05
1.2808869702197 5.436650198628901e-06
1.2899094298016216 1.1063367505979466e-05
1.3166557795523177 9.515514098609608e-05
1.3250577210571413 6.112641144448249e-07
1.3400377379578958 8.531588025430345e-07
1.3717398193628538 5.3283850904642805e-05
1.3807850093360146 3.419397116510951e-05
#kx=4.0, ky=8.0, Jx=1.0, Jy=1.0, Jz=1.0, h=0.0
0.05294744043821298 8.928053325214955e-07
0.058772429417470184 1.3929638123635736e-05
0.08060444411698786 1.2523948940220287e-05
0.09213853821784745 8.87856861820803e-06
0.10285760389824206 5.799888930012644e-06
0.16133290470549289 5.429366652871979e-06
0.18242371518808753 3.3150622720402546e-06
0.20377151804760796 3.328874565806722e-07
0.22508906590702316 1.265946127712708e-05
0.23513252078426528 1.0007006166921641e-05
0.2489167475560239 1.0790448658322355e-06
0.2638738745706237 5.819617991574349e-07
0.2969904647040428 2.4893332341743898e-05
0.30194731768663163 2.395729508152591e-05
0.3208795345243548 4.5926508600625666e-05
0.3276816906985053 1.9493738078647417e-06
0.3424885424194929 4.9086612171637776e-06
0.3447440329705531 1.360245531933953e-05
0.3483475513470369 1.0314077161232724e-05
0.3507133229721998 2.2403385642964057e-05
0.363752465902602 1.0317279805604342e-05
0.3875641490962789 3.577745666097108e-06
0.4139897628072525 3.544267197473523e-05
0.43407135318329404 5.092274324687786e-06
0.4737157102792017 5.875402385813007e-07
0.4856258459467716 5.573276002009584e-06
0.5026048354079193 4.627062291362264e-05
0.517935253413907 1.6028502353222317e-05
0.5826093781686298 3.033630315732511e-06
0.5867050760036341 7.541727990147988e-06
0.6218236362168189 3.49217248298638e-05
0.6671933035157573 4.828783865101876e-05
0.7011923151433547 1.002121901316393e-05
0.7888646948287675 4.6896983425529744e-05
0.8147306460552933 6.150238651983342e-07
0.8557310842017929 7.7808412057355e-06
0.8676432851574967 7.951850886439351e-05
0.8790161824486425 1.005430807862231e-05
0.8855175377583829 3.550170024254876e-05
0.8912109401335755 3.059039356714594e-05
0.9069131077633458 2.5294741716654508e-05
0.9108392268262522 2.9814385619386493e-05
0.9186303112164429 0.0001180413807227189
0.9211095327777663 2.003729727322897e-05
0.9370002222370055 4.6181617841109915e-05
0.9419376499219356 1.9075438072359434e-05
0.9588508393857592 1.5025695558137851e-05
0.9639371342166414 4.7510492529004505e-06
0.973297904215702 1.7618255642479492e-05
0.9752637745485393 3.6084886808020947e-05
0.9825957525273554 4.117901326819849e-05
0.9976711867076127 6.979977138546757e-05
1.004706599173325 0.000233129545269901
1.01220138728717 1.1496760837300746e-05
1.0255571074543057 8.079207671287148e-06
1.0319839696526718 8.7266303949054e-06
1.0474280632032518 7.794276769801186e-06
1.0512584549589854 6.619736247823847e-05
1.0780540240023813 1.0543383477403115e-05
1.0980439786876006 5.711008686684962e-06
1.1035297783449098 5.632331392041119e-05
1.144960272416769 5.2263986222592955e-05
1.1739309160786253 5.353936953338549e-05
1.1799235974506312 6.475055765862052e-05
1.2089126698279045 8.453957697070685e-06
1.2180334285559473 4.9588130206722886e-05
1.2314052120181822 2.5713213808576725e-05
1.24793391147908 2.7183633030122557e-05
1.266173359075287 2.461870774129368e-05
1.2823188305909823 3.2915656091431854e-05
1.296536167813015 1.1746377347259035e-06
1.320735838280852 8.416189831805381e-07
1.3314283802179383 9.742380540979552e-06
1.3816944879166178 3.300424976798198e-05
1.4295252787276485 0.00012976324694267112
#kx=5.0, ky=7.0, Jx=1.0, Jy=1.0, Jz=1.0, h=0.0
0.04463089594979264 4.947216206667377e-06
0.054389840576620774 6.504626268097651e-06
0.07023502154783368 8.143625740171431e-06
0.08638136643993655 5.455641954038268e-06
0.09786966307858358 7.778909471462583e-06
0.16199930675117047 7.109654366248735e-08
0.17784955282681925 5.369239943886558e-06
0.20057420109981738 2.1258061483471038e-07
0.22565942373805437 3.856362550263035e-06
0.23828836582007795 9.063565486312278e-06
0.2510706935174106 2.225446250086254e-06
0.264485726014389 2.8028515042171845e-07
0.300858198936817 5.138131718173499e-06
0.3045095234131928 9.056524841351312e-06
0.32522209110139866 2.6907407452225576e-05
0.33009828905913363 1.027553179709891e-05
0.34052570475046395 1.1001786895915188e-05
0.34647833345390955 7.890183090327598e-07
0.3480546362949699 6.739749587593491e-06
0.35144960871970443 4.363658218298749e-06
0.3600922200698242 1.1836069888154783e-05
0.38853336064105515 3.722425856441712e-06
0.41248051249024864 2.2792941179088117e-05
0.4566511054550648 2.8639398617718527e-06
0.4729404675773613 1.2115679878705237e-06
0.491085407025984 4.751022969346747e-06
0.5103538498663035 3.411389166596729e-05
0.5726934562216124 4.775704282197535e-06
0.5831547653605396 3.2132832391869165e-06
0.5985999401793263 3.7893549019220685e-06
0.6601132785520142 2.1465397136590898e-05
0.6926413178443269 2.1595650540811874e-06
0.7276923955502096 1.6402112374733447e-05
0.7905241888429948 4.3338815923777355e-06
0.816772232222035 2.4658813663627384e-06
0.8573700775667836 7.837244336172978e-05
0.874385781513996 2.9211408813644228e-05
0.8825987100908073 4.0744855336677254e-05
0.8889395781890891 1.0083811891072e-05
0.8971686817794805 8.543973494558984e-05
0.9085063679295302 5.538421637471529e-06
0.9145096167995675 4.6182975587538935e-05
0.9219261795262795 5.7464886634767705e-05
0.9341063012178968 9.273599820771402e-05
0.9419776722863749 7.84991884434856e-05
0.9539974010126595 4.1021628676741524e-05
0.9602624849405189 5.896078972211882e-05
0.9692749413282059 3.533427434249465e-05
0.9762645023467076 6.109919220533691e-06
0.9832675063002644 4.3867240244435814e-05
0.9921217544676303 8.076870645379776e-05
1.0064019491303906 9.198728846619904e-06
1.0152735469250596 9.6669335717969e-05
1.0222874787729175 2.290214465710306e-05
1.0322603962604386 2.766836942853081e-05
1.0457810157107028 2.0386161259312775e-05
1.0494540163602317 2.6135878792847956e-05
1.0571511977322745 5.027950932577783e-06
1.0847228804412419 7.1618895620488755e-06
1.0973154174993516 6.060917526311367e-07
1.1044656656965164 6.727694510058321e-05
1.1423044049468385 3.7101531077498528e-06
1.1733966686807111 1.5290847409545398e-05
1.185377417169946 9.892111216562405e-05
1.2087292960327662 2.634171314960082e-05
1.2156567226456338 4.692499111351794e-05
1.2264075315487355 1.3765330645779795e-05
1.2530958688410259 2.6828647200334457e-05
1.2677642966122509 8.641672518569865e-05
1.2847501355207014 2.261267378004853e-05
1.2880752648847626 1.3737488641061315e-05
1.3195903290511501 9.707896264600365e-07
1.32526491093784 5.3727049739799896e-06
1.3868573426373927 2.567305446961683e-05
1.4631026298603056 9.27337824207611e-05
