#kx=6.0, ky=6.0, Jx=1.0, Jy=1.0, Jz=1.0, h=0.0
0.03099796512234687 1.3473070675858098e-05
0.057620945824101155 3.754284296604771e-05
0.0693906817448725 0.00018174287604048748
0.08279124852642206 0.0002391280544927711
0.09519435741779103 1.5760637129321406e-05
0.15637499784376008 3.334363502424925e-06
0.16754150747813945 7.508842960680946e-05
0.18882356738066153 2.5584338486763294e-05
0.2150791149263015 9.126714872742489e-05
0.23926380670874492 1.3690533025081708e-05
0.2525643514471748 2.8318813277020888e-05
0.2604035761257212 8.819002580034098e-06
0.30194375180562283 2.136288946432804e-05
0.3053551829880291 0.0003514991330303798
0.3285769494749957 1.907085408062415e-05
0.33610739815592316 4.0384371097136e-06
0.3395815084048731 2.5569326990040532e-06
0.3427194339465589 8.450562951513935e-05
0.3506029854723014 5.703616402000537e-05
0.35261688100699407 1.6717964497292016e-05
0.35890211923145676 0.0001710028910317463
0.37323264185134375 2.4356531211352455e-05
0.40191360404176146 8.927499607505665e-05
0.41066794269355167 0.00013152186776651623
0.45827807015129784 3.555864407843884e-05
0.47470606145645244 5.572951910135028e-07
0.4925630333497638 5.814533088813473e-05
0.5059807731941718 2.6362919965831622e-05
0.5739120507626372 0.00013947576280344808
0.5826765958164709 7.091535135467801e-06
0.6404118448717372 8.734132511196152e-05
0.6550240326580697 0.00014323926334379114
0.7157253352583953 0.00013917245864467193
0.7717837987169085 0.0001239656397018402
0.8162390016233823 6.337482761823069e-07
0.847628732134737 3.545023773250245e-05
0.8706508206300689 4.079997056459e-05
0.8817622275296599 1.3562242934710927e-05
0.883005139406941 4.005563444092388e-05
0.8908985585852586 5.226631026901455e-05
0.8952588248678628 0.00012308414288705427
0.9111895476632997 3.006234792558056e-05
0.9190282336329286 9.675280519855899e-05
0.9296030697165175 2.7006667339872532e-05
0.9366916304347223 4.5448295438913116e-05
0.9508634943560068 3.231813702748974e-05
0.9595718084581573 9.28389472739696e-06
0.9712561748550402 1.1548882518912897e-05
0.977153307041021 8.691315476055725e-06
0.9819111017033177 3.916575774070235e-06
0.9950061520599085 0.00016534845483954743
1.0022815282014108 2.726969449531027e-05
1.0097690536475268 7.622711809909056e-06
1.0188517791443419 7.87547501283026e-06
1.0300012856869851 8.325582734254692e-05
1.0366542572430348 3.0173440748335287e-05
1.051649765402357 2.553987141709372e-06
1.0608075950618194 1.029321020468469e-05
1.073691005993172 6.063965280614931e-06
1.0942476581600409 7.516950293404899e-06
1.0999419600628273 2.785388610132183e-05
1.1416639372986852 8.270427375147604e-06
1.1564845661040195 8.376943601269823e-05
1.179862540785146 2.0536315241879978e-05
1.2006032326982707 7.269135761043947e-05
1.208988692823933 0.00012606276739581424
1.219111144624816 3.215250377861671e-05
1.2335623466072776 1.40803459154825e-05
1.2503462364917994 1.6692722665385346e-05
1.2818058899691547 2.2607826290735254e-06
1.2940441347470877 1.5081681746989826e-05
1.3243312791842738 0.00020284744665803565
1.3285307535341477 0.0001458819980414517
1.381955854223282 4.116481164933801e-06
1.4784641450508222 3.812917088376806e-05
#kx=4.0, ky=4.0, Jx=1.0, Jy=1.0, Jz=1.0, h=0.0
0.045665295108042736 5.341222756453593e-05
0.059016127285813624 0.00023817034211340822
0.07043172552314847 0.0001034075943939417
0.08576866146262241 0.0001017589447780177
0.10034190521198472 8.766345980183258e-06
0.16459795911021036 3.696348359124466e-06
0.17794067264306657 7.448099498174869e-05
0.19584038732587572 2.5559831310732367e-06
0.2253481846234301 7.65144631500512e-05
0.23872178848637682 3.0977077531932306e-07
0.2497441938533973 3.698095361598355e-05
0.2624254195330339 1.433911570620101e-05
0.3004764594338788 0.00015278524799672738
0.304010220705645 0.000253583521192877
0.33214263531242294 1.2673865670883398e-05
0.33523757292086565 2.2100371501453036e-05
0.33729323821438006 1.975943965643669e-05
0.3448633997900469 1.519976905878418e-05
0.35193678781461013 1.7139220155356283e-05
0.3539310727781908 5.4727787844837545e-05
0.3647556013484565 0.00016910657396540226
0.381519864365204 8.741721176622628e-06
0.4195723004782481 6.744219254823863e-05
0.4510702276380668 3.5396381118775954e-05
0.4747861785990043 6.14720606127096e-06
0.49629539593790906 2.543527421811108e-06
0.5319559717015809 8.841096257937483e-05
0.5726307491710919 6.214663118844154e-05
0.5837415012293101 0.0005711535277916306
0.6164343764117619 1.5305271813459527e-05
0.6451418855718555 0.00013096159783469876
0.6605717217404755 1.574587395671895e-06
0.684493562514723 3.6332073031709095e-05
0.7748127922599779 7.084735382883439e-05
0.8111974723096083 1.673517635978551e-06
0.8698108138951888 4.174314667545935e-05
0.8738434557803115 5.118320576838225e-06
0.880197470732717 2.2689532114551493e-05
0.885664969819619 4.9607792030624315e-05
0.8951688187654383 8.779936629125685e-06
0.9037425905344676 6.043118693345623e-05
0.9131577913706773 7.211759945122438e-05
0.9172269774823499 5.3395141166147266e-05
0.9267036319052541 7.058231849914798e-07
0.9339374587667665 1.90331484523586e-05
0.9489917336883252 7.011021606839879e-06
0.9588296556587467 1.7216483315722854e-05
0.972783599882599 3.817236453448599e-06
0.9766171262750445 3.4838486064454804e-06
0.982882208453405 2.87827114840053e-05
0.9899778168769241 3.3897946473324997e-06
1.0007208539044943 1.1411343374358117e-05
1.0044930659697076 2.750878667414121e-05
1.0140480279687085 1.4291584076898762e-05
1.0341037694993394 3.05402100503762e-05
1.039692986612949 8.418930882373132e-05
1.0553318021914877 1.667663491462022e-05
1.060876076385483 5.384787836933882e-05
1.0702068691036626 3.573005472484438e-05
1.095253233203088 7.520291715233661e-06
1.0995001958531208 3.168288414754942e-05
1.1447072125343567 1.4925806705675832e-05
1.1800362749701958 5.618620926726647e-05
1.1888267454340185 2.9466989014755203e-05
1.2001982913864484 6.32737864850397e-05
1.2166196317956823 2.7251931726570053e-05
1.2274715198992636 9.614875528626471e-07
1.2409752114938604 1.0619803662471165e-06
1.273864587773108 1.6771102538996987e-05
1.2846155370420953 1.651595083685152e-05
1.3117512109975378 1.3589967352894438e-05
1.32195527578669 2.1635600863931285e-05
1.334978609316397 0.0003628494314162258
1.3754149377973683 5.926270016495225e-05
1.4367283588498614 1.057272689713219e-05
#kx=2.0, ky=2.0, Jx=1.0, Jy=1.0, Jz=1.0, h=0.0
0.05000811153157758 9.66738000837504e-05
0.06729354953854627 0.00010513960818998306
0.07655892046256052 0.00017475407059928355
0.08444747570478917 3.6768967582793474e-05
0.10653286580665777 1.7789210187831277e-06
0.15972377309475316 5.6630730208816046e-05
0.17450397978443444 3.755776977042099e-05
0.1947613605321702 2.6830050835313093e-05
0.22576222895449083 7.070790868929852e-05
0.23807104866383766 5.06332131862833e-06
0.24542538818847548 4.030257183595355e-05
0.26153065224975125 4.16741725057547e-06
0.2902834892870382 8.559121381335226e-05
0.29984418040615746 3.41670533607502e-06
0.3038426770107022 0.0004714406074661329
0.33056057281832973 1.0047567194445483e-05
0.33396041185224157 1.3849908404025129e-05
0.33954765140554233 9.843141495691301e-05
0.34801059185032845 7.253720930103057e-05
0.3522822202727127 4.217917430332976e-05
0.35580444229699637 1.1503321561090887e-05
0.3680001536975108 4.1341344864934484e-05
0.3977461624465978 0.0001238087133032444
0.41877978492532164 3.6475598857870884e-05
0.4494712242604143 4.300733402238419e-05
0.4748025773331349 8.742571416567025e-06
0.49158987189990955 0.00010677587618693643
0.4975031304241334 6.120342899997198e-05
0.5626294987822972 0.00039343795946211073
0.5805596860451423 2.3467982890459456e-05
0.6041440161405115 0.00022663704425303845
0.6522526765221454 3.407645163255199e-05
0.6624165461004095 1.6159753484260145e-07
0.7170091540476509 4.8410542842118755e-05
0.7596966853449505 8.112904091782824e-05
0.8076469393361496 1.7253588399005384e-06
0.8734942398956802 2.2684339837833842e-06
0.8813815688296406 4.971436686434458e-05
0.8867468758998953 3.7647490726716045e-05
0.8905462691511423 8.386130014600371e-06
0.9002719431602113 3.591542731710508e-05
0.9056203172653243 9.411211083955396e-05
0.9169690061319186 1.8963780743438715e-05
0.9194765698056806 5.065279811557678e-05
0.9290467006389669 7.555386919218207e-05
0.935319340296743 1.018735331691216e-06
0.9563117277369282 6.028112643416303e-06
0.9654833335651697 1.9440798080263354e-05
0.9752745150349329 1.0571513449710664e-06
0.9887566515837215 5.2758080808376114e-06
0.9926485115367606 9.801936276117918e-05
0.9998128923332994 4.106329233286452e-06
1.0041897766423102 1.0129193758454575e-05
1.0122900631705294 3.623604676927736e-06
1.0339153952600721 7.843769434430416e-06
1.0496051533391104 5.286357126709281e-06
1.054853681452702 0.0001003150008630003
1.0715551354235338 1.942927283192228e-06
1.0844860615407286 9.107605259236351e-05
1.0980941229816992 4.416168578862819e-06
1.1115702943027062 0.00011106808023433434
1.1401982878012362 0.00013704599374399725
1.175494692797245 9.097792385675468e-05
1.1843465977770968 7.045379202794378e-06
1.1895012361455932 4.7676695915811286e-06
1.2062548553107004 4.695437317893062e-05
1.2241985364592929 7.32050317944349e-06
1.234320496202706 2.817104209593671e-05
1.237642842822837 5.462985794633524e-05
1.2708979789400083 9.053665339827262e-06
1.2867836390746623 1.985046115383335e-05
1.3121534189884572 3.6904914956890683e-06
1.33335091622242 7.854931982314114e-06
1.3562202396896461 6.483161958440952e-05
1.371558460444341 0.00021643897813171452
#kx=0.0, ky=0.0, Jx=1.0, Jy=1.0, Jz=1.0, h=0.0
-0.014250515013486953 0.00025777559472790946
0.05956218428624538 1.1499836164309778e-06
0.06609877774570061 0.000183205024518897
0.0872343244374274 8.136901326976404e-05
0.1009034960190508 4.1452780083690524e-05
0.10686500283162426 4.239428695928358e-06
0.15557985536620245 0.0001796985649198116
0.18186840313079988 5.250022391342943e-06
0.19859124889401225 5.071474551569058e-05
0.227588799172192 5.756265095053044e-05
0.23161651981622344 9.275208055830647e-05
0.24350432322091942 1.2162989232165073e-05
0.26196274767944117 7.154770478822455e-06
0.2798081085664744 0.00010365534061073681
0.2951098697768023 1.3311734052804508e-05
0.3052504443554971 0.0006796808621237009
0.3285691872438379 1.0806467842371912e-06
0.3330584496524497 1.795337213226948e-05
0.3386104353097996 2.9733959473154276e-05
0.34384480921706595 2.6355429583033372e-08
0.3464022302621328 1.1301394560830469e-05
0.3523624243468265 4.140072735654583e-05
0.3561117775413719 6.415228354831045e-05
0.36731656110431776 5.7253389837299224e-05
0.39560567063662067 6.765609165684794e-07
0.4159605569105046 0.0003243272299115666
0.42607569325846417 8.648285214309398e-05
0.46719430704594667 1.5777070191655756e-05
0.4708277849470549 1.9367435441086654e-06
0.4859119797871181 1.0045688806253745e-05
0.5396385212691523 0.00047400612357015136
0.5768466610428663 1.4107264301176238e-05
0.5863882227676936 4.341364781082499e-05
0.6305240314752869 0.00017986295695831232
0.7220399983670339 2.6622822672308707e-06
0.7427385752994109 5.133116706965724e-05
0.7693183024522343 0.00019307107305736583
0.8079639168013619 1.9415028517432136e-06
0.8647611810215966 2.3134715978288812e-05
0.8812623969419575 6.805007429392304e-05
0.8847751694408573 3.860002110909202e-05
0.8884257936846912 1.600732337761064e-05
0.8912639856517335 4.089315724798631e-06
0.90262272443906 5.539435073979077e-05
0.9115263426982873 1.1115945772787812e-05
0.9166100149804896 2.360542966540879e-05
0.9355047735107219 1.3854258312569913e-05
0.9384460838392306 1.8668132620450813e-05
0.9551983022052679 3.112340600897298e-05
0.9638729247433647 2.1785043841618194e-05
0.9739401927755148 1.347221393157714e-06
0.9852007077220337 1.0031277151034213e-05
0.9915318102774462 2.4059721607531603e-05
0.9964540022959678 2.350123873899892e-05
1.0012080948231779 7.636078085790854e-06
1.0097626203509962 1.0317468975550686e-05
1.0282017758746786 5.741007696280977e-06
1.0517300391154487 6.322148356896627e-05
1.0534337704373198 1.1611291329112192e-05
1.0741653329490215 1.1347537674523933e-05
1.0997808138323095 3.4143436689954027e-06
1.1063362165246242 1.128711042375909e-05
1.1445921719328482 0.00010811969571257826
1.1606477774616497 1.4591667411043647e-05
1.1796827489619366 7.384384981148667e-06
1.1915825202834118 3.136508001425657e-05
1.212965078517394 5.214352871625412e-06
1.2321906524942061 1.0776274301298123e-05
1.2416327294852092 4.900958864006081e-05
1.2701245190412214 2.0090091835185048e-05
1.2800230512109638 2.9840250851547093e-06
1.296433976931683 3.669601493122735e-05
1.3151208207264768 3.2557905942695557e-05
1.341502657581795 1.8084062271442324e-05
1.3504247224027521 0.00014372740282971188
1.3732976273621744 4.356040200014185e-05
#kx=2.0, ky=4.0, Jx=1.0, Jy=1.0, Jz=1.0, h=0.0
0.04479290217659804 8.15215898397877e-05
0.052890294812373284 0.00015640444272935718
0.07205458667010445 9.228579531679886e-05
0.08585502580197579 7.109372018492075e-05
0.11136380460074757 1.6432965776248157e-06
0.1539722461814813 4.6660069040308955e-05
0.17807013671435334 4.983166425185669e-05
0.1956157863977681 3.5741783855357634e-06
0.22458759845833065 8.108473531935786e-05
0.24002483061949575 4.604810137737239e-07
0.25002237451774934 2.533735082288108e-05
0.2622323290853579 1.0498602954111288e-05
0.300970233713293 0.00017215932820728296
0.3049588731690739 0.00036259769179045916
0.3293274762119963 9.08582149493186e-05
0.33420364385789825 3.4514543299623215e-05
0.33641234661812014 1.3403125667326e-05
0.34665095978682947 2.0958459790623603e-05
0.3523232389287645 1.5440167185022568e-05
0.3552849937272784 4.899969138714873e-05
0.3632041146797299 1.9316731760644967e-05
0.38490517756209763 8.096604616984933e-05
0.43319875424262966 4.966237049259468e-06
0.4514486819992847 4.1619156250307305e-05
0.47447104105715066 2.0755645903610108e-05
0.48865480946807427 7.128788316168716e-05
0.5124821745070318 0.00010950853890841821
0.5701230725589279 0.0004986857747221637
0.5736431534912295 0.00010819499533965975
0.5977860644164873 4.832197381758934e-05
0.6430579787472956 0.00012538878377604224
0.6602032728989471 6.840772191552058e-05
0.7158965455377508 0.00015461757173609736
0.7635951653636985 6.765779748789245e-06
0.8112146783997359 1.5735723559737695e-06
0.8700222554072212 1.556576237636176e-05
0.8773851560128032 2.898689508290466e-05
0.8827725231473599 7.039249186582812e-05
0.8880967025739589 1.5632180551788854e-06
0.8923410428571382 2.838410379207211e-05
0.9043327446685956 5.996706447155525e-05
0.9109639182199325 2.286998665613971e-05
0.9194824431241505 6.108268459571471e-05
0.92791041581616 1.061138381775241e-05
0.9327187239515278 6.800509234972013e-05
0.9512089147737524 3.5120318843955407e-06
0.959558176176124 3.98978009109371e-05
0.9731546574377709 1.6397721821924205e-07
0.9800059539105166 2.2501014403763964e-06
0.9886704169294858 1.525789065150045e-06
0.9990670189839423 1.3080692777408336e-05
1.0030955945332554 1.4645104389645341e-05
1.0092338356625186 0.00010176636899531565
1.0155910907911447 1.393601941283813e-07
1.033658126240674 2.819781501351778e-06
1.0570738755909381 1.4019079550712159e-05
1.0660145002703052 6.995384166988094e-05
1.0725354050927727 4.161685185363281e-05
1.0929478829007984 3.884845388307425e-06
1.096197696304556 1.0898239780038062e-06
1.114815495539336 6.435986171039722e-05
1.146922570857401 6.170402069523759e-05
1.181809514130402 5.488659124504367e-05
1.1908174911037162 5.574922756770195e-05
1.2020421634210388 4.6961014468020227e-05
1.2165974441358278 7.670678740943134e-06
1.229672949660206 1.655128145947065e-05
1.2403017384157267 3.9763984738078687e-07
1.2808869702197 5.013356473201207e-06
1.2899094298016216 3.069852340060222e-05
1.3166557795523177 2.3323076675976807e-05
1.3250577210571413 3.4149988283223e-05
1.3400377379578958 0.00021508941249416883
1.3717398193628538 0.00013318180048530045
1.3807850093360146 3.121720891352483e-05
#kx=4.0, ky=8.0, Jx=1.0, Jy=1.0, Jz=1.0, h=0.0
0.05294744043821298 9.442882452848282e-06
0.058772429417470184 2.4201771525135033e-05
0.08060444411698786 0.00017618198846480602
0.09213853821784745 8.468608880275079e-05
0.10285760389824206 4.0649151640532545e-05
0.16133290470549289 2.105112304495368e-05
0.18242371518808753 8.719213209896799e-06
0.20377151804760796 1.224811932114707e-05
0.22508906590702316 0.00012180498111664652
0.23513252078426528 7.702453179516339e-06
0.2489167475560239 4.5129175296729126e-05
0.2638738745706237 1.4539867603936288e-05
0.2969904647040428 6.881910968555418e-05
0.30194731768663163 0.00012352910114234538
0.3208795345243548 0.00017752554702293275
0.3276816906985053 7.055340508212013e-06
0.3424885424194929 2.9241324872793994e-05
0.3447440329705531 9.347074146232545e-06
0.3483475513470369 8.394682435496142e-05
0.3507133229721998 5.2472632351563346e-05
0.363752465902602 0.00017199070693858911
0.3875641490962789 2.1681307747461894e-05
0.4139897628072525 5.398059309240677e-05
0.43407135318329404 1.0364885977932745e-06
0.4737157102792017 4.218870114944914e-06
0.4856258459467716 7.863547830371928e-06
0.5026048354079193 0.0002520331824005538
0.517935253413907 1.3003460458444476e-05
0.5826093781686298 0.0003168788356789633
0.5867050760036341 2.555800867342617e-06
0.6218236362168189 0.00014784678473106768
0.6671933035157573 7.230726198251516e-05
0.7011923151433547 8.88319016079696e-05
0.7888646948287675 3.645912236604761e-06
0.8147306460552933 3.5025049967940953e-06
0.8557310842017929 1.8482048871310804e-05
0.8676432851574967 7.756585600691794e-05
0.8790161824486425 4.22058483763912e-06
0.8855175377583829 8.961798297382111e-06
0.8912109401335755 1.047223016072215e-05
0.9069131077633458 5.7472587187315374e-05
0.9108392268262522 1.0393597602660181e-05
0.9186303112164429 2.849316208426281e-05
0.9211095327777663 1.6743065244221188e-06
0.9370002222370055 2.6086163210251497e-05
0.9419376499219356 8.791832740809024e-05
0.9588508393857592 1.5398600964050822e-05
0.9639371342166414 6.041856791300371e-06
0.973297904215702 5.6390382259833415e-06
0.9752637745485393 2.8771000964483826e-05
0.9825957525273554 1.3232047672256957e-05
0.9976711867076127 3.687793822887189e-06
1.004706599173325 1.7705870217643785e-05
1.01220138728717 5.5235901937475915e-06
1.0255571074543057 8.351517548230375e-06
1.0319839696526718 1.228026700463409e-05
1.0474280632032518 4.249976646374557e-05
1.0512584549589854 7.548311571294925e-05
1.0780540240023813 3.630248741404898e-05
1.0980439786876006 9.29525508232442e-06
1.1035297783449098 4.1330447774570134e-05
1.144960272416769 1.5832900764688164e-05
1.1739309160786253 4.062221537417321e-05
1.1799235974506312 2.2878988198286198e-05
1.2089126698279045 3.2547545131908986e-05
1.2180334285559473 2.2076639361950827e-05
1.2314052120181822 4.4245882682603334e-05
1.24793391147908 5.197218554732535e-06
1.266173359075287 7.129170328853066e-05
1.2823188305909823 3.913786049319782e-06
1.296536167813015 5.311525108680657e-06
1.320735838280852 0.0002217784692882598
1.3314283802179383 0.0001608052376647578
1.3816944879166178 1.6058262786877708e-06
1.4295252787276485 8.961475141536416e-05
#kx=5.0, ky=7.0, Jx=1.0, Jy=1.0, Jz=1.0, h=0.0
0.04463089594979264 1.7889290857081087e-05
0.054389840576620774 1.537519445267059e-05
0.07023502154783368 0.0002039123768748588
0.08638136643993655 0.0001359471739621057
0.09786966307858358 3.571278250508674e-05
0.16199930675117047 5.234840881983519e-05
0.17784955282681925 7.484272824639355e-06
0.20057420109981738 3.1034875456056276e-05
0.22565942373805437 8.4714108812544e-05
0.23828836582007795 1.4059399743021035e-05
0.2510706935174106 3.692166943653879e-05
0.264485726014389 1.816699499304457e-05
0.300858198936817 7.228938564248783e-05
0.3045095234131928 0.0001654087033278444
0.32522209110139866 0.00010869004307396633
0.33009828905913363 3.9819790588408276e-05
0.34052570475046395 5.058164825931024e-05
0.34647833345390955 3.4604977835215776e-05
0.3480546362949699 3.421072308010819e-05
0.35144960871970443 7.004076986230448e-05
0.3600922200698242 0.00016587104508230722
0.38853336064105515 6.577548420995059e-07
0.41248051249024864 8.503787795982648e-05
0.4566511054550648 2.8097587694264336e-05
0.4729404675773613 7.722830614187324e-07
0.491085407025984 6.841239243439076e-06
0.5103538498663035 8.505671496631617e-05
0.5726934562216124 0.00010684649252929927
0.5831547653605396 0.00021426946603874026
0.5985999401793263 2.1281315905462964e-05
0.6601132785520142 0.00010656469609788406
0.6926413178443269 0.00018257188652938606
0.7276923955502096 0.0002261876271950451
0.7905241888429948 5.1260477906973415e-05
0.816772232222035 1.5063376894886174e-06
0.8573700775667836 7.548768249492785e-05
0.874385781513996 5.4591632757084935e-05
0.8825987100908073 1.590854730963653e-05
0.8889395781890891 3.241239654388088e-05
0.8971686817794805 6.547246476102249e-05
0.9085063679295302 5.2398995354789295e-05
0.9145096167995675 4.461127725461794e-05
0.9219261795262795 3.394071256885399e-05
0.9341063012178968 1.366454200213127e-05
0.9419776722863749 1.2936649771754308e-05
0.9539974010126595 5.556781304162435e-05
0.9602624849405189 1.5709326831569104e-05
0.9692749413282059 4.403253556321104e-06
0.9762645023467076 1.0215610827309258e-07
0.9832675063002644 1.762148188923166e-05
0.9921217544676303 3.8796281871422585e-05
1.0064019491303906 4.1248929627033585e-05
1.0152735469250596 9.623450671224488e-06
1.0222874787729175 4.24485098401134e-05
1.0322603962604386 2.1958393103317573e-05
1.0457810157107028 7.473583488930712e-05
1.0494540163602317 3.774856952442593e-05
1.0571511977322745 4.461795537180548e-05
1.0847228804412419 5.091977743696536e-06
1.0973154174993516 3.6406833379054542e-06
1.1044656656965164 5.5708760831160114e-05
1.1423044049468385 2.271610530580488e-06
1.1733966686807111 3.7658834436517025e-06
1.185377417169946 0.00010334737634860647
1.2087292960327662 1.6894581839026352e-05
1.2156567226456338 1.5755779617032323e-05
1.2264075315487355 5.864600903523888e-05
1.2530958688410259 1.4294832212067355e-05
1.2677642966122509 5.727456603648499e-07
1.2847501355207014 7.853117587957975e-06
1.2880752648847626 4.02768878510845e-06
1.3195903290511501 0.0003237395934131555
1.32526491093784 0.00012939946003527706
1.3868573426373927 1.345424498314578e-06
1.4631026298603056 4.5047446088612146e-05
