#kx=0.0, ky=0.0, Jx=1.0, Jy=1.0, Jz=1.0, h=0.0
-0.0008429015530896911 0.01055370268008793
-9.846032045533629e-05 6.112609716119688e-31
0.0005002000602350545 1.0837392208952895e-31
0.000720158002881544 7.054633157767502e-31
0.00094151983584892 0.0025682998514760147
0.0010850414008695447 2.0770024005514907e-30
0.0011054048558620676 7.224772337742519e-32
0.001174215229873538 9.795924151309694e-32
0.0013238923844032776 2.0712926958543388e-31
0.0013848169506269533 9.455398316525677e-31
0.0014146138015678122 6.482407672477644e-31
0.001427413282832155 2.1233884303579417e-30
0.001718718133238914 3.088529055832504e-31
0.0017839662109285866 6.371278241751129e-32
0.0018617081598025047 2.9655931790070493e-32
0.002089299691545811 8.4880108740371e-32
0.002544303840935166 0.0010731710637572037
0.002711767890472923 1.1817883028962822e-30
0.0030793587601226865 1.6971991836716978e-31
0.003750023527448538 0.008930034874280839
