0.000000000000000000e+00 5.659509717819721786e-01 1.830612699412147160e-02 -4.069591685579975193e-01 3.470072183249481995e-02 -6.027634779407599064e-01 -3.060876007612996219e-02 -3.892830570109289123e-01 3.951909890200102846e-03 0.000000000000000000e+00 -8.457964844469782750e-02 0.000000000000000000e+00 3.850326049464101313e-02 0.000000000000000000e+00 -3.909452553256299867e-02 1.000000000000762945e+00 5.516392156047008832e+00 2.337546246925271909e+00 3.757864699338249626e+00 6.716023091104718068e-01
-5.042016806722688510e-03 5.489742846945966370e-01 1.777695014256351624e-02 -4.053514156797773937e-01 1.206696924239479031e-02 -6.144895905003117109e-01 -3.702700335555646205e-02 -3.998573285663908905e-01 5.023462614511980603e-03 0.000000000000000000e+00 -1.301295328129555007e-02 0.000000000000000000e+00 2.891343601879217337e-02 0.000000000000000000e+00 -1.711225224073587362e-02 1.000555214397260473e+00 5.510243355796602849e+00 2.303226133179623769e+00 3.625303291132884187e+00 5.296007507357021193e-01
-1.008403361344537702e-02 5.476755081060399322e-01 1.388955084566800662e-02 -4.065128019259607872e-01 1.522699481586065225e-02 -6.125577557842756260e-01 -3.768923550462012495e-02 -4.031956771317505295e-01 5.549894429870166901e-03 0.000000000000000000e+00 -1.608932516873666507e-02 0.000000000000000000e+00 2.800052830069554161e-02 0.000000000000000000e+00 -1.766620350348830151e-02 1.001016796231154471e+00 5.525800291844269907e+00 2.307866544014586463e+00 3.616052979409496881e+00 5.238828897203553492e-01
-1.512605042016806553e-02 5.474963418599708698e-01 1.667967212421346199e-02 -4.077726683544850017e-01 1.653875166988745191e-02 -6.125223633090225439e-01 -3.847351294561623947e-02 -4.016632695979780454e-01 4.612263740696059301e-03 0.000000000000000000e+00 -1.771017181206211571e-02 0.000000000000000000e+00 2.696650192377175043e-02 0.000000000000000000e+00 -1.600370176514756201e-02 1.001190456805067130e+00 5.527555553362079266e+00 2.307253990994786896e+00 3.615279695832111173e+00 5.240601036279776137e-01
-2.016806722689075404e-02 5.479711819361970937e-01 1.496100310342192083e-02 -4.093482248194013629e-01 1.626876745315222403e-02 -6.127743412236199561e-01 -3.803791972987367181e-02 -3.993604602153436045e-01 2.582155141784368575e-03 0.000000000000000000e+00 -1.781794224984904404e-02 0.000000000000000000e+00 2.636470367899986650e-02 0.000000000000000000e+00 -1.630603200016919954e-02 1.001554258080309179e+00 5.526547449172665161e+00 2.305740600139110974e+00 3.615657502981889593e+00 5.248141849084466681e-01
-2.521008403361344255e-02 5.480992064833056787e-01 1.420137918818280796e-02 -4.097541383675002979e-01 1.616264282957297418e-02 -6.129324967708502658e-01 -3.797142291286065285e-02 -3.986766407040250870e-01 2.220756622353440863e-03 0.000000000000000000e+00 -1.780419825515207333e-02 0.000000000000000000e+00 2.612018143544698676e-02 0.000000000000000000e+00 -1.638180351903641141e-02 1.001698294774424181e+00 5.526359751572700318e+00 2.305497646297954173e+00 3.615385264917785335e+00 5.246574984009328979e-01
-3.025210084033613106e-02 5.480937317267156050e-01 1.476592374231247562e-02 -4.095337719465279025e-01 1.622625874785235678e-02 -6.128051324893311058e-01 -3.792608564506948221e-02 -3.990525592585263959e-01 2.367398976314584024e-03 0.000000000000000000e+00 -1.780791081592883462e-02 0.000000000000000000e+00 2.611261638538572502e-02 0.000000000000000000e+00 -1.631031337528171879e-02 1.001732102658287937e+00 5.526586557589895143e+00 2.305792116391477187e+00 3.615294317850669792e+00 5.245745545981096436e-01
-3.529411764705882304e-02 5.480959548509812818e-01 1.484048488693281119e-02 -4.095289122407930194e-01 1.627853619136437544e-02 -6.127812109036531174e-01 -3.793222252929324273e-02 -3.990945745225049079e-01 2.360633137600382913e-03 0.000000000000000000e+00 -1.780867426463596942e-02 0.000000000000000000e+00 2.608436723781602448e-02 0.000000000000000000e+00 -1.622324506083864734e-02 1.001773225592844430e+00 5.526735796207600693e+00 2.306029668371046615e+00 3.615063429487286317e+00 5.243514781240389278e-01
-4.033613445378150808e-02 5.480991949562791232e-01 1.483069262088597753e-02 -4.095325641209523471e-01 1.628175680465628744e-02 -6.127865958943977676e-01 -3.792882659763287950e-02 -3.990803780247199062e-01 2.352877945947961635e-03 0.000000000000000000e+00 -1.780826888690633172e-02 0.000000000000000000e+00 2.607797231233789995e-02 0.000000000000000000e+00 -1.622420086125321223e-02 1.001786130580552214e+00 5.526734998371679808e+00 2.306016560853589414e+00 3.615061153904515212e+00 5.243514375926848770e-01
-4.537815126050419312e-02 5.481024820118436391e-01 1.482029624718372331e-02 -4.095363569172769114e-01 1.628482700341625858e-02 -6.127919603354122779e-01 -3.792526614431909748e-02 -3.990661212101139221e-01 2.344888601699808735e-03 0.000000000000000000e+00 -1.780781479772989770e-02 0.000000000000000000e+00 2.607155933341208723e-02 0.000000000000000000e+00 -1.622518773620970980e-02 1.001801758623619198e+00 5.526733933360383766e+00 2.306003606882295554e+00 3.615058704122654731e+00 5.243513069848428909e-01
-5.042016806722688510e-02 5.481058126382870599e-01 1.480935294440042897e-02 -4.095402711784027483e-01 1.628774890555452839e-02 -6.127973017891086283e-01 -3.792154508805629931e-02 -3.990518232109646068e-01 2.336689873925987000e-03 0.000000000000000000e+00 -1.780731507037395731e-02 0.000000000000000000e+00 2.606513340869410708e-02 0.000000000000000000e+00 -1.622620120402725602e-02 1.001820100758964882e+00 5.526732615128794102e+00 2.305990803939407030e+00 3.615056091234357449e+00 5.243510925920178423e-01
-5.546218487394957708e-02 5.481091836020608454e-01 1.479791532628065703e-02 -4.095442881004539015e-01 1.629052438612763748e-02 -6.128026182750346829e-01 -3.791766682947046024e-02 -3.990375022783863579e-01 2.328305126808922869e-03 0.000000000000000000e+00 -1.780677237681215636e-02 0.000000000000000000e+00 2.605869957943982712e-02 0.000000000000000000e+00 -1.622723686918239872e-02 1.001841148389715608e+00 5.526731056276195986e+00 2.305978149650283804e+00 3.615053326602045036e+00 5.243508013310842486e-01
-6.050420168067226212e-02 5.481125917986087170e-01 1.478603168300292835e-02 -4.095483894690110094e-01 1.629315509693673308e-02 -6.128079082428988800e-01 -3.791363428102607902e-02 -3.990231758622617697e-01 2.319756393950594010e-03 0.000000000000000000e+00 -1.780618902305942247e-02 0.000000000000000000e+00 2.605226283614692565e-02 0.000000000000000000e+00 -1.622829039364509160e-02 1.001864893195765882e+00 5.526729268139686901e+00 2.305965641785642450e+00 3.615050421831101257e+00 5.243504407131147627e-01
-6.554621848739494716e-02 5.481160342374444827e-01 1.477374621505505442e-02 -4.095525576057219008e-01 1.629564248316532626e-02 -6.128131705465749146e-01 -3.790944989409211069e-02 -3.990088606849965247e-01 2.311064451946268430e-03 0.000000000000000000e+00 -1.780556697988886633e-02 0.000000000000000000e+00 2.604582813271806574e-02 0.000000000000000000e+00 -1.622935747252434238e-02 1.001891327055490777e+00 5.526727260879621184e+00 2.305953278263796147e+00 3.615047388749136559e+00 5.243500188162310005e-01
-7.058823529411764608e-02 5.481195080289621435e-01 1.476109925873866739e-02 -4.095567753202445926e-01 1.629798779818140628e-02 -6.128184044200178926e-01 -3.790511568373048507e-02 -3.989945728069843600e-01 2.302248891904438554e-03 0.000000000000000000e+00 -1.780490790981315019e-02 0.000000000000000000e+00 2.603940039930524586e-02 0.000000000000000000e+00 -1.623043381344466823e-02 1.001920441977848242e+00 5.526725043556658612e+00 2.305941057150473039e+00 3.615044239391830949e+00 5.243495442636021409e-01
-7.563025210084033112e-02 5.481230103728316205e-01 1.474812750142266184e-02 -4.095610258667076731e-01 1.630019211623909975e-02 -6.128236094547553359e-01 -3.790063325156099033e-02 -3.989803276854668179e-01 2.293328188751251034e-03 0.000000000000000000e+00 -1.780421319062160460e-02 0.000000000000000000e+00 2.603298455376584081e-02 0.000000000000000000e+00 -1.623151511933823218e-02 1.001952230044130143e+00 5.526722624201528156e+00 2.305928976657649176e+00 3.615040985993720479e+00 5.243490262053351891e-01
-8.067226890756301616e-02 5.481265385479143770e-01 1.473486418559129089e-02 -4.095652929051830093e-01 1.630225634347697711e-02 -6.128287855796658024e-01 -3.789600380700416243e-02 -3.989661402251409861e-01 2.284319767194180513e-03 0.000000000000000000e+00 -1.780348393592375705e-02 0.000000000000000000e+00 2.602658551196114500e-02 0.000000000000000000e+00 -1.623259707438476709e-02 1.001986683358593311e+00 5.526720009876820328e+00 2.305917035139653848e+00 3.615037640984593015e+00 5.243484743050815799e-01
-8.571428571428570120e-02 5.481354809171596898e-01 1.470081948829607237e-02 -4.095760986788166136e-01 1.630691333517994210e-02 -6.128415883678598464e-01 -3.788396281542691368e-02 -3.989307985922326272e-01 2.261455831197506112e-03 0.000000000000000000e+00 -1.780155126912228228e-02 0.000000000000000000e+00 2.601060185114372272e-02 0.000000000000000000e+00 -1.623537748455084612e-02 1.002079178347360378e+00 5.526712744680126299e+00 2.305887740788060025e+00 3.615028808899624302e+00 5.243468328624496522e-01
-9.075630252100838624e-02 5.481576190026241635e-01 1.461690385237669927e-02 -4.096027000017419262e-01 1.631571978319953237e-02 -6.128714097393627158e-01 -3.785322104970330337e-02 -3.988465960265701882e-01 2.205298947829324209e-03 0.000000000000000000e+00 -1.779652749930880906e-02 0.000000000000000000e+00 2.597214319204476513e-02 0.000000000000000000e+00 -1.624272556886829921e-02 1.002314101105100885e+00 5.526691967263134053e+00 2.305820400772859546e+00 3.615004813826539820e+00 5.243409742735648527e-01
-9.579831932773108516e-02 5.481941118291875359e-01 1.448632661068765745e-02 -4.096438442407899228e-01 1.632383325428321888e-02 -6.129158561189917975e-01 -3.780050404211522663e-02 -3.987175340734714912e-01 2.116277359207159418e-03 0.000000000000000000e+00 -1.778799129768573323e-02 0.000000000000000000e+00 2.591143764942908587e-02 0.000000000000000000e+00 -1.625585855389248199e-02 1.002701312160762415e+00 5.526652067557806802e+00 2.305721614812324738e+00 3.614960560457119332e+00 5.243270101374039038e-01
-1.008403361344537702e-01 5.482737565457735940e-01 1.424949153566441688e-02 -4.097111847682403662e-01 1.632359462225219451e-02 -6.129997970264644547e-01 -3.767882940258616281e-02 -3.984748278216094231e-01 1.943220718660531319e-03 0.000000000000000000e+00 -1.776955784286591081e-02 0.000000000000000000e+00 2.578726438768318835e-02 0.000000000000000000e+00 -1.628593155338114648e-02 1.003524051594485655e+00 5.526551335420347932e+00 2.305541126636282634e+00 3.614854073994128392e+00 5.242868608423312260e-01
-1.058823529411764552e-01 5.483974833578034724e-01 1.399287237359688948e-02 -4.097374341248034013e-01 1.629678219790056670e-02 -6.131154319007517950e-01 -3.747408253462411465e-02 -3.981896539136991486e-01 1.730115502180413307e-03 0.000000000000000000e+00 -1.774113986385092781e-02 0.000000000000000000e+00 2.560938203181975861e-02 0.000000000000000000e+00 -1.632874207879039807e-02 1.004744216942043966e+00 5.526369268810625179e+00 2.305321435901121596e+00 3.614689400422047783e+00 5.242276338507294575e-01
-1.109243697478991542e-01 5.483994932082961737e-01 1.398974689483119954e-02 -4.097368428869684331e-01 1.629616913605020506e-02 -6.131172258750459125e-01 -3.747046198530128158e-02 -3.981860951338880295e-01 1.727259096400255486e-03 0.000000000000000000e+00 -1.774063934550624416e-02 0.000000000000000000e+00 2.560661648695322298e-02 0.000000000000000000e+00 -1.632931346909264822e-02 1.004764576796061126e+00 5.526366086635918329e+00 2.305318345467876728e+00 3.614687067028277134e+00 5.242270884865790626e-01
-1.159663865546218392e-01 5.483969371590422526e-01 1.406786390454046153e-02 -4.097039991540872839e-01 1.630231653744909290e-02 -6.131015330048487089e-01 -3.746167279447850523e-02 -3.982384565255709941e-01 1.754551614804116064e-03 0.000000000000000000e+00 -1.774042918498632340e-02 0.000000000000000000e+00 2.560970514851803811e-02 0.000000000000000000e+00 -1.632378530643462805e-02 1.004790165255568635e+00 5.526391531883415809e+00 2.305332777889052220e+00 3.614702249178665561e+00 5.242415061941072540e-01
-1.210084033613445242e-01 3.060461622437538748e-02 5.679293911157807795e-01 -9.012250311927413882e-03 7.546765512561692812e-01 2.357444393281100392e-01 -5.617861383558125921e-01 1.081569936991919403e-02 4.339086205073872660e-01 0.000000000000000000e+00 -3.801352365140352463e-01 0.000000000000000000e+00 2.177881359073949863e-01 0.000000000000000000e+00 1.806698682087121421e-01 2.069382789228365027e+01 1.513533666025719349e+01 -6.408145511373045444e+00 1.098460387475023481e+01 -1.242563465703700132e+01
-1.260504201680672232e-01 3.060039900302452195e-02 5.675620057538286467e-01 -1.008273289218039777e-02 7.547637207358732780e-01 2.357325353425555325e-01 -5.619984475836998783e-01 1.035251934477539847e-02 4.339163532072251583e-01 0.000000000000000000e+00 -3.802424119619917109e-01 0.000000000000000000e+00 2.177775551504324836e-01 0.000000000000000000e+00 1.810846410273215246e-01 2.069381001261996644e+01 1.513533676274576045e+01 -6.400172846897458356e+00 1.098460387475023481e+01 -1.242563531420529976e+01
-1.310924369747898943e-01 3.059611042343351323e-02 5.671903719057652671e-01 -1.116191087095304117e-02 7.548506476355015815e-01 2.357220682054054217e-01 -5.622115381739373197e-01 9.886317503386057165e-03 4.339230289477514213e-01 0.000000000000000000e+00 -3.803498518789810157e-01 0.000000000000000000e+00 2.177670922462709713e-01 0.000000000000000000e+00 1.815029375238433051e-01 2.069379109473441147e+01 1.513533686664962019e+01 -6.392112062270795647e+00 1.098460387475023481e+01 -1.242563597267348463e+01
-1.361344537815125932e-01 3.059174694818433266e-02 5.668143580502080781e-01 -1.224996361558568399e-02 7.549372745380145133e-01 2.357130383750391522e-01 -5.624254102056517324e-01 9.416975613330200168e-03 4.339286740549910260e-01 0.000000000000000000e+00 -3.804575415162743668e-01 0.000000000000000000e+00 2.177567259735786187e-01 0.000000000000000000e+00 1.819248147706282182e-01 2.069377112810519748e+01 1.513533697200240447e+01 -6.383961852109011126e+00 1.098460387475023481e+01 -1.242563663247558559e+01
-1.411764705882352922e-01 3.058730577303796910e-02 5.664338533726180902e-01 -1.334703581860992305e-02 7.550235693681853766e-01 2.357054562429096722e-01 -5.626400532881502548e-01 8.944418712267117669e-03 4.339332910818651801e-01 0.000000000000000000e+00 -3.805654632658294623e-01 0.000000000000000000e+00 2.177464410689741448e-01 0.000000000000000000e+00 1.823503172930612259e-01 2.069375012060204000e+01 1.513533707883704515e+01 -6.375720921989924683e+00 1.098460387475023481e+01 -1.242563729362438352e+01
-1.462184873949579633e-01 3.058278492266086265e-02 5.660487533477127631e-01 -1.445324441151705011e-02 7.551095309305978498e-01 2.356993370849983782e-01 -5.628554518795427786e-01 8.468607347559364493e-03 4.339368691865872485e-01 0.000000000000000000e+00 -3.806736035845375010e-01 0.000000000000000000e+00 2.177362267324007838e-01 0.000000000000000000e+00 1.827794807516222864e-01 2.069372808801078634e+01 1.513533718718312748e+01 -6.367388217294332797e+00 1.098460387475023481e+01 -1.242563795613398092e+01
-1.512605042016806622e-01 3.057818345009111205e-02 5.656589711679432808e-01 -1.556867419937603587e-02 7.551951879044178639e-01 2.356946999720289093e-01 -5.630715915881459033e-01 7.989541299089880644e-03 4.339393802612814266e-01 0.000000000000000000e+00 -3.807819529180575535e-01 0.000000000000000000e+00 2.177260759334539442e-01 0.000000000000000000e+00 1.832123302247117003e-01 2.069370504179867254e+01 1.513533729706888842e+01 -6.358962766639122854e+00 1.098460387475023481e+01 -1.242563862001135888e+01
-1.563025210084033334e-01 3.057349780028961045e-02 5.652643645055530630e-01 -1.669350808713930198e-02 7.552804946792349705e-01 2.356915446022490868e-01 -5.632884669612359119e-01 7.507111792871888276e-03 4.339408436874028219e-01 0.000000000000000000e+00 -3.808904949179936494e-01 0.000000000000000000e+00 2.177159652867412531e-01 0.000000000000000000e+00 1.836489179501663571e-01 2.069368095362503723e+01 1.513533740853002207e+01 -6.350443289298324245e+00 1.098460387475023481e+01 -1.242563928528163864e+01
-1.613445378151260323e-01 3.056872870983056573e-02 5.648648763227499536e-01 -1.782777774215252645e-02 7.553655253546881498e-01 2.356899036485070320e-01 -5.635060629449494263e-01 7.021381502260054010e-03 4.339412077365226161e-01 0.000000000000000000e+00 -3.809992238386207819e-01 0.000000000000000000e+00 2.177058993729205361e-01 0.000000000000000000e+00 1.840892578311367211e-01 2.069365583576966827e+01 1.513533752159276347e+01 -6.341828891281426017e+00 1.098460387475023481e+01 -1.242563995193804338e+01
-1.663865546218487312e-01 3.056387504111897704e-02 5.644604114695688235e-01 -1.897157922920611819e-02 7.554503053754249020e-01 2.356897945325422683e-01 -5.637243678684680237e-01 6.532342407973477927e-03 4.339404449526125807e-01 0.000000000000000000e+00 -3.811081292447004998e-01 0.000000000000000000e+00 2.176958695771785968e-01 0.000000000000000000e+00 1.845333789147118042e-01 2.069362969434272159e+01 1.513533763628916518e+01 -6.333118462934945292e+00 1.098460387475023481e+01 -1.242564061999234148e+01
-1.714285714285714024e-01 3.055893554012659163e-02 5.640508695495571878e-01 -2.012501878045523315e-02 7.555348562813158919e-01 2.356912340236526904e-01 -5.639433730250658083e-01 6.039976115879908819e-03 4.339385331825951764e-01 0.000000000000000000e+00 -3.812172004580800522e-01 0.000000000000000000e+00 2.176858662570573810e-01 0.000000000000000000e+00 1.849813144058640446e-01 2.069360253296213159e+01 1.513533775265256587e+01 -6.324310848492446624e+00 1.098460387475023481e+01 -1.242564128945747015e+01
-1.764705882352941013e-01 3.055390692702928887e-02 5.636361026602991764e-01 -2.128827612930904098e-02 7.556191456038227061e-01 2.356942273335970173e-01 -5.641630714564536131e-01 5.544184566548393013e-03 4.339354853500350107e-01 0.000000000000000000e+00 -3.813264224206960318e-01 0.000000000000000000e+00 2.176758691233645071e-01 0.000000000000000000e+00 1.854331197456152713e-01 2.069357433900382404e+01 1.513533787072125669e+01 -6.315404760236635440e+00 1.098460387475023481e+01 -1.242564196036858348e+01
-1.815126050420167725e-01 3.054878555519557892e-02 5.632159592623442457e-01 -2.246153508784054856e-02 7.557031314588392723e-01 2.356987822787678655e-01 -5.643834497377955284e-01 5.044864457537598552e-03 4.339313155521291598e-01 0.000000000000000000e+00 -3.814357759785241275e-01 0.000000000000000000e+00 2.176658581372047929e-01 0.000000000000000000e+00 1.858888516717522865e-01 2.069354510541913683e+01 1.513533799053582918e+01 -6.306398809606451827e+00 1.098460387475023481e+01 -1.242564263275392555e+01
-1.865546218487394714e-01 3.054357236889239380e-02 5.627903830523585116e-01 -2.364482054775697215e-02 7.557869008287033674e-01 2.357049332626939830e-01 -5.646044905444657092e-01 4.542090897815196683e-03 4.339259590196192229e-01 0.000000000000000000e+00 -3.815452541404980025e-01 0.000000000000000000e+00 2.176558358391931236e-01 0.000000000000000000e+00 1.863485191056008516e-01 2.069351485599028351e+01 1.513533811212825775e+01 -6.297291918994257998e+00 1.098460387475023481e+01 -1.242564330660220584e+01
-1.915966386554621703e-01 3.053826624884577179e-02 5.623592678302209436e-01 -2.483823416558500821e-02 7.558704854651586702e-01 2.357127006200104014e-01 -5.648261810872041710e-01 4.035855029976416833e-03 4.339193878610565491e-01 0.000000000000000000e+00 -3.816548462530197638e-01 0.000000000000000000e+00 2.176457928827131294e-01 0.000000000000000000e+00 1.868121539064776515e-01 2.069348359467709741e+01 1.513533823553562385e+01 -6.288082888588475861e+00 1.098460387475023481e+01 -1.242564398192794606e+01
-1.966386554621848415e-01 3.053286288251379210e-02 5.619224379971277106e-01 -2.604198990673400535e-02 7.559538290113664294e-01 2.357220867162434785e-01 -5.650485112675214250e-01 3.526023317799201542e-03 4.339116280145243199e-01 0.000000000000000000e+00 -3.817645328676433358e-01 0.000000000000000000e+00 2.176357034822667402e-01 0.000000000000000000e+00 1.872798223188129607e-01 2.069345130159289425e+01 1.513533836080340755e+01 -6.278770234190140798e+00 1.098460387475023481e+01 -1.242564465877683055e+01
-2.016806722689075404e-01 3.052736051288204577e-02 5.614797722618934950e-01 -2.725620842772830815e-02 7.560369482159470245e-01 2.357331129370268119e-01 -5.652714634414564010e-01 3.012568358193204888e-03 4.339026592562639228e-01 0.000000000000000000e+00 -3.818742993314233058e-01 0.000000000000000000e+00 2.176255566508334405e-01 0.000000000000000000e+00 1.877515623335318240e-01 2.069341798488983386e+01 1.513533848797252723e+01 -6.269352651662279285e+00 1.098460387475023481e+01 -1.242564533715935760e+01
-2.067226890756302393e-01 3.052175788606970724e-02 5.610311569452202107e-01 -2.848100065595803379e-02 7.561198740726539080e-01 2.357458029475267836e-01 -5.654950221181807013e-01 2.495478435861387973e-03 4.338924544618218415e-01 0.000000000000000000e+00 -3.819841333675388362e-01 0.000000000000000000e+00 2.176153427354503844e-01 0.000000000000000000e+00 1.882274094834528455e-01 2.069338365837056060e+01 1.513533861708450878e+01 -6.259828829174961307e+00 1.098460387475023481e+01 -1.242564601708990324e+01
-2.117647058823529105e-01 3.051604986960437804e-02 5.605764060999913756e-01 -2.971660347422886914e-02 7.562025353607947364e-01 2.357601653384195084e-01 -5.657191586212654277e-01 1.974601153785219675e-03 4.338810437408267551e-01 0.000000000000000000e+00 -3.820940065535023966e-01 0.000000000000000000e+00 2.176050316238134774e-01 0.000000000000000000e+00 1.887074345064524983e-01 2.069334832824768355e+01 1.513533874818855196e+01 -6.250197360819244707e+00 1.098460387475023481e+01 -1.242564669864074212e+01
-2.168067226890756094e-01 3.051023216654387069e-02 5.601153324803387346e-01 -3.096322920308783658e-02 7.562848808291527947e-01 2.357762064182039041e-01 -5.659438589562399979e-01 1.449812869822888822e-03 4.338684508345694857e-01 0.000000000000000000e+00 -3.822038998042129321e-01 0.000000000000000000e+00 2.175945982870446660e-01 0.000000000000000000e+00 1.891917047504117488e-01 2.069331196501715908e+01 1.513533888133676619e+01 -6.240456576897991603e+00 1.098460387475023481e+01 -1.242564738184130313e+01
-2.218487394957983083e-01 3.050430250946067207e-02 5.596477880839741958e-01 -3.222101398363699104e-02 7.563669201123648378e-01 2.357939411552029962e-01 -5.661691084607539670e-01 9.210709381219781737e-04 4.338546603084882936e-01 0.000000000000000000e+00 -3.823137981934757179e-01 0.000000000000000000e+00 2.175840274943119657e-01 0.000000000000000000e+00 1.896802618144543540e-01 2.069327456158994849e+01 1.513533901657829261e+01 -6.230604952396333829e+00 1.098460387475023481e+01 -1.242564806669708055e+01
-2.268907563025209795e-01 3.049826180067023718e-02 5.591736999231113892e-01 -3.348999798171771458e-02 7.564487519533381610e-01 2.358134146789489793e-01 -5.663948875162577723e-01 3.884465790285149419e-04 4.338395976779554908e-01 0.000000000000000000e+00 -3.824236886438034944e-01 0.000000000000000000e+00 2.175733244320532944e-01 0.000000000000000000e+00 1.901731241309231046e-01 2.069323614107496212e+01 1.513533915395675677e+01 -6.220641043885463795e+00 1.098460387475023481e+01 -1.242564875318973883e+01
-2.319327731092436784e-01 3.049211414220112312e-02 5.586930548730619783e-01 -3.477011412645505950e-02 7.565305600127948393e-01 2.358346831021432555e-01 -5.666211812962800298e-01 -1.478676838452961306e-04 4.338231434567033640e-01 0.000000000000000000e+00 -3.825335751051302524e-01 0.000000000000000000e+00 2.175625072852975794e-01 0.000000000000000000e+00 1.906702754196733240e-01 2.069319675864101171e+01 1.513533929351083174e+01 -6.210563632668833378e+00 1.098460387475023481e+01 -1.242564944126887383e+01
-2.369747899159663496e-01 3.048585248821681498e-02 5.582055691464394842e-01 -3.606165839430994224e-02 7.566122346105585983e-01 2.358577724749038595e-01 -5.668479327942175239e-01 -6.881106701086587988e-04 4.338053970927598368e-01 0.000000000000000000e+00 -3.826434432245793826e-01 0.000000000000000000e+00 2.175515429016543767e-01 0.000000000000000000e+00 1.911718255785531118e-01 2.069315633829199541e+01 1.513533943529072090e+01 -6.200371939080051575e+00 1.098460387475023481e+01 -1.242565013109637917e+01
-2.420168067226890485e-01 3.047946685715299114e-02 5.577108839134251594e-01 -3.736501033976316610e-02 7.566935928336109285e-01 2.358827145920882051e-01 -5.670750572015818003e-01 -1.232627568550057973e-03 4.337865176065883177e-01 0.000000000000000000e+00 -3.827532720694221124e-01 0.000000000000000000e+00 2.175403870631934522e-01 0.000000000000000000e+00 1.916779208535864532e-01 2.069311470188957358e+01 1.513533957934708241e+01 -6.190065542750859962e+00 1.098460387475023481e+01 -1.242565082288653144e+01
-2.470588235294117474e-01 3.047297935032102639e-02 5.572095457936647733e-01 -3.867964810980455831e-02 7.567752598566547251e-01 2.359094353961013191e-01 -5.673028239995542288e-01 -1.780522985118005060e-03 4.337658687189045459e-01 0.000000000000000000e+00 -3.828630385090404098e-01 0.000000000000000000e+00 2.175290851380933810e-01 0.000000000000000000e+00 1.921882906459394247e-01 2.069307248091791607e+01 1.513533972577917908e+01 -6.179636937330526436e+00 1.098460387475023481e+01 -1.242565151597058914e+01
-2.521008403361344463e-01 3.046636174644022990e-02 5.567006373317070489e-01 -4.000646370106863275e-02 7.568566051353532442e-01 2.359380442440442982e-01 -5.675309306571169055e-01 -2.332861893323576012e-03 4.337440901262554771e-01 0.000000000000000000e+00 -3.829727350396497920e-01 0.000000000000000000e+00 2.175175499208420182e-01 0.000000000000000000e+00 1.927033290113654429e-01 2.069302901755515478e+01 1.513533987460454711e+01 -6.169090592626236713e+00 1.098460387475023481e+01 -1.242565221112858787e+01
-2.571428571428571175e-01 3.045963411384408279e-02 5.561847156177497364e-01 -4.134496868499408506e-02 7.569382041365196878e-01 2.359684922453717248e-01 -5.677596114552257989e-01 -2.888805512730364174e-03 4.337205169942069949e-01 0.000000000000000000e+00 -3.830823091945543268e-01 0.000000000000000000e+00 2.175058364706422553e-01 0.000000000000000000e+00 1.932227989033369342e-01 2.069298500138856411e+01 1.513534002593201144e+01 -6.158418552569228765e+00 1.098460387475023481e+01 -1.242565290777772447e+01
-2.621848739495797886e-01 3.045278234585569593e-02 5.556612790631062504e-01 -4.269566476124538740e-02 7.570197703082913732e-01 2.360008552853095909e-01 -5.679887074369212030e-01 -3.448852517260800679e-03 4.336954539003133879e-01 0.000000000000000000e+00 -3.831917441493429277e-01 0.000000000000000000e+00 2.174938919201947762e-01 0.000000000000000000e+00 1.937469035986834065e-01 2.069294009002103962e+01 1.513534017981093172e+01 -6.147621487288168929e+00 1.098460387475023481e+01 -1.242565360618752557e+01
-2.672268907563025153e-01 3.044580323361161661e-02 5.551301185481577471e-01 -4.405872538941719291e-02 7.571013106978226048e-01 2.360351391466325721e-01 -5.682181993589358049e-01 -4.013062278514658784e-03 4.336688995478515940e-01 0.000000000000000000e+00 -3.833010271361697030e-01 0.000000000000000000e+00 2.174816863882604312e-01 0.000000000000000000e+00 1.942756842023317110e-01 2.069289425194082455e+01 1.513534033631336406e+01 -6.136697410804394792e+00 1.098460387475023481e+01 -1.242565430634380341e+01
-2.722689075630251865e-01 3.043869495087470067e-02 5.545910723454589020e-01 -4.543428313164381283e-02 7.571828681850572007e-01 2.360713633544843371e-01 -5.684480714223475450e-01 -4.581450839453506639e-03 4.336408094361425269e-01 0.000000000000000000e+00 -3.834101396573861287e-01 0.000000000000000000e+00 2.174692034079466207e-01 0.000000000000000000e+00 1.948091796537587961e-01 2.069284747485818343e+01 1.513534049551178029e+01 -6.125644262944461182e+00 1.098460387475023481e+01 -1.242565500825202562e+01
-2.773109243697478576e-01 3.043145730034741564e-02 5.540439972876731733e-01 -4.682244114852791156e-02 7.572645243709607010e-01 2.361095658494150873e-01 -5.686783136999198351e-01 -5.154008250645016748e-03 4.336111370698143008e-01 0.000000000000000000e+00 -3.835190748424082141e-01 0.000000000000000000e+00 2.174564370398046342e-01 0.000000000000000000e+00 1.953474341136623993e-01 2.069279976672714128e+01 1.513534065747526114e+01 -6.114460195573217405e+00 1.098460387475023481e+01 -1.242565571193686758e+01
-2.823529411764705843e-01 3.042409036073835324e-02 5.534887862717752238e-01 -4.822328716602031912e-02 7.573463641718007899e-01 2.361497944076751676e-01 -5.689089036772296826e-01 -5.730687968916676860e-03 4.335798139841745003e-01 0.000000000000000000e+00 -3.836278171331824471e-01 0.000000000000000000e+00 2.174433811663753213e-01 0.000000000000000000e+00 1.958904817390569597e-01 2.069275111149554292e+01 1.513534082228027877e+01 -6.103142887739971378e+00 1.098460387475023481e+01 -1.242565641737223814e+01
-2.873949579831932555e-01 3.041659258973429883e-02 5.529252801359686442e-01 -4.963696198400763260e-02 7.574284359907214048e-01 2.361920805476437624e-01 -5.691398249338145421e-01 -6.311506250468877990e-03 4.335467974018984982e-01 0.000000000000000000e+00 -3.837363476516264527e-01 0.000000000000000000e+00 2.174300211106751091e-01 0.000000000000000000e+00 1.964383707014534519e-01 2.069270151469772046e+01 1.513534099000929700e+01 -6.091690001040088731e+00 1.098460387475023481e+01 -1.242565712455687965e+01
-2.924369747899159266e-01 3.040896253805444246e-02 5.523533112773860720e-01 -5.106361402498862945e-02 7.575107916092990168e-01 2.362364540292714588e-01 -5.693710661583629706e-01 -6.896487351507403669e-03 4.335120514600963593e-01 0.000000000000000000e+00 -3.838446493742711518e-01 0.000000000000000000e+00 2.174163422862145645e-01 0.000000000000000000e+00 1.969911523342480486e-01 2.069265097984150614e+01 1.513534116074789893e+01 -6.080099169825879279e+00 1.098460387475023481e+01 -1.242565783350261732e+01
-2.974789915966385978e-01 3.040119910483447124e-02 5.517727088682463643e-01 -5.250338609268693363e-02 7.575934962365498127e-01 2.362829451936214464e-01 -5.696026177125328438e-01 -7.485641959502076226e-03 4.334755360074360464e-01 0.000000000000000000e+00 -3.839527111442296303e-01 0.000000000000000000e+00 2.174023281986028622e-01 0.000000000000000000e+00 1.975488767940245527e-01 2.069259948844908337e+01 1.513534133458546549e+01 -6.068367957507854626e+00 1.098460387475023481e+01 -1.242565854422290883e+01
-3.025210084033613245e-01 3.039330029136748032e-02 5.511832811255992226e-01 -5.395643962796052573e-02 7.576765941190952702e-01 2.363315823910916436e-01 -5.698344628933939005e-01 -8.079000100925222416e-03 4.334372217151691298e-01 0.000000000000000000e+00 -3.840605162071175638e-01 0.000000000000000000e+00 2.173879580353160201e-01 0.000000000000000000e+00 1.981115993317430213e-01 2.069254702164685611e+01 1.513534151161763219e+01 -6.056493803721964220e+00 1.098460387475023481e+01 -1.242565925670148275e+01
-3.075630252100839956e-01 3.038525929806870640e-02 5.505847456645878157e-01 -5.542309314376711593e-02 7.577600044303280935e-01 2.363823734557795875e-01 -5.700665750315466740e-01 -8.676770228823921932e-03 4.333971375980820162e-01 0.000000000000000000e+00 -3.841680216669262626e-01 0.000000000000000000e+00 2.173731911396350747e-01 0.000000000000000000e+00 1.986794197352221569e-01 2.069249360558540474e+01 1.513534169195296464e+01 -6.044474074816204023e+00 1.098460387475023481e+01 -1.242565997102330400e+01
-3.126050420168066668e-01 7.241535607449499888e-03 5.693624422159324766e-02 -3.238931145365843145e-01 -3.004305792081076176e-01 -8.560916523384711763e-01 -1.687396014155690127e-01 -2.800764127500208200e-01 -4.546967088381051458e-02 0.000000000000000000e+00 -8.328694072829901929e-01 0.000000000000000000e+00 2.865563150181245078e-01 0.000000000000000000e+00 -9.150416130387148961e-01 1.976000264924531180e+01 1.513529257385502369e+01 -2.887640727190296985e+01 1.098460387475520328e+01 -1.242771496584155067e+01
-3.176470588235293935e-01 7.246765049919614947e-03 5.682552190881760834e-02 -3.239517778719812058e-01 -3.002817114858317149e-01 -8.565345697853128382e-01 -1.684187408237836914e-01 -2.801391437225770331e-01 -4.538012697838730153e-02 0.000000000000000000e+00 -8.329609989312820595e-01 0.000000000000000000e+00 2.864147481175388643e-01 0.000000000000000000e+00 -9.152565609164986515e-01 1.975998279890328746e+01 1.513529257385502369e+01 -2.887640727190953527e+01 1.098460387475520328e+01 -1.242771478088941350e+01
-3.226890756302520646e-01 7.251971539475896532e-03 5.671503708970797308e-02 -3.240100733794575860e-01 -3.001333844897077219e-01 -8.569755106511995901e-01 -1.680987061801882954e-01 -2.802015115398683864e-01 -4.529100737844315994e-02 0.000000000000000000e+00 -8.330519102545375087e-01 0.000000000000000000e+00 2.862734708328948385e-01 0.000000000000000000e+00 -9.154698586306899699e-01 1.975996283570795597e+01 1.513529257385502369e+01 -2.887640727191593015e+01 1.098460387475520328e+01 -1.242771461620982976e+01
-3.277310924369747358e-01 7.257155066016388045e-03 5.660479077946393989e-02 -3.240680013127826276e-01 -2.999855982152105360e-01 -8.574144747683792867e-01 -1.677794997726926307e-01 -2.802635161213519188e-01 -4.520231196028041964e-02 0.000000000000000000e+00 -8.331421429575734949e-01 0.000000000000000000e+00 2.861324844599965611e-01 0.000000000000000000e+00 -9.156815074857750369e-01 1.975994276219620716e+01 1.513529257385502369e+01 -2.887640727192196977e+01 1.098460387475520328e+01 -1.242771447179745259e+01
-3.327731092436974625e-01 7.262315171656441755e-03 5.649479858384009318e-02 -3.241255441204023979e-01 -2.998383437239950933e-01 -8.578514190115530402e-01 -1.674610972628893524e-01 -2.803251409401457117e-01 -4.511404144134385785e-02 0.000000000000000000e+00 -8.332316435515034758e-01 0.000000000000000000e+00 2.859917679566615911e-01 0.000000000000000000e+00 -9.158914537074915874e-01 1.975992253769783602e+01 1.513529257385502369e+01 -2.887640727192781753e+01 1.098460387475520328e+01 -1.242771434756738635e+01
-3.378151260504201336e-01 7.267451735930547697e-03 5.638506483725199553e-02 -3.241826977816846256e-01 -2.996916188380822632e-01 -8.582863325716151293e-01 -1.671434945699391827e-01 -2.803863821468851047e-01 -4.502619563884019405e-02 0.000000000000000000e+00 -8.333204000946733414e-01 0.000000000000000000e+00 2.858513171133163500e-01 0.000000000000000000e+00 -9.160996851853470124e-01 1.975990215011709950e+01 1.513529257385502369e+01 -2.887640727193350187e+01 1.098460387475520328e+01 -1.242771424348725873e+01
-3.428571428571428048e-01 7.272564872951694029e-03 5.627558631189358285e-02 -3.242394677580329176e-01 -2.995454263978055143e-01 -8.587192271883622441e-01 -1.668267021786337123e-01 -2.804472447133177782e-01 -4.493877379554189061e-02 0.000000000000000000e+00 -8.334084299439783461e-01 0.000000000000000000e+00 2.857111398538502711e-01 0.000000000000000000e+00 -9.163062191895025022e-01 1.975988160625193757e+01 1.513529257385502369e+01 -2.887640727193883095e+01 1.098460387475520328e+01 -1.242771415955671799e+01
-3.478991596638655315e-01 7.277654573842788979e-03 5.616636410792463091e-02 -3.242958543173228292e-01 -2.993997667643222838e-01 -8.591501028041271804e-01 -1.665107227566557102e-01 -2.805077290691267433e-01 -4.485177524524517484e-02 0.000000000000000000e+00 -8.334957347026971108e-01 0.000000000000000000e+00 2.855712376729857005e-01 0.000000000000000000e+00 -9.165110576474346793e-01 1.975986089976596105e+01 1.513529257385502369e+01 -2.887640727194397172e+01 1.098460387475520328e+01 -1.242771409576181973e+01
-3.529411764705882026e-01 7.282720821691761846e-03 5.605739992577709468e-02 -3.243518569245879557e-01 -2.992546396287399935e-01 -8.595789584714623732e-01 -1.661955571956547084e-01 -2.805678353785050483e-01 -4.476519919903128308e-02 0.000000000000000000e+00 -8.335823137130294880e-01 0.000000000000000000e+00 2.854316107405581171e-01 0.000000000000000000e+00 -9.167142006279920263e-01 1.975984002944265328e+01 1.513529257385502369e+01 -2.887640727194894552e+01 1.098460387475520328e+01 -1.242771405209701818e+01
-3.579831932773108738e-01 7.287763591781988917e-03 5.594869404744486768e-02 -3.244074768453358848e-01 -2.991100463145680566e-01 -8.600057928437278010e-01 -1.658812112585278942e-01 -2.806275639718547321e-01 -4.467904551119817463e-02 0.000000000000000000e+00 -8.336681705554591648e-01 0.000000000000000000e+00 2.852922624450380251e-01 0.000000000000000000e+00 -9.169156505647628741e-01 1.975981897656164676e+01 1.513529257385502369e+01 -2.887640727195356405e+01 1.098460387475520328e+01 -1.242771402850150686e+01
-3.630252100840335450e-01 7.292782927804668421e-03 5.584024613985429791e-02 -3.244627158624220353e-01 -2.989659864717469917e-01 -8.604306104986735315e-01 -1.655676875731056652e-01 -2.806869165141651634e-01 -4.459331354835351091e-02 0.000000000000000000e+00 -8.337533108455194020e-01 0.000000000000000000e+00 2.851531947871387418e-01 0.000000000000000000e+00 -9.171154134502973454e-01 1.975979774479901252e+01 1.513529257385502369e+01 -2.887640727195801205e+01 1.098460387475520328e+01 -1.242771402496973820e+01
-3.680672268907562716e-01 7.297778869844127707e-03 5.573205614608751218e-02 -3.245175753845609412e-01 -2.988224592192748053e-01 -8.608534155740370508e-01 -1.652549875906121624e-01 -2.807458942507898847e-01 -4.450800272675792257e-02 0.000000000000000000e+00 -8.338377389832326569e-01 0.000000000000000000e+00 2.850144089665895275e-01 0.000000000000000000e+00 -9.173134941506607687e-01 1.975977633731107730e+01 1.513529257385502369e+01 -2.887640727196227530e+01 1.098460387475520328e+01 -1.242771404149968539e+01
-3.731092436974789428e-01 7.302751450444543331e-03 5.562412427300150730e-02 -3.245720564806000574e-01 -2.986794634604462151e-01 -8.612742114693623385e-01 -1.649431121597110250e-01 -2.808044980818062419e-01 -4.442311249350149038e-02 0.000000000000000000e+00 -8.339214583186906893e-01 0.000000000000000000e+00 2.848759057134376271e-01 0.000000000000000000e+00 -9.175098964954594427e-01 1.975975475594205122e+01 1.513529257385502369e+01 -2.887640727196618329e+01 1.098460387475520328e+01 -1.242771407808907647e+01
-3.781512605042016140e-01 7.307700695544398425e-03 5.551645090550950262e-02 -3.246261599917590335e-01 -2.985369980514673283e-01 -8.616930009664962586e-01 -1.646320618994615570e-01 -2.808627286896296926e-01 -4.433864231765566322e-02 0.000000000000000000e+00 -8.340044715230766625e-01 0.000000000000000000e+00 2.847376855408545460e-01 0.000000000000000000e+00 -9.177046236145934843e-01 1.975973300122099019e+01 1.513529257385502369e+01 -2.887640727196994916e+01 1.098460387475520328e+01 -1.242771413473425746e+01
-3.831932773109243406e-01 7.312626628930483236e-03 5.540903649637139716e-02 -3.246798866317361365e-01 -2.983950617128824367e-01 -8.621097866219015193e-01 -1.643218371040975345e-01 -2.809205866288039810e-01 -4.425459170652482066e-02 0.000000000000000000e+00 -8.340867808448386711e-01 0.000000000000000000e+00 2.845997487363894907e-01 0.000000000000000000e+00 -9.178976782229542053e-01 1.975971107220705392e+01 1.513529257385502369e+01 -2.887640727197350188e+01 1.098460387475520328e+01 -1.242771421143131683e+01
-3.882352941176470118e-01 7.317529316121615564e-03 5.530188087517012158e-02 -3.247332374341130867e-01 -2.982536511243066846e-01 -8.625245743810280308e-01 -1.640124344721221039e-01 -2.809780726573240517e-01 -4.417096023213875483e-02 0.000000000000000000e+00 -8.341683886511164214e-01 0.000000000000000000e+00 2.844620937534189098e-01 0.000000000000000000e+00 -9.180890638450935892e-01 1.975968896504189232e+01 1.513529257385502369e+01 -2.887640727197669932e+01 1.098460387475520328e+01 -1.242771430818996592e+01
-3.932773109243696830e-01 7.322408672136093179e-03 5.519498429855945049e-02 -3.247862110232918043e-01 -2.981127665559664686e-01 -8.629373578175514314e-01 -1.637038566659444749e-01 -2.810351842243864473e-01 -4.408775206678908209e-02 0.000000000000000000e+00 -8.342492925373331536e-01 0.000000000000000000e+00 2.843247214798150790e-01 0.000000000000000000e+00 -9.182787749542323796e-01 1.975966665406103218e+01 1.513529257385502369e+01 -2.887640727197979729e+01 1.098460387475520328e+01 -1.242771442505026691e+01
-3.983193277310924096e-01 7.327264126156106394e-03 5.508835680980635197e-02 -3.248388025992274275e-01 -2.979724334542752651e-01 -8.633480906795901744e-01 -1.633961507138469438e-01 -2.810919180413991025e-01 -4.400496557929915037e-02 0.000000000000000000e+00 -8.343294892027923737e-01 0.000000000000000000e+00 2.841876554973178370e-01 0.000000000000000000e+00 -9.184667994014744652e-01 1.975964415479506542e+01 1.513529257385502369e+01 -2.887640727198263946e+01 1.098460387475520328e+01 -1.242771456180900813e+01
-4.033613445378150808e-01 7.332096306691856559e-03 5.498199361303555271e-02 -3.248910200252422831e-01 -2.978326278556874263e-01 -8.637568249992872982e-01 -1.630892790067964282e-01 -2.811482836058545876e-01 -4.392259303909951812e-02 0.000000000000000000e+00 -8.344089913598400354e-01 0.000000000000000000e+00 2.840508778973072634e-01 0.000000000000000000e+00 -9.186531636668692213e-01 1.975962147832142080e+01 1.513529257385502369e+01 -2.887640727198516544e+01 1.098460387475520328e+01 -1.242771471852596576e+01
-4.084033613445377520e-01 7.336904124199452801e-03 5.487590907668818407e-02 -3.249428513496341320e-01 -2.976933864020451237e-01 -8.641634718153768935e-01 -1.627833188698717404e-01 -2.812042798581963488e-01 -4.384065298123403231e-02 0.000000000000000000e+00 -8.344877828426833233e-01 0.000000000000000000e+00 2.839144257700612073e-01 0.000000000000000000e+00 -9.188378305620374942e-01 1.975959855090280115e+01 1.513529257385502369e+01 -2.887640727198759194e+01 1.098460387475520328e+01 -1.242771489511366845e+01
-4.134453781512604786e-01 7.341689768458867921e-03 5.477007357857237996e-02 -3.249943200997755799e-01 -2.975546307066292973e-01 -8.645682114084194403e-01 -1.624781104912981500e-01 -2.812599041388331167e-01 -4.375911050431700866e-02 0.000000000000000000e+00 -8.345658957910010445e-01 0.000000000000000000e+00 2.837782219680482498e-01 0.000000000000000000e+00 -9.190208725156457925e-01 1.975957550921279449e+01 1.513529257385502369e+01 -2.887640727198972357e+01 1.098460387475520328e+01 -1.242771509178828104e+01
-4.184873949579831498e-01 7.346452531823197303e-03 5.466449764231974540e-02 -3.250454193857386653e-01 -2.974163850256925090e-01 -8.649709863590072656e-01 -1.621737101352625776e-01 -2.813151616087771756e-01 -4.367797959934559965e-02 0.000000000000000000e+00 -8.346433227439521430e-01 0.000000000000000000e+00 2.836422937382047649e-01 0.000000000000000000e+00 -9.192022696547431648e-01 1.975955231599478523e+01 1.513529257385502369e+01 -2.887640727199160651e+01 1.098460387475520328e+01 -1.242771530851010375e+01
-4.235294117647058210e-01 7.351192434204435744e-03 5.455917878119567743e-02 -3.250961499182031811e-01 -2.972786492564771232e-01 -8.653717991829361633e-01 -1.618701181977263426e-01 -2.813700529785221893e-01 -4.359726278229063973e-02 0.000000000000000000e+00 -8.347200658645789195e-01 0.000000000000000000e+00 2.835066416932086608e-01 0.000000000000000000e+00 -9.193820245066692820e-01 1.975952897554950027e+01 1.513529257385502369e+01 -2.887640727199338286e+01 1.098460387475520328e+01 -1.242771554528907529e+01
-4.285714285714285476e-01 7.355909218241920081e-03 5.445412050788742825e-02 -3.251465104196428202e-01 -2.971414326153284380e-01 -8.657706292973804674e-01 -1.615673559223519407e-01 -2.814245774602114891e-01 -4.351696360777377454e-02 0.000000000000000000e+00 -8.347961247056487899e-01 0.000000000000000000e+00 2.833712763180452066e-01 0.000000000000000000e+00 -9.195601305638916312e-01 1.975950547987041617e+01 1.513529257385502369e+01 -2.887640727199480395e+01 1.098460387475520328e+01 -1.242771580208644444e+01
-4.336134453781512188e-01 7.360603063544307254e-03 5.434932080876229282e-02 -3.251965032014848545e-01 -2.970047282123269849e-01 -8.661674919546862306e-01 -1.612654112876042434e-01 -2.814787353303837003e-01 -4.343707917653451961e-02 0.000000000000000000e+00 -8.348715030282968241e-01 0.000000000000000000e+00 2.832361920254110044e-01 0.000000000000000000e+00 -9.197365949475058144e-01 1.975948184179115685e+01 1.513529257385502369e+01 -2.887640727199607937e+01 1.098460387475520328e+01 -1.242771607890855101e+01
-4.386554621848738900e-01 7.365274000506027291e-03 5.424478036992404217e-02 -3.252461281025650908e-01 -2.968685342508398661e-01 -8.665623901481925850e-01 -1.609642830607615482e-01 -2.815325274713602055e-01 -4.335760904687011030e-02 0.000000000000000000e+00 -8.349462016128856856e-01 0.000000000000000000e+00 2.831013880619891454e-01 0.000000000000000000e+00 -9.199114202447595812e-01 1.975945805595685556e+01 1.513529257385502369e+01 -2.887640727199714519e+01 1.098460387475520328e+01 -1.242771637576389310e+01
-4.436974789915966166e-01 7.369922084387981950e-03 5.414050044050097710e-02 -3.252953858450337576e-01 -2.967328477997362990e-01 -8.669553287663369634e-01 -1.606639689231717516e-01 -2.815859550278716483e-01 -4.327855091777590285e-02 0.000000000000000000e+00 -8.350202223340961183e-01 0.000000000000000000e+00 2.829668632672545092e-01 0.000000000000000000e+00 -9.200846100359919566e-01 1.975943412328099669e+01 1.513529257385502369e+01 -2.887640727199788415e+01 1.098460387475520328e+01 -1.242771669263873768e+01
-4.487394957983192878e-01 7.374547255264277124e-03 5.403648327443914129e-02 -3.253442761023074281e-01 -2.965976710560194185e-01 -8.673463034188833021e-01 -1.603644750094285754e-01 -2.816390182961761579e-01 -4.319990386757298351e-02 0.000000000000000000e+00 -8.350935658015569141e-01 0.000000000000000000e+00 2.828326207423673688e-01 0.000000000000000000e+00 -9.202561643126847546e-01 1.975941003633960591e+01 1.513529257385502369e+01 -2.887640727199857693e+01 1.098460387475520328e+01 -1.242771702948218149e+01
-4.537815126050419590e-01 7.379149490348013707e-03 5.393273036429122730e-02 -3.253927989857720582e-01 -2.964630047014522596e-01 -8.677353127550122558e-01 -1.600658048335576178e-01 -2.816917177387107118e-01 -4.312166699596018532e-02 0.000000000000000000e+00 -8.351662332425305868e-01 0.000000000000000000e+00 2.826986623100146701e-01 0.000000000000000000e+00 -9.204260842579514712e-01 1.975938578952582603e+01 1.513529257385502369e+01 -2.887640727199893220e+01 1.098460387475520328e+01 -1.242771738626169764e+01
-4.588235294117646301e-01 7.383728840724540325e-03 5.382924217254119598e-02 -3.254409554681481631e-01 -2.963288465387575177e-01 -8.681223614673945210e-01 -1.597679569987412451e-01 -2.817440544285124693e-01 -4.304383893615525841e-02 0.000000000000000000e+00 -8.352382272243739081e-01 0.000000000000000000e+00 2.825649874437736186e-01 0.000000000000000000e+00 -9.205943736879178552e-01 1.975936138403282527e+01 1.513529257385502369e+01 -2.887640727199909563e+01 1.098460387475520328e+01 -1.242771776297029795e+01
-4.638655462184873568e-01 7.388285365284750876e-03 5.372601956017126340e-02 -3.254887466009426245e-01 -2.961951942645549285e-01 -8.685074549643623243e-01 -1.594709297032745610e-01 -2.817960296426305633e-01 -4.296641876340435984e-02 0.000000000000000000e+00 -8.353095507402559239e-01 0.000000000000000000e+00 2.824315956089746282e-01 0.000000000000000000e+00 -9.207610367475437263e-01 1.975933682673117175e+01 1.513529257385502369e+01 -2.887640727199909563e+01 1.098460387475520328e+01 -1.242771815960614035e+01
-4.689075630252100280e-01 7.392819058845918716e-03 5.362306219197209706e-02 -3.255361725790813510e-01 -2.960620474183994766e-01 -8.688905932393787834e-01 -1.591747241428028425e-01 -2.818476430865807236e-01 -4.288940618553035294e-02 0.000000000000000000e+00 -8.353802044760345602e-01 0.000000000000000000e+00 2.822984872457295347e-01 0.000000000000000000e+00 -9.209260744714229396e-01 1.975931211072956017e+01 1.513529257385502369e+01 -2.887640727199874036e+01 1.098460387475520328e+01 -1.242771857616437714e+01
-4.739495798319326991e-01 7.397329917563881009e-03 5.352037051492168629e-02 -3.255832334527051786e-01 -2.959294053363966670e-01 -8.692717763571355949e-01 -1.588793408131222440e-01 -2.818988946844567245e-01 -4.281280109629929942e-02 0.000000000000000000e+00 -8.354501887356218237e-01 0.000000000000000000e+00 2.821656624969500204e-01 0.000000000000000000e+00 -9.210894874820294564e-01 1.975928723267663401e+01 1.513529257385502369e+01 -2.887640727199834956e+01 1.098460387475520328e+01 -1.242771901263787981e+01
-4.789915966386554258e-01 7.401817930137374012e-03 5.341794522266510303e-02 -3.256299290382431155e-01 -2.957972674143006242e-01 -8.696510037127022086e-01 -1.585847801440006533e-01 -2.819497841936257077e-01 -4.273660345759670159e-02 0.000000000000000000e+00 -8.355195032016979884e-01 0.000000000000000000e+00 2.820331213933424119e-01 0.000000000000000000e+00 -9.212512757712898459e-01 1.975926218816633551e+01 1.513529257385502369e+01 -2.887640727199763901e+01 1.098460387475520328e+01 -1.242771946901714664e+01
-4.840336134453780970e-01 7.406283087300872744e-03 5.331578696625700886e-02 -3.256762592659131483e-01 -2.956656331838097840e-01 -8.700282749076889699e-01 -1.582910428956186832e-01 -2.820003115784366354e-01 -4.266081321899867912e-02 0.000000000000000000e+00 -8.355881479426723324e-01 0.000000000000000000e+00 2.819008642035774614e-01 0.000000000000000000e+00 -9.214114397397076273e-01 1.975923697363709408e+01 1.513529257385502369e+01 -2.887640727199672952e+01 1.098460387475520328e+01 -1.242771994529120505e+01
-4.890756302521007681e-01 7.410725381974608145e-03 5.321389637571433823e-02 -3.257222241750875602e-01 -2.955345022826342261e-01 -8.704035897567519164e-01 -1.579981301270371452e-01 -2.820504770135223160e-01 -4.258543030531863199e-02 0.000000000000000000e+00 -8.356561233945973832e-01 0.000000000000000000e+00 2.817688914148155921e-01 0.000000000000000000e+00 -9.215699801860334217e-01 1.975921158639699016e+01 1.513529257385502369e+01 -2.887640727199566371e+01 1.098460387475520328e+01 -1.242772044144811439e+01
-4.941176470588234948e-01 7.415144816170742351e-03 5.311227385166809867e-02 -3.257678242020470849e-01 -2.954038746343973787e-01 -8.707769489633347959e-01 -1.577060436893047424e-01 -2.821002811534138455e-01 -4.251045462060643043e-02 0.000000000000000000e+00 -8.357234312855138514e-01 0.000000000000000000e+00 2.816372041397720571e-01 0.000000000000000000e+00 -9.217268992155516205e-01 1.975918602469082686e+01 1.513529257385502369e+01 -2.887640727199424262e+01 1.098460387475520328e+01 -1.242772095747707262e+01
-4.991596638655461660e-01 7.419541400427236491e-03 5.301091957490934592e-02 -3.258130601942981208e-01 -2.952737505202451262e-01 -8.711483540852610341e-01 -1.574147863745460618e-01 -2.821497251618458879e-01 -4.243588607394804813e-02 0.000000000000000000e+00 -8.357900747183066859e-01 0.000000000000000000e+00 2.815058042127806526e-01 0.000000000000000000e+00 -9.218822003015022526e-01 1.975916028753047726e+01 1.513529257385502369e+01 -2.887640727199280377e+01 1.098460387475520328e+01 -1.242772149336856558e+01
-5.042016806722688926e-01 7.423915140473976750e-03 5.290983416429476810e-02 -3.258579327141545856e-01 -2.951441299892920700e-01 -8.715178061453396907e-01 -1.571243605207899574e-01 -2.821988101434249052e-01 -4.236172448701245458e-02 0.000000000000000000e+00 -8.358560559511896138e-01 0.000000000000000000e+00 2.813746930722353379e-01 0.000000000000000000e+00 -9.220358862880114748e-01 1.975913437348200929e+01 1.513529257385502369e+01 -2.887640727199102741e+01 1.098460387475520328e+01 -1.242772204910716738e+01
-5.092436974789915638e-01 7.428266015161665535e-03 5.280901837130699134e-02 -3.259024419028407338e-01 -2.950150137144903484e-01 -8.718853039111675862e-01 -1.568347693198300363e-01 -2.822475367667272028e-01 -4.228797010326798556e-02 0.000000000000000000e+00 -8.359213760880104260e-01 0.000000000000000000e+00 2.812438725088819980e-01 0.000000000000000000e+00 -9.221879582939443987e-01 1.975910827952027660e+01 1.513529257385502369e+01 -2.887640727198908053e+01 1.098460387475520328e+01 -1.242772262468352018e+01
-5.142857142857142350e-01 7.432593980393730967e-03 5.270847365205493656e-02 -3.259465875764426257e-01 -2.948864030615467868e-01 -8.722508442113880989e-01 -1.565460174000836702e-01 -2.822959054137724189e-01 -4.221462313380423825e-02 0.000000000000000000e+00 -8.359860356872980125e-01 0.000000000000000000e+00 2.811133449077333202e-01 0.000000000000000000e+00 -9.223384166088247627e-01 1.975908200161673278e+01 1.513529257385502369e+01 -2.887640727198694890e+01 1.098460387475520328e+01 -1.242772322007522234e+01
-5.193277310924369061e-01 7.436899073439304404e-03 5.260820014426776520e-02 -3.259903704230497912e-01 -2.947582963623532892e-01 -8.726144305494974995e-01 -1.562581036193501360e-01 -2.823439169687191330e-01 -4.214168289727873024e-02 0.000000000000000000e+00 -8.360500364625695902e-01 0.000000000000000000e+00 2.809831098263645965e-01 0.000000000000000000e+00 -9.224872641463632839e-01 1.975905553956332028e+01 1.513529257385502369e+01 -2.887640727198449397e+01 1.098460387475520328e+01 -1.242772383527565161e+01
-5.243697478991595773e-01 7.441181338887997362e-03 5.250819769512810736e-02 -3.260337914124817327e-01 -2.946306920085856040e-01 -8.729760671554671614e-01 -1.559710269312187814e-01 -2.823915716854720204e-01 -4.206914810466311216e-02 0.000000000000000000e+00 -8.361133809528408234e-01 0.000000000000000000e+00 2.808531668900957623e-01 0.000000000000000000e+00 -9.226345043816458480e-01 1.975902889439469945e+01 1.513529257385502369e+01 -2.887640727198200707e+01 1.098460387475520328e+01 -1.242772447027130234e+01
-5.294117647058822484e-01 7.445440848616441225e-03 5.240846529939471865e-02 -3.260768521481389182e-01 -2.945035876007876530e-01 -8.733357605775063925e-01 -1.556847852659907494e-01 -2.824388692110306742e-01 -4.199701649796455660e-02 0.000000000000000000e+00 -8.361760729530902658e-01 0.000000000000000000e+00 2.807235151600969147e-01 0.000000000000000000e+00 -9.227801422316581625e-01 1.975900206823864735e+01 1.513529257385502369e+01 -2.887640727197916490e+01 1.098460387475520328e+01 -1.242772512503751692e+01
-5.344537815126050306e-01 7.449677532835399969e-03 5.230900060339151864e-02 -3.261195526758787766e-01 -2.943769839993755078e-01 -8.736935050519311075e-01 -1.553993799701033629e-01 -2.824858056663831496e-01 -4.192528595049851287e-02 0.000000000000000000e+00 -8.362381089340430451e-01 0.000000000000000000e+00 2.805941540107156351e-01 0.000000000000000000e+00 -9.229241729089268098e-01 1.975897501077613327e+01 1.513529257385502369e+01 -2.887640727197621260e+01 1.098460387475520328e+01 -1.242772579951721923e+01
-5.394957983193277018e-01 7.453891023192191038e-03 5.220981356776361465e-02 -3.261618896353685737e-01 -2.942508971950462127e-01 -8.740492717218205643e-01 -1.551148442590669640e-01 -2.825323773366538727e-01 -4.185395724842940618e-02 0.000000000000000000e+00 -8.362994910545341609e-01 0.000000000000000000e+00 2.804651008768306308e-01 0.000000000000000000e+00 -9.230665899076779812e-01 1.975894774801095011e+01 1.513529257385502369e+01 -2.887640727197301516e+01 1.098460387475520328e+01 -1.242772649360520987e+01
-5.445378151260503730e-01 7.458082941312501463e-03 5.211087966357576262e-02 -3.262038821518111753e-01 -2.941252686862939614e-01 -8.744031951617615706e-01 -1.548310732944220836e-01 -2.825786020027697409e-01 -4.178302676505007279e-02 0.000000000000000000e+00 -8.363602488530569312e-01 0.000000000000000000e+00 2.803363058042315781e-01 0.000000000000000000e+00 -9.232074539526579082e-01 1.975892035571397543e+01 1.513529257385502369e+01 -2.887640727196958323e+01 1.098460387475520328e+01 -1.242772720766302719e+01
-5.495798319327730441e-01 7.462252296941437532e-03 5.201222344307500356e-02 -3.262455185245249911e-01 -2.940001309975139865e-01 -8.747551966980184890e-01 -1.545481327749365363e-01 -2.826244650949701898e-01 -4.171254681570075312e-02 0.000000000000000000e+00 -8.364203684669646588e-01 0.000000000000000000e+00 2.802077978013062243e-01 0.000000000000000000e+00 -9.233467306107964179e-01 1.975889281000734599e+01 1.513529257385502369e+01 -2.887640727196603052e+01 1.098460387475520328e+01 -1.242772794179506235e+01
-5.546218487394957153e-01 7.466399356340323000e-03 5.191381590365422988e-02 -3.262868014074842282e-01 -2.938754808170290778e-01 -8.751052986434925129e-01 -1.542660016407055856e-01 -2.826699701003167475e-01 -4.164248090757307480e-02 0.000000000000000000e+00 -8.364798510372596363e-01 0.000000000000000000e+00 2.800795720668626809e-01 0.000000000000000000e+00 -9.234844265672520480e-01 1.975886510342303737e+01 1.513529257385502369e+01 -2.887640727196214030e+01 1.098460387475520328e+01 -1.242772869595490270e+01
-5.596638655462183864e-01 7.470524148671101559e-03 5.181566814492592765e-02 -3.263277297691927203e-01 -2.937513129820387148e-01 -8.754535012535579197e-01 -1.539846760639008716e-01 -2.827151191764682436e-01 -4.157281676845478446e-02 0.000000000000000000e+00 -8.365386944171250283e-01 0.000000000000000000e+00 2.799516243494116763e-01 0.000000000000000000e+00 -9.236205431883213191e-01 1.975883724630810434e+01 1.513529257385502369e+01 -2.887640727195823231e+01 1.098460387475520328e+01 -1.242772947000857542e+01
-5.647058823529411686e-01 7.474626836392747435e-03 5.171778198749751865e-02 -3.263683059744961756e-01 -2.936276218937419746e-01 -8.757998189685101131e-01 -1.537041499632063601e-01 -2.827599109502924590e-01 -4.150354960827835893e-02 0.000000000000000000e+00 -8.365969054099854363e-01 0.000000000000000000e+00 2.798239518287900518e-01 0.000000000000000000e+00 -9.237550901408531079e-01 1.975880924334434141e+01 1.513529257385502369e+01 -2.887640727195396906e+01 1.098460387475520328e+01 -1.242773026399111913e+01
-5.697478991596638398e-01 7.478707362600365768e-03 5.162015983445299161e-02 -3.264085310261439776e-01 -2.935044082515688157e-01 -8.761442468087156099e-01 -1.534244313410346727e-01 -2.828043499329549459e-01 -4.143467866803132726e-02 0.000000000000000000e+00 -8.366544856133726338e-01 0.000000000000000000e+00 2.796965582821431817e-01 0.000000000000000000e+00 -9.238880683201842192e-01 1.975878109132783678e+01 1.513529257385502369e+01 -2.887640727194968093e+01 1.098460387475520328e+01 -1.242773107778947050e+01
-5.747899159663865110e-01 7.482765706995767215e-03 5.152280152530543111e-02 -3.264484045618591401e-01 -2.933816725808751080e-01 -8.764867832517359014e-01 -1.531455220409347895e-01 -2.828484360216085847e-01 -4.136620143923474407e-02 0.000000000000000000e+00 -8.367114349099799009e-01 0.000000000000000000e+00 2.795694445382811977e-01 0.000000000000000000e+00 -9.240194782247810323e-01 1.975875278699787074e+01 1.513529257385502369e+01 -2.887640727194506240e+01 1.098460387475520328e+01 -1.242773191140239852e+01
-5.798319327731091821e-01 7.486801858979455666e-03 5.142570832426694022e-02 -3.264879272708290370e-01 -2.932594153763451450e-01 -8.768274279307674002e-01 -1.528674255112447700e-01 -2.828921705330801895e-01 -4.129811889683208947e-02 0.000000000000000000e+00 -8.367677550520993268e-01 0.000000000000000000e+00 2.794426125453047804e-01 0.000000000000000000e+00 -9.241493220388208307e-01 1.975872432534077561e+01 1.513529257385502369e+01 -2.887640727194032308e+01 1.098460387475520328e+01 -1.242773276477046807e+01
-5.848739495798318533e-01 7.490815830910269035e-03 5.132888030578151156e-02 -3.265270994556927486e-01 -2.931376361172735034e-01 -8.771661822877595549e-01 -1.525901420492712934e-01 -2.829355540004747094e-01 -4.123043061062200976e-02 0.000000000000000000e+00 -8.368234472638508281e-01 0.000000000000000000e+00 2.793160626829168658e-01 0.000000000000000000e+00 -9.242776016019278451e-01 1.975869570479862958e+01 1.513529257385502369e+01 -2.887640727193534929e+01 1.098460387475520328e+01 -1.242773363788161056e+01
-5.899159663865545244e-01 7.494807640384331532e-03 5.123231752561555052e-02 -3.265659216461565539e-01 -2.930163343066612414e-01 -8.775030482406881438e-01 -1.523136723457513275e-01 -2.829785870229755695e-01 -4.116313593560139150e-02 0.000000000000000000e+00 -8.368785133471834392e-01 0.000000000000000000e+00 2.791897954980236962e-01 0.000000000000000000e+00 -9.244043194972193511e-01 1.975866692424907001e+01 1.513529257385502369e+01 -2.887640727193015877e+01 1.098460387475520328e+01 -1.242773453072653922e+01
-5.949579831932771956e-01 7.498777300072005311e-03 5.113602016206796053e-02 -3.266043941959104191e-01 -2.928955094376080037e-01 -8.778380272924387606e-01 -1.520380170751479409e-01 -2.830212699124715070e-01 -4.109623441682052486e-02 0.000000000000000000e+00 -8.369329548113929595e-01 0.000000000000000000e+00 2.790638114473348863e-01 0.000000000000000000e+00 -9.245294778556351067e-01 1.975863798197944021e+01 1.513529257385502369e+01 -2.887640727192482970e+01 1.098460387475520328e+01 -1.242773544330537838e+01
-5.999999999999999778e-01 7.502724833348051701e-03 5.103998829047357716e-02 -3.266425177643859645e-01 -2.927751608030069730e-01 -8.781711218416675679e-01 -1.517631766402893767e-01 -2.830636033013692043e-01 -4.102972547691562805e-02 0.000000000000000000e+00 -8.369867736014280357e-01 0.000000000000000000e+00 2.789381108846807344e-01 0.000000000000000000e+00 -9.246530795110819989e-01 1.975860887795483123e+01 1.513529257385502369e+01 -2.887640727191919154e+01 1.098460387475520328e+01 -1.242773637560391720e+01
