0.000000000000000000e+00 -2.205213058959266947e-02 -2.185050703487270707e-02 -8.225298906151226608e-02 -2.523112533719552575e-01
-5.042016806722688510e-03 3.578345511865502898e-02 -1.286532837351177586e-02 -8.368490366724700216e-03 2.922171009061399344e-02
-1.008403361344537702e-02 -1.119813975082094987e-02 -2.567894234257048040e-03 2.765904493452298399e-02 2.784704837814928544e-02
-1.512605042016806553e-02 -1.129944528585279280e-02 -3.039740636061520271e-03 2.651652514862688423e-02 2.445034771805352364e-02
-2.016806722689075404e-02 -1.129969991003807600e-02 -3.041134820638637798e-03 2.651343812820678228e-02 2.447278212653937468e-02
-2.521008403361344255e-02 -1.129995500844306090e-02 -3.042521057962695695e-03 2.651034569761209075e-02 2.449522815877597931e-02
-3.025210084033613106e-02 -1.130021058131268526e-02 -3.043899348120844735e-03 2.650724785742730044e-02 2.451768542061634470e-02
-3.529411764705882304e-02 -1.130046662888937667e-02 -3.045269691199440753e-03 2.650414460825037052e-02 2.454015351802533648e-02
-4.033613445378150808e-02 -1.130072315141406915e-02 -3.046632087278023423e-03 2.650103595068089776e-02 2.456263205706721992e-02
-4.537815126050419312e-02 -1.130098014912554218e-02 -3.047986536436893528e-03 2.649792188532960890e-02 2.458512064391103064e-02
-5.042016806722688510e-02 -1.130123762225363274e-02 -3.049333038747405883e-03 2.649480241281363183e-02 2.460761888485522159e-02
-5.546218487394957708e-02 -1.130149557103681153e-02 -3.050671594283281465e-03 2.649167753375219342e-02 2.463012638625436748e-02
-6.050420168067226212e-02 -1.130175399569819522e-02 -3.052002203108402766e-03 2.648854724878230149e-02 2.465264275463745908e-02
-6.554621848739494716e-02 -1.130201289646561025e-02 -3.053324865285889436e-03 2.648541155854395451e-02 2.467516759660278933e-02
-7.058823529411764608e-02 -1.130227227356229124e-02 -3.054639580874785824e-03 2.648227046368335433e-02 2.469770051886655340e-02
-7.563025210084033112e-02 -1.130253212720850470e-02 -3.055946349932440152e-03 2.647912396485654213e-02 2.472024112824619188e-02
-8.067226890756301616e-02 -1.130279245762421531e-02 -3.057245172508112931e-03 2.647597206272565146e-02 2.474278903167109744e-02
-8.571428571428570120e-02 -1.130305326502042788e-02 -3.058536048650486137e-03 2.647281475796264480e-02 2.476534383618950175e-02
-9.075630252100838624e-02 -1.130331455753477883e-02 -3.059818954636228314e-03 2.646965202579291965e-02 2.478790512231440757e-02
-9.579831932773108516e-02 -1.130357633152356996e-02 -3.061093902189233450e-03 2.646648387935903596e-02 2.481047250917934807e-02
-1.008403361344537702e-01 -1.130383858329159913e-02 -3.062360903047814994e-03 2.646331033188990128e-02 2.483304561704908348e-02
-1.058823529411764552e-01 -1.130410131304342841e-02 -3.063619957245637855e-03 2.646013138408407836e-02 2.485562405336846220e-02
-1.109243697478991542e-01 -1.130436452097803232e-02 -3.064871064809683056e-03 2.645694703665582570e-02 2.487820742572951008e-02
-1.159663865546218392e-01 -1.130462820729580611e-02 -3.066114225769222754e-03 2.645375729031393050e-02 2.490079534176703815e-02
-1.210084033613445242e-01 -1.130489237218732824e-02 -3.067349440142166234e-03 2.645056214579253814e-02 2.492338740930924793e-02
-1.260504201680672232e-01 -1.130515701584958350e-02 -3.068576707948240771e-03 2.644736160382106516e-02 2.494598323622176927e-02
-1.310924369747898943e-01 -1.130542213846923508e-02 -3.069796029201865388e-03 2.644415566513405938e-02 2.496858243050333742e-02
-1.361344537815125932e-01 -1.130568774023315258e-02 -3.071007403912848644e-03 2.644094433048768331e-02 2.499118460027575581e-02
-1.411764705882352922e-01 -1.130595382132574406e-02 -3.072210832086258534e-03 2.643772760063462304e-02 2.501378935375864546e-02
-1.462184873949579633e-01 -1.130622038192743636e-02 -3.073406313728751192e-03 2.643450547633799386e-02 2.503639629926944499e-02
-1.512605042016806622e-01 -1.130648742221598141e-02 -3.074593848835292884e-03 2.643127795836780480e-02 2.505900504525990224e-02
-1.563025210084033334e-01 -1.130675494236578482e-02 -3.075773437403534361e-03 2.642804504751168973e-02 2.508161520028784341e-02
-1.613445378151260323e-01 -1.130702294255059998e-02 -3.076945079424823256e-03 2.642480674454163528e-02 2.510422637297942891e-02
-1.663865546218487312e-01 -1.130729142293985731e-02 -3.078108774886962294e-03 2.642156305026295213e-02 2.512683817212160026e-02
-1.714285714285714024e-01 -1.130756038369902690e-02 -3.079264523772751692e-03 2.641831396547523678e-02 2.514945020658435060e-02
-1.764705882352941013e-01 -1.130782982499421545e-02 -3.080412326063815525e-03 2.641505949098736997e-02 2.517206208535575571e-02
-1.815126050420167725e-01 -1.130809974698565590e-02 -3.081552181735592276e-03 2.641179962761939712e-02 2.519467341752258671e-02
-1.865546218487394714e-01 -1.130837014983102594e-02 -3.082684090763037742e-03 2.640853437619316776e-02 2.521728381229476970e-02
-1.915966386554621703e-01 -1.130864103368487902e-02 -3.083808053112456222e-03 2.640526373754415942e-02 2.523989287899097711e-02
-1.966386554621848415e-01 -1.130891239870183279e-02 -3.084924068749210491e-03 2.640198771251586404e-02 2.526250022703364212e-02
-2.016806722689075404e-01 -1.130918424503238838e-02 -3.086032137637364885e-03 2.639870630194966414e-02 2.528510546593885217e-02
-2.067226890756302393e-01 -1.130945657282054345e-02 -3.087132259731458373e-03 2.639541950671144346e-02 2.530770820537710936e-02
-2.117647058823529105e-01 -1.130972938221159151e-02 -3.088224434986274521e-03 2.639212732765897768e-02 2.533030805509255134e-02
-2.168067226890756094e-01 -1.131000267334878948e-02 -3.089308663353103595e-03 2.638882976566198427e-02 2.535290462492811869e-02
-2.218487394957983083e-01 -1.131027644636758978e-02 -3.090384944775861550e-03 2.638552682160765633e-02 2.537549752489104762e-02
-2.268907563025209795e-01 -1.131055070140711549e-02 -3.091453279199050681e-03 2.638221849637835750e-02 2.539808636503344125e-02
-2.319327731092436784e-01 -1.131082543859911888e-02 -3.092513666560202726e-03 2.637890479086997531e-02 2.542067075555714054e-02
-2.369747899159663496e-01 -1.131110065807123220e-02 -3.093566106795786474e-03 2.637558570598438901e-02 2.544325030677150809e-02
-2.420168067226890485e-01 -1.131137635995491802e-02 -3.094610599836023108e-03 2.637226124263128413e-02 2.546582462907662561e-02
-2.470588235294117474e-01 -1.131165254437128433e-02 -3.095647145606481281e-03 2.636893140173759281e-02 2.548839333302277063e-02
-2.521008403361344463e-01 -1.131192921144370811e-02 -3.096675744033243992e-03 2.636559618422130644e-02 2.551095602922140437e-02
-2.571428571428571175e-01 -1.131220636129020608e-02 -3.097696395035968824e-03 2.636225559101356211e-02 2.553351232841513663e-02
-2.621848739495797886e-01 -1.131248399402829362e-02 -3.098709098528606119e-03 2.635890962306407931e-02 2.555606184145863685e-02
-2.672268907563025153e-01 -1.131276210976962793e-02 -3.099713854424091409e-03 2.635555828131872641e-02 2.557860417933276176e-02
-2.722689075630251865e-01 -1.131304070862547591e-02 -3.100710662632859185e-03 2.635220156673241665e-02 2.560113895309714532e-02
-2.773109243697478576e-01 -1.131331979070375471e-02 -3.101699523057302628e-03 2.634883948027238326e-02 2.562366577393265094e-02
-2.823529411764705843e-01 -1.131359935610792844e-02 -3.102680435598392013e-03 2.634547202291191714e-02 2.564618425315534633e-02
-2.873949579831932555e-01 -1.131387940494119927e-02 -3.103653400153812050e-03 2.634209919562828864e-02 2.566869400214841224e-02
-2.924369747899159266e-01 -1.131415993730373881e-02 -3.104618416616933621e-03 2.633872099941093892e-02 2.569119463243304397e-02
-2.974789915966385978e-01 -1.131444095328975122e-02 -3.105575484876024923e-03 2.633533743525758378e-02 2.571368575565131237e-02
-3.025210084033613245e-01 -1.131472245299389168e-02 -3.106524604817459834e-03 2.633194850416817334e-02 2.573616698353501514e-02
-3.075630252100839956e-01 -1.131500443650829656e-02 -3.107465776323252438e-03 2.632855420715623715e-02 2.575863792791672005e-02
-3.126050420168066668e-01 -1.131528690391847905e-02 -3.108398999271377080e-03 2.632515454524140402e-02 2.578109820077114506e-02
-3.176470588235293935e-01 -1.131556985531129329e-02 -3.109324273534632560e-03 2.632174951944921126e-02 2.580354741417423964e-02
-3.226890756302520646e-01 -1.131585329076927396e-02 -3.110241598985766937e-03 2.631833913081508408e-02 2.582598518029972229e-02
-3.277310924369747358e-01 -1.131613721037007247e-02 -3.111150975488923172e-03 2.631492338038415868e-02 2.584841111144305786e-02
-3.327731092436974625e-01 -1.131642161419346010e-02 -3.112052402909014012e-03 2.631150226919953816e-02 2.587082481999516265e-02
-3.378151260504201336e-01 -1.131670650231149031e-02 -3.112945881105038531e-03 2.630807579832023305e-02 2.589322591848037397e-02
-3.428571428571428048e-01 -1.131699187479523472e-02 -3.113831409929470641e-03 2.630464396881842734e-02 2.591561401951211069e-02
-3.478991596638655315e-01 -1.131727773171488718e-02 -3.114708989236903650e-03 2.630120678176061863e-02 2.593798873583412837e-02
-3.529411764705882026e-01 -1.131756407313465329e-02 -3.115578618873202175e-03 2.629776423823215747e-02 2.596034968030564577e-02
-3.579831932773108738e-01 -1.131785089911551551e-02 -3.116440298681889820e-03 2.629431633931680543e-02 2.598269646587522338e-02
-3.630252100840335450e-01 -1.131813820972136370e-02 -3.117294028503999996e-03 2.629086308611719089e-02 2.600502870559891211e-02
-3.680672268907562716e-01 -1.131842600500608878e-02 -3.118139808174752621e-03 2.628740447973323957e-02 2.602734601268141476e-02
-3.731092436974789428e-01 -1.131871428502800002e-02 -3.118977637527596027e-03 2.628394052127619451e-02 2.604964800038114814e-02
-3.781512605042016140e-01 -1.131900304983593508e-02 -3.119807516389965125e-03 2.628047121186893181e-02 2.607193428211742811e-02
-3.831932773109243406e-01 -1.131929229947833786e-02 -3.120629444587094334e-03 2.627699655264287282e-02 2.609420447142122429e-02
-3.882352941176470118e-01 -1.131958203400153587e-02 -3.121443421939624954e-03 2.627351654472371775e-02 2.611645818191164758e-02
-3.932773109243696830e-01 -1.131987225345092510e-02 -3.122249448265604008e-03 2.627003118925997152e-02 2.613869502730958860e-02
-3.983193277310924096e-01 -1.132016295786444568e-02 -3.123047523376810530e-03 2.626654048739943473e-02 2.616091462146534485e-02
-4.033613445378150808e-01 -1.132045414728146543e-02 -3.123837647084637143e-03 2.626304444030285248e-02 2.618311657835522069e-02
-4.084033613445377520e-01 -1.132074582173595197e-02 -3.124619819193780006e-03 2.625954304913299953e-02 2.620530051202085015e-02
-4.134453781512604786e-01 -1.132103798126062738e-02 -3.125394039504719897e-03 2.625603631507725938e-02 2.622746603669922835e-02
-4.184873949579831498e-01 -1.132133062588401226e-02 -3.126160307818449773e-03 2.625252423929643614e-02 2.624961276662268750e-02
-4.235294117647058210e-01 -1.132162375563418311e-02 -3.126918623926647125e-03 2.624900682299545485e-02 2.627174031622827796e-02
-4.285714285714285476e-01 -1.132191737053258630e-02 -3.127668987621643436e-03 2.624548406736638972e-02 2.629384830003704543e-02
-4.336134453781512188e-01 -1.132221147060206816e-02 -3.128411398688966168e-03 2.624195597361141802e-02 2.631593633266025856e-02
-4.386554621848738900e-01 -1.132250605586108787e-02 -3.129145856912441022e-03 2.623842254294869725e-02 2.633800402884544506e-02
-4.436974789915966166e-01 -1.132280112632428823e-02 -3.129872362070411536e-03 2.623488377659620799e-02 2.636005100345878774e-02
-4.487394957983192878e-01 -1.132309668200320169e-02 -3.130590913938189820e-03 2.623133967577796766e-02 2.638207687144461522e-02
-4.537815126050419590e-01 -1.132339272290979262e-02 -3.131301512286866102e-03 2.622779024173951465e-02 2.640408124790048772e-02
-4.588235294117646301e-01 -1.132368924905027482e-02 -3.132004156884453643e-03 2.622423547571650290e-02 2.642606374799334051e-02
-4.638655462184873568e-01 -1.132398626042811253e-02 -3.132698847495619422e-03 2.622067537896164216e-02 2.644802398704310109e-02
-4.689075630252100280e-01 -1.132428375704653059e-02 -3.133385583879534815e-03 2.621710995273520903e-02 2.646996158044159775e-02
-4.739495798319326991e-01 -1.132458173890247763e-02 -3.134064365791707461e-03 2.621353919830588658e-02 2.649187614374233501e-02
-4.789915966386554258e-01 -1.132488020599283635e-02 -3.134735192985572006e-03 2.620996311694680225e-02 2.651376729254924930e-02
-4.840336134453780970e-01 -1.132517915831225512e-02 -3.135398065209269586e-03 2.620638170993598928e-02 2.653563464261494281e-02
-4.890756302521007681e-01 -1.132547859584795077e-02 -3.136052982208168381e-03 2.620279497857032347e-02 2.655747780980943773e-02
-4.941176470588234948e-01 -1.132577851858966415e-02 -3.136699943723101573e-03 2.619920292414694082e-02 2.657929641013474092e-02
-4.991596638655461660e-01 -1.132607892652299705e-02 -3.137338949490935894e-03 2.619560554796171101e-02 2.660109005960184861e-02
-5.042016806722688926e-01 -1.132637981962795852e-02 -3.137969999244699573e-03 2.619200285134562489e-02 2.662285837447015552e-02
-5.092436974789915638e-01 -1.132668119788472934e-02 -3.138593092714956657e-03 2.618839483560257003e-02 2.664460097102058778e-02
-5.142857142857142350e-01 -1.132698306127162893e-02 -3.139208229626737432e-03 2.618478150207348421e-02 2.666631746569450220e-02
-5.193277310924369061e-01 -1.132728540975997539e-02 -3.139815409702356903e-03 2.618116285208845276e-02 2.668800747499059517e-02
-5.243697478991595773e-01 -1.132758824332205302e-02 -3.140414632660290702e-03 2.617753888698831979e-02 2.670967061559981204e-02
-5.294117647058822484e-01 -1.132789156192600191e-02 -3.141005898214512416e-03 2.617390960813687634e-02 2.673130650424210969e-02
-5.344537815126050306e-01 -1.132819535715325586e-02 -3.141589216603054256e-03 2.617027502031028796e-02 2.675291475781055306e-02
-5.394957983193277018e-01 -1.132849960344967447e-02 -3.142164619548109238e-03 2.616663513531077012e-02 2.677449499318794446e-02
-5.445378151260503730e-01 -1.132880433431129180e-02 -3.142732064647071628e-03 2.616298994080846346e-02 2.679604682740651181e-02
-5.495798319327730441e-01 -1.132910954969301200e-02 -3.143291551599821688e-03 2.615933943818003413e-02 2.681756987764211467e-02
-5.546218487394957153e-01 -1.132941524955368741e-02 -3.143843080102555997e-03 2.615568362881424622e-02 2.683906376118981238e-02
-5.596638655462183864e-01 -1.132972143384040724e-02 -3.144386649843778064e-03 2.615202251411711740e-02 2.686052809554491730e-02
-5.647058823529411686e-01 -1.133002810250756213e-02 -3.144922260514422616e-03 2.614835609549129997e-02 2.688196249818725764e-02
-5.697478991596638398e-01 -1.133033525549571874e-02 -3.145449911796603312e-03 2.614468437434643022e-02 2.690336658680509904e-02
-5.747899159663865110e-01 -1.133064289275234615e-02 -3.145969603371327923e-03 2.614100735210977966e-02 2.692473997915242889e-02
-5.798319327731091821e-01 -1.133095101421718529e-02 -3.146481334914756102e-03 2.613732503020645137e-02 2.694608229312212694e-02
-5.848739495798318533e-01 -1.133125961982776875e-02 -3.146985106097989482e-03 2.613363741007702218e-02 2.696739314670358600e-02
-5.899159663865545244e-01 -1.133156870951956656e-02 -3.147480916592142706e-03 2.612994449316262055e-02 2.698867215798716329e-02
-5.949579831932771956e-01 -1.133187828322805568e-02 -3.147968766061597090e-03 2.612624628091546677e-02 2.700991894518648545e-02
-5.999999999999999778e-01 -1.133218834087727778e-02 -3.148448654166459155e-03 2.612254277479946971e-02 2.703113312668115747e-02
