0.000000000000000000e+00 -1.893162747764064906e-04 1.328582969498958192e-04 8.534061221495555793e-01 1.434821156858567337e-04 7.449634415273927884e-05 -8.534114343598405705e-01 -1.894354823769284994e-04 1.325606598574294575e-04 8.534421440517970803e-01 1.436745650226867264e-04 7.475843036734377721e-05 -4.169293040267702695e-08 -8.534429129078422438e-01
-5.042016806722688510e-03 3.420550349474159313e-03 3.703856916629394078e-03 8.534485370289259798e-01 3.266319855288099192e-03 3.214664213163527951e-03 -8.534568383394360858e-01 3.419786813786081237e-03 3.702932298684994631e-03 8.534849081510714752e-01 3.267271929061765431e-03 3.215692886817767254e-03 2.562158036590090198e-06 -8.534887663266065294e-01
-1.008403361344537702e-02 6.565189936489567238e-03 6.791928077266506589e-03 8.533169599381555948e-01 7.710902791097953152e-03 7.657587855926521053e-03 -8.533012317036037242e-01 6.563599711603241432e-03 6.790247732155121375e-03 8.533546072350131073e-01 7.712961296221010343e-03 7.659725930833057375e-03 1.397571507777973388e-05 -8.533344513600479297e-01
-1.512605042016806553e-02 9.857206287512165419e-03 1.001182014521673040e-02 8.533205034007640410e-01 1.131285576197815605e-02 1.131209890453901447e-02 -8.532838096978283549e-01 9.854982238553657709e-03 1.000954164709635941e-02 8.533585482091569085e-01 1.131571032286958663e-02 1.131502214025861298e-02 3.001733505815002526e-05 -8.533174789080917311e-01
-2.016806722689075404e-02 1.244329562545110068e-02 1.250392254173935021e-02 8.531699527312573972e-01 1.614913770561604567e-02 1.617653402375474406e-02 -8.530229850001638248e-01 1.244019691611247466e-02 1.250087806798056908e-02 8.532093891586876033e-01 1.615327016829118389e-02 1.618068369505149678e-02 5.772023304137297907e-05 -8.530580420326083768e-01
-2.521008403361344255e-02 1.543654644053236123e-02 1.551007622347694639e-02 8.531744830885732434e-01 2.018859482793396165e-02 2.019604754795687948e-02 -8.529429839919190348e-01 1.543288635134779617e-02 1.550649358435267008e-02 8.532141510448965072e-01 2.019346983738589535e-02 2.020093146868550890e-02 8.735660510492791069e-05 -8.529782868546793573e-01
-3.025210084033613106e-02 1.764895615677940233e-02 1.773087850121850967e-02 8.530761831157697150e-01 2.536703671711351693e-02 2.532935843567069023e-02 -8.526150406252106517e-01 1.764452525627282359e-02 1.772659712717459396e-02 8.531168590336878355e-01 2.537310968142823114e-02 2.533539967339695081e-02 1.296249380030794563e-04 -8.526513175830783275e-01
-3.529411764705882304e-02 2.006266101730547549e-02 2.007001394481944603e-02 8.529715791658486479e-01 3.022825636434908064e-02 3.023667079553898213e-02 -8.522570479670420474e-01 2.005762001822627635e-02 2.006517040768348442e-02 8.530126346681033978e-01 3.023525226898221216e-02 3.024360421517936076e-02 1.764269669018900504e-04 -8.522936722316647451e-01
-4.033613445378150808e-02 2.239079136522429542e-02 2.230530048494472339e-02 8.529445436362037558e-01 3.520776353549926602e-02 3.528975959520223166e-02 -8.519105411071896672e-01 2.238521875947617479e-02 2.229995444046392952e-02 8.529857461737987423e-01 3.521558253847589109e-02 3.529749219884963790e-02 2.291348689275541555e-04 -8.519472462639450239e-01
-4.537815126050419312e-02 2.440244585100757174e-02 2.451723995950806992e-02 8.528997839302732142e-01 4.052921097419932839e-02 4.040968091163101711e-02 -8.514562814388868528e-01 2.439640157181618280e-02 2.451140040020986094e-02 8.529409724776485513e-01 4.053780794827816641e-02 4.041819108011994455e-02 2.884692676140469358e-04 -8.514928745940707477e-01
-5.042016806722688510e-02 2.649852642966846888e-02 2.640108825283268151e-02 8.528052348080066292e-01 4.582313831964684309e-02 4.589999960624348285e-02 -8.508578035541378703e-01 2.649203442696387509e-02 2.639480147290923159e-02 8.528461719358703119e-01 4.583247402338869181e-02 4.590921843385393358e-02 3.554604469036263441e-04 -8.508940183136387558e-01
-5.546218487394957708e-02 2.966846655018464188e-02 2.964130492994078436e-02 8.528994987750884160e-01 5.058096192683513015e-02 5.052239072866934050e-02 -8.506308336670240777e-01 2.965976622429665477e-02 2.963270368571432542e-02 8.529340505359898073e-01 5.059179495680178607e-02 5.053296578198321343e-02 5.735243427501392037e-04 -8.506598362299880867e-01
-6.050420168067226212e-02 3.127416690144875500e-02 3.124463465979853555e-02 8.526535622906269429e-01 5.637398002339205627e-02 5.635727534327058391e-02 -8.496684299184280587e-01 3.126446420972597839e-02 3.123507478392706718e-02 8.526835046456572309e-01 5.638608668068655072e-02 5.636909739316809526e-02 6.990385967069873401e-04 -8.496916192410746138e-01
-6.554621848739494716e-02 3.297634015713422906e-02 3.292056080548815683e-02 8.525133604891420580e-01 6.241184343201875567e-02 6.241937133453154263e-02 -8.486904746630832275e-01 3.296628693120396553e-02 3.291098999155593618e-02 8.525429498904578685e-01 6.242429131895282923e-02 6.243172381781234015e-02 8.155351847867355454e-04 -8.487131180695127730e-01
-7.058823529411764608e-02 3.457022164937155473e-02 3.468139085254181436e-02 8.524044152620751102e-01 6.843721374699474058e-02 6.831743425747684173e-02 -8.476597868093886934e-01 3.455996720858031668e-02 3.467167653195666471e-02 8.524335049265331365e-01 6.845004506608985684e-02 6.833023726024310684e-02 9.449368062605628237e-04 -8.476820171569301454e-01
-7.563025210084033112e-02 3.608298245452910141e-02 3.615626635506720421e-02 8.522957013717324948e-01 7.460318511051934609e-02 7.447440981806302540e-02 -8.464876726789838379e-01 3.607264343422651731e-02 3.614646454726332114e-02 8.523240606247129980e-01 7.461619629050160463e-02 7.448743212875115483e-02 1.083184323075287933e-03 -8.465091268717656048e-01
-8.067226890756301616e-02 3.763973561422215286e-02 3.754811988148643725e-02 8.521796035965906180e-01 8.083378911989289040e-02 8.087420369274846144e-02 -8.451712286337961233e-01 3.762940996964773965e-02 3.753832481304008456e-02 8.522071074393164913e-01 8.084685528234278329e-02 8.088733912890884448e-02 1.228512862669368412e-03 -8.451917922560835406e-01
-8.571428571428570120e-02 3.913959215621633236e-02 3.914019766134071987e-02 8.520090043024040050e-01 8.678197679321593416e-02 8.671856427008997614e-02 -8.438326248320061618e-01 3.912928013780662961e-02 3.913040062985709971e-02 8.520358109486009246e-01 8.679506258335337177e-02 8.673177627756661900e-02 1.368291815397211768e-03 -8.438524050760879414e-01
-9.075630252100838624e-02 4.081483493862400613e-02 4.082395810991421015e-02 8.519959765639524285e-01 9.421028807853287779e-02 9.399494260635726794e-02 -8.421943249111119023e-01 4.080482593889549203e-02 4.081444989855491368e-02 8.520215771790053960e-01 9.422309575957907302e-02 9.400789692026065292e-02 1.523537148318847376e-03 -8.422129519113294993e-01
-9.579831932773108516e-02 4.151414158578781155e-02 4.148777831679717476e-02 8.516669359593718180e-01 1.006228073722997968e-01 1.006108685146244186e-01 -8.400964848117509209e-01 4.150434638569253099e-02 4.147838131400721079e-02 8.516911668914213251e-01 1.006355674589231031e-01 1.006234550559929608e-01 1.716746340256850804e-03 -8.401138611036550463e-01
-1.008403361344537702e-01 4.282446299196633610e-02 4.279151975917122597e-02 8.515405166059918374e-01 1.074237404044665611e-01 1.073863740905469932e-01 -8.381563822594175761e-01 4.281505834382402786e-02 4.278246345555331703e-02 8.515630897857766612e-01 1.074360135404628103e-01 1.073984607586796203e-01 1.920090360530971995e-03 -8.381722840706877786e-01
-1.058823529411764552e-01 4.413925904900327379e-02 4.412084145264102975e-02 8.513458951218172421e-01 1.141579287926761388e-01 1.141034491935521977e-01 -8.360493483372279933e-01 4.413028972709207021e-02 4.411215282257708453e-02 8.513668578797208841e-01 1.141696578522338051e-01 1.141149933495884811e-01 2.127262104552223639e-03 -8.360638322496473096e-01
-1.109243697478991542e-01 4.540312750896799421e-02 4.533710923197298293e-02 8.511276180839865146e-01 1.210268891048552481e-01 1.210202245324930870e-01 -8.337148622888623795e-01 4.539464760972335144e-02 4.532883898197571926e-02 8.511469628559533707e-01 1.210380164226223382e-01 1.210311569113676211e-01 2.340864101701360667e-03 -8.337279454691326475e-01
-1.159663865546218392e-01 4.652595402469510144e-02 4.657104240413652285e-02 8.508965923909375118e-01 1.282195085874491269e-01 1.280840151223236467e-01 -8.311375802253716527e-01 4.651795543457087206e-02 4.656343005352348019e-02 8.509143422414586766e-01 1.282299724130982199e-01 1.280943745955567814e-01 2.548594257844962775e-03 -8.311493232485094307e-01
-1.210084033613445242e-01 4.780434961923465953e-02 4.783586717085666629e-02 8.506145398613009778e-01 1.351005324441673094e-01 1.349684106467881339e-01 -8.284451379674419025e-01 4.779697515463364466e-02 4.782881944436407490e-02 8.506304238048780775e-01 1.351101664443842276e-01 1.349779689092631962e-01 2.811767036769136086e-03 -8.284553712353053267e-01
-1.260504201680672232e-01 4.908551068803897882e-02 4.904818650403137970e-02 8.503100451213249089e-01 1.421243986979795204e-01 1.420644849215464411e-01 -8.255295229585382089e-01 4.907877868982608860e-02 4.904173908475892296e-02 8.503241639208720670e-01 1.421331822867759886e-01 1.420732096408646727e-01 3.076863410062420645e-03 -8.255383703986770572e-01
-1.310924369747898943e-01 5.037308737002779702e-02 5.032812646321162264e-02 8.499904912853761818e-01 1.491961385898599168e-01 1.491357255609480625e-01 -8.224488708569074324e-01 5.036702491517382196e-02 5.032230711735691947e-02 8.500028661796665830e-01 1.492040311855501733e-01 1.491435762590590797e-01 3.360216716158243022e-03 -8.224563946987633045e-01
-1.361344537815125932e-01 5.163782443713253040e-02 5.167721103614314471e-02 8.496590944980995097e-01 1.563579680927261462e-01 1.561933052756897256e-01 -8.191927125864342241e-01 5.163244098046439190e-02 5.167203136286424581e-02 8.496698076700152091e-01 1.563649602959320817e-01 1.562002716946624958e-01 3.654877098109700004e-03 -8.191990229921793931e-01
-1.411764705882352922e-01 5.300851824072494445e-02 5.299396124388376650e-02 8.492970398575343527e-01 1.634565930105897347e-01 1.633458588084035490e-01 -8.157524682411604333e-01 5.300380697619724163e-02 5.298942184110966985e-02 8.493061917140940498e-01 1.634626947972043221e-01 1.633519463895109214e-01 3.962831990934867141e-03 -8.157576864783336879e-01
-1.462184873949579633e-01 5.440615552244625064e-02 5.433547973495126554e-02 8.488890547392825559e-01 1.705524611681840108e-01 1.704966357468531701e-01 -8.121080964589788564e-01 5.440210448704019264e-02 5.433157049393616544e-02 8.488967458216649664e-01 1.705576906948074178e-01 1.705018623377273224e-01 4.287503497836351804e-03 -8.121123391245163026e-01
-1.512605042016806622e-01 5.575257640649344815e-02 5.562563990551749882e-02 8.484795741345493303e-01 1.777235592800097408e-01 1.777110357200169244e-01 -8.082599360888251816e-01 5.574912920973525837e-02 5.562230550141674529e-02 8.484860105170531908e-01 1.777280030899218155e-01 1.777154902789029323e-01 4.598028683196975219e-03 -8.082633773522887033e-01
-1.563025210084033334e-01 5.744470124793710220e-02 5.710687330618493401e-02 8.479855327323633229e-01 1.846064630551265962e-01 1.848652493575344558e-01 -8.042802024612446532e-01 5.744188694822922187e-02 5.710415327904486138e-02 8.479906371873735527e-01 1.846100631029314876e-01 1.848688602176654927e-01 5.004802893599388965e-03 -8.042828315735497391e-01
-1.613445378151260323e-01 5.928186808070730340e-02 5.870310502985177231e-02 8.475423591986176453e-01 1.914413968393326171e-01 1.919755548264505396e-01 -8.002830620241367932e-01 5.927964249718145617e-02 5.870095368663720559e-02 8.475462832140412406e-01 1.914442199181958237e-01 1.919783922294313327e-01 5.435440953161275318e-03 -8.002850120556928015e-01
-1.663865546218487312e-01 6.094555754358047667e-02 6.033879561229241184e-02 8.470549929483938145e-01 1.984848018008959214e-01 1.990197291976526506e-01 -7.960173328978399354e-01 6.094382458244335110e-02 6.033711471328798148e-02 8.470579869406367202e-01 1.984869890604754050e-01 1.990219403683395616e-01 5.841681122645431615e-03 -7.960187746836755451e-01
-1.714285714285714024e-01 6.276656688007373197e-02 6.207342053387221448e-02 8.465146977131875472e-01 2.054082525917144686e-01 2.060194602896618099e-01 -7.915973047097676352e-01 6.276528279818448242e-02 6.207216883731889873e-02 8.465168660666049227e-01 2.054098622166178612e-01 2.060211027899290503e-01 6.302105978197137560e-03 -7.915983200054035329e-01
-1.764705882352941013e-01 6.468056099468290354e-02 6.387776835704690737e-02 8.459479609523209431e-01 2.122988205964971564e-01 2.130064014011334994e-01 -7.870173743964921087e-01 6.467965526004633425e-02 6.387687920701393129e-02 8.459494573204449086e-01 2.122999484593781072e-01 2.130075692359858774e-01 6.790090962324676904e-03 -7.870180625593352630e-01
-1.815126050420167725e-01 6.662869817726274624e-02 6.582099923164178024e-02 8.453433317232224020e-01 2.192223084167017888e-01 2.198849139457997870e-01 -7.822708785220676697e-01 6.662809775826156189e-02 6.582040362256405541e-02 8.453443031259559870e-01 2.192230517321415162e-01 2.198857018058367474e-01 7.307265318974424419e-03 -7.822713256866470344e-01
-1.865546218487394714e-01 6.870276952183143604e-02 6.785112864872883121e-02 8.447013440797438433e-01 2.260605519548453124e-01 2.267310531379070349e-01 -7.773832386068993960e-01 6.870240328893451043e-02 6.785075955340880149e-02 8.447019246265721204e-01 2.260610034587761386e-01 2.267315506978961059e-01 7.858332769429529630e-03 -7.773835161644214731e-01
-1.915966386554621703e-01 7.091799049742145145e-02 6.993710483482179496e-02 8.440218723952055413e-01 2.327960552948885320e-01 2.335813456821551892e-01 -7.723454936438164387e-01 7.091779152101894412e-02 6.993689868200395066e-02 8.440221817171477126e-01 2.327963006346494557e-01 2.335816357900313833e-01 8.442361340090621252e-03 -7.723456588944780377e-01
-1.966386554621848415e-01 7.317134630969276965e-02 7.219938083264529349e-02 8.432969412815723986e-01 2.395661539065693790e-01 2.402825855370968877e-01 -7.671591912407040859e-01 7.317125677756652902e-02 7.219928214352330786e-02 8.432970780916836384e-01 2.395662656207648844e-01 2.402827385462257548e-01 9.061804420366224161e-03 -7.671592868149110789e-01
-2.016806722689075404e-01 7.554208157349177888e-02 7.453611865228798594e-02 8.425145913499749728e-01 2.462537095578726798e-01 2.469485860473767669e-01 -7.618061328605576499e-01 7.554205417254321320e-02 7.453608156276164687e-02 8.425146331000489264e-01 2.462537458564743320e-01 2.469486586088621705e-01 9.715252808602239595e-03 -7.618061889449859736e-01
-2.067226890756302393e-01 7.807265138313713992e-02 7.700405373973261136e-02 8.417072728774152024e-01 2.528797723427190780e-01 2.535806353634646459e-01 -7.563445378247425355e-01 7.807265256036532985e-02 7.700404525288842561e-02 8.417072726016683326e-01 2.528797738785001914e-01 2.535806670341202995e-01 1.041518636468266763e-02 -7.563445731250862947e-01
-2.117647058823529105e-01 8.079872867329739028e-02 7.949979052204707297e-02 8.408042681650241823e-01 2.592816876958046746e-01 2.602080032949429245e-01 -7.507009225595988600e-01 8.079873732800890718e-02 7.949978927586383304e-02 8.408042582690163913e-01 2.592816799307779974e-01 2.602080191713395108e-01 1.117417783566114139e-02 -7.507009481315931598e-01
-2.168067226890756094e-01 8.354249705556157646e-02 8.221677627279128098e-02 8.398347800957682852e-01 2.657775408123524974e-01 2.666453885006101476e-01 -7.448893662063653665e-01 8.354250406045483912e-02 8.221677242017230713e-02 8.398347742097872493e-01 2.657775355452026700e-01 2.666454005476673328e-01 1.197234492137982248e-02 -7.448893877199231905e-01
-2.218487394957983083e-01 8.738358677524574181e-02 8.546532903317730079e-02 8.390088004637157315e-01 2.718702524024657619e-01 2.730653831660102004e-01 -7.395637666210361783e-01 8.738359129460883390e-02 8.546532066611520206e-02 8.390087997957726973e-01 2.718702538168267235e-01 2.730653930440401500e-01 1.304570826609078443e-02 -7.395637862951807140e-01
-2.268907563025209795e-01 9.014924302327688432e-02 8.813028743142155286e-02 8.379516324258267090e-01 2.783177705875289898e-01 2.796547257726130775e-01 -7.333738185902193285e-01 9.014924685847502950e-02 8.813027684111957027e-02 8.379516335367482860e-01 2.783177775530462084e-01 2.796547360612878230e-01 1.375582835868515742e-02 -7.333738397093652051e-01
-2.319327731092436784e-01 9.418992767973680125e-02 9.208784545354928297e-02 8.366520150698621983e-01 2.842638370876081066e-01 2.857848831710035897e-01 -7.274302164844455021e-01 9.418991593204419088e-02 9.208781865874861305e-02 8.366520391391152334e-01 2.842638710411312664e-01 2.857849053977664089e-01 1.506846297540215089e-02 -7.274302520509572378e-01
-2.369747899159663496e-01 9.665681260489081272e-02 9.536578287482765093e-02 8.353933345697459600e-01 2.911560578710544744e-01 2.917815277564689835e-01 -7.207471652097270365e-01 9.665676988134028202e-02 9.536572480813623742e-02 8.353934029331634425e-01 2.911561322600045854e-01 2.917815770195195668e-01 1.586056956195620177e-02 -7.207472210288478065e-01
-2.420168067226890485e-01 1.009377179892424342e-01 1.009206122073558476e-01 8.336179382136604810e-01 2.972146999549938884e-01 2.971120393119435765e-01 -7.146393826602406296e-01 1.009375039462277607e-01 1.009203714777914540e-01 8.336182652246386660e-01 2.972149398806378517e-01 2.971122107637840792e-01 1.750233873017647407e-02 -7.146395710881670027e-01
-2.470588235294117474e-01 1.051518982538509894e-01 1.055509356606220278e-01 8.316817430119536336e-01 3.032378842306375222e-01 3.029244204597910106e-01 -7.077733988945238419e-01 1.051513632782462293e-01 1.055503503589018399e-01 8.316825379879747571e-01 3.032383958370197807e-01 3.029247966022031169e-01 1.896459909854444209e-02 -7.077738232894108528e-01
-2.521008403361344463e-01 1.101396116701928163e-01 1.107213451526541936e-01 8.293800172743461818e-01 3.090384449636772168e-01 3.086019922876064858e-01 -7.007825151778603878e-01 1.101384000118319217e-01 1.107200284257140455e-01 8.293817926069615432e-01 3.090394170683274933e-01 3.086027058117479793e-01 2.073817556411590088e-02 -7.007835479463193629e-01
-2.571428571428571175e-01 1.166976356704934326e-01 1.165726377610700470e-01 8.262773070444128232e-01 3.142371894440713631e-01 3.143755578606842183e-01 -6.933893156222968868e-01 1.166950310832407800e-01 1.165698373353483697e-01 8.262810090203374092e-01 3.142388378969140916e-01 3.143766773878978737e-01 2.314226304824464064e-02 -6.933919156066166156e-01
-2.621848739495797886e-01 1.254450314680556344e-01 1.254450282592609878e-01 8.206723199452873319e-01 3.189817462942883819e-01 3.190202777146138313e-01 -6.843811652095742604e-01 1.254391039762736137e-01 1.254384337490042911e-01 8.206804488305095013e-01 3.189838862187300839e-01 3.190213053771047136e-01 2.706340232983706767e-02 -6.843893905863627225e-01
-2.672268907563025153e-01 1.438444561118818465e-01 1.438171714711126148e-01 8.017692683688433242e-01 3.203933010320711983e-01 3.204593103635245965e-01 -6.658867974737854301e-01 1.438294883901825860e-01 1.437986247332321832e-01 8.017864388845529211e-01 3.203872368872290322e-01 3.204507273653808830e-01 3.673036536768022747e-02 -6.659287386401417930e-01
-2.722689075630251865e-01 1.565842573076792477e-01 1.569182281121736244e-01 7.836697886283678915e-01 3.230748591357617272e-01 3.227759102450704631e-01 -6.460058222545468354e-01 1.565659455566031366e-01 1.568928939076374707e-01 7.836870796783848014e-01 3.230555124884768037e-01 3.227537282139885111e-01 4.300260815811218773e-02 -6.460854697631288612e-01
-2.773109243697478576e-01 1.664285633083437688e-01 1.665398317471020184e-01 7.686327606432117321e-01 3.264423532682957929e-01 3.264338900906449403e-01 -6.277108579358992024e-01 1.664093767235366450e-01 1.665115268548548189e-01 7.686468991854039645e-01 3.264123611743148801e-01 3.264004734837096522e-01 4.718332918916229302e-02 -6.278221445028919767e-01
-2.823529411764705843e-01 1.751058414823671028e-01 1.752264082579864657e-01 7.545218419640249419e-01 3.303506349691719413e-01 3.302966980767186866e-01 -6.097872035182618777e-01 1.750869215564800629e-01 1.751964392934458881e-01 7.545315081884842456e-01 3.303118735743453271e-01 3.302540981929847907e-01 5.059021105994183226e-02 -6.099271872656827354e-01
-2.873949579831932555e-01 1.825571188646410437e-01 1.826570219670820838e-01 7.425525834718167406e-01 3.347419435605304971e-01 3.347366082848229341e-01 -5.933857772009518694e-01 1.825387636599109520e-01 1.826264399205921596e-01 7.425581249045957177e-01 3.346978058562201097e-01 3.346880608925717482e-01 5.306674304788956686e-02 -5.935484621459381493e-01
-2.924369747899159266e-01 1.912919322039471626e-01 1.912417791591140004e-01 7.269125386303765257e-01 3.385591920760709361e-01 3.385833857038963446e-01 -5.737549791521499021e-01 1.912939129353277146e-01 1.912454781270344628e-01 7.269128356381109324e-01 3.385653992927728506e-01 3.385899058689690877e-01 5.635003156862188750e-02 -5.737314385160188213e-01
-2.974789915966385978e-01 1.989088021823791630e-01 1.988685556489820649e-01 7.134714507412741602e-01 3.429036689823756756e-01 3.429431291589476460e-01 -5.557092444048308266e-01 1.989105583431854118e-01 1.988720782790395214e-01 7.134724365510783928e-01 3.429100168668513526e-01 3.429499161547612807e-01 5.870358162087455783e-02 -5.556835165572364676e-01
-3.025210084033613245e-01 2.072822534530285865e-01 2.072133425140951779e-01 6.973850566811052865e-01 3.468430659413814787e-01 3.469422251558796910e-01 -5.350765707980720265e-01 2.072837484611907422e-01 2.072166120955947488e-01 6.973868192037274705e-01 3.468492869173703252e-01 3.469490832266426961e-01 6.139128647999185506e-02 -5.350489398471588443e-01
-3.075630252100839956e-01 2.158982721052262188e-01 2.158744275661937384e-01 6.797589742364111842e-01 3.506858562094522513e-01 3.506741660595990018e-01 -5.128780529932044363e-01 2.158994817473850192e-01 2.158773481806991468e-01 6.797614583969939783e-01 3.506915200775246877e-01 3.506807226772227226e-01 6.412230857129806727e-02 -5.128493487295545661e-01
-3.126050420168066668e-01 2.246895234258453333e-01 2.246686091380611927e-01 6.610151959666121790e-01 3.543848865399544246e-01 3.543637652763964585e-01 -4.895222754398437237e-01 2.246904560067411183e-01 2.246710937300867572e-01 6.610182334376868418e-01 3.543895160004962297e-01 3.543695901703453055e-01 6.680028646743252363e-02 -4.894936335533943694e-01
-3.176470588235293935e-01 2.337248476470536740e-01 2.337110304692208151e-01 6.406781552789033718e-01 3.579319743289148814e-01 3.578901471448647786e-01 -4.645320641367439718e-01 2.337255434362989492e-01 2.337130233018687997e-01 6.406815049845282495e-01 3.579350910850781498e-01 3.578948109916115783e-01 6.947200177625326156e-02 -4.645047422288385297e-01
-3.226890756302520646e-01 2.430868415993367726e-01 2.430642249290529688e-01 6.183717640482817579e-01 3.612575723095616809e-01 3.612439356695187342e-01 -4.375252848925322291e-01 2.430873747978376243e-01 2.430657006849825108e-01 6.183751131208039542e-01 3.612587216353064234e-01 3.612470244762497895e-01 7.215672931556563197e-02 -4.375006621569861309e-01
-3.277310924369747358e-01 2.527741075409651872e-01 2.527532447185631970e-01 5.938973044051256700e-01 3.643615431700700791e-01 3.643474491671124804e-01 -4.083355968249481327e-01 2.527745769089208006e-01 2.527542027603744690e-01 5.939002583011701031e-01 3.643603333085578821e-01 3.643486113474315169e-01 7.485248374268067828e-02 -4.083152542124959816e-01
-3.327731092436974625e-01 2.631328207595385882e-01 2.631059512253086652e-01 5.653408484372126619e-01 3.669187871881289253e-01 3.669493293550036284e-01 -3.751760966851223067e-01 2.631333633544395423e-01 2.631064220174615387e-01 5.653429625451371621e-01 3.669148580105530133e-01 3.669482502097785592e-01 7.770629360852832068e-02 -3.751616868508372282e-01
-3.378151260504201336e-01 2.782989497511647592e-01 2.776111041562787651e-01 5.152650448257843907e-01 3.682259984250180196e-01 3.687047750419597536e-01 -3.192655408113448390e-01 2.783001026537467171e-01 2.776115517249203024e-01 5.152662425805483171e-01 3.682188055657662495e-01 3.687013316205128843e-01 8.195233067059136400e-02 -3.192557496552708707e-01
-3.428571428571428048e-01 2.977931252749848601e-01 2.952403964730360708e-01 4.284688371299692489e-01 3.629033324117054704e-01 3.641127927596283231e-01 -2.320031661664480604e-01 2.977955216698426888e-01 2.952408897620737438e-01 4.284680224573957918e-01 3.628913305276871837e-01 3.641054238241279162e-01 8.843949484013816087e-02 -2.320037112116635214e-01
-3.478991596638655315e-01 3.372711038256620553e-01 3.362273047343379284e-01 1.779358641303569188e-01 3.458202377557220153e-01 3.479637613261626905e-01 2.075144023976105423e-02 3.372179731983633300e-01 3.361973816959910044e-01 1.779641588852080014e-01 3.459494724166757296e-01 3.480717683167848797e-01 9.746482461942657105e-02 2.071459500979838664e-02
-3.529411764705882026e-01 3.451124115238006773e-01 3.451743465310699310e-01 1.464406156876790488e-01 3.479640468956615162e-01 3.478912369022240658e-01 5.609881995439991442e-02 3.450544888680432409e-01 3.451424244040253719e-01 1.464749297978434062e-01 3.480998002457020846e-01 3.480067458309261674e-01 9.765319710823047727e-02 5.609572631097303752e-02
-3.579831932773108738e-01 3.503051751539622560e-01 3.503680974573490925e-01 1.470370656506065077e-01 3.529340867330730269e-01 3.528936857196655064e-01 6.128682366410725946e-02 3.502449913241393875e-01 3.503351339302041012e-01 1.470713991756501804e-01 3.530709382792993623e-01 3.530104102204714156e-01 9.732947016302287424e-02 6.130477176480197965e-02
-3.630252100840335450e-01 3.556146125676205028e-01 3.556411925501190008e-01 1.470380929168003947e-01 3.579220015955046907e-01 3.576894243510534421e-01 6.746348208495878129e-02 3.555516513491766561e-01 3.556066513929774242e-01 1.470720871512540551e-01 3.580598014958862318e-01 3.578070287115643344e-01 9.696541888549317645e-02 6.750410822970071001e-02
-3.680672268907562716e-01 3.608338384817744160e-01 3.609685563171149969e-01 1.472629774096164967e-01 3.627798170571440162e-01 3.625636555639196734e-01 7.361663615999475274e-02 3.607687524219580499e-01 3.609326009258514434e-01 1.472956152889049464e-01 3.629168466494280820e-01 3.626804731304019147e-01 9.659305161679773710e-02 7.367869301073820543e-02
-3.731092436974789428e-01 3.660262243962586481e-01 3.662027295504383662e-01 1.481402887019277193e-01 3.677031009751472457e-01 3.674678553462026320e-01 7.927970418580188028e-02 3.659597265086328433e-01 3.661656114188240885e-01 1.481706321859076192e-01 3.678377308120861500e-01 3.675823741430305214e-01 9.620418778605971388e-02 7.936147346484589971e-02
-3.781512605042016140e-01 3.711247768949180736e-01 3.713997656438452477e-01 1.497626305514576373e-01 3.726550660032353912e-01 3.724999207348940744e-01 8.439117411885505016e-02 3.710576063694501769e-01 3.713617830480483994e-01 1.497898735247920332e-01 3.727858102658271333e-01 3.726107665514764022e-01 9.579664484320313256e-02 8.449084186471023106e-02
-3.831932773109243406e-01 3.763455451692039322e-01 3.765083138275682195e-01 1.512871797284554842e-01 3.776498657169512496e-01 3.773691862307845257e-01 8.980091669416301325e-02 3.762784657496630603e-01 3.764698381249923509e-01 1.513104993252521457e-01 3.777751420996529608e-01 3.774749812628546697e-01 9.537970583026064708e-02 8.991677272915410413e-02
-3.882352941176470118e-01 3.813907098921888172e-01 3.816549180666464203e-01 1.535200568810816679e-01 3.826066507122619087e-01 3.824466856113718505e-01 9.464890113110685510e-02 3.813245586391841302e-01 3.816164002723511084e-01 1.535389293816575018e-01 3.827252254001339837e-01 3.825462663486792758e-01 9.495051221903280658e-02 9.477865397967721872e-02
-3.932773109243696830e-01 3.865514347080569735e-01 3.867245417457024215e-01 1.556550406171024747e-01 3.876023813865560053e-01 3.873712694804436474e-01 9.981732163099921173e-02 3.864869523784985050e-01 3.866863976637694433e-01 1.556688455190883280e-01 3.877129505152264177e-01 3.874635500883412131e-01 9.451006026227382062e-02 9.995905407470007109e-02
-3.983193277310924096e-01 3.916248023181010396e-01 3.918005888543215631e-01 1.581017583941154991e-01 3.925576539786507779e-01 3.923590019911810112e-01 1.048280147699623965e-01 3.915627033269447610e-01 3.917632578763942108e-01 1.581101652335970831e-01 3.926592926288193786e-01 3.924431433206592157e-01 9.405868919259129102e-02 1.049795187155733722e-01
-4.033613445378150808e-01 3.967668579162568765e-01 3.968169380734447582e-01 1.606067496452332766e-01 3.975658512056488014e-01 3.972603380342079049e-01 1.099666386752998770e-01 3.967078017016058000e-01 3.967808324198319747e-01 1.606094886029772739e-01 3.976577077071474786e-01 3.973356761472367493e-01 9.359174861785499178e-02 1.101258165677908574e-01
-4.084033613445377520e-01 4.017925572474851936e-01 4.018972990768283071e-01 1.633206978975057233e-01 4.024604343274779117e-01 4.022542904200898661e-01 1.150881246045505346e-01 4.017371915494837298e-01 4.018628925585998601e-01 1.633176067725952418e-01 4.025418467399144440e-01 4.023201825209676841e-01 9.311876483211288524e-02 1.152527046005382139e-01
-4.134453781512604786e-01 4.068079680760887662e-01 4.069123228793682934e-01 1.662666243019021994e-01 4.073818823585698690e-01 4.072097939507581255e-01 1.201541539867497788e-01 4.067568494996841588e-01 4.068800341810604460e-01 1.662577659329283475e-01 4.074524338228975306e-01 4.072659434138786727e-01 9.263543101769902699e-02 1.203218917951305311e-01
-4.184873949579831498e-01 4.118189207298907362e-01 4.119385401745117026e-01 1.691836417082184518e-01 4.122544987292027230e-01 4.121286182938431741e-01 1.254346117845011044e-01 4.117724777993937435e-01 4.119087145816954232e-01 1.691691307301533553e-01 4.123139623360375650e-01 4.121748579658366385e-01 9.213919014087926240e-02 1.256034707854702948e-01
-4.235294117647058210e-01 4.168302200158731097e-01 4.168985078924218879e-01 1.723141845040774001e-01 4.171572501719168491e-01 4.170037029389239702e-01 1.306784878881335210e-01 4.167888515271549466e-01 4.168714885650794955e-01 1.722942974429814977e-01 4.172055462038011253e-01 4.170400476598189465e-01 9.163286322769512160e-02 1.308463851751745510e-01
-4.285714285714285476e-01 4.217988307767064349e-01 4.218485747635369876e-01 1.755043697596117558e-01 4.219926726817412321e-01 4.218453787638699048e-01 1.360656404894653448e-01 4.217627892792502053e-01 4.218246217515088103e-01 1.754794091393895583e-01 4.220299324485237702e-01 4.218719731445405574e-01 9.111412048791860119e-02 1.362307333428905420e-01
-4.336134453781512188e-01 4.267134607948194214e-01 4.267611788269222717e-01 1.789190729578996053e-01 4.268113449997869013e-01 4.266852331188079606e-01 1.413861581240475340e-01 4.266829198093838871e-01 4.267405255472145886e-01 1.788895851811420357e-01 4.268379393687574686e-01 4.267024497423723695e-01 9.058871490048264752e-02 1.415465932232214397e-01
-4.386554621848738900e-01 4.315997751914198988e-01 4.316886566399382730e-01 1.822806630001684580e-01 4.315511882153694190e-01 4.314828622669432678e-01 1.469282450451816491e-01 4.315747764149144849e-01 4.316714467608142591e-01 1.822472710038803012e-01 4.315676611787717665e-01 4.314912103347867678e-01 9.005457970944949486e-02 1.470824307532397901e-01
-4.436974789915966166e-01 4.364587742431864092e-01 4.365288623739007612e-01 1.858661492474851795e-01 4.362928546585959633e-01 4.362214015879823936e-01 1.524489364926492341e-01 4.364393171958313999e-01 4.365151850652085885e-01 1.858293725504234495e-01 4.362997416464864942e-01 4.362214250384555680e-01 8.950608582382306444e-02 1.525955204231131956e-01
-4.487394957983192878e-01 4.413152831837798828e-01 4.412949681966459314e-01 1.895177250591093543e-01 4.410250307357028721e-01 4.408700552426336738e-01 1.580489559905285946e-01 4.413012349266381973e-01 4.412848257788577477e-01 1.894783026134259363e-01 4.410231236622580431e-01 4.408625280801946600e-01 8.894991449472873513e-02 1.581867123772396910e-01
-4.537815126050419590e-01 4.460826530338499185e-01 4.461209954058847904e-01 1.930888618727372441e-01 4.455895360606733080e-01 4.455104180451102680e-01 1.639250988485705385e-01 4.460738322338445583e-01 4.461143863551524369e-01 1.930473067100208495e-01 4.455795994329794785e-01 4.454959853111931656e-01 8.837941579586131025e-02 1.640530599570297898e-01
-4.588235294117646301e-01 4.508210348514940513e-01 4.508337699113147412e-01 1.969187638934000451e-01 4.502005851189224694e-01 4.500961043853896060e-01 1.696307913765767728e-01 4.508170548430904256e-01 4.508305224419433266e-01 1.968762097194338423e-01 4.501837950882170425e-01 4.500758817340274609e-01 8.781513140150846997e-02 1.697481305238144333e-01
-4.638655462184873568e-01 4.554443576602894561e-01 4.554832586114212489e-01 2.005555891137557334e-01 4.546459188329239343e-01 4.546039012852696182e-01 1.759625624783589526e-01 4.554455110077783031e-01 4.554837746535834730e-01 2.005101230430607617e-01 4.546231984645467961e-01 4.545787528578560943e-01 8.719569176444526282e-02 1.760675604141011541e-01
-4.689075630252100280e-01 4.599347908198745394e-01 4.599389699789422359e-01 2.054237474597254143e-01 4.593723934537876641e-01 4.592912358101030046e-01 1.806827478690323230e-01 4.599394582652971963e-01 4.599421091405044848e-01 2.053801034078020227e-01 4.593457442120726375e-01 4.592629402176197084e-01 8.667677482793731403e-02 1.807767854090854831e-01
-4.739495798319326991e-01 4.645641805435603566e-01 4.646716601110864042e-01 2.089592560007177691e-01 4.636442426671605332e-01 4.636530836824181434e-01 1.870966776236340223e-01 4.645723553727931776e-01 4.646774202221678474e-01 2.089168703744544442e-01 4.636136405373136871e-01 4.636215785501428543e-01 8.608200393602216671e-02 1.871797814211885180e-01
-4.789915966386554258e-01 4.690434395652098853e-01 4.691085369923737036e-01 2.132835520773025961e-01 4.679923903221973602e-01 4.679694562483103226e-01 1.929743948939121601e-01 4.690548914974254080e-01 4.691168027037735389e-01 2.132427969320312700e-01 4.679584601531366905e-01 4.679353359067522922e-01 8.546734015760515391e-02 1.930464233669214047e-01
-4.840336134453780970e-01 4.734547852826603842e-01 4.734614374574632745e-01 2.176470983545074900e-01 4.722955753469155749e-01 4.722124957592165884e-01 1.987817711402057319e-01 4.734687936473688241e-01 4.734717343242135223e-01 2.176086934618424173e-01 4.722595252407238431e-01 4.721768234739345260e-01 8.487486778169681112e-02 1.988430062260225784e-01
-4.890756302521007681e-01 4.776704342070020592e-01 4.776738247555550876e-01 2.221583666070876262e-01 4.764646031033937801e-01 4.763809629750040964e-01 2.049529509064746957e-01 4.776876517041458992e-01 4.776868627394051936e-01 2.221215724537799752e-01 4.764270452951265833e-01 4.763442922568955629e-01 8.421316522710833863e-02 2.050032591337348498e-01
-4.941176470588234948e-01 4.817314448930908877e-01 4.817956381524235443e-01 2.273492535619847099e-01 4.807449007855652545e-01 4.807494044951916567e-01 2.098895484173861625e-01 4.817496010951966001e-01 4.818095436422317190e-01 2.273161460461182448e-01 4.807074867470169655e-01 4.807131395125610052e-01 8.367160224699468629e-02 2.099305709453764268e-01
-4.991596638655461660e-01 4.860154902826738788e-01 4.861001399649149679e-01 2.312772739099417663e-01 4.846513520752945281e-01 4.846724588520419652e-01 2.163945205964654672e-01 4.860345990993832910e-01 4.861149170982728140e-01 2.312474594535451622e-01 4.846141152867504687e-01 4.846366444071417146e-01 8.305557123085963167e-02 2.164265960401213773e-01
-5.042016806722688926e-01 4.900672574572160212e-01 4.901506537664928054e-01 2.359080755976581956e-01 4.885566116661807512e-01 4.885933757952338752e-01 2.223830402857673860e-01 4.900871234943726118e-01 4.901662023256223022e-01 2.358816769292179649e-01 4.885199514280280653e-01 4.885583496629729572e-01 8.242385017562106619e-02 2.224065518005733377e-01
-5.092436974789915638e-01 4.940014303966645537e-01 4.940766854613051762e-01 2.406116038614298791e-01 4.923824739148673357e-01 4.924131566244503988e-01 2.283060309780973185e-01 4.940216423821632841e-01 4.940927095538258373e-01 2.405887034629234922e-01 4.923469668979731928e-01 4.923794099064208174e-01 8.180166519487919174e-02 2.283217790162562766e-01
-5.142857142857142350e-01 4.977176118204751365e-01 4.977852174380660299e-01 2.456610617833260291e-01 4.961897083317353685e-01 4.962124608260699565e-01 2.341234463514014763e-01 4.977384379902612954e-01 4.978020272304152227e-01 2.456417570936877404e-01 4.961558951507476500e-01 4.961804661260278970e-01 8.115495895958428629e-02 2.341324762162316775e-01
-5.193277310924369061e-01 5.013533254847054588e-01 5.013363329789353173e-01 2.510757991818472479e-01 5.000719806603027839e-01 5.000461238722565538e-01 2.390404808931465008e-01 5.013732190187710769e-01 5.013525456890134402e-01 2.510599693035269198e-01 5.000404210370712477e-01 5.000163130596709804e-01 8.061346976693346822e-02 2.390439051064733311e-01
-5.243697478991595773e-01 5.050992700251901724e-01 5.051709832190061089e-01 2.553101800972966684e-01 5.035087465125451800e-01 5.035508127459988881e-01 2.453032549697031217e-01 5.051182420630477843e-01 5.051866019337647451e-01 2.552975088343275578e-01 5.034794339781017980e-01 5.035232076438453941e-01 8.001521385672157038e-02 2.453016531387142152e-01
-5.294117647058822484e-01 5.086903145543439919e-01 5.087339971965523233e-01 2.599919346398799624e-01 5.069343004554843768e-01 5.069625341437539179e-01 2.512241889629365788e-01 5.087083148398521271e-01 5.087489928870411182e-01 2.599822488461456249e-01 5.069072875761313490e-01 5.069371482925452144e-01 7.940310437534889298e-02 2.512182013803465619e-01
-5.344537815126050306e-01 5.121028484580685269e-01 5.121325111873866742e-01 2.649003318149671382e-01 5.103194300129144656e-01 5.103328394625985531e-01 2.568119502429350165e-01 5.121196935445609943e-01 5.121467213055098666e-01 2.648934262124280625e-01 5.102948340334003685e-01 5.103097631673372270e-01 7.881561417241852996e-02 2.568022644699573531e-01
-5.394957983193277018e-01 5.152561035344797036e-01 5.153036819849545758e-01 2.700776933179699357e-01 5.135812359822087281e-01 5.135613453817081675e-01 2.624161883619964275e-01 5.152722114173863277e-01 5.153175126841209597e-01 2.700737689358609916e-01 5.135589535275827400e-01 5.135404551939285467e-01 7.817524206037604340e-02 2.624035540979983705e-01
-5.445378151260503730e-01 5.182439276681315432e-01 5.183238551506990088e-01 2.757511698679102619e-01 5.169533307707976366e-01 5.170145996820769696e-01 2.669610700363965750e-01 5.182585066767047000e-01 5.183365150875042238e-01 2.757493383755529326e-01 5.169335113829941486e-01 5.169960364974460765e-01 7.765321214402357008e-02 2.669462165183155156e-01
-5.495798319327730441e-01 5.214469025861480089e-01 5.218644338638509517e-01 2.797022376419177614e-01 5.201976780137923528e-01 5.195145299558829866e-01 2.733244619467943837e-01 5.214600597266287885e-01 5.218760036032488170e-01 2.797023957880056533e-01 5.201802080568034281e-01 5.194982197589164130e-01 7.708608810305325743e-02 2.733075138819709982e-01
-5.546218487394957153e-01 5.244853795460618917e-01 5.249447160897160458e-01 2.841002379710069192e-01 5.229776755154946777e-01 5.223386751557577146e-01 2.792848904193105941e-01 5.244973643145690589e-01 5.249554149361833622e-01 2.841021837462889277e-01 5.229622993283649102e-01 5.223243811511650847e-01 7.646362882518981108e-02 2.792666489510836625e-01
-5.596638655462183864e-01 5.272207682791723027e-01 5.275823156611427756e-01 2.895496930374469313e-01 5.260087612400512480e-01 5.253708560906402703e-01 2.838297155142163186e-01 5.272313401799534338e-01 5.275918986823021628e-01 2.895529155470498162e-01 5.259954867013320046e-01 5.253585204854844815e-01 7.595032861017247949e-02 2.838106915591396273e-01
-5.647058823529411686e-01 5.296714369786805765e-01 5.300514774321420930e-01 2.951245505548257819e-01 5.289064811118612264e-01 5.283639357537266434e-01 2.878841255899672325e-01 5.296807280731766765e-01 5.300600248425332284e-01 2.951286811305606772e-01 5.288950397418609173e-01 5.283533068587495940e-01 7.546877562925019545e-02 2.878647384375445650e-01
-5.697478991596638398e-01 5.324031170459011530e-01 5.325312686552474695e-01 3.002068064144280957e-01 5.316011945453884557e-01 5.313642482996110417e-01 2.926510882361706423e-01 5.324110809144938505e-01 5.325387307597015951e-01 3.002118223751538695e-01 5.315917087144557129e-01 5.313554191403124793e-01 7.494502234254153683e-02 2.926313915710055946e-01
-5.747899159663865110e-01 5.350552356865436732e-01 5.351413501041797360e-01 3.043721979060065030e-01 5.339424614461905083e-01 5.337519751541150992e-01 2.984452952380337032e-01 5.350621691452133177e-01 5.351480480634043246e-01 3.043782459363698067e-01 5.339346043512680495e-01 5.337446623051291805e-01 7.434359153382245899e-02 2.984256000796472463e-01
-5.798319327731091821e-01 5.374289059922854328e-01 5.375524091054613152e-01 3.091727343729337996e-01 5.364529866714178308e-01 5.363223166677016929e-01 3.030938103327837085e-01 5.374347702996227216e-01 5.375581990045039671e-01 3.091791365902837319e-01 5.364465729285056161e-01 5.363163476409504860e-01 7.385755104248606373e-02 3.030746400639257043e-01
-5.848739495798318533e-01 5.398962474489865659e-01 5.399961018728529627e-01 3.133910904264200492e-01 5.387599585578762840e-01 5.386497674352470622e-01 3.082112347640179606e-01 5.399011875801399407e-01 5.400010971460106335e-01 3.133976062314210997e-01 5.387547563381827054e-01 5.386449192317976919e-01 7.335295142975195581e-02 3.081930099199545747e-01
-5.899159663865545244e-01 5.422068135538522515e-01 5.422869421871914231e-01 3.177305585616340133e-01 5.410185686714298336e-01 5.409251920633644239e-01 3.130210573850493727e-01 5.422109302328451674e-01 5.422912198676975715e-01 3.177370950899455204e-01 5.410144259492373209e-01 5.409213242662795906e-01 7.286418925278953518e-02 3.130038100074326035e-01
-5.949579831932771956e-01 5.443939203414589478e-01 5.444548454886103395e-01 3.220719108770382366e-01 5.431820445116696261e-01 5.431014168155463562e-01 3.177279266450728779e-01 5.443973046950092431e-01 5.444584765272334481e-01 3.220783823950503222e-01 5.431788283555609720e-01 5.430984060968482297e-01 7.238302011812583481e-02 3.177116741475694561e-01
-5.999999999999999778e-01 5.464845706493236532e-01 5.465610724966137868e-01 3.263164438042812643e-01 5.452545618413369155e-01 5.452025352974857464e-01 3.223349158613774135e-01 5.464873188357209921e-01 5.465641303428311337e-01 3.263227580087404434e-01 5.452521287458031995e-01 5.452002514756151275e-01 7.191250273633663370e-02 3.223197266103475234e-01
