0.000000000000000000e+00 2.966530421215062366e-12 -4.541410146685327361e-13 8.875539192487735818e-12 -2.692912179818827220e-12 -7.572509303813503574e-13 -8.842371279627059266e-12 2.960534181269694308e-12 -4.643182469599357397e-13 8.908596083045949854e-12 -2.680969843017731240e-12 -7.554812577773300787e-13 -8.423567747211430383e-19 -8.861356093348149443e-12
-5.042016806722688510e-03 3.731350983126684694e-04 -2.055086433807246983e-04 2.627830223507349183e-03 -3.021504459280124509e-04 -2.971110711232730376e-04 -2.613108143905140679e-03 3.734764000359241725e-04 -2.045729854290808975e-04 2.629862063043414411e-03 -3.023771397496147618e-04 -2.993504053158953606e-04 9.371762567763630324e-07 -2.614283051429244775e-03
-1.008403361344537702e-02 3.524115652093963327e-04 -1.925670219924793857e-04 2.467890298078562195e-03 -2.857851225124189809e-04 -2.763532759541084292e-04 -2.453693839785997532e-03 3.527158887804032511e-04 -1.916839761903631374e-04 2.469823923299030444e-03 -2.860046740004468929e-04 -2.784745509936394038e-04 8.410802370292858176e-07 -2.454851846106498314e-03
-1.512605042016806553e-02 -4.022566205043175570e-04 4.301327155765275649e-04 -3.441345224789255086e-03 4.705712480684291115e-04 1.332243457010377123e-04 3.449676714331828542e-03 -4.005648967062706064e-04 4.308094077852953735e-04 -3.441101054274919857e-03 4.695654760662069851e-04 1.341795483866965169e-04 6.665387939096104715e-07 3.448970538204976233e-03
-2.016806722689075404e-02 -4.018415270722900594e-04 4.304388464871172727e-04 -3.437498595412757929e-03 4.689652909611990430e-04 1.319775951456150548e-04 3.445817341455215121e-03 -4.001423809047812189e-04 4.310688535468955437e-04 -3.437278860066228514e-03 4.679442526145292610e-04 1.329522552052666792e-04 6.721138816854232407e-07 3.445130398372020508e-03
-2.521008403361344255e-02 2.319711792388317595e-01 8.911580427713668845e-03 2.164522546006042714e-01 -2.597851336891793816e-01 4.634726760999000050e-02 -1.828409705273869590e-01 2.319451087478578699e-01 8.987157059706747317e-03 2.164211991570739180e-01 -2.597676390791243684e-01 4.636898763138179447e-02 -1.331875218057685523e-02 -1.827926368316554195e-01
-3.025210084033613106e-02 2.197223655359029360e-01 9.980537991020454330e-04 2.206759687702395945e-01 -2.541388706217547200e-01 4.848791336658440226e-02 -1.848198553268866617e-01 2.196929746351863333e-01 1.056097728526310224e-03 2.206530329986049477e-01 -2.541133683054745407e-01 4.852396394653760159e-02 -1.267294008661060817e-02 -1.847861106143953713e-01
-3.529411764705882304e-02 2.198310316504081263e-01 8.915917103327723747e-04 2.206226702542113116e-01 -2.541205964410675477e-01 4.847508181258962379e-02 -1.848728730286849364e-01 2.198014726758261428e-01 9.495849121323070297e-04 2.205997420981802015e-01 -2.540948088457614107e-01 4.851106165579764651e-02 -1.267767494064285516e-02 -1.848392290874959487e-01
-4.033613445378150808e-02 2.199372856620656347e-01 7.912457356825846125e-04 2.205705333388446876e-01 -2.541039853277278215e-01 4.846239532161195074e-02 -1.849239071143591873e-01 2.199075668436568098e-01 8.491955050980160014e-04 2.205476167272036880e-01 -2.540779206658623224e-01 4.849830756393497949e-02 -1.268233678255229792e-02 -1.848903603102554638e-01
-4.537815126050419312e-02 6.996884429034315456e-02 -7.581197903380371139e-02 2.817902915109381512e-01 -1.253211920097789811e-01 5.783246894452218068e-02 -2.843861541589876030e-01 6.997632700507427916e-02 -7.587270723937210304e-02 2.818275525528330938e-01 -1.253005954588816140e-01 5.786987862680585681e-02 -5.826727623460786765e-03 -2.842575142247287801e-01
-5.042016806722688510e-02 6.716026547333911467e-02 -7.655971782355945610e-02 2.828329316971299745e-01 -1.224697724637274776e-01 5.961223457390103786e-02 -2.854614206792166486e-01 6.717008048817714461e-02 -7.662519481795386500e-02 2.828707094132117961e-01 -1.224490804925217335e-01 5.964931956002395008e-02 -5.705027692136197849e-03 -2.853389603966053900e-01
-5.546218487394957708e-02 6.707469193979140321e-02 -7.657109386157805175e-02 2.828832001610909752e-01 -1.224163430668053776e-01 5.963826600178206983e-02 -2.854865275076698405e-01 6.708465258997316216e-02 -7.663681414209420895e-02 2.829209460131430487e-01 -1.223955795183167272e-01 5.967535215461424597e-02 -5.703226901277828019e-03 -2.853638806771604530e-01
-6.050420168067226212e-02 6.699285105057928291e-02 -7.657945786695312396e-02 2.829328533883460617e-01 -1.223651301355908327e-01 5.966543779956218208e-02 -2.855102652230311344e-01 6.700295764731672987e-02 -7.664541718693897165e-02 2.829705657131206809e-01 -1.223442952497049291e-01 5.970252449850744353e-02 -5.701470382341047860e-03 -2.853874386413703390e-01
-6.554621848739494716e-02 6.691465762617805624e-02 -7.658486683085707902e-02 2.829819142520867414e-01 -1.223160518371542022e-01 5.969370518394889746e-02 -2.855326761124717949e-01 6.692491047457327369e-02 -7.665106106199617853e-02 2.830195915146662688e-01 -1.222951457529295599e-01 5.973079175524574624e-02 -5.699756673934189971e-03 -2.854096762922541664e-01
-7.058823529411764608e-02 6.684002704882877066e-02 -7.658737428771550393e-02 2.830304064909254236e-01 -1.222690285416570544e-01 5.972302906466828154e-02 -2.855538005772086940e-01 6.685042645201411116e-02 -7.665379942819787462e-02 2.830680472740451648e-01 -1.222480512960310850e-01 5.976011478951821082e-02 -5.698084284541819755e-03 -2.854306337689758166e-01
-7.563025210084033112e-02 6.676887840379709671e-02 -7.658703173103856288e-02 2.830783520107342799e-01 -1.222239834944955361e-01 5.975337131179934286e-02 -2.855736772473413954e-01 6.677942466059900994e-02 -7.665368391242653734e-02 2.831159550059431096e-01 -1.222029350229494049e-01 5.979045543680554242e-02 -5.696451791204956532e-03 -2.854503494555155063e-01
-8.067226890756301616e-02 6.670113356690965389e-02 -7.658388900212456663e-02 2.831257713133507048e-01 -1.221808419417461794e-01 5.978469447851456064e-02 -2.855923434673505179e-01 6.671182697166734565e-02 -7.665076449804122949e-02 2.831633353128313324e-01 -1.221597220786295734e-01 5.982177622562540736e-02 -5.694857819991529756e-03 -2.854688604620962966e-01
-8.571428571428570120e-02 6.663671964812724335e-02 -7.657799214143015676e-02 2.831726834505775559e-01 -1.221395347448128027e-01 5.981696513477727933e-02 -2.856098334460726584e-01 6.664756048737799365e-02 -7.664508736304774528e-02 2.832102073455219360e-01 -1.221183432246510658e-01 5.985404370670294183e-02 -5.693301085267866990e-03 -2.854862008028665743e-01
-9.075630252100838624e-02 6.657556542687147194e-02 -7.656938600804394368e-02 2.832191065936804364e-01 -1.220999938236861926e-01 5.985015035006188699e-02 -2.856261806241118251e-01 6.658655398263260694e-02 -7.663669751300776489e-02 2.832565893683832714e-01 -1.220787302824467430e-01 5.988722493959847820e-02 -5.691780327100042815e-03 -2.855024037288503846e-01
-9.579831932773108516e-02 6.651760245280803618e-02 -7.655811348218075074e-02 2.832650579210965192e-01 -1.220621536496650367e-01 5.988421883963401110e-02 -2.856414169407482939e-01 6.652873900593778145e-02 -7.662563797750765460e-02 2.833024986504247833e-01 -1.220408176275997597e-01 5.992128863748744094e-02 -5.690294331171109887e-03 -2.855175010033774163e-01
-1.008403361344537702e-01 6.646276492307946759e-02 -7.654421556204173138e-02 2.833105536832867255e-01 -1.220259511484206305e-01 5.991914089289741147e-02 -2.856555729107758124e-01 6.647404975914704417e-02 -7.661194990621449097e-02 2.833479515319509145e-01 -1.220045420939856046e-01 5.995620509587698543e-02 -5.688841927142513841e-03 -2.855315229761032914e-01
-1.058823529411764552e-01 6.641098956293159383e-02 -7.652773145501440277e-02 2.833556092637837809e-01 -1.219913256052748973e-01 5.995488830704042565e-02 -2.856686776973530462e-01 6.642242298170990267e-02 -7.659567265967651140e-02 2.833929634882398352e-01 -1.219698428802890866e-01 5.999194612745378102e-02 -5.687421987160390553e-03 -2.855444986527531093e-01
-1.109243697478991542e-01 6.636221551522707152e-02 -7.650869866358350757e-02 2.834002392336676390e-01 -1.219582185748609160e-01 5.999143432071440268e-02 -2.856807591807475344e-01 6.637379784563608720e-02 -7.657684389503877087e-02 2.834375491880899434e-01 -1.219366614612130556e-01 6.002848499820272188e-02 -5.686033424734487224e-03 -2.855564557598090358e-01
-1.159663865546218392e-01 6.631638423183737474e-02 -7.648715306537511027e-02 2.834444574043983311e-01 -1.219265737918702047e-01 6.002875355290694659e-02 -2.856918440261150827e-01 6.632811585636118334e-02 -7.655549964631323812e-02 2.834817225540917640e-01 -1.219049415007030512e-01 6.006579637126741034e-02 -5.684675193970993926e-03 -2.855674208063418984e-01
-1.210084033613445242e-01 6.627343936049095996e-02 -7.646312898621103471e-02 2.834882768853397295e-01 -1.218963370794559631e-01 6.006682195090436160e-02 -2.857019577560790946e-01 6.628532075759957509e-02 -7.653167439775750147e-02 2.835254968351814120e-01 -1.218746287649911664e-01 6.010385626483675386e-02 -5.683346289321183041e-03 -2.855774191451699862e-01
-1.260504201680672232e-01 6.623332663337294646e-02 -7.643665926442853864e-02 2.835317101444391197e-01 -1.218674562548753837e-01 6.010561673813565042e-02 -2.857111248362893541e-01 6.624535845685923519e-02 -7.650540114828224825e-02 2.835688846998339896e-01 -1.218456710386338349e-01 6.014264202152876104e-02 -5.682045746850586734e-03 -2.855864750322369972e-01
-1.310924369747898943e-01 6.619599373423507016e-02 -7.640777529810076352e-02 2.835747690983159153e-01 -1.218398810150780748e-01 6.014511637051325049e-02 -2.857193688077895866e-01 6.620817697802200419e-02 -7.647671145697802764e-02 2.836118984045773450e-01 -1.218180180354625775e-01 6.018213231623891629e-02 -5.680772648454960466e-03 -2.855946116905822563e-01
-1.361344537815125932e-01 6.616139009890119327e-02 -7.637650705221034342e-02 2.836174652999229884e-01 -1.218135627550676198e-01 6.018530050205950915e-02 -2.857267125739898495e-01 6.617372648811867264e-02 -7.644563544015796352e-02 2.836545501982162820e-01 -1.217916212876470894e-01 6.022230726539599954e-02 -5.679526133801061222e-03 -2.856018513847399243e-01
-1.411764705882352922e-01 6.612946645358463993e-02 -7.634288292935481612e-02 2.836598105397461489e-01 -1.217884541083831124e-01 6.022614994548593226e-02 -2.857331793307187340e-01 6.614195957536293802e-02 -7.641220158458914002e-02 2.836968536691762410e-01 -1.217664339297591936e-01 6.026314888995220470e-02 -5.678305435098816162e-03 -2.856082155074224360e-01
-1.462184873949579633e-01 6.610017285154909383e-02 -7.630692898708386906e-02 2.837018200816936453e-01 -1.217645067477656079e-01 6.026764630475205803e-02 -2.857387975141757464e-01 6.611283267734377467e-02 -7.637643551127726305e-02 2.837388306960755280e-01 -1.217424097111793058e-01 6.030464331624986463e-02 -5.677109982865185568e-03 -2.856137244750186488e-01
-1.512605042016806622e-01 6.607344279585457281e-02 -7.626866147110930583e-02 2.837435527444999162e-01 -1.217416472693487739e-01 6.030975921773251702e-02 -2.857436635267804337e-01 6.608632119245881620e-02 -7.633834392561016091e-02 2.837805922729900732e-01 -1.217194921135380387e-01 6.034679759912089936e-02 -5.675939142584797772e-03 -2.856183866987551667e-01
-1.563025210084033334e-01 6.604892704467185682e-02 -7.622809108552439095e-02 2.837861732920287094e-01 -1.217191880477540289e-01 6.035189224622410781e-02 -2.857494279823195038e-01 6.606228560568605523e-02 -7.629759565810018129e-02 2.838239837846875391e-01 -1.216972145612216366e-01 6.038959317555948197e-02 -5.674704701966588188e-03 -2.856216168812033551e-01
-1.613445378151260323e-01 6.602728894064696652e-02 -7.618533300766193450e-02 2.838273603301306736e-01 -1.216984271510146848e-01 6.039510645281799539e-02 -2.857527700022380879e-01 6.604072745060141081e-02 -7.625495522159776718e-02 2.838651483986698310e-01 -1.216763808520460732e-01 6.043284086928286947e-02 -5.673551946647675814e-03 -2.856245135265010893e-01
-1.663865546218487312e-01 6.600812756231812239e-02 -7.614032720804192467e-02 2.838680797622625263e-01 -1.216787479095360613e-01 6.043902080110817587e-02 -2.857551108539059248e-01 6.602169637364871391e-02 -7.621012792645116829e-02 2.839058039435508052e-01 -1.216566123803579647e-01 6.047673587040536258e-02 -5.672443020692882407e-03 -2.856267539222014928e-01
-1.714285714285714024e-01 6.599138468118051493e-02 -7.609311731697494807e-02 2.839084926340404991e-01 -1.216600305473429788e-01 6.048350877496527084e-02 -2.857566755685092552e-01 6.600509530670785330e-02 -7.616310005448580223e-02 2.839461563069533567e-01 -1.216378051562751750e-01 6.052120474306958708e-02 -5.671357121646931378e-03 -2.856282408213351998e-01
-1.764705882352941013e-01 6.597702910116687303e-02 -7.604372330901118526e-02 2.839486116874249122e-01 -1.216422431948382676e-01 6.052855553324068549e-02 -2.857574841449442848e-01 6.599088548402286258e-02 -7.611388840641414300e-02 2.839862160943921743e-01 -1.216199267230149428e-01 6.056623269240896806e-02 -5.670292049292794193e-03 -2.856289792194082189e-01
-1.815126050420167725e-01 6.596502578049059928e-02 -7.599216613142485699e-02 2.839884447861313888e-01 -1.216253518409831924e-01 6.057414811147079220e-02 -2.857575521963485188e-01 6.597902973225240608e-02 -7.606251342233089074e-02 2.840259901694494049e-01 -1.216029427366295962e-01 6.061180643741134744e-02 -5.669246781763709504e-03 -2.856289821071051893e-01
-1.865546218487394714e-01 6.595534022888208114e-02 -7.593846580587258754e-02 2.840279988383964671e-01 -1.216093234703714276e-01 6.062027494696042851e-02 -2.857568941643638949e-01 6.596949274329089175e-02 -7.600899506272773554e-02 2.840654849745976596e-01 -1.215868199996538029e-01 6.065791425787325081e-02 -5.668220547614267156e-03 -2.856282631473693878e-01
-1.915966386554621703e-01 6.594793892845871031e-02 -7.588264150873762215e-02 2.840672803110192435e-01 -1.215941261857270417e-01 6.066692542308996239e-02 -2.857555238002698061e-01 6.596224062557765055e-02 -7.595335256294213910e-02 2.841047067278054672e-01 -1.215715264985628152e-01 6.070454546891761866e-02 -5.667212664905736837e-03 -2.856268357677920200e-01
-1.966386554621848415e-01 6.594278955714824586e-02 -7.582471110233605927e-02 2.841062956480375212e-01 -1.215797295091289587e-01 6.071409042140874651e-02 -2.857534541092325298e-01 6.595724086939169784e-02 -7.589560388584259965e-02 2.841436617225482353e-01 -1.215570316695953890e-01 6.075169092810109306e-02 -5.666222492067399252e-03 -2.856247128017845860e-01
-2.016806722689075404e-01 6.593986032194397440e-02 -7.576469290202245133e-02 2.841450504934208698e-01 -1.215661032003662601e-01 6.076176004410257375e-02 -2.857506979883640552e-01 6.595446158164801342e-02 -7.583576746432575677e-02 2.841823555006207647e-01 -1.215433052074367526e-01 6.079934074020991452e-02 -5.665249425520651506e-03 -2.856219070262201454e-01
-2.067226890756302393e-01 6.593912194624772238e-02 -7.570260315284088604e-02 2.841835501302837352e-01 -1.215532199469666619e-01 6.080992671168031216e-02 -2.857472668908604962e-01 6.595387343154253401e-02 -7.577385965941683954e-02 2.842207932727872643e-01 -1.215303197430582099e-01 6.084748733864057263e-02 -5.664292899728905553e-03 -2.856184298157163903e-01
-2.117647058823529105e-01 6.594054505039922964e-02 -7.563845815413140772e-02 2.842217999053935351e-01 -1.215410521978887298e-01 6.085858274432555393e-02 -2.857431723848589122e-01 6.595544701572036983e-02 -7.570989689507640064e-02 2.842589803265265225e-01 -1.215180476765055362e-01 6.089612306653567619e-02 -5.663352353842182954e-03 -2.856142926650088176e-01
-2.168067226890756094e-01 6.594410106616403755e-02 -7.557227367028986065e-02 2.842598049795884152e-01 -1.215295732403689211e-01 6.090772102522804682e-02 -2.857384256309249970e-01 6.595915376042975342e-02 -7.564389506132704333e-02 2.842969217724667930e-01 -1.215064622512536524e-01 6.094524083534205716e-02 -5.662427243211413941e-03 -2.856095066688375539e-01
-2.218487394957983083e-01 6.594976257000517705e-02 -7.550406470005337212e-02 2.842975702546346461e-01 -1.215187576037040224e-01 6.095733527900805415e-02 -2.857330371854376327e-01 6.596496624843019296e-02 -7.557586928018601713e-02 2.843346224688309554e-01 -1.214955379565733767e-01 6.099483440081777952e-02 -5.661517042857340531e-03 -2.856040823257728345e-01
-2.268907563025209795e-01 6.595741311606141688e-02 -7.543387714301656721e-02 2.843351403828958124e-01 -1.215085039283628210e-01 6.100741219948732641e-02 -2.857270542564576132e-01 6.597276823107814381e-02 -7.550586593186828233e-02 2.843721269207517555e-01 -1.214851733820696694e-01 6.104489055777007761e-02 -5.660619433808126121e-03 -2.855980664511511558e-01
-2.319327731092436784e-01 6.596705158197735397e-02 -7.536171593371950028e-02 2.843725091998446919e-01 -1.214988098032665081e-01 6.105794929739444959e-02 -2.857204762971603529e-01 6.598255856130569308e-02 -7.543388998126453193e-02 2.844094289537651976e-01 -1.214753660815277581e-01 6.109540683507694997e-02 -5.659734409326558358e-03 -2.855914585537929207e-01
-2.369747899159663496e-01 6.597872181281236315e-02 -7.528757022041962510e-02 2.844096506365685340e-01 -1.214897113420289054e-01 6.110894833344101412e-02 -2.857132841249244160e-01 6.599438097332474551e-02 -7.535993042055127988e-02 2.844465025470319652e-01 -1.214661521465175559e-01 6.114638497759235236e-02 -5.658862868809081716e-03 -2.855842396676836481e-01
-2.420168067226890485e-01 6.599239964585387752e-02 -7.521145277374800819e-02 2.844465690277263592e-01 -1.214811867271390622e-01 6.116040585351428110e-02 -2.857054865277575129e-01 6.600821133749783243e-02 -7.528400013238621680e-02 2.844833520041533115e-01 -1.214575097313876778e-01 6.119782156687893215e-02 -5.658004340921322754e-03 -2.855764185358321550e-01
-2.470588235294117474e-01 6.600806173056915360e-02 -7.513337581549923982e-02 2.844832685978895270e-01 -1.214732150843968184e-01 6.121231918979568726e-02 -2.856970918382709668e-01 6.602402634150747462e-02 -7.520611144536430703e-02 2.845199815211349459e-01 -1.214494179376893745e-01 6.124971397069197548e-02 -5.657158366970929143e-03 -2.855680034461223205e-01
-2.521008403361344463e-01 6.602568551188287005e-02 -7.505335102456386909e-02 2.845197534863342925e-01 -1.214657764878469964e-01 6.126468650987926950e-02 -2.856881079313132732e-01 6.604180347386062744e-02 -7.512627613877827237e-02 2.845563952114249506e-01 -1.214418568198948750e-01 6.130206039170234267e-02 -5.656324500250661108e-03 -2.855590022275014128e-01
-2.571428571428571175e-01 6.604526287734555079e-02 -7.497138638552405809e-02 2.845560204975280394e-01 -1.214588636802191035e-01 6.131750730311226472e-02 -2.856785365270964050e-01 6.606153462535069298e-02 -7.504450221811115318e-02 2.845925898852403879e-01 -1.214348191149514505e-01 6.135486034155081952e-02 -5.655502603573486949e-03 -2.855494166255795330e-01
-2.621848739495797886e-01 6.606646741142634116e-02 -7.488822247835429102e-02 2.845894903370584927e-01 -1.214519079323849449e-01 6.137168672901731348e-02 -2.856667433262500833e-01 6.608272095465762830e-02 -7.496143907409892615e-02 2.846269422646536817e-01 -1.214275493923160781e-01 6.140900402121361734e-02 -5.654744464555508388e-03 -2.855380739718897387e-01
-2.672268907563025153e-01 6.608991130819738546e-02 -7.480241140619989237e-02 2.846252927173062441e-01 -1.214460069699268424e-01 6.142539349366471502e-02 -2.856559895182819719e-01 6.610631448539805444e-02 -7.487582664226570539e-02 2.846626683378483680e-01 -1.214215115377083043e-01 6.146269221081009787e-02 -5.653946579817660002e-03 -2.855273209883711916e-01
-2.722689075630251865e-01 6.611523320643775126e-02 -7.471469405529808372e-02 2.846608969348739526e-01 -1.214405679337144245e-01 6.147955582262819990e-02 -2.856446737576910921e-01 6.613178666852069509e-02 -7.478830947601157464e-02 2.846981949455622551e-01 -1.214159332192057128e-01 6.151683614637630526e-02 -5.653159104508086695e-03 -2.855160088643929894e-01
-2.773109243697478576e-01 6.614241449606314549e-02 -7.462507941461657412e-02 2.846963069397162593e-01 -1.214355758490158615e-01 6.153417674794815079e-02 -2.856328015176270996e-01 6.615911897535101116e-02 -7.469889660731646175e-02 2.847335260269800439e-01 -1.214107994906424570e-01 6.157143888669693033e-02 -5.652381646782927288e-03 -2.855041429786658869e-01
-2.823529411764705843e-01 6.617147801114299510e-02 -7.453356309683890901e-02 2.847315081179888629e-01 -1.214310499114045067e-01 6.158926087476970790e-02 -2.856203619037077091e-01 6.618833425231451795e-02 -7.460758349636664732e-02 2.847686470160307737e-01 -1.214061296231073311e-01 6.162650502655666468e-02 -5.651614681248569826e-03 -2.854917124260260008e-01
-2.873949579831932555e-01 6.620237304438716941e-02 -7.444016363555583382e-02 2.847665197111147184e-01 -1.214269496812211968e-01 6.164481296780240788e-02 -2.856073725091138882e-01 6.621938196104132368e-02 -7.451438882938847541e-02 2.848035771061757093e-01 -1.214018832148343191e-01 6.168203937772002987e-02 -5.650857127990255996e-03 -2.854787345712730962e-01
-2.924369747899159266e-01 6.623507598401626173e-02 -7.434489079953353341e-02 2.848013487173510772e-01 -1.214232569687031527e-01 6.170083862468653951e-02 -2.855938402508493290e-01 6.625223861905800427e-02 -7.441932240085062655e-02 2.848383232830679623e-01 -1.213980421497488638e-01 6.173804756082650058e-02 -5.650108472657602333e-03 -2.854652161478863359e-01
-2.974789915966385978e-01 6.626957113591216975e-02 -7.424775175190867493e-02 2.848359984070981676e-01 -1.214199599702291271e-01 6.175734349556051550e-02 -2.855797689438335230e-01 6.628688865860288271e-02 -7.432239135699063304e-02 2.848728888133436610e-01 -1.213945947214484788e-01 6.179453524052509750e-02 -5.649368366530561208e-03 -2.854511607753965063e-01
-3.025210084033613245e-01 6.630591801648301475e-02 -7.414873761017765075e-02 2.848701484044459109e-01 -1.214171688178786873e-01 6.181432914406315843e-02 -2.855648404427638676e-01 6.632332321982781220e-02 -7.422367643921128078e-02 2.849069562667977396e-01 -1.213915247630650840e-01 6.185149251502625178e-02 -5.648640995056246512e-03 -2.854365965482407175e-01
-3.075630252100839956e-01 6.634393923213902089e-02 -7.404788853973207075e-02 2.849044634111491670e-01 -1.214146127240100792e-01 6.187180365434670481e-02 -2.855497094094009980e-01 6.636150672710067200e-02 -7.412303557048437186e-02 2.849411738585134746e-01 -1.213888224598160259e-01 6.190894772400666601e-02 -5.647916470600247360e-03 -2.854214764158026219e-01
-3.126050420168066668e-01 6.638371075858066905e-02 -7.394519511096891984e-02 2.849386012490967568e-01 -1.214124168486960531e-01 6.192976317772882350e-02 -2.855340508244511022e-01 6.640144194771596675e-02 -7.402055198880384823e-02 2.849752134153750172e-01 -1.213864783612359360e-01 6.196688841448092649e-02 -5.647199636460575531e-03 -2.854058302387288415e-01
-3.176470588235293935e-01 6.642522085876043092e-02 -7.384066595038767111e-02 2.849725582504293309e-01 -1.214105680617979799e-01 6.198820101570755303e-02 -2.855178692297098975e-01 6.644311728571777875e-02 -7.391623433262689558e-02 2.850090712355149991e-01 -1.213844794938158111e-01 6.202530790419899520e-02 -5.646490314193734067e-03 -2.853896622471295830e-01
-3.226890756302520646e-01 6.646845811696186490e-02 -7.373431068466897165e-02 2.850063286524730510e-01 -1.214090516463285918e-01 6.204710529253934514e-02 -2.855011700419681775e-01 6.648652146919534212e-02 -7.381009226942356061e-02 2.850427415068643167e-01 -1.213828113071113851e-01 6.208419433810545562e-02 -5.645788367624368989e-03 -2.853729775121925938e-01
-3.277310924369747358e-01 6.651340982216900899e-02 -7.362613966777198371e-02 2.850399060873148871e-01 -1.214078504973666872e-01 6.210646061395792838e-02 -2.854839598669889345e-01 6.653164194487302951e-02 -7.370213622903283579e-02 2.850762177920688756e-01 -1.213814568704813801e-01 6.214353234734161513e-02 -5.645093649483571424e-03 -2.853557822528647314e-01
-3.327731092436974625e-01 6.656006130151413680e-02 -7.351616347702137622e-02 2.850732848607184788e-01 -1.214069454331408449e-01 6.216625050540364184e-02 -2.854662462985065874e-01 6.657846422082890070e-02 -7.359237688999302474e-02 2.851094943089668154e-01 -1.213803971873959331e-01 6.220330548496751794e-02 -5.644405968692665920e-03 -2.853380836330279280e-01
-3.378151260504201336e-01 6.660839653451292031e-02 -7.340439238498122632e-02 2.851064605237304539e-01 -1.214063165939084504e-01 6.222645974114195122e-02 -2.854480372485600492e-01 6.662697248428681163e-02 -7.348082462809008009e-02 2.851425665097025997e-01 -1.213796126021642607e-01 6.226349855060023947e-02 -5.643725093016031119e-03 -2.853198890964465662e-01
-3.428571428571428048e-01 6.665839908902207456e-02 -7.329083594767331344e-02 2.851394300393678138e-01 -1.214059448988939471e-01 6.228707608209547997e-02 -2.854293402592557038e-01 6.667715053746098297e-02 -7.336748908169613004e-02 2.851754312555124793e-01 -1.213790842637369471e-01 6.232409932406951514e-02 -5.643050763515778528e-03 -2.853012056853366785e-01
-3.478991596638655315e-01 6.671005277920467880e-02 -7.317550277198797692e-02 2.851721917581111487e-01 -1.214058129389674473e-01 6.234809117502880527e-02 -2.854101620695514985e-01 6.672898245303278408e-02 -7.325237890655240947e-02 2.852080867974903233e-01 -1.213787950198393917e-01 6.238509946235216985e-02 -5.642382705813813251e-03 -2.852820396160477001e-01
-3.529411764705882026e-01 6.676334108764979403e-02 -7.305840030347351965e-02 2.852047460103682153e-01 -1.214059046634417410e-01 6.240950134385436776e-02 -2.853905087237431082e-01 6.678245199373242236e-02 -7.313550156241187261e-02 2.852405333723231351e-01 -1.213787291001822144e-01 6.244649529003798438e-02 -5.641720611157650771e-03 -2.852623964007415247e-01
-3.579831932773108738e-01 6.681824972206582003e-02 -7.293953534407823791e-02 2.852370927447296367e-01 -1.214062069211093720e-01 6.247130514228829007e-02 -2.853703848893156536e-01 6.683754515641916749e-02 -7.301686383589345297e-02 2.852727708374988014e-01 -1.213788736480826136e-01 6.250828535509968253e-02 -5.641064210850583842e-03 -2.852422801734993962e-01
-3.630252100840335450e-01 6.687476475335471515e-02 -7.281891383430828812e-02 2.852692328564078172e-01 -1.214067079376089653e-01 6.253350417332416422e-02 -2.853497945254842572e-01 6.689424830738661953e-02 -7.289647163397418306e-02 2.853048000013500562e-01 -1.213792171877477177e-01 6.257047124914945357e-02 -5.640413225973357585e-03 -2.852216943796930804e-01
-3.680672268907562716e-01 6.693287602706533834e-02 -7.269653992117126873e-02 2.853011666209004926e-01 -1.214074001667363178e-01 6.259610354999099735e-02 -2.853287393292913698e-01 6.695255158447377397e-02 -7.277432905232487925e-02 2.853366210561818495e-01 -1.213797524641986036e-01 6.263305806793428854e-02 -5.639767437184530288e-03 -2.852006402412687325e-01
-3.731092436974789428e-01 6.699257123755511523e-02 -7.257241826612770286e-02 2.853328953515958388e-01 -1.214082744447934070e-01 6.265910846472184936e-02 -2.853072218907671820e-01 6.701244296575487036e-02 -7.265044071483424404e-02 2.853682352324827254e-01 -1.213804705855820176e-01 6.269605098894728834e-02 -5.639126577990996592e-03 -2.851791199216904271e-01
-3.781512605042016140e-01 6.705402478648365971e-02 -7.244644449011783394e-02 2.853641120143276533e-01 -1.214095511069797906e-01 6.272262870059851225e-02 -2.852841421072842554e-01 6.707427000570803655e-02 -7.252475630607874146e-02 2.853985380173043040e-01 -1.213818036201884942e-01 6.275967642683305536e-02 -5.638517835704072792e-03 -2.851552944843565585e-01
-3.831932773109243406e-01 6.711687549532296959e-02 -7.231883775714820217e-02 2.853954186296838724e-01 -1.214107800871569165e-01 6.278645277291561300e-02 -2.852617029120556591e-01 6.713732575971681493e-02 -7.239738571828122082e-02 2.854297312234395090e-01 -1.213828789564170424e-01 6.282349121642963330e-02 -5.637886591463086780e-03 -2.851328411996685297e-01
-3.882352941176470118e-01 6.718127077279774373e-02 -7.218949685280991180e-02 2.854265257793535682e-01 -1.214121626642277185e-01 6.285070009118313983e-02 -2.852388098982042708e-01 6.720193097879791078e-02 -7.226828294142725873e-02 2.854607230145067565e-01 -1.213841092774200769e-01 6.288772980267667845e-02 -5.637259396290402770e-03 -2.851099293822612069e-01
-3.932773109243696830e-01 6.724719966001610483e-02 -7.205842545539557775e-02 2.854574344095706095e-01 -1.214136914148760404e-01 6.291537743050974740e-02 -2.852154646811264627e-01 6.726807490519556842e-02 -7.213745170402328932e-02 2.854915142547763685e-01 -1.213854872790598172e-01 6.295239896398885371e-02 -5.636635995018195525e-03 -2.850865605260897717e-01
-3.983193277310924096e-01 6.731465154057758582e-02 -7.192562709760856599e-02 2.854881452200378478e-01 -1.214153592051311625e-01 6.298049157154980704e-02 -2.851916686867324024e-01 6.733574709961018256e-02 -7.200489561722776821e-02 2.855221055602391589e-01 -1.213870059018381242e-01 6.301750549239751309e-02 -5.636016138233956169e-03 -2.850627360128635268e-01
-4.033613445378150808e-01 6.738361606362168466e-02 -7.179110522601937772e-02 2.855186586607997290e-01 -1.214171590920277710e-01 6.304604921093190373e-02 -2.851674231858597475e-01 6.740493736602393149e-02 -7.187061823373015745e-02 2.855524972937613093e-01 -1.213886582348596699e-01 6.308305610526526719e-02 -5.635399582062111321e-03 -2.850384571360659036e-01
-4.084033613445377520e-01 6.745382802314799087e-02 -7.165498297414638063e-02 2.855497151292089031e-01 -1.214186419559591806e-01 6.311282172163140691e-02 -2.851407688324197887e-01 6.747611185464526262e-02 -7.173460843370503548e-02 2.855807177316507794e-01 -1.213911738156451953e-01 6.314908745402902923e-02 -5.634821226859798235e-03 -2.850117667715516556e-01
-4.134453781512604786e-01 6.752580933609211855e-02 -7.151706075608854629e-02 2.855797888717163668e-01 -1.214207054765089056e-01 6.317923769810397661e-02 -2.851156221190545570e-01 6.754832456534923257e-02 -7.159693658429965024e-02 2.856106832121084738e-01 -1.213930854155774591e-01 6.321549978148217896e-02 -5.634211883401034696e-03 -2.849865866528489278e-01
-4.184873949579831498e-01 6.759923426290523341e-02 -7.137744297376318048e-02 2.856097039306186303e-01 -1.214228178019427923e-01 6.324608755215001266e-02 -2.850900664443209442e-01 6.762198653708800800e-02 -7.145757284712651869e-02 2.856404876151718564e-01 -1.213950464569743259e-01 6.328234691353809560e-02 -5.633604266472287334e-03 -2.849609942630547121e-01
-4.235294117647058210e-01 6.767410967635939523e-02 -7.123614247857758264e-02 2.856394813426839097e-01 -1.214249388030178567e-01 6.331333011973704072e-02 -2.850641322844479353e-01 6.769710513543217290e-02 -7.131653065197444963e-02 2.856701516632983440e-01 -1.213970167605428474e-01 6.334958784663415055e-02 -5.632998542468476560e-03 -2.849350197588681466e-01
-4.285714285714285476e-01 6.775051062506423638e-02 -7.109312034552912885e-02 2.856690236009971628e-01 -1.214272156197551550e-01 6.338104753047806017e-02 -2.850377245523030845e-01 6.777375473820862473e-02 -7.117376974426849190e-02 2.856995778772994932e-01 -1.213991437866064060e-01 6.341730449042456974e-02 -5.632396420861326275e-03 -2.849085684060110313e-01
-4.336134453781512188e-01 6.782838152741171855e-02 -7.094838768008286667e-02 2.856983532549188798e-01 -1.214296027635064223e-01 6.344925178837597379e-02 -2.850108573843810889e-01 6.785188036488354335e-02 -7.102930165100569682e-02 2.857287877870546278e-01 -1.214013823018322419e-01 6.348550899098857891e-02 -5.631796682935879400e-03 -2.848816532929844825e-01
-4.386554621848738900e-01 6.790771745542699411e-02 -7.080194892196510492e-02 2.857274487097917759e-01 -1.214320991451697945e-01 6.351794920741690720e-02 -2.849835049323000691e-01 6.793148010228516886e-02 -7.088312994519235799e-02 2.857577532912992657e-01 -1.214037351286740146e-01 6.355420691552603196e-02 -5.631199838114697362e-03 -2.848542428069974486e-01
-4.436974789915966166e-01 6.798872638892569653e-02 -7.065380556678853285e-02 2.857555608338660513e-01 -1.214349651179085221e-01 6.358721777166569111e-02 -2.849546658289218160e-01 6.801288606401774406e-02 -7.073520779814237991e-02 2.857854682504923360e-01 -1.214066384008496424e-01 6.362341376029555240e-02 -5.630632524101590250e-03 -2.848251970479873663e-01
-4.487394957983192878e-01 6.807099453736001338e-02 -7.050396606686194778e-02 2.857840917038165229e-01 -1.214376933556654548e-01 6.365691924724344031e-02 -2.849262325124664041e-01 6.809544718602335289e-02 -7.058563783754169541e-02 2.858138255028738195e-01 -1.214092472972049530e-01 6.369310964585707391e-02 -5.630044251388126308e-03 -2.847966822954660637e-01
-4.537815126050419590e-01 6.815467757091465961e-02 -7.035242918503746556e-02 2.858124704654857462e-01 -1.214404821238879162e-01 6.372711981860124109e-02 -2.848974416947419042e-01 6.817941114353076593e-02 -7.043438289157194498e-02 2.858420609452080319e-01 -1.214118899530607781e-01 6.376332119707886492e-02 -5.629455030175853358e-03 -2.847678038947340506e-01
-4.588235294117646301e-01 6.823979551553137346e-02 -7.019919764049704913e-02 2.858405997092997586e-01 -1.214433605327963073e-01 6.379783516140287436e-02 -2.848681630805903753e-01 6.826481632531319899e-02 -7.028143826982682918e-02 2.858700418167841040e-01 -1.214146216695626834e-01 6.383405168539355024e-02 -5.628868181177092839e-03 -2.847384247839496174e-01
-4.638655462184873568e-01 6.832632081105616262e-02 -7.004427552179955108e-02 2.858685418889295171e-01 -1.214462988513475145e-01 6.386906990369060899e-02 -2.848384666710641611e-01 6.835163548371889219e-02 -7.012680630945063165e-02 2.858978363321685867e-01 -1.214174145563918228e-01 6.390530148037283642e-02 -5.628281421667086400e-03 -2.847086297309307512e-01
-4.689075630252100280e-01 6.841389253784638247e-02 -6.988774200156926131e-02 2.858971658092456236e-01 -1.214488602454717459e-01 6.394094912315968771e-02 -2.848089538356831651e-01 6.843961114955116054e-02 -6.997054137049976696e-02 2.859260420127802682e-01 -1.214199658594554698e-01 6.397715883818995419e-02 -5.627678299767700787e-03 -2.846788221770212290e-01
-4.739495798319326991e-01 6.850325494162144702e-02 -6.972948689508050302e-02 2.859247399275670065e-01 -1.214519255605120279e-01 6.401317264353612035e-02 -2.847784874678592759e-01 6.852927895918424495e-02 -6.981258269143597595e-02 2.859534772269839431e-01 -1.214228871130179355e-01 6.404939403343119786e-02 -5.627091184838992066e-03 -2.846482795479476913e-01
-4.789915966386554258e-01 6.859402326288496776e-02 -6.956953573126620216e-02 2.859521206996614717e-01 -1.214550558391328944e-01 6.408594533580523611e-02 -2.847475978044705647e-01 6.862035946918827733e-02 -6.965293185675666687e-02 2.859807187816222340e-01 -1.214258742587183970e-01 6.412217798585737039e-02 -5.626503835552940785e-03 -2.846173185155488894e-01
-4.840336134453780970e-01 6.868627010845641812e-02 -6.940785785492023519e-02 2.859792629853225021e-01 -1.214583182762431768e-01 6.415929159870054077e-02 -2.847162378750189848e-01 6.871292529178293917e-02 -6.949155813967453077e-02 2.860077202996113011e-01 -1.214289943675056771e-01 6.419553571838353123e-02 -5.625917936434986222e-03 -2.845858897399481391e-01
-4.890756302521007681e-01 6.878011673674033766e-02 -6.924445191893703611e-02 2.860055889418785524e-01 -1.214619099563381821e-01 6.423317231164996088e-02 -2.846837181334440081e-01 6.880714931915185573e-02 -6.932844724652439949e-02 2.860337857341609391e-01 -1.214325056389570917e-01 6.426941901390742506e-02 -5.625351512434732457e-03 -2.845531572915656060e-01
-4.941176470588234948e-01 6.887506664910451881e-02 -6.907942714075786250e-02 2.860323271510489263e-01 -1.214652219562821767e-01 6.430763765762489981e-02 -2.846515000677202201e-01 6.890243335244250478e-02 -6.916373678212162091e-02 2.860603771570576770e-01 -1.214356765727509085e-01 6.434389783576023591e-02 -5.624763900489011120e-03 -2.845208710270810681e-01
-4.991596638655461660e-01 6.897136954047525248e-02 -6.891272110543694707e-02 2.860588578543562521e-01 -1.214685615694349741e-01 6.438268126197826957e-02 -2.846188454008005131e-01 6.899907822518720757e-02 -6.899735031465829838e-02 2.860867577572467346e-01 -1.214388757204357544e-01 6.441895605692563032e-02 -5.624175337298696273e-03 -2.844881482657137250e-01
-5.042016806722688926e-01 6.906900894839533567e-02 -6.874434488647065966e-02 2.860851792159438967e-01 -1.214719138633372497e-01 6.445829874203183596e-02 -2.845857587537113931e-01 6.909706775809687507e-02 -6.882929919232297356e-02 2.861129252985032401e-01 -1.214420881827314586e-01 6.449458942929181537e-02 -5.623585612052914816e-03 -2.844549933936085240e-01
-5.092436974789915638e-01 6.916797662348309061e-02 -6.857430077622739262e-02 2.861112888323950054e-01 -1.214752727701850360e-01 6.453449620231842265e-02 -2.845522392337584416e-01 6.919639399918861566e-02 -6.865958592242925318e-02 2.861388768523535076e-01 -1.214453079616260728e-01 6.457080413886380488e-02 -5.622994551868926508e-03 -2.844214053521810226e-01
-5.142857142857142350e-01 6.926826506849728671e-02 -6.840259076942065142e-02 2.861371828450076094e-01 -1.214786330334687581e-01 6.461128000080695877e-02 -2.845182839552570786e-01 6.929704982821115189e-02 -6.848821277406559604e-02 2.861646075366878761e-01 -1.214485299458385320e-01 6.464760660358923050e-02 -5.622402033086035950e-03 -2.843873809858531443e-01
-5.193277310924369061e-01 6.936986892883985345e-02 -6.822921635836808052e-02 2.861628515994583122e-01 -1.214819920065186576e-01 6.468865710896941346e-02 -2.844838822883427598e-01 6.939903054195117882e-02 -6.831518174893831674e-02 2.861901047952414845e-01 -1.214517518881522429e-01 6.472500380501659822e-02 -5.621808125414618634e-03 -2.843529088984242947e-01
-5.243697478991595773e-01 6.947281712523639685e-02 -6.805416499259123175e-02 2.861882456130654395e-01 -1.214853824500943952e-01 6.476664660565722986e-02 -2.844489705797289547e-01 6.950236705023654649e-02 -6.814048189754126628e-02 2.862153062572573292e-01 -1.214550082776864187e-01 6.480301453506344400e-02 -5.621214362485003196e-03 -2.843179220462532797e-01
-5.294117647058822484e-01 6.957719344307997100e-02 -6.787742643739508308e-02 2.862130891133621846e-01 -1.214889123518400893e-01 6.484527171089432551e-02 -2.844131909215611431e-01 6.960715535883224558e-02 -6.796411408313803026e-02 2.862398510150562236e-01 -1.214584180121412865e-01 6.488166005240333933e-02 -5.620629662391475254e-03 -2.842820398194718656e-01
-5.344537815126050306e-01 6.968297486772292992e-02 -6.769901586629444024e-02 2.862373803600130051e-01 -1.214925583746185728e-01 6.492452457215834583e-02 -2.843765551045975837e-01 6.971337208226066617e-02 -6.778609313618737253e-02 2.862637432866281806e-01 -1.214619566054809252e-01 6.496093291134077963e-02 -5.620053634894149261e-03 -2.842452754298339102e-01
-5.394957983193277018e-01 6.978988086192366991e-02 -6.751897116972968571e-02 2.862620071152794377e-01 -1.214959597389017043e-01 6.500435132986064068e-02 -2.843402239338529425e-01 6.982069891658168603e-02 -6.760642217571311008e-02 2.862881395184923017e-01 -1.214652294579599556e-01 6.504078531158052900e-02 -5.619456932601373834e-03 -2.842088629997699956e-01
-5.445378151260503730e-01 6.989800746096605510e-02 -6.733727316974306987e-02 2.862865543829971049e-01 -1.214992671811008229e-01 6.508480697895864531e-02 -2.843036372454104677e-01 6.992925124276901105e-02 -6.742509964065131201e-02 2.863124899892688369e-01 -1.214684045530172590e-01 6.512126932277523261e-02 -5.618852670450704204e-03 -2.841722054647557449e-01
-5.495798319327730441e-01 7.000761626283583117e-02 -6.715414023698411394e-02 2.863103331914925720e-01 -1.215026407532213415e-01 6.516606756570994530e-02 -2.842657878444954100e-01 7.003895720172617634e-02 -6.724198833756445115e-02 2.863358713456520266e-01 -1.214699760754842650e-01 6.520199801900239400e-02 -5.618262050328804227e-03 -2.841322780674828685e-01
-5.546218487394957153e-01 7.011805410508756276e-02 -6.696915256605467937e-02 2.863345877502839754e-01 -1.215056837853303456e-01 6.524783767503733456e-02 -2.842284497315427649e-01 7.014983937523096291e-02 -6.705739206764443905e-02 2.863599237245828544e-01 -1.214728909507714893e-01 6.528378232916363932e-02 -5.617644490111286387e-03 -2.840948948251857953e-01
-5.596638655462183864e-01 7.022968416439828720e-02 -6.678250070774650882e-02 2.863586791515503327e-01 -1.215086203623212541e-01 6.533029308623081177e-02 -2.841907112130399593e-01 7.026192539648548618e-02 -6.687113930552819607e-02 2.863838075485128920e-01 -1.214757003953165077e-01 6.536625390261248392e-02 -5.617021335706897864e-03 -2.840571111223211265e-01
-5.647058823529411686e-01 7.034243642166004840e-02 -6.659418521256928181e-02 2.863826528467453558e-01 -1.215113894030578345e-01 6.541346470912016986e-02 -2.841525957770666411e-01 7.037514612002243597e-02 -6.668323129639605606e-02 2.864075673644924103e-01 -1.214783433952146968e-01 6.544944380219848423e-02 -5.616390504536376838e-03 -2.840189502308478886e-01
-5.697478991596638398e-01 7.045641081804646100e-02 -6.640421637651200415e-02 2.864064072606111733e-01 -1.215140905327569409e-01 6.549731258842503290e-02 -2.841140542563115878e-01 7.048960093919606762e-02 -6.649367759560867452e-02 2.864311014268760558e-01 -1.214809198164182591e-01 6.553331207334264774e-02 -5.615755191733086057e-03 -2.839803630995620387e-01
-5.747899159663865110e-01 7.057161921018566264e-02 -6.621259099797734138e-02 2.864299332025457834e-01 -1.215167313040332736e-01 6.558184068744146722e-02 -2.840750808897777313e-01 7.060530205037235385e-02 -6.630247511178420650e-02 2.864544001462794309e-01 -1.214834373246739124e-01 6.561786278093946490e-02 -5.615115664056907936e-03 -2.839413439290490726e-01
-5.798319327731091821e-01 7.069037992322885211e-02 -6.602181743377175116e-02 2.864477214678762262e-01 -1.215203748137706902e-01 6.566829841819385449e-02 -2.840313420724268623e-01 7.072330455129441362e-02 -6.611264601034577693e-02 2.864733181121231209e-01 -1.214854308124651561e-01 6.570412025179524218e-02 -5.614592538893140028e-03 -2.839016446240008040e-01
-5.848739495798318533e-01 7.080852435351416008e-02 -6.582675964981439531e-02 2.864705743227072277e-01 -1.215233233855584627e-01 6.575425913753539520e-02 -2.839913227096524939e-01 7.084196714081607282e-02 -6.591801455704233981e-02 2.864959276457118009e-01 -1.214882685138570090e-01 6.579011699909236011e-02 -5.613955361507235939e-03 -2.838615440016300506e-01
-5.899159663865545244e-01 7.092786326900102356e-02 -6.563005306748027901e-02 2.864932024130508181e-01 -1.215261814892226316e-01 6.584092182052195263e-02 -2.839508781342692245e-01 7.096183810457519503e-02 -6.572174246568641964e-02 2.865183038949981609e-01 -1.214910179270966700e-01 6.587681808220691160e-02 -5.613312913562341737e-03 -2.838210168372147790e-01
-5.949579831932771956e-01 7.104833513247511834e-02 -6.543171697772943995e-02 2.865156277228393389e-01 -1.215288996942313349e-01 6.592828895076882634e-02 -2.839100294201309382e-01 7.108285656645728368e-02 -6.552384962840973603e-02 2.865404682575806161e-01 -1.214936296617120243e-01 6.596422619362646289e-02 -5.612663816823371468e-03 -2.837800841999114643e-01
-5.999999999999999778e-01 7.116985349010984674e-02 -6.523178855715244806e-02 2.865378820081287969e-01 -1.215313999938355954e-01 6.601634182394919281e-02 -2.838688134398544838e-01 7.120493694851046107e-02 -6.532437420178688336e-02 2.865624517138496419e-01 -1.214960257362335538e-01 6.605232295271122600e-02 -5.612006397308882955e-03 -2.837387828500460563e-01
