0.000000000000000000e+00 7.122460286732328338e-01 -8.347270925150175169e-04 -4.093032478391256390e-01 1.337855327925470189e-03 -2.813621313245945887e-01 -2.809829638424870546e-01 -4.087415988975757197e-01 1.951455877424198779e-03 0.000000000000000000e+00 -7.381203475184051205e-03 0.000000000000000000e+00 -1.183837145519908490e-03 0.000000000000000000e+00 -5.575095371783418685e-03 0.000000000000000000e+00 6.278004845530625211e+00 2.392507121748378207e+00 3.141823626485164223e+00 7.772420109845484815e-01
-5.042016806722688510e-03 7.121939247558161101e-01 2.274241402940145856e-03 -4.093470917955654986e-01 1.855918821844828974e-03 -2.813235240707117057e-01 -2.809748204470844946e-01 -4.087908726478757249e-01 2.449290968729921168e-03 0.000000000000000000e+00 -7.657224935878466539e-03 0.000000000000000000e+00 -1.848334442832347052e-03 0.000000000000000000e+00 -5.867730556005703105e-03 0.000000000000000000e+00 6.277775313249558842e+00 2.392510546993809495e+00 3.141769133030092309e+00 7.772421039786403529e-01
-1.008403361344537702e-02 7.120752388519454579e-01 5.683331944601455882e-03 -4.094370709106304740e-01 2.372156655455206868e-03 -2.812642014547708791e-01 -2.809495938586140107e-01 -4.088918050763311607e-01 2.962000553719021812e-03 0.000000000000000000e+00 -8.178366186834000809e-03 0.000000000000000000e+00 -3.357509238332793879e-03 0.000000000000000000e+00 -6.434952035190096356e-03 0.000000000000000000e+00 6.277855712952411515e+00 2.392510957496020385e+00 3.141710048226643348e+00 7.772424075068582461e-01
-1.512605042016806553e-02 7.110531073515242717e-01 8.381944716272864485e-03 -4.101113044143027686e-01 1.094200253516745391e-03 -2.812266597141607760e-01 -2.810661907154927697e-01 -4.097485121121923202e-01 1.669944591110989396e-03 0.000000000000000000e+00 -1.022295513800336453e-02 0.000000000000000000e+00 -6.839441416960009845e-03 0.000000000000000000e+00 -9.105445106846785097e-03 0.000000000000000000e+00 6.277190391498361777e+00 2.392544426119100454e+00 3.141637402338702589e+00 7.772421701021834384e-01
-2.016806722689075404e-02 7.110550414645728790e-01 1.144472546776460070e-02 -4.100929187928503139e-01 1.713104819032009547e-03 -2.811736360820908942e-01 -2.810005846247426442e-01 -4.097360423566832055e-01 2.284754850336909344e-03 0.000000000000000000e+00 -1.060165519305758877e-02 0.000000000000000000e+00 -7.373819408563806257e-03 0.000000000000000000e+00 -9.511714759932114738e-03 0.000000000000000000e+00 6.276963477536106950e+00 2.392546996484984589e+00 3.141631416205184379e+00 7.772423589160166735e-01
-2.521008403361344255e-02 7.106247005520505144e-01 1.432201569964155347e-02 -4.103471251339185777e-01 1.443066840316416287e-03 -2.814515527334345846e-01 -2.804427632575463569e-01 -4.101426690919918183e-01 1.889251277993825653e-03 0.000000000000000000e+00 -1.278720661438923975e-02 0.000000000000000000e+00 -9.371094754530219506e-03 0.000000000000000000e+00 -1.219855844922917813e-02 0.000000000000000000e+00 6.274689211351832441e+00 2.392593220233492080e+00 3.141817418463463962e+00 7.772365927949664854e-01
-3.025210084033613106e-02 7.106380094423424554e-01 1.733820044895706056e-02 -4.103002495669475502e-01 2.102070323077691056e-03 -2.814046627326106664e-01 -2.803468861953136715e-01 -4.100991880571792092e-01 2.529293140320536173e-03 0.000000000000000000e+00 -1.321406129377892917e-02 0.000000000000000000e+00 -9.918157494465704854e-03 0.000000000000000000e+00 -1.263839056927305339e-02 0.000000000000000000e+00 6.274479936234223842e+00 2.392595106117695547e+00 3.141807750211713213e+00 7.772373492396771333e-01
-3.529411764705882304e-02 7.101395134358069461e-01 2.000243712610113092e-02 -4.105842073641096102e-01 1.684762214039365897e-03 -2.820779371810340219e-01 -2.793796329966287684e-01 -4.104672862394472821e-01 1.965829538892772954e-03 0.000000000000000000e+00 -1.607014476293083111e-02 0.000000000000000000e+00 -1.260291114480405553e-02 0.000000000000000000e+00 -1.576344110124599032e-02 0.000000000000000000e+00 6.272163645477897731e+00 2.392627773621349263e+00 3.141917407037393861e+00 7.772376723305572943e-01
-4.033613445378150808e-02 7.101684734731569248e-01 2.302426240743462443e-02 -4.105040886462794081e-01 2.423969805975560807e-03 -2.820500467765227892e-01 -2.792471307521772750e-01 -4.103901077610149217e-01 2.678396059097046256e-03 0.000000000000000000e+00 -1.648935915345275255e-02 0.000000000000000000e+00 -1.308766908663547453e-02 0.000000000000000000e+00 -1.618927312508811403e-02 0.000000000000000000e+00 6.271941397168780519e+00 2.392629318349364098e+00 3.141904445122986278e+00 7.772390329030590683e-01
-4.537815126050419312e-02 7.097679148190833009e-01 2.537104091122398958e-02 -4.105382124930874732e-01 2.607031973350702660e-03 -2.844469408908180674e-01 -2.769948181391098108e-01 -4.105161775936759239e-01 2.604588418510712759e-03 0.000000000000000000e+00 -1.890306752041863436e-02 0.000000000000000000e+00 -1.453854048560024315e-02 0.000000000000000000e+00 -1.887231408126018375e-02 0.000000000000000000e+00 6.266253291067974907e+00 2.392682688639496735e+00 3.141984751060364456e+00 7.772369681871628133e-01
-5.042016806722688510e-02 7.097895420784284815e-01 2.840665768239930208e-02 -4.104340452703666986e-01 3.371763692630390819e-03 -2.844609425043881368e-01 -2.768109868046194633e-01 -4.104147640504852701e-01 3.364372020865520271e-03 0.000000000000000000e+00 -1.937103310765031158e-02 0.000000000000000000e+00 -1.519975552406690848e-02 0.000000000000000000e+00 -1.934721670931987061e-02 0.000000000000000000e+00 6.266091179683773049e+00 2.392684143290597643e+00 3.141972403022386118e+00 7.772387458724501208e-01
-5.546218487394957708e-02 7.088886794479314357e-01 3.059586089559959005e-02 -4.107244989124901879e-01 2.946143304561475457e-03 -2.872377829727065235e-01 -2.743728214253431941e-01 -4.107571164279764653e-01 2.770857053799226626e-03 0.000000000000000000e+00 -2.258097027486745401e-02 0.000000000000000000e+00 -1.883079678675697241e-02 0.000000000000000000e+00 -2.269844320092420306e-02 0.000000000000000000e+00 6.262120086824156218e+00 2.392713768067929347e+00 3.141977733900321645e+00 7.772397307318080761e-01
-6.050420168067226212e-02 7.089271982896599988e-01 3.365386589740052004e-02 -4.105823368702368192e-01 3.817375375960655425e-03 -2.873167501242965272e-01 -2.741302237607689540e-01 -4.106178090503790901e-01 3.629346725003931764e-03 0.000000000000000000e+00 -2.300882708560524764e-02 0.000000000000000000e+00 -1.922782411880077924e-02 0.000000000000000000e+00 -2.312993555805445064e-02 0.000000000000000000e+00 6.261840960749576190e+00 2.392715005275032336e+00 3.141966609769322183e+00 7.772416934413699519e-01
-6.554621848739494716e-02 7.072730779273025403e-01 2.551515220520083130e-02 -3.974159024209500402e-01 1.909558000478442027e-02 -3.745776316938416173e-01 -2.018725498065962465e-01 -3.977391556595723521e-01 1.663611622872154458e-02 0.000000000000000000e+00 -2.313361617843783663e-02 0.000000000000000000e+00 -3.027093279756156927e-02 0.000000000000000000e+00 -2.523982192452615264e-02 0.000000000000000000e+00 6.138460795018345628e+00 2.393469747760203603e+00 3.143101243144745371e+00 7.769121095487341311e-01
-7.058823529411764608e-02 6.914661299832891572e-01 3.255043863991307490e-02 -3.884428833535298886e-01 1.842151252258630509e-02 -4.384708113348907421e-01 -1.433601435706326199e-01 -3.892097284434403726e-01 1.778288328092327356e-02 0.000000000000000000e+00 -4.866856978928280064e-02 0.000000000000000000e+00 -3.387012168042097954e-02 0.000000000000000000e+00 -5.252094951148381097e-02 0.000000000000000000e+00 6.145663680885500746e+00 2.392869538940981311e+00 3.144223991178886735e+00 7.766573184446903255e-01
-7.563025210084033112e-02 6.884378254819762954e-01 3.570334828688861289e-02 -3.894932590583455312e-01 1.909235212147023311e-02 -4.410426616601553773e-01 -1.423338932788293931e-01 -3.898939647172486866e-01 1.719466567160182063e-02 0.000000000000000000e+00 -5.188777210584174376e-02 0.000000000000000000e+00 -3.599104024534535012e-02 0.000000000000000000e+00 -5.409509838984285363e-02 0.000000000000000000e+00 6.146190277715348316e+00 2.392907488430914054e+00 3.145881421585349891e+00 7.764908428730139534e-01
-8.067226890756301616e-02 6.869738273643313242e-01 3.864708171786147839e-02 -3.889112523007380862e-01 1.977120815896002762e-02 -4.446628783955383635e-01 -1.387600738306550840e-01 -3.890237488098883811e-01 1.780908607731050697e-02 0.000000000000000000e+00 -5.503627752790327121e-02 0.000000000000000000e+00 -3.820028269032573615e-02 0.000000000000000000e+00 -5.605978734137329056e-02 0.000000000000000000e+00 6.141128078356176800e+00 2.392922097114843716e+00 3.146382604514378567e+00 7.764862335493175616e-01
-8.571428571428570120e-02 6.868885549507873778e-01 4.166159249930891789e-02 -3.886567140917472907e-01 2.048506805111054499e-02 -4.447943458863636845e-01 -1.382392170511335949e-01 -3.887556124068091146e-01 1.876279416445514672e-02 0.000000000000000000e+00 -5.585973795076142751e-02 0.000000000000000000e+00 -3.906840557138704928e-02 0.000000000000000000e+00 -5.678729741917799834e-02 0.000000000000000000e+00 6.140436969081781271e+00 2.392924339561677272e+00 3.146244172920261484e+00 7.765189289150196128e-01
-9.075630252100838624e-02 6.846245682512169806e-01 4.388061107273789896e-02 -3.868220823120551710e-01 2.043622809908662852e-02 -4.512496992434957277e-01 -1.308439253934624846e-01 -3.871224270440487558e-01 1.983887043203058295e-02 0.000000000000000000e+00 -6.186154410100901807e-02 0.000000000000000000e+00 -4.299795259098852795e-02 0.000000000000000000e+00 -6.404523592398601861e-02 0.000000000000000000e+00 6.124994559049024900e+00 2.392824647139998984e+00 3.145050981790025624e+00 7.768383226983168743e-01
-9.579831932773108516e-02 6.846356742710490995e-01 4.700047895755990468e-02 -3.864682293063589347e-01 2.142393294016072328e-02 -4.513649219815839553e-01 -1.302628731380980065e-01 -3.867756723590088930e-01 2.086630599120282981e-02 0.000000000000000000e+00 -6.242644739159355222e-02 0.000000000000000000e+00 -4.362229492501629169e-02 0.000000000000000000e+00 -6.463850505823368064e-02 0.000000000000000000e+00 6.124264698163723430e+00 2.392824811552682895e+00 3.145003216137603363e+00 7.768526616531090667e-01
-1.008403361344537702e-01 6.816161465218306681e-01 4.951078238087296135e-02 -3.813486304003892990e-01 2.376689628350095451e-02 -4.662072661169090471e-01 -1.134292792024632485e-01 -3.817862993163894658e-01 2.333625087869997672e-02 0.000000000000000000e+00 -6.937042502504171815e-02 0.000000000000000000e+00 -4.410017455488319388e-02 0.000000000000000000e+00 -7.281191549303490940e-02 0.000000000000000000e+00 6.094216726475927715e+00 2.392362337941823736e+00 3.146416070485261063e+00 7.766170704977085615e-01
-1.058823529411764552e-01 6.814847291167323018e-01 5.265183144900827117e-02 -3.810398579339346337e-01 2.465903291633205277e-02 -4.662048126163015893e-01 -1.129129649893310661e-01 -3.814932170135956757e-01 2.422077503230976592e-02 0.000000000000000000e+00 -7.020438236486899186e-02 0.000000000000000000e+00 -4.518574061266723146e-02 0.000000000000000000e+00 -7.360116125096051454e-02 0.000000000000000000e+00 6.094042012948866827e+00 2.392374502835115102e+00 3.146427346381349022e+00 7.766246806089760479e-01
-1.109243697478991542e-01 6.782555972974940728e-01 5.528283425966211417e-02 -3.798897396813519234e-01 2.530847101005058788e-02 -4.719038812046447151e-01 -1.070832783466371119e-01 -3.803261865834945965e-01 2.371224273896717707e-02 0.000000000000000000e+00 -7.540031818631677540e-02 0.000000000000000000e+00 -4.850069948714043344e-02 0.000000000000000000e+00 -7.860328144451947385e-02 0.000000000000000000e+00 6.083626751214211481e+00 2.392388242881466454e+00 3.147908667741602162e+00 7.763923619056022352e-01
-1.159663865546218392e-01 6.758506450767332030e-01 5.859860640859403114e-02 -3.775171558650920467e-01 2.730542133462663182e-02 -4.793429316697210840e-01 -9.906417416927194852e-02 -3.778365806294854412e-01 2.387631612104245890e-02 0.000000000000000000e+00 -7.879703795633462293e-02 0.000000000000000000e+00 -4.926047886344676885e-02 0.000000000000000000e+00 -8.151309867373329743e-02 0.000000000000000000e+00 6.069492736801820776e+00 2.392473488360730816e+00 3.149753817640206233e+00 7.760418547828924485e-01
-1.210084033613445242e-01 6.757227649741541775e-01 6.176815966846761069e-02 -3.771101881849847071e-01 2.812810530142664453e-02 -4.795210809478832603e-01 -9.833838359975677346e-02 -3.774243899755037046e-01 2.460722456803820027e-02 0.000000000000000000e+00 -7.957184432728582613e-02 0.000000000000000000e+00 -4.990507942071796543e-02 0.000000000000000000e+00 -8.219097565863096866e-02 0.000000000000000000e+00 6.068360515982379688e+00 2.392502724860865015e+00 3.149846407308468876e+00 7.760383495126860209e-01
-1.260504201680672232e-01 6.722252362098631862e-01 6.430964775737700589e-02 -3.753582155156496847e-01 2.934794487288123338e-02 -4.865693079654777042e-01 -9.100642352094713561e-02 -3.754251188102870063e-01 2.362031576043615785e-02 0.000000000000000000e+00 -8.498930446947965123e-02 0.000000000000000000e+00 -5.237714922203353524e-02 0.000000000000000000e+00 -8.630321585746340840e-02 0.000000000000000000e+00 6.050159318684138476e+00 2.392706998543010499e+00 3.152675847771437390e+00 7.755036069571555890e-01
-1.310924369747898943e-01 6.720377175541142334e-01 6.756747370607951719e-02 -3.748407409382655819e-01 3.028817660516863394e-02 -4.869628677855829535e-01 -8.995816014846670650e-02 -3.748509860054957676e-01 2.456262933961092521e-02 0.000000000000000000e+00 -8.591358013171603025e-02 0.000000000000000000e+00 -5.313248290760286263e-02 0.000000000000000000e+00 -8.689011014533529198e-02 0.000000000000000000e+00 6.048382283558003891e+00 2.392726387757293960e+00 3.152857456890054255e+00 7.754905581506083001e-01
-1.361344537815125932e-01 6.690585038979448562e-01 7.047370213573118936e-02 -3.703426889757356899e-01 3.045324067875894783e-02 -4.977337380827277502e-01 -7.654476326001506681e-02 -3.701105463220669134e-01 2.593757026370289639e-02 0.000000000000000000e+00 -9.215117292285596173e-02 0.000000000000000000e+00 -5.340725568428214554e-02 0.000000000000000000e+00 -9.252027761650517823e-02 0.000000000000000000e+00 6.024772305485307733e+00 2.392252310944223748e+00 3.154166988150506334e+00 7.753573705271735728e-01
-1.411764705882352922e-01 6.671364350461227444e-01 7.368755544975026661e-02 -3.689215247202196069e-01 3.079580235111885680e-02 -5.012452930968941400e-01 -7.215470612381964799e-02 -3.686873727106373955e-01 2.619505727534889028e-02 0.000000000000000000e+00 -9.530730336986811824e-02 0.000000000000000000e+00 -5.505185212096070507e-02 0.000000000000000000e+00 -9.559339558374686796e-02 0.000000000000000000e+00 6.016738419483804279e+00 2.392121602639071032e+00 3.154899591761873623e+00 7.752817986549449536e-01
-1.462184873949579633e-01 6.650028487869000804e-01 7.713515078692603777e-02 -3.668741412029598026e-01 3.126813314266035926e-02 -5.063054922975773753e-01 -6.613557434246650213e-02 -3.666019766397652924e-01 2.647610449911724437e-02 0.000000000000000000e+00 -9.803374640747233859e-02 0.000000000000000000e+00 -5.557946709079099323e-02 0.000000000000000000e+00 -9.825479416092458562e-02 0.000000000000000000e+00 6.003688766597719884e+00 2.391919682761550980e+00 3.155843901789988415e+00 7.751733545919962109e-01
-1.512605042016806622e-01 6.632131599075717920e-01 8.065608827292151950e-02 -3.644755763483968347e-01 3.165727758938071540e-02 -5.113173138534290452e-01 -5.969416845756986972e-02 -3.641674710891427691e-01 2.663835486435908381e-02 0.000000000000000000e+00 -1.006711724842592748e-01 0.000000000000000000e+00 -5.588225359895145072e-02 0.000000000000000000e+00 -1.008390500532925088e-01 0.000000000000000000e+00 5.990150050317107677e+00 2.391658474568995718e+00 3.156725500100370674e+00 7.750876585314360190e-01
-1.563025210084033334e-01 6.614948969478652296e-01 8.413819367039278296e-02 -3.622320174494650935e-01 3.177337636931976822e-02 -5.157634638370858227e-01 -5.381491305858143726e-02 -3.618982256189340885e-01 2.650376600952779327e-02 0.000000000000000000e+00 -1.032794481700206046e-01 0.000000000000000000e+00 -5.635049858726227934e-02 0.000000000000000000e+00 -1.033735747020341211e-01 0.000000000000000000e+00 5.976975322757791531e+00 2.391383903532458888e+00 3.157500122689918420e+00 7.750516310581386792e-01
-1.613445378151260323e-01 6.600019991954759746e-01 8.783771167667131508e-02 -3.596478111772955510e-01 3.181367494246022110e-02 -5.204832718361969146e-01 -4.740969972809134375e-02 -3.592782890319968780e-01 2.629927027034458659e-02 0.000000000000000000e+00 -1.054440509737162579e-01 0.000000000000000000e+00 -5.616658950217656709e-02 0.000000000000000000e+00 -1.054739815730640767e-01 0.000000000000000000e+00 5.962191465485616071e+00 2.391019693275593383e+00 3.158296293164490898e+00 7.750235828847494846e-01
-1.663865546218487312e-01 6.587579109488227447e-01 9.158976921201092414e-02 -3.570524046715179423e-01 3.161127022266580627e-02 -5.248262027888996872e-01 -4.125094300849588280e-02 -3.566590685131614813e-01 2.586939062840577785e-02 0.000000000000000000e+00 -1.073298596307334374e-01 0.000000000000000000e+00 -5.566529555027310838e-02 0.000000000000000000e+00 -1.073067085157675959e-01 0.000000000000000000e+00 5.947352321826950394e+00 2.390588616197977689e+00 3.159000080714905678e+00 7.750408684787045699e-01
-1.714285714285714024e-01 6.575946991693321086e-01 9.535258274253997912e-02 -3.545246799227284029e-01 3.099043681083159252e-02 -5.288220197024037228e-01 -3.543784918590900390e-02 -3.541085561708011697e-01 2.529511285327485162e-02 0.000000000000000000e+00 -1.091414912024035733e-01 0.000000000000000000e+00 -5.530541016112935221e-02 0.000000000000000000e+00 -1.089985341174463385e-01 0.000000000000000000e+00 5.932229064918995931e+00 2.390177543535007221e+00 3.159700987697291019e+00 7.750874864193887381e-01
-1.764705882352941013e-01 6.573315291012885586e-01 9.944428592511621312e-02 -3.513205712713684536e-01 3.086210747468203994e-02 -5.328847781069586675e-01 -2.875723255592743666e-02 -3.509056356763843310e-01 2.415769960816237932e-02 0.000000000000000000e+00 -1.100834489943945949e-01 0.000000000000000000e+00 -5.341610179497838229e-02 0.000000000000000000e+00 -1.100417372540514749e-01 0.000000000000000000e+00 5.914515139945512701e+00 2.389109869393301722e+00 3.160361171409901804e+00 7.751750900427745172e-01
-1.815126050420167725e-01 6.729343486250992656e-01 9.865710025274683492e-02 -3.456020118675563468e-01 2.731481606947096241e-02 -5.213654215531270397e-01 -2.868835250338231876e-02 -3.456566750031988544e-01 2.540457832848424038e-02 0.000000000000000000e+00 -1.067240932764967898e-01 0.000000000000000000e+00 -4.916129421070800087e-02 0.000000000000000000e+00 -1.075991992284242166e-01 0.000000000000000000e+00 5.878680883990766048e+00 2.382255711798629605e+00 3.151856963171077552e+00 7.799131534105654406e-01
-1.865546218487394714e-01 6.694172387972184834e-01 1.035248015805146360e-01 -3.457753742789207441e-01 2.694049757627327638e-02 -5.245703989854336724e-01 -2.732050338372971066e-02 -3.457769616723472272e-01 2.486739313936006321e-02 0.000000000000000000e+00 -1.076346935462177967e-01 0.000000000000000000e+00 -4.902509314438207449e-02 0.000000000000000000e+00 -1.084082983842492576e-01 0.000000000000000000e+00 5.861638315980110647e+00 2.381976157539100303e+00 3.151307389394842229e+00 7.803599630944715315e-01
-1.915966386554621703e-01 7.008669090375960753e-01 9.608402689048234357e-02 -3.378738252232870165e-01 2.596218845377002912e-02 -4.967598844439392591e-01 -3.418338024799864178e-02 -3.382021215499795841e-01 2.722179857622080215e-02 0.000000000000000000e+00 -1.028480672844172134e-01 0.000000000000000000e+00 -4.208896774792376949e-02 0.000000000000000000e+00 -1.033264914931408540e-01 0.000000000000000000e+00 5.791679079635858152e+00 2.376553830263801181e+00 3.143669744693622370e+00 7.851308272391916976e-01
-1.966386554621848415e-01 7.216635780155149504e-01 8.880745514547386255e-02 -3.302081358987505877e-01 3.108112061206358065e-02 -4.776306485993321860e-01 -3.497962147313067593e-02 -3.308111554959298761e-01 3.307514509769735739e-02 0.000000000000000000e+00 -1.050920209814125983e-01 0.000000000000000000e+00 -3.868052813536417001e-02 0.000000000000000000e+00 -1.062418122080583949e-01 0.000000000000000000e+00 5.721651101434220621e+00 2.376465987265255375e+00 3.145802558199328747e+00 7.839692516761184171e-01
-2.016806722689075404e-01 8.238653579006997019e-01 2.018269541488398183e-02 -2.522919291381009455e-01 2.853673395792103926e-02 -4.129595472965705838e-01 5.157148394966664523e-02 -2.530951737954990066e-01 3.101421727048950944e-02 0.000000000000000000e+00 -9.805069985084756412e-02 0.000000000000000000e+00 -2.888806817363709020e-02 0.000000000000000000e+00 -9.761421730571367972e-02 0.000000000000000000e+00 5.601025323524318367e+00 2.376465189199177264e+00 3.143193260096350805e+00 7.862409270597674471e-01
-2.067226890756302393e-01 8.882045816477913691e-01 -1.003529790534945371e-01 -1.529362320040156265e-01 3.629206422154881984e-02 -3.099603452395616743e-01 1.927634229798016186e-01 -1.575432110370942607e-01 3.839183018987854523e-02 0.000000000000000000e+00 -1.003389380983939067e-01 0.000000000000000000e+00 -2.355333809629499980e-02 0.000000000000000000e+00 -9.616548585593369391e-02 0.000000000000000000e+00 5.483986394034216616e+00 2.371833461469534665e+00 3.141285444971213092e+00 7.882923713817260314e-01
-2.117647058823529105e-01 8.854667319940571213e-01 -9.768114340624141356e-02 -1.496481635939089505e-01 3.409173734736383604e-02 -3.146571088902654356e-01 2.054646705003620177e-01 -1.535142145795860280e-01 3.434096019410121797e-02 0.000000000000000000e+00 -1.035273559457200176e-01 0.000000000000000000e+00 -1.884744338364760866e-02 0.000000000000000000e+00 -9.853366005592006927e-02 0.000000000000000000e+00 5.477118105562694517e+00 2.372046479191657564e+00 3.135986867098355280e+00 7.940392384566048456e-01
-2.168067226890756094e-01 9.052776208015917980e-01 -1.359601024983655426e-01 -1.321499283545178038e-01 2.891050949189086575e-02 -2.688903029544613688e-01 1.994588636789565161e-01 -1.341159272470842101e-01 2.802396484671590415e-02 0.000000000000000000e+00 -8.788848732700221822e-02 0.000000000000000000e+00 -1.519616973217880786e-02 0.000000000000000000e+00 -8.560252641168393517e-02 0.000000000000000000e+00 5.466948490637399516e+00 2.374643000555215266e+00 3.135728176860821836e+00 7.939698578153909780e-01
-2.218487394957983083e-01 9.033840872325812343e-01 -1.354097514167844907e-01 -1.312000070066254298e-01 2.903607171285525756e-02 -2.708719731127993136e-01 2.051856328711067490e-01 -1.328972500550578417e-01 2.809816783547110924e-02 0.000000000000000000e+00 -8.951521520463064097e-02 0.000000000000000000e+00 -1.573828024659296165e-02 0.000000000000000000e+00 -8.762200982965846763e-02 0.000000000000000000e+00 5.460390783601641651e+00 2.375198222961614203e+00 3.135820813475217683e+00 7.938290566246043456e-01
-2.268907563025209795e-01 9.014408950531902498e-01 -1.350515809487359831e-01 -1.299204758262240134e-01 2.883025972343612742e-02 -2.725572134606299990e-01 2.115238601445397215e-01 -1.313294613554113199e-01 2.805004881378678899e-02 0.000000000000000000e+00 -9.128989067067741492e-02 0.000000000000000000e+00 -1.614437070327887080e-02 0.000000000000000000e+00 -8.979904307483700665e-02 0.000000000000000000e+00 5.453794943726268940e+00 2.375604683442936071e+00 3.135504228975461327e+00 7.941808524457679708e-01
-2.319327731092436784e-01 8.995116598009607056e-01 -1.357917914007193694e-01 -1.281754062170867847e-01 2.873088060526923088e-02 -2.731989598132434360e-01 2.185052185465749253e-01 -1.292050320593773893e-01 2.843841733446492506e-02 0.000000000000000000e+00 -9.341603283790422818e-02 0.000000000000000000e+00 -1.672022823579544931e-02 0.000000000000000000e+00 -9.199470253462381508e-02 0.000000000000000000e+00 5.446895890578647759e+00 2.376110457733010328e+00 3.135266467972056770e+00 7.944420809553643936e-01
-2.369747899159663496e-01 8.982067772401818306e-01 -1.393460259599025586e-01 -1.242792002026197051e-01 2.823637328213170899e-02 -2.710102727213701823e-01 2.274295798692003157e-01 -1.254624008856595752e-01 2.770947823060631449e-02 0.000000000000000000e+00 -9.524303274007729636e-02 0.000000000000000000e+00 -1.638084251093708393e-02 0.000000000000000000e+00 -9.328744325525255288e-02 0.000000000000000000e+00 5.439034771545698810e+00 2.377222144072943522e+00 3.140080786530412116e+00 7.885227372569679760e-01
-2.420168067226890485e-01 8.970125850835635184e-01 -1.390027020536279689e-01 -1.239980726579727466e-01 2.890377217981968463e-02 -2.719502465544201275e-01 2.301801898730709561e-01 -1.249861325801205764e-01 2.824816097441359281e-02 0.000000000000000000e+00 -9.623095422119737341e-02 0.000000000000000000e+00 -1.741890865465495208e-02 0.000000000000000000e+00 -9.461261972074518078e-02 0.000000000000000000e+00 5.433559429156275655e+00 2.377410308603242761e+00 3.140482664224244935e+00 7.880199407464574257e-01
-2.470588235294117474e-01 8.964273752698838083e-01 -1.372991931796009313e-01 -1.222338238420597606e-01 2.442829334983644823e-02 -2.729436757321857532e-01 2.359124593279213478e-01 -1.219331774125699958e-01 2.441455008206490362e-02 0.000000000000000000e+00 -9.551955174711189434e-02 0.000000000000000000e+00 -1.420278317236073166e-02 0.000000000000000000e+00 -9.616414148551759300e-02 0.000000000000000000e+00 5.428737546504552647e+00 2.379638957945636957e+00 3.140729950167835849e+00 7.876972625511551307e-01
-2.521008403361344463e-01 8.947164725738060431e-01 -1.373296638719828933e-01 -1.212236737035885664e-01 2.385990180153241616e-02 -2.739324995326458123e-01 2.411360556576490344e-01 -1.203041046825628207e-01 2.518824180534746590e-02 0.000000000000000000e+00 -9.724824854562753862e-02 0.000000000000000000e+00 -1.453824496016992672e-02 0.000000000000000000e+00 -9.817607392671860722e-02 0.000000000000000000e+00 5.422035421044712145e+00 2.380465294211380201e+00 3.140299839150345829e+00 7.882266905109683863e-01
-2.571428571428571175e-01 8.932586823179032853e-01 -1.370212301473808514e-01 -1.199866376207193719e-01 2.248476240395482634e-02 -2.746496763797910967e-01 2.464746318109677925e-01 -1.186309453028820127e-01 2.504181857474981412e-02 0.000000000000000000e+00 -9.856315756847865150e-02 0.000000000000000000e+00 -1.441063429205173205e-02 0.000000000000000000e+00 -9.994802652351220118e-02 0.000000000000000000e+00 5.415877809022085820e+00 2.381189319614025468e+00 3.140181588492804821e+00 7.883647862564615583e-01
-2.621848739495797886e-01 8.918429685401576545e-01 -1.366813140300204288e-01 -1.186562028219299153e-01 2.047475670797061983e-02 -2.753493718688294067e-01 2.521736807296111049e-01 -1.165954782398764544e-01 2.500291793783725874e-02 0.000000000000000000e+00 -9.982618025908145121e-02 0.000000000000000000e+00 -1.393909314968922245e-02 0.000000000000000000e+00 -1.020149300345104676e-01 0.000000000000000000e+00 5.409608668132471543e+00 2.382242162683612996e+00 3.140020003143192628e+00 7.885547214720377562e-01
-2.672268907563025153e-01 8.992676656723546103e-01 -1.317049191800822860e-01 -1.249857264016558805e-01 1.051730046579627507e-02 -2.748063690800057746e-01 2.727529247720294481e-01 -1.077437925787203543e-01 5.350804009054355159e-02 0.000000000000000000e+00 -1.067713044243752130e-01 0.000000000000000000e+00 -2.287773930278231074e-02 0.000000000000000000e+00 -1.187232602796132602e-01 0.000000000000000000e+00 5.401397399280300604e+00 2.399917025874581444e+00 3.119529740550696761e+00 8.145802180504478907e-01
-2.722689075630251865e-01 8.869913878049627831e-01 -1.105221035391171641e-01 -1.318628034730351950e-01 4.740865844511979801e-03 -2.976300505940784324e-01 2.929326920325734940e-01 -1.095420420262604722e-01 6.919913717006953569e-02 0.000000000000000000e+00 -1.225268382017632440e-01 0.000000000000000000e+00 -2.876140271513933505e-02 0.000000000000000000e+00 -1.343940922891268264e-01 0.000000000000000000e+00 5.388647217206351314e+00 2.400031421444948965e+00 3.079738335533913407e+00 8.664317592680583768e-01
-2.773109243697478576e-01 8.903328089604642948e-01 -1.177720943105435847e-01 -1.298970914187279890e-01 1.616150157050907877e-03 -2.889843636738818611e-01 2.934501379935124943e-01 -1.041368840495145998e-01 7.418320187991989112e-02 0.000000000000000000e+00 -1.233887729823505836e-01 0.000000000000000000e+00 -3.121850880357587149e-02 0.000000000000000000e+00 -1.308447150986976337e-01 0.000000000000000000e+00 5.379613299743533972e+00 2.398804689271976098e+00 3.049937456541848668e+00 9.038944439995644231e-01
-2.823529411764705843e-01 8.887248826966137605e-01 -1.173217881150968311e-01 -1.301486487675933279e-01 -2.312640576478570964e-03 -2.887422412848315578e-01 2.937723050279127945e-01 -1.019998617056044748e-01 7.654109754878231364e-02 0.000000000000000000e+00 -1.258278351326090339e-01 0.000000000000000000e+00 -3.212415624925875346e-02 0.000000000000000000e+00 -1.302024578378813413e-01 0.000000000000000000e+00 5.369802866751001602e+00 2.396518270375211923e+00 3.021807269016918429e+00 9.396230929547479960e-01
-2.873949579831932555e-01 8.898285226581635898e-01 -1.193494295599220600e-01 -1.294709916323197596e-01 -4.066322808154173608e-03 -2.856127987135684276e-01 2.951647079327524015e-01 -9.964114259281697805e-02 7.820382640177342415e-02 0.000000000000000000e+00 -1.268966929743042538e-01 0.000000000000000000e+00 -3.344622856076162609e-02 0.000000000000000000e+00 -1.286752774149972078e-01 0.000000000000000000e+00 5.363217818336178944e+00 2.394257211408282515e+00 3.008663456736719422e+00 9.553336862226747828e-01
-2.924369747899159266e-01 8.899773072725818412e-01 -1.185695013186372354e-01 -1.299239514930763117e-01 -6.672607101155969556e-03 -2.848295378208325346e-01 2.956454557366447466e-01 -9.817650232336069815e-02 8.017264942350048329e-02 0.000000000000000000e+00 -1.286949044889551808e-01 0.000000000000000000e+00 -3.478037653982536670e-02 0.000000000000000000e+00 -1.283098598633263809e-01 0.000000000000000000e+00 5.355673390195828887e+00 2.391871646920433747e+00 2.992706619141639823e+00 9.748940328228243857e-01
-2.974789915966385978e-01 8.900743183264823166e-01 -1.163757517271001712e-01 -1.308481542463680869e-01 -8.922115981677894783e-03 -2.850365834630724793e-01 2.957542951719973612e-01 -9.753073500994723088e-02 8.172195080354534291e-02 0.000000000000000000e+00 -1.303165887403717471e-01 0.000000000000000000e+00 -3.600348539427994377e-02 0.000000000000000000e+00 -1.286345620569529780e-01 0.000000000000000000e+00 5.348988204822486381e+00 2.389523137971886868e+00 2.981735757283153543e+00 9.877697416883829407e-01
-3.025210084033613245e-01 8.900168371570175152e-01 -1.118761183676385551e-01 -1.327051330406700536e-01 -1.162680155389496373e-02 -2.867477423244265133e-01 2.950847079435383047e-01 -9.773798580180191597e-02 8.394615960671727994e-02 0.000000000000000000e+00 -1.322118658416616410e-01 0.000000000000000000e+00 -3.758390281033191505e-02 0.000000000000000000e+00 -1.301973905817827293e-01 0.000000000000000000e+00 5.342068516071559081e+00 2.387069061949937954e+00 2.971473345967959201e+00 9.995903028899505438e-01
-3.075630252100839956e-01 8.815597834936574895e-01 -5.664156977210463295e-02 -1.586586195186063808e-01 -3.128536935460405483e-02 -3.196318603928088864e-01 2.691137173012236872e-01 -1.142519664563084597e-01 1.095172974730262566e-01 0.000000000000000000e+00 -1.438863203604233976e-01 0.000000000000000000e+00 -5.277313036015726655e-02 0.000000000000000000e+00 -1.614627412126747874e-01 0.000000000000000000e+00 5.310372330447680866e+00 2.381280686121078904e+00 2.921757579019943041e+00 1.065939765028664388e+00
-3.126050420168066668e-01 8.068195998095637478e-01 1.162237332322468009e-01 -2.476502308940259356e-01 -1.230897800063196768e-01 -3.939633175742454640e-01 1.126130651447917463e-01 -2.221482965965344281e-01 1.883449116996510631e-01 0.000000000000000000e+00 -1.603254587183486624e-01 0.000000000000000000e+00 -9.212936643368309364e-02 0.000000000000000000e+00 -2.493878325674691865e-01 0.000000000000000000e+00 5.073422539696994527e+00 2.278688799173646640e+00 2.911496466079939616e+00 1.056373177652827788e+00
-3.176470588235293935e-01 4.910641368007117036e-01 1.215481070198792118e-01 -2.255172850918785721e-01 -2.117040683420289282e-01 -1.316055865641844735e-01 6.783094393849249670e-02 -6.414749400387962375e-01 5.581221048461458834e-01 0.000000000000000000e+00 -7.601194549482309659e-02 0.000000000000000000e+00 4.092882639806470768e-02 0.000000000000000000e+00 -9.090004474182195038e-02 0.000000000000000000e+00 5.083486222889455064e+00 1.999529542268589033e+00 2.831532594566426919e+00 1.186873364900975059e+00
-3.226890756302520646e-01 4.974277359495227757e-01 1.425631030377426112e-01 -2.061072089088546999e-01 -1.514324078371351578e-01 -1.887448140660881457e-01 7.141557463260218841e-02 -6.190518766899731906e-01 5.539354168531456235e-01 0.000000000000000000e+00 -1.139146513389989318e-01 0.000000000000000000e+00 3.566420364023699906e-03 0.000000000000000000e+00 -1.357530903688629886e-01 0.000000000000000000e+00 5.078415478433825569e+00 2.034601396742771851e+00 2.868068095071985013e+00 1.113027585663102448e+00
-3.277310924369747358e-01 4.958893911463463922e-01 1.374622593202990406e-01 -2.023489110909637567e-01 -1.508674248477535063e-01 -1.802135860168552484e-01 7.039237740903053764e-02 -6.203809417442764929e-01 5.528150327492202809e-01 0.000000000000000000e+00 -1.099736419618711908e-01 0.000000000000000000e+00 1.229075216679752051e-02 0.000000000000000000e+00 -1.321944148291721022e-01 0.000000000000000000e+00 5.077091185638583859e+00 2.029657170125600985e+00 2.859493775186125575e+00 1.124206546862631884e+00
-3.327731092436974625e-01 4.999306901796856661e-01 1.333953075085883566e-01 -2.000329065915815163e-01 -1.395732290162368106e-01 -1.798219409930285895e-01 6.715900060129351146e-02 -6.222877621650726443e-01 5.538004127462113901e-01 0.000000000000000000e+00 -1.051988489467392263e-01 0.000000000000000000e+00 9.061914047726512753e-03 0.000000000000000000e+00 -1.216850342010001584e-01 0.000000000000000000e+00 5.072618131514452067e+00 2.030101867411283401e+00 2.849834537093887121e+00 1.140794505860474040e+00
-3.378151260504201336e-01 5.013661479805120447e-01 1.344119095394591124e-01 -1.988469286960319882e-01 -1.349710249921232397e-01 -1.812277080174329591e-01 6.478004685939613150e-02 -6.209832224757392272e-01 5.552951836257268292e-01 0.000000000000000000e+00 -1.027924877570130097e-01 0.000000000000000000e+00 -6.175678738350887792e-03 0.000000000000000000e+00 -1.182629539291314424e-01 0.000000000000000000e+00 5.073110556029670093e+00 2.036348599723134534e+00 2.853072146550052590e+00 1.137509344051143234e+00
-3.428571428571428048e-01 5.012685054722587630e-01 1.335378079573071308e-01 -1.991395426696137005e-01 -1.351266609711893885e-01 -1.819072422701130676e-01 6.538901575098063357e-02 -6.201142187479238288e-01 5.558968354590975158e-01 0.000000000000000000e+00 -1.025516634746332922e-01 0.000000000000000000e+00 -4.624632889523335247e-03 0.000000000000000000e+00 -1.189008580988027697e-01 0.000000000000000000e+00 5.070453836178685059e+00 2.035406765561356579e+00 2.852547521341165293e+00 1.137862373380200243e+00
-3.478991596638655315e-01 5.029047129173943587e-01 1.292777148227991502e-01 -1.950832788518089278e-01 -1.341050829310395376e-01 -1.760659160701280312e-01 7.804833194755286807e-02 -6.187970946870652300e-01 5.535347998804864833e-01 0.000000000000000000e+00 -1.003958844628707048e-01 0.000000000000000000e+00 1.841563012008806113e-03 0.000000000000000000e+00 -1.244209429380112863e-01 0.000000000000000000e+00 5.072895704663553218e+00 2.032464697426191069e+00 2.854462707304066704e+00 1.122123212922640834e+00
-3.529411764705882026e-01 5.361559314447008617e-01 1.327420375046128309e-01 -1.948652691914264379e-01 -1.221067578100851203e-01 -1.963337402606418203e-01 8.026844488063121508e-02 -6.072646373096149963e-01 5.305049763080780245e-01 0.000000000000000000e+00 -1.143570673507424834e-01 0.000000000000000000e+00 1.580592565516348398e-03 0.000000000000000000e+00 -1.225551329419613256e-01 0.000000000000000000e+00 5.079383850439164405e+00 2.036113621519645811e+00 2.888903394757226017e+00 1.076571899543760535e+00
-3.579831932773108738e-01 5.529724279597907355e-01 1.474052951387576638e-01 -2.001999484862072853e-01 -1.225414699195364193e-01 -2.081196173304647457e-01 8.443198978723789883e-02 -5.858348984613985788e-01 5.255173930825431938e-01 0.000000000000000000e+00 -1.486503870592126020e-01 0.000000000000000000e+00 -2.397827436819987765e-02 0.000000000000000000e+00 -1.468041636335474798e-01 0.000000000000000000e+00 5.086828892722934370e+00 2.052267762921737404e+00 2.886636215329044575e+00 1.079849020025407169e+00
-3.630252100840335450e-01 5.748232410580874641e-01 1.421859454839660697e-01 -2.075769226877409168e-01 -1.356249803447368285e-01 -2.005542695487099458e-01 9.293071277987313694e-02 -5.710124589032516962e-01 5.176041756839692143e-01 0.000000000000000000e+00 -1.363978231521585371e-01 0.000000000000000000e+00 -2.642214783574784592e-02 0.000000000000000000e+00 -1.526662848087853297e-01 0.000000000000000000e+00 5.075365582601276238e+00 2.059763673593049571e+00 2.863261675379515037e+00 1.110249282964773432e+00
-3.680672268907562716e-01 5.944702087959319314e-01 1.489188925430401933e-01 -2.145223301118425185e-01 -1.368243317410759441e-01 -2.170716628318441754e-01 9.512488525518866811e-02 -5.551322786188636060e-01 5.050825574631814252e-01 0.000000000000000000e+00 -1.399935041080362097e-01 0.000000000000000000e+00 -3.160888868090743625e-02 0.000000000000000000e+00 -1.526945582513629940e-01 0.000000000000000000e+00 5.079841461237084133e+00 2.062056973358383338e+00 2.878936466245246795e+00 1.090142584086047473e+00
-3.731092436974789428e-01 5.944889019436360167e-01 1.498183937218370010e-01 -2.144416728095429325e-01 -1.366031202075073392e-01 -2.164494167284600756e-01 9.507777145547736952e-02 -5.546998032263017464e-01 5.054586408271756204e-01 0.000000000000000000e+00 -1.399849800091272078e-01 0.000000000000000000e+00 -3.117968764184124442e-02 0.000000000000000000e+00 -1.526892328914022934e-01 0.000000000000000000e+00 5.079818522085962407e+00 2.062418554798490344e+00 2.878973731775546163e+00 1.090003239917787914e+00
-3.781512605042016140e-01 5.944303032493380989e-01 1.467403750113756844e-01 -2.099812959931389722e-01 -1.290241505769195440e-01 -2.123501869283309640e-01 9.946136488617486615e-02 -5.566037290299230555e-01 5.061363909349321233e-01 0.000000000000000000e+00 -1.393098816520889072e-01 0.000000000000000000e+00 -3.317148911597214006e-02 0.000000000000000000e+00 -1.518159640699194013e-01 0.000000000000000000e+00 5.078876505276774367e+00 2.061098252244182749e+00 2.877197184675359676e+00 1.088355861276812941e+00
-3.831932773109243406e-01 5.956299888603280301e-01 1.470247362854557038e-01 -2.085062596169274252e-01 -1.270549244830165014e-01 -2.049880958300490663e-01 1.047876428609809812e-01 -5.583481266683500976e-01 5.083754062310964494e-01 0.000000000000000000e+00 -1.498930604613757933e-01 0.000000000000000000e+00 -2.342944868217784055e-02 0.000000000000000000e+00 -1.500611025509667462e-01 0.000000000000000000e+00 5.075512458894962720e+00 2.059477923095188068e+00 2.876570157418444129e+00 1.095952234787248125e+00
-3.882352941176470118e-01 5.953370294092308335e-01 1.467630144192326735e-01 -2.028927616863908656e-01 -1.243760813735777099e-01 -2.043875974641089777e-01 1.023385220928264283e-01 -5.574392858663064221e-01 5.114286579167480751e-01 0.000000000000000000e+00 -1.480612562576641700e-01 0.000000000000000000e+00 -4.576892171382496849e-02 0.000000000000000000e+00 -1.452929125079137906e-01 0.000000000000000000e+00 5.076690517499762301e+00 2.063271674324679505e+00 2.874682119783593670e+00 1.096133679707961273e+00
-3.932773109243696830e-01 5.946591016167677157e-01 1.508234026106699543e-01 -2.049440517147282370e-01 -1.258420927105882714e-01 -2.061578999402938761e-01 1.002631307568361690e-01 -5.559599702015586287e-01 5.097756135966825530e-01 0.000000000000000000e+00 -1.464996374150940583e-01 0.000000000000000000e+00 -4.187059884016661182e-02 0.000000000000000000e+00 -1.509404476301381137e-01 0.000000000000000000e+00 5.080071457536606161e+00 2.062435883068973297e+00 2.881111686723233145e+00 1.085272413082307041e+00
-3.983193277310924096e-01 5.955354117879835263e-01 1.483944692065504445e-01 -1.959121879244142550e-01 -1.169408423670043606e-01 -2.084486124615610170e-01 1.040608355853763073e-01 -5.572487247925248521e-01 5.079072229236101244e-01 0.000000000000000000e+00 -1.470465570850779113e-01 0.000000000000000000e+00 -5.295774752390564749e-02 0.000000000000000000e+00 -1.405165495309161072e-01 0.000000000000000000e+00 5.072957087978070767e+00 2.064040705559286870e+00 2.888629409260821568e+00 1.068744312686900733e+00
-4.033613445378150808e-01 5.963294922438961976e-01 1.438682571047213421e-01 -1.865891941042368829e-01 -1.088155318482308676e-01 -2.002186856514756863e-01 1.198264008128682306e-01 -5.627101527684981175e-01 5.221589865751782300e-01 0.000000000000000000e+00 -1.488424865177995771e-01 0.000000000000000000e+00 -5.645001324318467406e-02 0.000000000000000000e+00 -1.368515559237774848e-01 0.000000000000000000e+00 5.062246786559518874e+00 2.064746933140643836e+00 2.895549182619225448e+00 1.058661352125770394e+00
-4.084033613445377520e-01 5.963579860832525226e-01 1.451124681716212950e-01 -1.863293365481704655e-01 -1.083800358583185131e-01 -1.989257256657345208e-01 1.193363481270792864e-01 -5.625534826106985964e-01 5.224620445587755402e-01 0.000000000000000000e+00 -1.489185500009269358e-01 0.000000000000000000e+00 -5.643975993894160409e-02 0.000000000000000000e+00 -1.366425140912963798e-01 0.000000000000000000e+00 5.062677584508979756e+00 2.065115170015245472e+00 2.895519036335701291e+00 1.058562863871678195e+00
-4.134453781512604786e-01 5.962591527579337303e-01 1.463513289584106314e-01 -1.857538664696515296e-01 -1.075503228728307142e-01 -1.972542966691388511e-01 1.186240528790999810e-01 -5.626377314044487266e-01 5.226808392407316095e-01 0.000000000000000000e+00 -1.499373561687101231e-01 0.000000000000000000e+00 -5.643519391873925983e-02 0.000000000000000000e+00 -1.358559932517966196e-01 0.000000000000000000e+00 5.062880194561353520e+00 2.065526999657266050e+00 2.894907255063565721e+00 1.058921269051360525e+00
-4.184873949579831498e-01 5.956921496473562838e-01 1.475087237429482112e-01 -1.845167514997526625e-01 -1.055047891622069439e-01 -1.957020900585706991e-01 1.185903252462120611e-01 -5.628867441038816199e-01 5.234353587366109561e-01 0.000000000000000000e+00 -1.526754988515391931e-01 0.000000000000000000e+00 -5.691626050572965584e-02 0.000000000000000000e+00 -1.347530939185093146e-01 0.000000000000000000e+00 5.062197916229664862e+00 2.066369242177570786e+00 2.893344309463088848e+00 1.060088463637642864e+00
-4.235294117647058210e-01 5.958304169180506094e-01 1.492007962967911994e-01 -1.840129691842336268e-01 -1.060268196526042567e-01 -1.941175811210816560e-01 1.180897286333455476e-01 -5.626699714794398677e-01 5.237326370176854651e-01 0.000000000000000000e+00 -1.533000085412715152e-01 0.000000000000000000e+00 -5.721188492530588504e-02 0.000000000000000000e+00 -1.344668246133804423e-01 0.000000000000000000e+00 5.062826578287339174e+00 2.066702818729257096e+00 2.893779810869314240e+00 1.059918472489099095e+00
-4.285714285714285476e-01 5.983772665198423546e-01 1.464448415813660864e-01 -1.797579179216531320e-01 -1.039557174931393796e-01 -1.910038399529637998e-01 1.322475331572396939e-01 -5.593452550948885271e-01 5.270441972769934758e-01 0.000000000000000000e+00 -1.634348801009166685e-01 0.000000000000000000e+00 -6.365274173008871050e-02 0.000000000000000000e+00 -1.328680965298652261e-01 0.000000000000000000e+00 5.058626312069995912e+00 2.069808658721260741e+00 2.896424827691973292e+00 1.060672343038753240e+00
-4.336134453781512188e-01 5.986283202241223789e-01 1.477402909345726101e-01 -1.789479328437802719e-01 -1.037376703385071569e-01 -1.894498423839773571e-01 1.317770550698882659e-01 -5.592275233351740038e-01 5.274136274480822895e-01 0.000000000000000000e+00 -1.631079303952714110e-01 0.000000000000000000e+00 -6.460444280774446657e-02 0.000000000000000000e+00 -1.323038851902350876e-01 0.000000000000000000e+00 5.059584047889468472e+00 2.070074867044888300e+00 2.896580545528213424e+00 1.060205878772846333e+00
-4.386554621848738900e-01 6.015695488436857419e-01 1.510916884597430510e-01 -1.784740727544263661e-01 -1.003122748162963568e-01 -1.930932751309587525e-01 1.312784820940931518e-01 -5.593514117513230799e-01 5.344657971697682752e-01 0.000000000000000000e+00 -1.615182181677878304e-01 0.000000000000000000e+00 -7.101732551455459952e-02 0.000000000000000000e+00 -1.351172253569568049e-01 0.000000000000000000e+00 5.054043229979367169e+00 2.074202803291428587e+00 2.895764584085918525e+00 1.054459000117769163e+00
-4.436974789915966166e-01 6.015093410664966722e-01 1.522670930858002203e-01 -1.776198814089368083e-01 -9.936809136626179040e-02 -1.917444190908305368e-01 1.307443870183206958e-01 -5.594967374707726648e-01 5.347647927438348159e-01 0.000000000000000000e+00 -1.616225410495220616e-01 0.000000000000000000e+00 -7.185166364120672278e-02 0.000000000000000000e+00 -1.340922031382650592e-01 0.000000000000000000e+00 5.054755021183798824e+00 2.074482085799125297e+00 2.895359858579558132e+00 1.054559740930094414e+00
-4.487394957983192878e-01 6.014052937656970688e-01 1.533685956877802736e-01 -1.766383080781911141e-01 -9.797244714000352683e-02 -1.908047196199578188e-01 1.301093612623424045e-01 -5.595395159632658988e-01 5.351107564791962590e-01 0.000000000000000000e+00 -1.621222568130054331e-01 0.000000000000000000e+00 -7.255327953261153651e-02 0.000000000000000000e+00 -1.331352083030886146e-01 0.000000000000000000e+00 5.055114566868934567e+00 2.075086679780910881e+00 2.894596376842853314e+00 1.054710241238272062e+00
-4.537815126050419590e-01 6.014966095781058009e-01 1.546407548172877011e-01 -1.762248224256907636e-01 -9.742359200060178581e-02 -1.897332327570798727e-01 1.297268806527596130e-01 -5.593062202736454047e-01 5.354665715233742906e-01 0.000000000000000000e+00 -1.621016494274963027e-01 0.000000000000000000e+00 -7.267752811100787469e-02 0.000000000000000000e+00 -1.329128630453831061e-01 0.000000000000000000e+00 5.055543925134187155e+00 2.075543859084532539e+00 2.894485360121131556e+00 1.054621129352052433e+00
-4.588235294117646301e-01 6.026025248401494228e-01 1.561490825799695670e-01 -1.723189941214654797e-01 -9.480690391059483357e-02 -1.890933251770515466e-01 1.353046873421421270e-01 -5.631536044917768713e-01 5.411086701902603213e-01 0.000000000000000000e+00 -1.656081020284160821e-01 0.000000000000000000e+00 -7.360844586300409331e-02 0.000000000000000000e+00 -1.310817174221669268e-01 0.000000000000000000e+00 5.051344809264044500e+00 2.075739688432999941e+00 2.897494164224529989e+00 1.046898607638905965e+00
-4.638655462184873568e-01 6.027862418115065291e-01 1.570791978323856919e-01 -1.716048405085873474e-01 -9.350970030325184146e-02 -1.874536182136174178e-01 1.345850597770207047e-01 -5.632633891435476770e-01 5.418079787280105641e-01 0.000000000000000000e+00 -1.657179822179081219e-01 0.000000000000000000e+00 -7.429099282971170226e-02 0.000000000000000000e+00 -1.298879153001919196e-01 0.000000000000000000e+00 5.051434564781572156e+00 2.076385808550071488e+00 2.896022970275129005e+00 1.048612662855973321e+00
-4.689075630252100280e-01 6.029521380145819176e-01 1.581590266712492587e-01 -1.707361192489177393e-01 -9.206263374492321128e-02 -1.862322892252515072e-01 1.337730119370275361e-01 -5.633053243238248520e-01 5.425372364419214222e-01 0.000000000000000000e+00 -1.663486552289696607e-01 0.000000000000000000e+00 -7.517580435946320805e-02 0.000000000000000000e+00 -1.286634492857863521e-01 0.000000000000000000e+00 5.051291052666914361e+00 2.077246704468470817e+00 2.894392168318557168e+00 1.050306441202567331e+00
-4.739495798319326991e-01 6.030614859230660763e-01 1.593243673396508853e-01 -1.703582013429917608e-01 -9.147697832461937351e-02 -1.851103901553165232e-01 1.334826936994292224e-01 -5.630260970226226291e-01 5.429625923007549426e-01 0.000000000000000000e+00 -1.661866349732803172e-01 0.000000000000000000e+00 -7.519230235269024065e-02 0.000000000000000000e+00 -1.284112317611909582e-01 0.000000000000000000e+00 5.051680116690063116e+00 2.077705037969239665e+00 2.894200185832252359e+00 1.050425102314728409e+00
-4.789915966386554258e-01 6.033647814009631682e-01 1.604404410278499615e-01 -1.687495948680206581e-01 -8.905393357391527820e-02 -1.842893741555053921e-01 1.326061588079492926e-01 -5.632350880923332470e-01 5.434528162538015961e-01 0.000000000000000000e+00 -1.677649967398014696e-01 0.000000000000000000e+00 -7.655250180143441385e-02 0.000000000000000000e+00 -1.264915963686666089e-01 0.000000000000000000e+00 5.051141081040729119e+00 2.078855414024996850e+00 2.892103989863912261e+00 1.052053980710335956e+00
-4.840336134453780970e-01 6.034678136600226672e-01 1.616548435840728104e-01 -1.684097856981910390e-01 -8.852205789924050272e-02 -1.832655320892618844e-01 1.323609072282124210e-01 -5.628946721044205681e-01 5.438671694683931968e-01 0.000000000000000000e+00 -1.675845204181850845e-01 0.000000000000000000e+00 -7.650457182445430382e-02 0.000000000000000000e+00 -1.263285845004478158e-01 0.000000000000000000e+00 5.051532994546193756e+00 2.079321018469172611e+00 2.892018727534706457e+00 1.052034372684067964e+00
-4.890756302521007681e-01 6.056210098468228775e-01 1.645997080433946602e-01 -1.661274828898089417e-01 -8.548078632780234387e-02 -1.853288725050822316e-01 1.332697802397828646e-01 -5.628122133134851879e-01 5.437673617936168435e-01 0.000000000000000000e+00 -1.721203217771039573e-01 0.000000000000000000e+00 -7.761006493111546889e-02 0.000000000000000000e+00 -1.258246519217913750e-01 0.000000000000000000e+00 5.049539766854191924e+00 2.080842427932074745e+00 2.892557910968582835e+00 1.048026256250313981e+00
-4.941176470588234948e-01 6.057376307688624451e-01 1.657318565792607057e-01 -1.657386019518179709e-01 -8.492848980826660232e-02 -1.842274713690728594e-01 1.330878427478501547e-01 -5.624666522846938355e-01 5.442131495729739532e-01 0.000000000000000000e+00 -1.718017872455079587e-01 0.000000000000000000e+00 -7.754217584417209819e-02 0.000000000000000000e+00 -1.256566059989025208e-01 0.000000000000000000e+00 5.049939300481857352e+00 2.081243959539448074e+00 2.892421006710100606e+00 1.048126878853749000e+00
-4.991596638655461660e-01 6.066774972931444632e-01 1.660043472964658207e-01 -1.642633050627064772e-01 -8.303604875264823659e-02 -1.827923476308431494e-01 1.339883163955265244e-01 -5.618104411788742425e-01 5.449167859132333369e-01 0.000000000000000000e+00 -1.726613282212475231e-01 0.000000000000000000e+00 -7.934452208781844762e-02 0.000000000000000000e+00 -1.249670404010670699e-01 0.000000000000000000e+00 5.049864998309441688e+00 2.082498113903240355e+00 2.890484386434089892e+00 1.050600986077969035e+00
-5.042016806722688926e-01 6.067794887027588846e-01 1.672326724749650662e-01 -1.636929376733988195e-01 -8.242674054424248276e-02 -1.817232960511484807e-01 1.341489320808437746e-01 -5.613802200176138957e-01 5.452586693570302678e-01 0.000000000000000000e+00 -1.726427097778474307e-01 0.000000000000000000e+00 -7.960223273577980707e-02 0.000000000000000000e+00 -1.249143407893139879e-01 0.000000000000000000e+00 5.050018176165013806e+00 2.082662256412764368e+00 2.890042487300501950e+00 1.051311109840390889e+00
-5.092436974789915638e-01 6.069866990936776396e-01 1.682231116385727587e-01 -1.627191989189750998e-01 -8.143008516599729851e-02 -1.800358365955595508e-01 1.346491160783959695e-01 -5.610620000938143503e-01 5.457055782873980743e-01 0.000000000000000000e+00 -1.727639779381257845e-01 0.000000000000000000e+00 -8.033851935923619347e-02 0.000000000000000000e+00 -1.247383123537305627e-01 0.000000000000000000e+00 5.050219315670802622e+00 2.082952620344125094e+00 2.889063744354662067e+00 1.052891640990483824e+00
-5.142857142857142350e-01 6.074429216240625484e-01 1.685994706604605209e-01 -1.611738421163247115e-01 -7.979434489916148454e-02 -1.776145809204901505e-01 1.356057102044535001e-01 -5.607527598816030023e-01 5.466070958071126418e-01 0.000000000000000000e+00 -1.732324335208225985e-01 0.000000000000000000e+00 -8.174617057417528365e-02 0.000000000000000000e+00 -1.239674163700509590e-01 0.000000000000000000e+00 5.050576777534478978e+00 2.083884057424538305e+00 2.887293444300264689e+00 1.055623361171643237e+00
-5.193277310924369061e-01 6.078559846262718835e-01 1.689460382748807776e-01 -1.598530743388331399e-01 -7.825892421940072730e-02 -1.758321163930036957e-01 1.364132658442754609e-01 -5.603049122289194273e-01 5.475046819616810057e-01 0.000000000000000000e+00 -1.739304870178286500e-01 0.000000000000000000e+00 -8.292733772152785510e-02 0.000000000000000000e+00 -1.229703467827373692e-01 0.000000000000000000e+00 5.050704148298943430e+00 2.084916018355932099e+00 2.885733799685133771e+00 1.057939560553719849e+00
-5.243697478991595773e-01 6.083220755296390170e-01 1.693668546455253665e-01 -1.585296581570969920e-01 -7.655358197893762096e-02 -1.741681464799249290e-01 1.370775997899651988e-01 -5.598702012025847941e-01 5.483778777683137040e-01 0.000000000000000000e+00 -1.748327277174971106e-01 0.000000000000000000e+00 -8.412059359116762225e-02 0.000000000000000000e+00 -1.218111228346154956e-01 0.000000000000000000e+00 5.050711282694060777e+00 2.086039029107292109e+00 2.884217531622504271e+00 1.060093263871975333e+00
-5.294117647058822484e-01 6.090394428280445638e-01 1.696098606544692577e-01 -1.567180082955612064e-01 -7.403672349624818017e-02 -1.724723918156871316e-01 1.379423195760166587e-01 -5.594136734656484089e-01 5.494004743317293382e-01 0.000000000000000000e+00 -1.765991667015909261e-01 0.000000000000000000e+00 -8.592301501667316821e-02 0.000000000000000000e+00 -1.200076213034778766e-01 0.000000000000000000e+00 5.050307083017312237e+00 2.087608406919538862e+00 2.882102920811052904e+00 1.062970166081337098e+00
-5.344537815126050306e-01 6.096399942686979712e-01 1.703374598657835803e-01 -1.554174531566932527e-01 -7.194474396217517831e-02 -1.714247915885025175e-01 1.383381136270361023e-01 -5.588749975495095335e-01 5.502086911235374300e-01 0.000000000000000000e+00 -1.781817272595467572e-01 0.000000000000000000e+00 -8.716240938725852705e-02 0.000000000000000000e+00 -1.186718304752317349e-01 0.000000000000000000e+00 5.049870993743584613e+00 2.089003249026428755e+00 2.880686281818356509e+00 1.064793351665779486e+00
-5.394957983193277018e-01 6.114392531188101998e-01 1.711037374669897304e-01 -1.524684493376763927e-01 -6.662420102572838565e-02 -1.711702071113251900e-01 1.395977611636398386e-01 -5.577962004079716207e-01 5.514370729471450572e-01 0.000000000000000000e+00 -1.842246032402074241e-01 0.000000000000000000e+00 -9.087956589176095223e-02 0.000000000000000000e+00 -1.157745814091525605e-01 0.000000000000000000e+00 5.047452170959571660e+00 2.092283849685534047e+00 2.877203674982014903e+00 1.069005800229400949e+00
-5.445378151260503730e-01 6.115659528573363923e-01 1.722432207658007308e-01 -1.521937180649171328e-01 -6.613859599026475355e-02 -1.706644902978974865e-01 1.394788393862275988e-01 -5.573298021191774865e-01 5.517857002397054123e-01 0.000000000000000000e+00 -1.842898889909677651e-01 0.000000000000000000e+00 -9.078883803867028590e-02 0.000000000000000000e+00 -1.157344880163178324e-01 0.000000000000000000e+00 5.047562682123286848e+00 2.092831245123628836e+00 2.877123634332643398e+00 1.069057749126121282e+00
-5.495798319327730441e-01 6.151746813893005372e-01 1.755668711718066932e-01 -1.483750504380442203e-01 -5.950878825720984366e-02 -1.742740041884363322e-01 1.409474664134158228e-01 -5.557133961521477650e-01 5.516545801747306799e-01 0.000000000000000000e+00 -1.932870084328101312e-01 0.000000000000000000e+00 -9.408354665061581523e-02 0.000000000000000000e+00 -1.146366740289158082e-01 0.000000000000000000e+00 5.043784902571343487e+00 2.096817812233025879e+00 2.875147675958710458e+00 1.068649028486612362e+00
-5.546218487394957153e-01 6.152939744941223754e-01 1.767933264166324236e-01 -1.481031687001420072e-01 -5.911646488340298322e-02 -1.735856572349392668e-01 1.408141574596807333e-01 -5.551755968538892860e-01 5.520881724181679884e-01 0.000000000000000000e+00 -1.930191862853137819e-01 0.000000000000000000e+00 -9.382228073942565361e-02 0.000000000000000000e+00 -1.146179394337841217e-01 0.000000000000000000e+00 5.044077771376288766e+00 2.097289899178751860e+00 2.875186873221872830e+00 1.068491523487480999e+00
-5.596638655462183864e-01 6.237661502842642980e-01 1.832382696726685412e-01 -1.446847339486171113e-01 -5.430028856186506353e-02 -1.830744094386823895e-01 1.398841616161379531e-01 -5.531026720482062897e-01 5.475799191949618505e-01 0.000000000000000000e+00 -1.983523823385451856e-01 0.000000000000000000e+00 -9.422539665784465668e-02 0.000000000000000000e+00 -1.178342705803881174e-01 0.000000000000000000e+00 5.041408811580220473e+00 2.099439912818614307e+00 2.880088864087774869e+00 1.053357734530417256e+00
-5.647058823529411686e-01 6.239666239323392594e-01 1.843402467445020010e-01 -1.442542408505640139e-01 -5.373252509847256664e-02 -1.820653810684500773e-01 1.398425310930952736e-01 -5.526058529452830825e-01 5.481165496883907418e-01 0.000000000000000000e+00 -1.978622272515177249e-01 0.000000000000000000e+00 -9.397005570252423001e-02 0.000000000000000000e+00 -1.176219793814711617e-01 0.000000000000000000e+00 5.041750709956423826e+00 2.099997999912144309e+00 2.879881400151489412e+00 1.053577016555362844e+00
-5.697478991596638398e-01 6.306196618793500352e-01 1.866538014119931144e-01 -1.427669442730732652e-01 -4.951772333504071005e-02 -1.841893095128065427e-01 1.376975949498902563e-01 -5.504335051536622947e-01 5.454480261130365548e-01 0.000000000000000000e+00 -2.000376651620169866e-01 0.000000000000000000e+00 -9.567291162802460391e-02 0.000000000000000000e+00 -1.167349900804314361e-01 0.000000000000000000e+00 5.040301166436241154e+00 2.102258683914623116e+00 2.878770650034781386e+00 1.052886724061672385e+00
-5.747899159663865110e-01 6.307742001772064233e-01 1.877889818859277971e-01 -1.423567085053278891e-01 -4.899701701697256606e-02 -1.832160405297401928e-01 1.376848064729173371e-01 -5.499083399518956972e-01 5.459830526999555067e-01 0.000000000000000000e+00 -1.994735934788903209e-01 0.000000000000000000e+00 -9.533887801780456528e-02 0.000000000000000000e+00 -1.165924719798422937e-01 0.000000000000000000e+00 5.040643343388918396e+00 2.102828500381809462e+00 2.878610884040749607e+00 1.052993790708416810e+00
-5.798319327731091821e-01 6.417205728876276272e-01 1.954771372503964488e-01 -1.406509527958802463e-01 -4.223242670425714912e-02 -1.969380564946422996e-01 1.332909783221497002e-01 -5.409207974273214647e-01 5.338614919985182894e-01 0.000000000000000000e+00 -2.062638356464399358e-01 0.000000000000000000e+00 -9.629638825065622854e-02 0.000000000000000000e+00 -1.235380304252941819e-01 0.000000000000000000e+00 5.040203841674743224e+00 2.107277338867719951e+00 2.882502273674651949e+00 1.039517443782900008e+00
-5.848739495798318533e-01 6.856727471065026114e-01 2.108480238630482118e-01 -1.567652679710411223e-01 -1.515613012810100232e-02 -2.528213002725346881e-01 1.180427875944573129e-01 -4.562971082217538998e-01 4.407568816576218351e-01 0.000000000000000000e+00 -2.325030407398493149e-01 0.000000000000000000e+00 -1.046068871187502275e-01 0.000000000000000000e+00 -1.632311381050406407e-01 0.000000000000000000e+00 5.061705889073152775e+00 2.142598524562371320e+00 2.895954187301606808e+00 1.013677425433882728e+00
-5.899159663865545244e-01 7.151954681099141897e-01 2.289853059199203900e-01 -1.469310225000905190e-01 7.332305231008127977e-02 -3.381129956700398287e-01 1.111028429447267762e-01 -3.384370533110249157e-01 3.303363563532346059e-01 0.000000000000000000e+00 -3.157313815286143521e-01 0.000000000000000000e+00 -1.230552085056372258e-01 0.000000000000000000e+00 -2.312785126630043375e-01 0.000000000000000000e+00 5.039449814274979289e+00 2.223557067554028155e+00 2.929284190382346775e+00 9.304774607611023818e-01
-5.949579831932771956e-01 7.357438121693956612e-01 2.170335860947405493e-01 -1.717679614370415664e-01 1.432657261838165275e-01 -3.649679954185050534e-01 1.081230538012672715e-01 -2.242032367315833497e-01 2.198430143847934781e-01 0.000000000000000000e+00 -3.159649940582314742e-01 0.000000000000000000e+00 -1.248169272239590538e-01 0.000000000000000000e+00 -2.831895180529563349e-01 0.000000000000000000e+00 5.017905677986899349e+00 2.330779850237385098e+00 2.992893128208218290e+00 8.110454357863036146e-01
-5.999999999999999778e-01 7.335387464226420517e-01 2.229654615515747895e-01 -1.736580787345819721e-01 1.450339240861753531e-01 -3.707478319684364143e-01 9.697132733762485468e-02 -2.255220635330811851e-01 2.164989428843837882e-01 0.000000000000000000e+00 -3.111640410038668536e-01 0.000000000000000000e+00 -1.242008203330045579e-01 0.000000000000000000e+00 -2.806212097164722530e-01 0.000000000000000000e+00 5.023572882823998498e+00 2.332197277170887872e+00 2.993419290796463184e+00 8.042325785360765478e-01
