0.000000000000000000e+00 -2.790623047833678053e-02 -2.790510430777658549e-02 -4.180883356122790107e-02 -1.952403366946825480e-01
-5.042016806722688510e-03 -2.789959510562798478e-02 -2.789807171111083339e-02 -4.181802494326260222e-02 -1.952492921782936208e-01
-1.008403361344537702e-02 -2.789461620039005232e-02 -2.789306144655414807e-02 -4.181459800447891867e-02 -1.952760590495924986e-01
-1.512605042016806553e-02 -2.788491906668447151e-02 -2.788333230797421930e-02 -4.181141580084610926e-02 -1.953207746222785368e-01
-2.016806722689075404e-02 -2.786546917098777984e-02 -2.786386802428236428e-02 -4.181819384203760981e-02 -1.953836839097627398e-01
-2.521008403361344255e-02 -2.783597957345453761e-02 -2.783437745672973085e-02 -4.183509375636564054e-02 -1.954651096221363960e-01
-3.025210084033613106e-02 -2.781006153256420504e-02 -2.780849637954428688e-02 -4.183431387241551280e-02 -1.955654471114207094e-01
-3.529411764705882304e-02 -2.777504490467809853e-02 -2.777353087560810105e-02 -4.184038751372834430e-02 -1.956851724211747801e-01
-4.033613445378150808e-02 -2.772961075098788475e-02 -2.772812256170007275e-02 -4.185552011572439557e-02 -1.958248337229499259e-01
-4.537815126050419312e-02 -2.768270605987906835e-02 -2.768130879122922619e-02 -4.186061649227237891e-02 -1.959850334337001343e-01
-5.042016806722688510e-02 -2.763266443231763431e-02 -2.763133588857305881e-02 -4.185829052300134995e-02 -1.961664378133154141e-01
-5.546218487394957708e-02 -2.757913282259836368e-02 -2.757802531187213135e-02 -4.184847575049894380e-02 -1.963697188584326569e-01
-6.050420168067226212e-02 -2.751554099202538003e-02 -2.751450263771289956e-02 -4.184147448222082927e-02 -1.965955919510173899e-01
-6.554621848739494716e-02 -2.745058768750681041e-02 -2.744934567344698914e-02 -4.182516641235722171e-02 -1.968448692028901548e-01
-7.058823529411764608e-02 -2.738017166358970231e-02 -2.737927156153043690e-02 -4.179852349205237516e-02 -1.971182027494655098e-01
-7.563025210084033112e-02 -2.731019956653990555e-02 -2.730954667656475265e-02 -4.175758113328152665e-02 -1.974164326471443132e-01
-8.067226890756301616e-02 -2.723540157559713182e-02 -2.722680145451087524e-02 -4.171259419388978484e-02 -1.977420854989515309e-01
-8.571428571428570120e-02 -2.715380781043264663e-02 -2.714531369042363571e-02 -4.165925605121843095e-02 -1.980921274384949693e-01
-9.075630252100838624e-02 -2.707010457351172530e-02 -2.706408895918400656e-02 -4.159041901576941702e-02 -1.984687921886577611e-01
-9.579831932773108516e-02 -2.697545312352451694e-02 -2.696928988134195473e-02 -4.151858625441751105e-02 -1.988733410514213762e-01
-1.008403361344537702e-01 -2.688399592020831314e-02 -2.687739373316351196e-02 -4.142709494977527690e-02 -1.993056993838677737e-01
-1.058823529411764552e-01 -2.678255067452339072e-02 -2.677732816358746257e-02 -4.133432286514741871e-02 -1.997665577906821144e-01
-1.109243697478991542e-01 -2.667705498905142275e-02 -2.667316236172131289e-02 -4.123058418136833075e-02 -2.002563598804723566e-01
-1.159663865546218392e-01 -2.657208307570570888e-02 -2.656883605952633370e-02 -4.110846724904857613e-02 -2.007754521039957496e-01
-1.210084033613445242e-01 -2.646566822698920296e-02 -2.646247492808805057e-02 -4.097151941887461346e-02 -2.013241720468219864e-01
-1.260504201680672232e-01 -2.635088930905312571e-02 -2.634817393491027324e-02 -4.083281093933451011e-02 -2.019027903397931922e-01
-1.310924369747898943e-01 -2.622949707377514664e-02 -2.622838020234232945e-02 -4.068849520769043243e-02 -2.025115343659142364e-01
-1.361344537815125932e-01 -2.610726178949523968e-02 -2.610598336379415380e-02 -4.053073838759971292e-02 -2.031505705702316700e-01
-1.411764705882352922e-01 -2.598621752228340645e-02 -2.598715657870263526e-02 -4.035057727475947764e-02 -2.038200746996726431e-01
-1.462184873949579633e-01 -2.585761108647413251e-02 -2.585611020687113293e-02 -4.017351835478469302e-02 -2.045201477991570871e-01
-1.512605042016806622e-01 -2.572130065682894789e-02 -2.572136356849378386e-02 -3.998965043665454744e-02 -2.052509087671251509e-01
-1.563025210084033334e-01 -2.558092747510521195e-02 -2.558223183053382616e-02 -3.979981730626270392e-02 -2.060124536629018843e-01
-1.613445378151260323e-01 -2.543987477767433586e-02 -2.544227653838076336e-02 -3.959511978026217238e-02 -2.068048005262030364e-01
-1.663865546218487312e-01 -2.529015888008712826e-02 -2.529126983405687035e-02 -3.939282081940187474e-02 -2.076280834143764131e-01
-1.714285714285714024e-01 -2.513667781757687736e-02 -2.513825960800723444e-02 -3.918008794632418801e-02 -2.084822633074569220e-01
-1.764705882352941013e-01 -2.497935406449041176e-02 -2.498048785924008100e-02 -3.896042079441602163e-02 -2.093674564212154587e-01
-1.815126050420167725e-01 -2.481579056812932560e-02 -2.481515334835016767e-02 -3.873780422830903902e-02 -2.102836422228628599e-01
-1.865546218487394714e-01 -2.465055372885285173e-02 -2.464937816852426355e-02 -3.850050045266396881e-02 -2.112309479615429864e-01
-1.915966386554621703e-01 -2.448081330503352332e-02 -2.447616447834023712e-02 -3.825848474941617033e-02 -2.122093602849131344e-01
-1.966386554621848415e-01 -2.430178926427951913e-02 -2.429418874089952357e-02 -3.802119743160080334e-02 -2.132187986123359191e-01
-2.016806722689075404e-01 -2.412520275092791544e-02 -2.411395233964070198e-02 -3.775808057579261440e-02 -2.142596935895411669e-01
-2.067226890756302393e-01 -2.390588202864395509e-02 -2.378825088772086593e-02 -3.764051096374669558e-02 -2.153386606039409401e-01
-2.117647058823529105e-01 -2.371816078263796687e-02 -2.356155281234589144e-02 -3.739639768267004338e-02 -2.164455011173138654e-01
-2.168067226890756094e-01 -2.352168993101569350e-02 -2.334681049067183559e-02 -3.713060448866274676e-02 -2.175827814267609628e-01
-2.218487394957983083e-01 -2.331640128789614838e-02 -2.312495012508625561e-02 -3.685857712116475532e-02 -2.187520706788625979e-01
-2.268907563025209795e-01 -2.309958584066170578e-02 -2.289120881772147703e-02 -3.658971108023421903e-02 -2.199536410965905742e-01
-2.319327731092436784e-01 -2.287597878837445767e-02 -2.265256444586545570e-02 -3.630962677234130659e-02 -2.211876638650998594e-01
-2.369747899159663496e-01 -2.263276237575798447e-02 -2.240245700054963041e-02 -3.604159737542536601e-02 -2.224545743850150359e-01
-2.420168067226890485e-01 -2.239769690869867005e-02 -2.214628703465919279e-02 -3.574736521478020373e-02 -2.237541897038801131e-01
-2.470588235294117474e-01 -2.214980832426490659e-02 -2.188341157051987979e-02 -3.544879100515076903e-02 -2.250871464764796492e-01
-2.521008403361344463e-01 -2.187725237641217901e-02 -2.160049860802100083e-02 -3.516455082058819737e-02 -2.264538922504119034e-01
-2.571428571428571175e-01 -2.161599581819095492e-02 -2.131686508066118341e-02 -3.484521361760596625e-02 -2.278544557006959015e-01
-2.621848739495797886e-01 -2.132954383902628190e-02 -2.101976034411203245e-02 -3.453681344092619787e-02 -2.292896095243463495e-01
-2.672268907563025153e-01 -2.103358818853193896e-02 -2.070693655035225900e-02 -3.421312689113459315e-02 -2.307598186693122500e-01
-2.722689075630251865e-01 -2.073404626316275104e-02 -2.038159494154440088e-02 -3.387183279345427206e-02 -2.322657171555065347e-01
-2.773109243697478576e-01 -2.042129764971167827e-02 -2.003369372794591013e-02 -3.351859399374537696e-02 -2.338082347067352296e-01
-2.823529411764705843e-01 -2.008830604405544354e-02 -1.965882974191780069e-02 -3.314013771186150731e-02 -2.353888950349732889e-01
-2.873949579831932555e-01 -1.969482982389487297e-02 -1.930541929115741490e-02 -3.273448876866696250e-02 -2.370100913480132077e-01
-2.924369747899159266e-01 -1.933653512996438145e-02 -1.894303895262571674e-02 -3.236304242128987957e-02 -2.386702881383820918e-01
-2.974789915966385978e-01 -1.882148100444280478e-02 -1.869887111430123400e-02 -3.195345121045486958e-02 -2.403716134589526654e-01
-3.025210084033613245e-01 -1.842559335565635212e-02 -1.831317980074501084e-02 -3.156942851606530515e-02 -2.421103222750341510e-01
-3.075630252100839956e-01 -1.801699097912798017e-02 -1.790490339671445968e-02 -3.118394558424129187e-02 -2.438884102604645387e-01
-3.126050420168066668e-01 -1.759481582921187601e-02 -1.748404749237795347e-02 -3.078226059563555356e-02 -2.457066078732155767e-01
-3.176470588235293935e-01 -1.716564800370786945e-02 -1.704818809686049416e-02 -3.036728735197377280e-02 -2.475654626010153070e-01
-3.226890756302520646e-01 -1.671651996189732481e-02 -1.659203206056844571e-02 -2.994352217101822755e-02 -2.494657453879046694e-01
-3.277310924369747358e-01 -1.625217076094146243e-02 -1.612324628196216275e-02 -2.950741207740632810e-02 -2.514081068930266172e-01
-3.327731092436974625e-01 -1.576983179143922123e-02 -1.562709055873753861e-02 -2.906755969634104361e-02 -2.533933705981714635e-01
-3.378151260504201336e-01 -1.527284350719912247e-02 -1.510882751876578556e-02 -2.860896140871616727e-02 -2.554224087830061496e-01
-3.428571428571428048e-01 -1.475723584937039395e-02 -1.456664122851553111e-02 -2.814386418376586818e-02 -2.574960917794776871e-01
-3.478991596638655315e-01 -1.422741962153922096e-02 -1.399591053764567307e-02 -2.766403640543294018e-02 -2.596154181121403393e-01
-3.529411764705882026e-01 -1.367699112719377406e-02 -1.339562288522060454e-02 -2.717465692291732432e-02 -2.617814373519402049e-01
-3.579831932773108738e-01 -1.399468885381849673e-02 -1.226910400457555117e-02 -2.630937376610453446e-02 -2.640036589379823884e-01
-3.630252100840335450e-01 -1.356546917978591199e-02 -1.152021609360647826e-02 -2.561302634421976088e-02 -2.662708272625998740e-01
-3.680672268907562716e-01 -1.293363172790413032e-02 -1.086949889081647441e-02 -2.506072953691417665e-02 -2.685858589734897439e-01
-3.731092436974789428e-01 -1.229933370743398896e-02 -1.020460335380389549e-02 -2.444846980129547834e-02 -2.709522625120412975e-01
-3.781512605042016140e-01 -1.158685784189819774e-02 -9.524991878918880397e-03 -2.387905353308809875e-02 -2.733708515120973903e-01
-3.831932773109243406e-01 -1.088130475431543960e-02 -8.819481944293475553e-03 -2.321265172622388392e-02 -2.758444516854337003e-01
-3.882352941176470118e-01 -1.011263611377969523e-02 -8.053359278607723215e-03 -2.251457533256461668e-02 -2.783747528317541686e-01
-3.932773109243696830e-01 -9.250657983094989767e-03 -7.275493550686754074e-03 -2.192007223698349411e-02 -2.809539504247348107e-01
-3.983193277310924096e-01 -8.363509113810349907e-03 -6.496892061257749512e-03 -2.122713254885216783e-02 -2.836000857974073086e-01
-4.033613445378150808e-01 -7.417817087249516800e-03 -5.688462530133493560e-03 -2.052590607380387969e-02 -2.863070532074730723e-01
-4.084033613445377520e-01 -6.437860581842090243e-03 -4.876083896100705597e-03 -1.979979912986786633e-02 -2.890760939479213310e-01
-4.134453781512604786e-01 -5.428467974652677330e-03 -4.061982903129113601e-03 -1.904410524140353125e-02 -2.919081426589575368e-01
-4.184873949579831498e-01 -4.401499303511824737e-03 -3.249280926049431806e-03 -1.825508429086997175e-02 -2.948037351528872696e-01
-4.235294117647058210e-01 -3.372335821386055268e-03 -2.467476376175953365e-03 -1.742808377361570321e-02 -2.977627562939803019e-01
-4.285714285714285476e-01 -2.343672352106582375e-03 -1.712143536737337907e-03 -1.655063545967041042e-02 -3.007849793891401724e-01
-4.336134453781512188e-01 -1.378143050980525433e-03 -1.045999062962116137e-03 -1.556562034874761635e-02 -3.038696644981678241e-01
-4.386554621848738900e-01 -6.816179253956080458e-04 -4.888748089157020360e-04 -1.451399275688119127e-02 -3.070117707364059534e-01
-4.436974789915966166e-01 -2.070000303367215688e-04 -1.061486730267666156e-05 -1.352077593807163129e-02 -3.102028001968831217e-01
-4.487394957983192878e-01 2.908297662603115397e-04 3.936758344395682382e-04 -1.257622404979799255e-02 -3.134380674734457140e-01
-4.537815126050419590e-01 6.847817116475453381e-04 7.930001227827204908e-04 -1.170315720836596039e-02 -3.167113852914388850e-01
-4.588235294117646301e-01 1.065368300975182841e-03 1.174996637295668261e-03 -1.086238592659497307e-02 -3.200210242581695841e-01
-4.638655462184873568e-01 1.513077764589591118e-03 1.510335866091202031e-03 -1.008489227856738772e-02 -3.233670334450736705e-01
-4.689075630252100280e-01 1.862136798590303607e-03 1.897106451962123075e-03 -9.296714022210958092e-03 -3.267454531441749133e-01
-4.739495798319326991e-01 2.242942641857417416e-03 2.277821986080207257e-03 -8.566589281055626143e-03 -3.301557911880263485e-01
-4.789915966386554258e-01 2.612965710050225293e-03 2.645100710213264990e-03 -7.839925894888718008e-03 -3.335975635888294710e-01
-4.840336134453780970e-01 2.978147188328993458e-03 3.006719540681164482e-03 -7.135857984530897570e-03 -3.370697583450426582e-01
-4.890756302521007681e-01 3.325543303038382831e-03 3.372642761865265234e-03 -6.435904264725617399e-03 -3.405711135046102234e-01
-4.941176470588234948e-01 3.673032310091408834e-03 3.717124238199575985e-03 -5.775333224815962403e-03 -3.441011053392303287e-01
-4.991596638655461660e-01 4.022771737604124986e-03 4.061045187450771157e-03 -5.137572966481131209e-03 -3.476586716129266286e-01
-5.042016806722688926e-01 4.364353356262827902e-03 4.393384418047577636e-03 -4.522540027977074023e-03 -3.512428196469036257e-01
-5.092436974789915638e-01 4.693859232740613119e-03 4.724608667743121146e-03 -3.929419599231896709e-03 -3.548520147221738141e-01
-5.142857142857142350e-01 5.017319304474505623e-03 5.045608288577908135e-03 -3.349747721814262582e-03 -3.584861965955023488e-01
-5.193277310924369061e-01 5.333488615093309564e-03 5.356545116932872122e-03 -2.792079321235886244e-03 -3.621440813458220997e-01
-5.243697478991595773e-01 5.637300814758180664e-03 5.662026858823892769e-03 -2.248696377781674114e-03 -3.658245732170630760e-01
-5.294117647058822484e-01 5.928570446985382929e-03 5.941826394213966037e-03 -1.723349471081650139e-03 -3.695320363035028977e-01
-5.344537815126050306e-01 6.215032676416042644e-03 6.232529540722523721e-03 -1.216990840792137778e-03 -3.732550145338502379e-01
-5.394957983193277018e-01 6.496313763700617590e-03 6.511815062301583822e-03 -7.278558020189488829e-04 -3.769981326830482149e-01
-5.445378151260503730e-01 6.772191259544675136e-03 6.782049483610465106e-03 -2.568070517909103287e-04 -3.807605593842727232e-01
-5.495798319327730441e-01 7.033565516816913353e-03 7.045483971390085511e-03 2.019362381704642255e-04 -3.845415306919994780e-01
-5.546218487394957153e-01 7.292466757700628854e-03 7.299857301735087310e-03 6.420503328984280287e-04 -3.883402586345749974e-01
-5.596638655462183864e-01 7.539631592651569077e-03 7.546411713526597446e-03 1.071436576568350835e-03 -3.921560052594372792e-01
-5.647058823529411686e-01 7.778274705710830871e-03 7.790089387985334006e-03 1.482660634643476237e-03 -3.959881269657602454e-01
-5.697478991596638398e-01 8.012246671191365285e-03 8.020440490458854293e-03 1.881788195521063873e-03 -3.998359259860119752e-01
-5.747899159663865110e-01 8.237426766077478313e-03 8.243364946155323780e-03 2.268437339901842233e-03 -4.036987763104873395e-01
-5.798319327731091821e-01 8.457109202172782836e-03 8.462003558718764890e-03 2.638503215132866758e-03 -4.075760128323731024e-01
-5.848739495798318533e-01 8.667280951861248972e-03 8.671949211357596332e-03 2.999605135685761911e-03 -4.114670954039478801e-01
-5.899159663865545244e-01 8.863028866227447636e-03 8.866243837283790258e-03 3.336108002588370446e-03 -4.153711617080768082e-01
-5.949579831932771956e-01 9.070562355381076025e-03 9.072338683303819012e-03 3.686995673578338708e-03 -4.192884208094154186e-01
-5.999999999999999778e-01 9.250699106815626904e-03 9.253306302156967186e-03 3.994051355566352601e-03 -4.232174164712084741e-01
