0.000000000000000000e+00 6.966988110578362647e-01 -7.120942650753486368e-04 -4.250367865128601985e-01 8.744001213194911321e-04 -2.800780802710566841e-01 -2.743472331112570273e-01 -4.245585813242109818e-01 1.608569438121325908e-03 0.000000000000000000e+00 -5.817685208906977178e-03 0.000000000000000000e+00 -1.042030871624916770e-03 0.000000000000000000e+00 -4.334493105618364775e-03 0.000000000000000000e+00 6.278823830892267033e+00 2.387155835049679986e+00 3.140876362472648786e+00 7.876222005600304055e-01
-5.042016806722688510e-03 6.966436648773944862e-01 2.500743393479998734e-03 -4.250802272422819494e-01 1.422499391220899672e-03 -2.800168486535173362e-01 -2.743319598422864769e-01 -4.246285502230810471e-01 2.139475921949720184e-03 0.000000000000000000e+00 -6.169196901415838728e-03 0.000000000000000000e+00 -1.811139053858851862e-03 0.000000000000000000e+00 -4.696285999169233158e-03 0.000000000000000000e+00 6.278633014062141804e+00 2.387158381518218686e+00 3.140900754766636993e+00 7.876213077151007491e-01
-1.008403361344537702e-02 6.959475071055297724e-01 5.740781552016795478e-03 -4.255673406866240516e-01 1.045193232148676401e-03 -2.797173388088576851e-01 -2.745438427730646502e-01 -4.252135622016940397e-01 1.634180319223577961e-03 0.000000000000000000e+00 -7.957020479555853773e-03 0.000000000000000000e+00 -5.534620923142698212e-03 0.000000000000000000e+00 -6.833776732716055104e-03 0.000000000000000000e+00 6.278732476767474147e+00 2.387172301147597153e+00 3.141379637444855266e+00 7.876115331559769839e-01
-1.512605042016806553e-02 6.959296709975621997e-01 8.915904521799416713e-03 -4.255829039496152322e-01 1.647297280988632576e-03 -2.796327580798613210e-01 -2.744792492291541208e-01 -4.252351184897986691e-01 2.225159041239880859e-03 0.000000000000000000e+00 -8.460323247784277967e-03 0.000000000000000000e+00 -6.285378002066123633e-03 0.000000000000000000e+00 -7.365002592463588439e-03 0.000000000000000000e+00 6.278549309035564185e+00 2.387174280115336167e+00 3.141407031636999747e+00 7.876108612733460079e-01
-2.016806722689075404e-02 6.956049221184896769e-01 1.187387008004173530e-02 -4.258607722084536418e-01 1.368827602345156803e-03 -2.793105774270061015e-01 -2.741636240125184254e-01 -4.256192407085481189e-01 1.788852210100155002e-03 0.000000000000000000e+00 -1.159359521352309151e-02 0.000000000000000000e+00 -9.382310601523616983e-03 0.000000000000000000e+00 -1.086792144788017132e-02 0.000000000000000000e+00 6.277250539905996796e+00 2.387201505147915181e+00 3.141850193101045630e+00 7.875989325672354546e-01
-2.521008403361344255e-02 6.956241561398287532e-01 1.502112440424648379e-02 -4.258293711604154708e-01 2.050802779663813986e-03 -2.792226606368148900e-01 -2.740588974973400260e-01 -4.255922787169540977e-01 2.466685914642777894e-03 0.000000000000000000e+00 -1.212930176243305798e-02 0.000000000000000000e+00 -1.009785002640994564e-02 0.000000000000000000e+00 -1.142446995888804322e-02 0.000000000000000000e+00 6.277049501491212880e+00 2.387203236144935126e+00 3.141868870943832270e+00 7.875988828957799504e-01
-3.025210084033613106e-02 6.955338894366467350e-01 1.774110836553149939e-02 -4.259175904629561860e-01 2.018269710396044560e-03 -2.792357555138664793e-01 -2.732064731811850167e-01 -4.257673424915803251e-01 2.247665153329568045e-03 0.000000000000000000e+00 -1.569346875421379767e-02 0.000000000000000000e+00 -1.292888095039327820e-02 0.000000000000000000e+00 -1.527350957632054272e-02 0.000000000000000000e+00 6.274308386748872479e+00 2.387236108417761127e+00 3.142202474963830205e+00 7.875902620642240004e-01
-3.529411764705882304e-02 6.955655978467185641e-01 2.087318045316534365e-02 -4.258437212394680649e-01 2.772013389324967051e-03 -2.791716870011450302e-01 -2.730771808732004313e-01 -4.256970815295077482e-01 3.001997844274711946e-03 0.000000000000000000e+00 -1.624909373703114016e-02 0.000000000000000000e+00 -1.367274864383210241e-02 0.000000000000000000e+00 -1.584390432159191522e-02 0.000000000000000000e+00 6.274127633454539499e+00 2.387237558685688654e+00 3.142215820504003165e+00 7.875908053992458635e-01
-4.033613445378150808e-02 6.954699726086233103e-01 2.335928395335053545e-02 -4.258294343192347564e-01 2.924994566688329280e-03 -2.799803142386007027e-01 -2.715837905230193416e-01 -4.257515405583540691e-01 2.966468708837234885e-03 0.000000000000000000e+00 -1.985928880707158936e-02 0.000000000000000000e+00 -1.643128127487640533e-02 0.000000000000000000e+00 -1.966555220700642176e-02 0.000000000000000000e+00 6.270035504650311786e+00 2.387270659903342196e+00 3.142473753944896142e+00 7.875870492291587865e-01
-4.537815126050419312e-02 6.955010616409508239e-01 2.650224536059986660e-02 -4.257212979734227853e-01 3.740947178402873313e-03 -2.799598952911964700e-01 -2.714051053887126530e-01 -4.256468002069713208e-01 3.781578128422106999e-03 0.000000000000000000e+00 -2.045480385033544499e-02 0.000000000000000000e+00 -1.727997670217478257e-02 0.000000000000000000e+00 -2.027158002310794696e-02 0.000000000000000000e+00 6.269891756371962721e+00 2.387272052767714037e+00 3.142484552029530587e+00 7.875881948371957764e-01
-5.042016806722688510e-02 6.952171461919279816e-01 2.863618133338650951e-02 -4.256628313850790990e-01 3.913434570169508318e-03 -2.821949294704121369e-01 -2.688650659604971405e-01 -4.256468036820603706e-01 3.776313959247870698e-03 0.000000000000000000e+00 -2.420627544947484555e-02 0.000000000000000000e+00 -2.012654777703792169e-02 0.000000000000000000e+00 -2.419659480906254795e-02 0.000000000000000000e+00 6.264151528488750564e+00 2.387301484023679699e+00 3.142733779058090260e+00 7.875891548317743851e-01
-5.546218487394957708e-02 6.952562027621500551e-01 3.179245954859788448e-02 -4.255098462636369150e-01 4.819466064855461827e-03 -2.822468754446607053e-01 -2.686275875952420233e-01 -4.254969723298148154e-01 4.667758393837598968e-03 0.000000000000000000e+00 -2.479426409074246898e-02 0.000000000000000000e+00 -2.097853465765341791e-02 0.000000000000000000e+00 -2.478919436729389372e-02 0.000000000000000000e+00 6.264016081277609338e+00 2.387302816213981327e+00 3.142739687700168538e+00 7.875910700436021816e-01
-6.050420168067226212e-02 6.947583906715547597e-01 3.345082508389021769e-02 -4.252676067829114781e-01 5.282628998354126949e-03 -2.872957924543051988e-01 -2.640139894098581519e-01 -4.253111103321802200e-01 4.920714818888138366e-03 0.000000000000000000e+00 -2.861650583569327541e-02 0.000000000000000000e+00 -2.375708828631029751e-02 0.000000000000000000e+00 -2.877856549508538142e-02 0.000000000000000000e+00 6.255089668206271547e+00 2.387329589669135110e+00 3.143042863389991837e+00 7.875893078703878336e-01
-6.554621848739494716e-02 6.948138094045387403e-01 3.665092619820043557e-02 -4.250633164744052062e-01 6.285762703201721972e-03 -2.874465127864724856e-01 -2.636710884106057695e-01 -4.251101135222217220e-01 5.914883982998535988e-03 0.000000000000000000e+00 -2.919091840062295121e-02 0.000000000000000000e+00 -2.469361561537175564e-02 0.000000000000000000e+00 -2.935631162909602479e-02 0.000000000000000000e+00 6.254957437834050893e+00 2.387331426695548320e+00 3.143050538415000705e+00 7.875913076434419846e-01
-7.058823529411764608e-02 6.926916127267845891e-01 3.010841617150378929e-02 -4.118254379932205778e-01 2.269482273954404744e-02 -3.732114427537226442e-01 -1.904663074601152528e-01 -4.117579620257725281e-01 2.062059827912151450e-02 0.000000000000000000e+00 -3.764686888105624185e-02 0.000000000000000000e+00 -3.417968403636298391e-02 0.000000000000000000e+00 -3.976285900780371363e-02 0.000000000000000000e+00 6.135695697025826512e+00 2.386257323570896371e+00 3.145753727889422979e+00 7.874999238583137995e-01
-7.563025210084033112e-02 6.613263336095015488e-01 3.985655684368271529e-02 -3.962569039252810121e-01 1.818218478891974257e-02 -4.778257139897081340e-01 -1.017433947796323179e-01 -3.965433781431145777e-01 1.687740078749697809e-02 0.000000000000000000e+00 -5.849741016309018687e-02 0.000000000000000000e+00 -3.921716099576955106e-02 0.000000000000000000e+00 -5.992343094802826675e-02 0.000000000000000000e+00 6.172028900048495359e+00 2.385570841325159286e+00 3.146989625786279721e+00 7.873533595833117626e-01
-8.067226890756301616e-02 6.603763029181067834e-01 4.262091755269458576e-02 -3.962319164684659500e-01 1.873817108748908680e-02 -4.781873201372185411e-01 -1.010173284278362699e-01 -3.963308661755116646e-01 1.734744021231220817e-02 0.000000000000000000e+00 -6.167355342454658440e-02 0.000000000000000000e+00 -4.313789274798724566e-02 0.000000000000000000e+00 -6.224884624610553530e-02 0.000000000000000000e+00 6.170307834662546398e+00 2.385650018173222531e+00 3.147292104762843490e+00 7.873790330926312420e-01
-8.571428571428570120e-02 6.598616530280463355e-01 4.558334470414724532e-02 -3.958906805145848695e-01 1.913573531462313751e-02 -4.784538225368131781e-01 -1.000021414910548384e-01 -3.958354477159642393e-01 1.861637375230146621e-02 0.000000000000000000e+00 -6.468560552453342383e-02 0.000000000000000000e+00 -4.656802437351153373e-02 0.000000000000000000e+00 -6.464303149366412704e-02 0.000000000000000000e+00 6.166683913819343665e+00 2.385651324823723662e+00 3.146827112434507079e+00 7.875016300489957599e-01
-9.075630252100838624e-02 6.594244181210000555e-01 4.853700282733279525e-02 -3.950973227048491521e-01 2.003794385982046733e-02 -4.790207739774204332e-01 -9.834904502821195660e-02 -3.951128984433122104e-01 1.983944667868230843e-02 0.000000000000000000e+00 -6.762929894996014268e-02 0.000000000000000000e+00 -5.053977026781492077e-02 0.000000000000000000e+00 -6.811581752580463112e-02 0.000000000000000000e+00 6.161593741219219211e+00 2.385661408237203851e+00 3.146340568754034894e+00 7.876389673136310332e-01
-9.579831932773108516e-02 6.585406109885689752e-01 5.073849040009117961e-02 -3.933130733017697334e-01 2.081075073287210614e-02 -4.817142139595227968e-01 -9.346622689505117154e-02 -3.935858217363373268e-01 2.159758418531219915e-02 0.000000000000000000e+00 -7.321378085629823285e-02 0.000000000000000000e+00 -5.117458808981410756e-02 0.000000000000000000e+00 -7.524473897309157111e-02 0.000000000000000000e+00 6.144969767342153055e+00 2.385544606981388593e+00 3.145390275471209751e+00 7.878834218356202124e-01
-1.008403361344537702e-01 6.585420991022228332e-01 5.377648134472172436e-02 -3.929163212249484616e-01 2.185026111416993322e-02 -4.816573403192310199e-01 -9.293353886019072030e-02 -3.931908514451167846e-01 2.270153593547886983e-02 0.000000000000000000e+00 -7.406668594034689079e-02 0.000000000000000000e+00 -5.210241806874719994e-02 0.000000000000000000e+00 -7.614489306743454922e-02 0.000000000000000000e+00 6.143917795256538916e+00 2.385547428344572118e+00 3.145386520787859297e+00 7.878929115259908356e-01
-1.058823529411764552e-01 6.569855866030691605e-01 5.618038361307343964e-02 -3.909613645195875731e-01 2.323144709835506250e-02 -4.851040449784337349e-01 -8.742979443030313158e-02 -3.913663944455805788e-01 2.392651349311478853e-02 0.000000000000000000e+00 -8.025263613035321653e-02 0.000000000000000000e+00 -5.481299662647298732e-02 0.000000000000000000e+00 -8.306305639211544745e-02 0.000000000000000000e+00 6.126009063067797022e+00 2.385499423153495169e+00 3.146530566614095026e+00 7.877380082523551819e-01
-1.109243697478991542e-01 6.558658677967543760e-01 5.901087401746742817e-02 -3.892256388977538006e-01 2.494529225056795613e-02 -4.880235223345735784e-01 -8.284685063046857978e-02 -3.896340584849994904e-01 2.507835425249435937e-02 0.000000000000000000e+00 -8.461940205116699754e-02 0.000000000000000000e+00 -5.654538390255694352e-02 0.000000000000000000e+00 -8.746866980300149752e-02 0.000000000000000000e+00 6.114313982948711867e+00 2.385499540535625851e+00 3.147724702972298783e+00 7.875435136989098472e-01
-1.159663865546218392e-01 6.545385737473434773e-01 6.186506841062467538e-02 -3.878140768139891614e-01 2.643641138980006022e-02 -4.906606984609053201e-01 -7.894340073842393002e-02 -3.882049588169761423e-01 2.568289176490609962e-02 0.000000000000000000e+00 -8.850751957831098915e-02 0.000000000000000000e+00 -5.839411398236071110e-02 0.000000000000000000e+00 -9.119798837364115340e-02 0.000000000000000000e+00 6.104500198631230390e+00 2.385555504009981842e+00 3.148878723045141825e+00 7.873631886629146592e-01
-1.210084033613445242e-01 6.531839999691407828e-01 6.469623317918039851e-02 -3.864217660491194861e-01 2.824008239227207215e-02 -4.933921255470655187e-01 -7.504767674405124489e-02 -3.867615680374588139e-01 2.616192033374468637e-02 0.000000000000000000e+00 -9.215377039118609337e-02 0.000000000000000000e+00 -5.970106199598852748e-02 0.000000000000000000e+00 -9.435571803167643046e-02 0.000000000000000000e+00 6.094229258702494434e+00 2.385657714936833429e+00 3.150395606502856438e+00 7.870984329902502852e-01
-1.260504201680672232e-01 6.518810416518708850e-01 6.733359681137983388e-02 -3.856371557918011894e-01 2.931646471713522661e-02 -4.949481992093720528e-01 -7.255110497663830316e-02 -3.857031762342316705e-01 2.633043330753063668e-02 0.000000000000000000e+00 -9.615917610665920823e-02 0.000000000000000000e+00 -6.229617875067642446e-02 0.000000000000000000e+00 -9.675317446333885074e-02 0.000000000000000000e+00 6.087502377845487089e+00 2.385635081945579383e+00 3.152189467833752978e+00 7.867809398617118255e-01
-1.310924369747898943e-01 6.502893849075260801e-01 7.044059384760013864e-02 -3.840897413952564232e-01 3.034956621935145857e-02 -4.979779721260214065e-01 -6.831294550273551980e-02 -3.840766717236115957e-01 2.689852105066256605e-02 0.000000000000000000e+00 -1.000320352976583060e-01 0.000000000000000000e+00 -6.385260667984761496e-02 0.000000000000000000e+00 -1.002865391952846436e-01 0.000000000000000000e+00 6.074519863391523167e+00 2.385729085463148103e+00 3.153598105844388932e+00 7.865837171485603463e-01
-1.361344537815125932e-01 6.491320763312307118e-01 7.321664642228299658e-02 -3.824615194593356526e-01 3.142198990890680138e-02 -5.004948026409719031e-01 -6.430029314878077384e-02 -3.824356615438089246e-01 2.790625115396337674e-02 0.000000000000000000e+00 -1.032817702126907211e-01 0.000000000000000000e+00 -6.540911558654341484e-02 0.000000000000000000e+00 -1.033868982828903132e-01 0.000000000000000000e+00 6.064608271154840580e+00 2.385900270761715181e+00 3.155112415414842442e+00 7.863135121988684695e-01
-1.411764705882352922e-01 6.475689094352555797e-01 7.667073581473338173e-02 -3.805732852632647822e-01 3.245942504034614318e-02 -5.038354137608861416e-01 -5.936723699139046656e-02 -3.804330396490584465e-01 2.895272235780800563e-02 0.000000000000000000e+00 -1.073011680489702607e-01 0.000000000000000000e+00 -6.617232481027447710e-02 0.000000000000000000e+00 -1.070875440481666857e-01 0.000000000000000000e+00 6.050631682825245328e+00 2.385838417713236570e+00 3.155426383852855565e+00 7.863976177366256426e-01
-1.462184873949579633e-01 6.460743402821345072e-01 7.993242381106244188e-02 -3.787209329544773961e-01 3.337221072797280641e-02 -5.068347776881598765e-01 -5.476366178992678191e-02 -3.785621901763603359e-01 2.972881290782953059e-02 0.000000000000000000e+00 -1.108792302628392457e-01 0.000000000000000000e+00 -6.724882903451291638e-02 0.000000000000000000e+00 -1.106628967750111214e-01 0.000000000000000000e+00 6.038085682563519185e+00 2.385827160902665778e+00 3.156378550783287995e+00 7.862922028420955556e-01
-1.512605042016806622e-01 6.445625345698187125e-01 8.324552641093410643e-02 -3.769027624988725012e-01 3.412638204762061256e-02 -5.097290115048649373e-01 -5.033362725060891441e-02 -3.767183342239213140e-01 3.030156301998440313e-02 0.000000000000000000e+00 -1.142625537261772045e-01 0.000000000000000000e+00 -6.847619714168751148e-02 0.000000000000000000e+00 -1.139944759213234599e-01 0.000000000000000000e+00 6.025680536024587752e+00 2.385802966620993448e+00 3.157309901147461240e+00 7.862045830894913712e-01
-1.563025210084033334e-01 6.430876133120005944e-01 8.669627334921393980e-02 -3.750156190287529112e-01 3.481115518468657494e-02 -5.127154886293365799e-01 -4.580569738217835085e-02 -3.748025798086409566e-01 3.073140114993449037e-02 0.000000000000000000e+00 -1.173623017402133373e-01 0.000000000000000000e+00 -6.934631222229326042e-02 0.000000000000000000e+00 -1.170309957858230721e-01 0.000000000000000000e+00 6.012583632851580262e+00 2.385750100697287213e+00 3.158255432650301398e+00 7.861182374408484108e-01
-1.613445378151260323e-01 6.417233507999603459e-01 9.028041709625389544e-02 -3.729886448742543714e-01 3.540505359355197029e-02 -5.157843322250170726e-01 -4.106899280322996726e-02 -3.727413137954225242e-01 3.105819351504057399e-02 0.000000000000000000e+00 -1.202463876452750519e-01 0.000000000000000000e+00 -6.984198488227472135e-02 0.000000000000000000e+00 -1.198570621168239952e-01 0.000000000000000000e+00 5.998904689943572954e+00 2.385671751352175018e+00 3.159222684911537016e+00 7.860287390673678098e-01
-1.663865546218487312e-01 6.404578974072743236e-01 9.397278074887040200e-02 -3.709148643679829882e-01 3.585644885152662609e-02 -5.188188125586048471e-01 -3.633997100439009115e-02 -3.706368227708814467e-01 3.118104183217369416e-02 0.000000000000000000e+00 -1.228641526121807270e-01 0.000000000000000000e+00 -7.002464121078251502e-02 0.000000000000000000e+00 -1.224216711446699662e-01 0.000000000000000000e+00 5.984922697782001144e+00 2.385542070902667788e+00 3.160165512431026169e+00 7.859551642643102243e-01
-1.714285714285714024e-01 6.393651403722608872e-01 9.779322543446501703e-02 -3.687361911184503516e-01 3.614289409072700410e-02 -5.217967636331845016e-01 -3.153680791181037724e-02 -3.684268760700503131e-01 3.118177289821141840e-02 0.000000000000000000e+00 -1.252337743003680837e-01 0.000000000000000000e+00 -6.997259175144579513e-02 0.000000000000000000e+00 -1.247455135051584174e-01 0.000000000000000000e+00 5.970533507137744778e+00 2.385368201871147509e+00 3.161092791157675386e+00 7.858996011373220458e-01
-1.764705882352941013e-01 6.383766416595418880e-01 1.016524861487149711e-01 -3.666235528461739279e-01 3.616210666630326198e-02 -5.245208269508205845e-01 -2.701117722268236640e-02 -3.662902464931819813e-01 3.094064915299481536e-02 0.000000000000000000e+00 -1.273950532177551276e-01 0.000000000000000000e+00 -6.989858528327340392e-02 0.000000000000000000e+00 -1.268568325599435942e-01 0.000000000000000000e+00 5.956184888887417372e+00 2.385158147834978593e+00 3.161958524423445382e+00 7.858828526797205782e-01
-1.815126050420167725e-01 6.376955418565855016e-01 1.057090044327773509e-01 -3.643698678961652115e-01 3.599245652300781667e-02 -5.272363741325286624e-01 -2.235922654738650012e-02 -3.640107720858329898e-01 3.056517968778140956e-02 0.000000000000000000e+00 -1.290994641802001297e-01 0.000000000000000000e+00 -6.915357619095915953e-02 0.000000000000000000e+00 -1.285315449033225532e-01 0.000000000000000000e+00 5.940788638948460765e+00 2.384865124882150411e+00 3.162820001159041716e+00 7.858895934617775580e-01
-1.865546218487394714e-01 6.368731688526318990e-01 1.097095897947201332e-01 -3.623538449246712090e-01 3.572883109048188843e-02 -5.295746874840192575e-01 -1.830937628902378975e-02 -3.620224461843390973e-01 2.955632062251026260e-02 0.000000000000000000e+00 -1.308235696605885290e-01 0.000000000000000000e+00 -6.887391823426687598e-02 0.000000000000000000e+00 -1.303411398446892855e-01 0.000000000000000000e+00 5.925585538220177639e+00 2.384389320773394605e+00 3.163629768951949917e+00 7.859448883646062978e-01
-1.915966386554621703e-01 6.377337513725436224e-01 1.142108824191422345e-01 -3.596303921944191129e-01 3.540772748522439534e-02 -5.315759233836490072e-01 -1.350551342490142852e-02 -3.593244094890837848e-01 2.887749575313908190e-02 0.000000000000000000e+00 -1.313350875693796438e-01 0.000000000000000000e+00 -6.586068209225907910e-02 0.000000000000000000e+00 -1.310306753267366509e-01 0.000000000000000000e+00 5.906607752206595841e+00 2.383480571730982600e+00 3.164375010876976368e+00 7.860771101170177522e-01
-1.966386554621848415e-01 6.651639404673532763e-01 1.103826622282624431e-01 -3.606968158618037990e-01 3.369842964843051958e-02 -4.981621617667942314e-01 -3.620034983544233309e-02 -3.609089893708838925e-01 3.379388370466430980e-02 0.000000000000000000e+00 -1.236675346571552980e-01 0.000000000000000000e+00 -6.078098882017384658e-02 0.000000000000000000e+00 -1.242438001446572182e-01 0.000000000000000000e+00 5.843705615697587064e+00 2.374399259938877904e+00 3.151288357457107114e+00 7.940164390930057881e-01
-2.016806722689075404e-01 6.623337264580405614e-01 1.154444480435520698e-01 -3.600761283618731379e-01 3.286769248140995747e-02 -5.014441045644046913e-01 -3.359594201443884265e-02 -3.602998178012416508e-01 3.306406535837498606e-02 0.000000000000000000e+00 -1.249298727608220971e-01 0.000000000000000000e+00 -6.035679477093951195e-02 0.000000000000000000e+00 -1.256375730956401093e-01 0.000000000000000000e+00 5.829231522450272429e+00 2.374250371997403075e+00 3.151356174177954106e+00 7.941390428233535692e-01
-2.067226890756302393e-01 6.853179452067027499e-01 1.108672472117228219e-01 -3.545308635771020067e-01 3.391124046207912718e-02 -4.814385735253526311e-01 -3.897206287227401172e-02 -3.549773618980168743e-01 3.550423145139532805e-02 0.000000000000000000e+00 -1.218038292000387240e-01 0.000000000000000000e+00 -5.358113697043374868e-02 0.000000000000000000e+00 -1.226180432362940914e-01 0.000000000000000000e+00 5.769009639750516172e+00 2.372801661740836732e+00 3.150861274855601302e+00 7.951610525321171075e-01
-2.117647058823529105e-01 6.999296672180810308e-01 1.082997014846303202e-01 -3.479833740857545821e-01 3.449311275992567732e-02 -4.723483663316507819e-01 -3.610260597295239515e-02 -3.484760357674133169e-01 3.633698457902273526e-02 0.000000000000000000e+00 -1.208434084114598656e-01 0.000000000000000000e+00 -4.865746100773204325e-02 0.000000000000000000e+00 -1.216670248228566287e-01 0.000000000000000000e+00 5.725730813822062615e+00 2.373032893628503448e+00 3.151989705896371508e+00 7.949921876436291113e-01
-2.168067226890756094e-01 7.347978719994894270e-01 9.193842402972651762e-02 -3.273057348287008450e-01 3.663404211478758082e-02 -4.537102188484972154e-01 -1.814883830825911315e-02 -3.280236906097284133e-01 3.937610501189523632e-02 0.000000000000000000e+00 -1.213439225588764381e-01 0.000000000000000000e+00 -4.320577033633005853e-02 0.000000000000000000e+00 -1.220288170973549136e-01 0.000000000000000000e+00 5.661945745057768598e+00 2.372804147298976485e+00 3.153201237121296074e+00 7.952606263956084609e-01
-2.218487394957983083e-01 8.383593532061446307e-01 -8.712799776822762604e-03 -2.212340426191027332e-01 4.824623390939947881e-02 -3.791731535929521724e-01 1.278381309817068212e-01 -2.236732194731384793e-01 4.947485980564033520e-02 0.000000000000000000e+00 -1.335288301807108502e-01 0.000000000000000000e+00 -3.472860001031501803e-02 0.000000000000000000e+00 -1.329011018637897279e-01 0.000000000000000000e+00 5.535997630197107888e+00 2.369276254803394544e+00 3.161450762982439766e+00 7.918498488188906448e-01
-2.268907563025209795e-01 8.870113992734847130e-01 -9.411814280709573932e-02 -1.646037744329283126e-01 3.962715513915033433e-02 -3.012442991421557803e-01 1.879619170152355689e-01 -1.629467086581018742e-01 4.246564341954787297e-02 0.000000000000000000e+00 -1.069035650682974015e-01 0.000000000000000000e+00 -2.496592689961599221e-02 0.000000000000000000e+00 -1.083123753369760467e-01 0.000000000000000000e+00 5.493622382732532117e+00 2.378161263724064778e+00 3.156185136130782887e+00 8.008184072938333564e-01
-2.319327731092436784e-01 8.848364977087015415e-01 -9.254538080843295600e-02 -1.629256645669122094e-01 3.925480908015280268e-02 -3.038700292376698697e-01 1.949697440281824568e-01 -1.614524900866702861e-01 4.213842094579784564e-02 0.000000000000000000e+00 -1.093050373140291853e-01 0.000000000000000000e+00 -2.469049981758448045e-02 0.000000000000000000e+00 -1.107553829780856952e-01 0.000000000000000000e+00 5.486565713202534056e+00 2.377746151836030997e+00 3.157077440626360421e+00 7.999652208109443441e-01
-2.369747899159663496e-01 8.879090805754932259e-01 -1.016894307425188493e-01 -1.550527859261285335e-01 3.688256880824278966e-02 -2.951783015432897228e-01 2.051476741829193484e-01 -1.537882361339351356e-01 4.002453931143548638e-02 0.000000000000000000e+00 -1.078621049986602104e-01 0.000000000000000000e+00 -2.305179248057085545e-02 0.000000000000000000e+00 -1.095459953964201677e-01 0.000000000000000000e+00 5.477561385839111452e+00 2.378090949243407248e+00 3.162621792634005224e+00 7.940453943776949464e-01
-2.420168067226890485e-01 8.860383681935530831e-01 -1.005670284277706689e-01 -1.539103058736175644e-01 3.693067513316195677e-02 -2.968857319223551783e-01 2.106000731428462891e-01 -1.526785655557494903e-01 4.019674407280328376e-02 0.000000000000000000e+00 -1.099206213967948709e-01 0.000000000000000000e+00 -2.353636815079795247e-02 0.000000000000000000e+00 -1.117224440540984798e-01 0.000000000000000000e+00 5.470988222189769878e+00 2.377833048636514235e+00 3.163270386487702979e+00 7.934521205034790192e-01
-2.470588235294117474e-01 8.842229043159854918e-01 -9.998930997531677023e-02 -1.516723637678113468e-01 3.592855025043327488e-02 -2.980896542140464844e-01 2.182710966032471167e-01 -1.505286848465983429e-01 3.957210606711742545e-02 0.000000000000000000e+00 -1.119198605364447180e-01 0.000000000000000000e+00 -2.310749014047972644e-02 0.000000000000000000e+00 -1.138549768515039057e-01 0.000000000000000000e+00 5.464032707892980234e+00 2.377774390689031847e+00 3.164006682687900529e+00 7.927871868602233141e-01
-2.521008403361344463e-01 8.851358559500563938e-01 -1.060312829983826033e-01 -1.464945998862793308e-01 3.347213448295082577e-02 -2.930202489466606774e-01 2.278511361260841250e-01 -1.444944867207177130e-01 3.998843668713698146e-02 0.000000000000000000e+00 -1.116964635317440890e-01 0.000000000000000000e+00 -2.264994409686433077e-02 0.000000000000000000e+00 -1.146574548885221229e-01 0.000000000000000000e+00 5.455317225112238155e+00 2.379795631358163188e+00 3.165633719982999583e+00 7.912348548656422675e-01
-2.571428571428571175e-01 8.836547240974380601e-01 -1.044753780289933015e-01 -1.458428079096594776e-01 3.310241175230298899e-02 -2.944023769227892551e-01 2.322300254719738277e-01 -1.435728996404999624e-01 4.046605222682720521e-02 0.000000000000000000e+00 -1.133208547515473924e-01 0.000000000000000000e+00 -2.314280475802516293e-02 0.000000000000000000e+00 -1.166940400731947408e-01 0.000000000000000000e+00 5.449889429911682015e+00 2.379901763614424848e+00 3.166205291688064971e+00 7.907517403590903493e-01
-2.621848739495797886e-01 8.818428627732917136e-01 -1.036593965008733853e-01 -1.443282706233857127e-01 3.214934016968572228e-02 -2.957163598344547673e-01 2.390475223007254291e-01 -1.416359569886507519e-01 4.009745766769348685e-02 0.000000000000000000e+00 -1.149017246390287572e-01 0.000000000000000000e+00 -2.313720193178226553e-02 0.000000000000000000e+00 -1.183948313279832021e-01 0.000000000000000000e+00 5.442804451054949588e+00 2.379563451414002717e+00 3.165977341622319585e+00 7.912279399872379493e-01
-2.672268907563025153e-01 8.875445530104987268e-01 -1.099479610825722098e-01 -1.427205365723173414e-01 2.340980442764079017e-02 -2.869440369224064979e-01 2.478785037898054711e-01 -1.315837958942220609e-01 5.180733075041064895e-02 0.000000000000000000e+00 -1.156720760179025115e-01 0.000000000000000000e+00 -2.520339205567647192e-02 0.000000000000000000e+00 -1.228704365346790922e-01 0.000000000000000000e+00 5.434748522341762644e+00 2.391087610662566032e+00 3.145144038024035194e+00 8.169315343430304521e-01
-2.722689075630251865e-01 8.775538780440378384e-01 -8.782958707504119611e-02 -1.484415753116345715e-01 1.897343917192139892e-02 -3.090760891507752794e-01 2.716185883699008263e-01 -1.334889815768487142e-01 6.224748716731320908e-02 0.000000000000000000e+00 -1.284014720901474615e-01 0.000000000000000000e+00 -2.820734073251421684e-02 0.000000000000000000e+00 -1.429624061248447320e-01 0.000000000000000000e+00 5.426460566194609925e+00 2.393302560437514437e+00 3.150104739301796020e+00 8.108267665528499091e-01
-2.773109243697478576e-01 8.781975891316574634e-01 -8.974404344411697487e-02 -1.463507058335279387e-01 1.760950594190722682e-02 -3.066284640211588974e-01 2.786419244038234044e-01 -1.303042263975420223e-01 6.463353621311407338e-02 0.000000000000000000e+00 -1.301426674551194318e-01 0.000000000000000000e+00 -2.926011588531002988e-02 0.000000000000000000e+00 -1.443900344745732145e-01 0.000000000000000000e+00 5.420294211531293094e+00 2.392759644257044904e+00 3.147663989012764674e+00 8.139587018746334834e-01
-2.823529411764705843e-01 8.764604585309497820e-01 -8.638705683927590251e-02 -1.471547207442243654e-01 1.450427723183216402e-02 -3.090812797029074965e-01 2.876930960847795538e-01 -1.276812622427821453e-01 7.300416796077523196e-02 0.000000000000000000e+00 -1.354642484241795897e-01 0.000000000000000000e+00 -3.282324867325704665e-02 0.000000000000000000e+00 -1.495960743710001151e-01 0.000000000000000000e+00 5.412343032140536359e+00 2.392518213994705434e+00 3.129360218337510879e+00 8.368733269309435174e-01
-2.873949579831932555e-01 8.742264354078324029e-01 -8.401416913008764864e-02 -1.480881110240796217e-01 1.031793142779257287e-02 -3.101261101957742405e-01 2.913951727894505961e-01 -1.251297228333785039e-01 7.965589917835660949e-02 0.000000000000000000e+00 -1.397418976258112955e-01 0.000000000000000000e+00 -3.547918604957953775e-02 0.000000000000000000e+00 -1.520869478771614269e-01 0.000000000000000000e+00 5.401610638571488821e+00 2.391414345220574944e+00 3.099952114694277228e+00 8.738227923149707310e-01
-2.924369747899159266e-01 8.740154523444194634e-01 -8.386716676318205221e-02 -1.484773530397033026e-01 6.144531346212274946e-03 -3.083029024762707349e-01 2.933021785249929070e-01 -1.220058767808329531e-01 8.505330871094476941e-02 0.000000000000000000e+00 -1.426222922465103793e-01 0.000000000000000000e+00 -3.790399966634154516e-02 0.000000000000000000e+00 -1.526224585532918454e-01 0.000000000000000000e+00 5.391003990838315829e+00 2.389994314872118331e+00 3.071902101644281124e+00 9.089110026162858791e-01
-2.974789915966385978e-01 8.734029874523536741e-01 -8.068238383834416827e-02 -1.502996479605654134e-01 1.196120891325603989e-03 -3.084045621132554538e-01 2.933065174362322058e-01 -1.200950506917607130e-01 9.060177573045684329e-02 0.000000000000000000e+00 -1.459154130118258952e-01 0.000000000000000000e+00 -4.073405199071183230e-02 0.000000000000000000e+00 -1.542740189145319074e-01 0.000000000000000000e+00 5.379412764600171037e+00 2.388023204974722535e+00 3.043467336700440118e+00 9.443001094576450871e-01
-3.025210084033613245e-01 8.732701662840438583e-01 -7.567521489021709902e-02 -1.530348624808115787e-01 -4.346403981653866253e-03 -3.091377611873020181e-01 2.916465609302220652e-01 -1.191124923392638951e-01 9.620372505647915851e-02 0.000000000000000000e+00 -1.489992965689443394e-01 0.000000000000000000e+00 -4.388228371606530537e-02 0.000000000000000000e+00 -1.566595686107627450e-01 0.000000000000000000e+00 5.367331592805512308e+00 2.385488998312029096e+00 3.017541023788606669e+00 9.761783193815816162e-01
-3.075630252100839956e-01 8.686716221765052870e-01 -3.373473884856034721e-02 -1.757211470404938247e-01 -2.817060054068600689e-02 -3.269424316360126648e-01 2.623368456594153408e-01 -1.295465013116743891e-01 1.235532320949023766e-01 0.000000000000000000e+00 -1.587794347880589763e-01 0.000000000000000000e+00 -6.101589370406037410e-02 0.000000000000000000e+00 -1.816291109254088709e-01 0.000000000000000000e+00 5.322454837461860322e+00 2.376890089419346097e+00 2.941586730893620771e+00 1.072325050831967053e+00
-3.126050420168066668e-01 7.090797344442603123e-01 2.305304943237457271e-01 -3.107696511494693614e-01 -1.481289898376813297e-01 -4.043824602400999391e-01 -6.286134989518313287e-02 -3.014029460774337865e-01 2.020308174531610379e-01 0.000000000000000000e+00 -1.770249279247292640e-01 0.000000000000000000e+00 -1.052680549171352703e-01 0.000000000000000000e+00 -3.302647310103767886e-01 0.000000000000000000e+00 5.020668648817608215e+00 2.175046982184023037e+00 2.890062421120914493e+00 1.156411718712879511e+00
-3.176470588235293935e-01 6.069180689679670726e-01 1.378933132359081437e-01 -2.299426097672621072e-01 -1.519922166116038920e-01 -2.247541270572714356e-01 1.002246191988796636e-01 -5.451836959148419481e-01 4.870486322720313233e-01 0.000000000000000000e+00 -1.394617526895758908e-01 0.000000000000000000e+00 -4.937792377924139775e-02 0.000000000000000000e+00 -1.621230923941487934e-01 0.000000000000000000e+00 5.074748061993173742e+00 2.057723909924535466e+00 2.906410158491241180e+00 1.124878345237197985e+00
-3.226890756302520646e-01 6.017848937967393841e-01 1.401363558916339791e-01 -2.260134818080495323e-01 -1.463866998328621771e-01 -2.255406218467447821e-01 1.034717560149284871e-01 -5.456480765501606767e-01 4.891891437211173255e-01 0.000000000000000000e+00 -1.476855320700292129e-01 0.000000000000000000e+00 -5.206566528188345810e-02 0.000000000000000000e+00 -1.637942576420944041e-01 0.000000000000000000e+00 5.074877355749701557e+00 2.059715541520940718e+00 2.914367356301945211e+00 1.112292430331262238e+00
-3.277310924369747358e-01 6.018612914602003983e-01 1.413095713647720408e-01 -2.258671170671867345e-01 -1.461084109843841516e-01 -2.245785599973499913e-01 1.032293007096863474e-01 -5.454806071976859849e-01 4.895370896709771436e-01 0.000000000000000000e+00 -1.475326257397835961e-01 0.000000000000000000e+00 -5.185642690632498442e-02 0.000000000000000000e+00 -1.636858491759011491e-01 0.000000000000000000e+00 5.075247844662722052e+00 2.060162725722640253e+00 2.914454401254064297e+00 1.112102034394673034e+00
-3.327731092436974625e-01 6.019500783615557848e-01 1.427179298094811977e-01 -2.257792237251502188e-01 -1.457280460699025004e-01 -2.232236438588223459e-01 1.026072050737533436e-01 -5.454074352632615197e-01 4.898174325955431119e-01 0.000000000000000000e+00 -1.474961570256272669e-01 0.000000000000000000e+00 -5.174800851369582011e-02 0.000000000000000000e+00 -1.635526881853411607e-01 0.000000000000000000e+00 5.075936154704201897e+00 2.060470828580627245e+00 2.914599231236614241e+00 1.111780538521020878e+00
-3.378151260504201336e-01 6.019966565105436818e-01 1.442604296425581134e-01 -2.257242455584178853e-01 -1.452525825924462222e-01 -2.217924088641581026e-01 1.016670980646203898e-01 -5.453994895402985987e-01 4.899761160379237923e-01 0.000000000000000000e+00 -1.476469256187901424e-01 0.000000000000000000e+00 -5.171714448194617703e-02 0.000000000000000000e+00 -1.633307971860198105e-01 0.000000000000000000e+00 5.076739719100721970e+00 2.060711455413848814e+00 2.914709638132940039e+00 1.111469086028771480e+00
-3.428571428571428048e-01 6.019972221744235297e-01 1.458112095248007001e-01 -2.256943830271025964e-01 -1.447049181642127980e-01 -2.205099905720520337e-01 1.006510739800488829e-01 -5.453320511624677458e-01 4.900979553673521227e-01 0.000000000000000000e+00 -1.479216030594996401e-01 0.000000000000000000e+00 -5.171183246270406875e-02 0.000000000000000000e+00 -1.630520467861186207e-01 0.000000000000000000e+00 5.077523025480185304e+00 2.060983187292079855e+00 2.914727534006383625e+00 1.111278465019879480e+00
-3.478991596638655315e-01 6.019689903396298059e-01 1.473911911725349355e-01 -2.256989645179188486e-01 -1.440692275802906708e-01 -2.193253495704548806e-01 9.955639459393184065e-02 -5.452194068139255556e-01 4.901948096811272193e-01 0.000000000000000000e+00 -1.482966745404037667e-01 0.000000000000000000e+00 -5.169538255759118656e-02 0.000000000000000000e+00 -1.627401905624949741e-01 0.000000000000000000e+00 5.078304388786635037e+00 2.061313313543755132e+00 2.914646740503688438e+00 1.111215447888593832e+00
-3.529411764705882026e-01 6.018991561889154296e-01 1.490376356200016628e-01 -2.257090695830149263e-01 -1.432861131229286600e-01 -2.181673569483718600e-01 9.838036833031571504e-02 -5.450633812006276946e-01 4.902191092446518961e-01 0.000000000000000000e+00 -1.488267409761897808e-01 0.000000000000000000e+00 -5.168559625234905169e-02 0.000000000000000000e+00 -1.625045231996286310e-01 0.000000000000000000e+00 5.079131604604032013e+00 2.061570180554121556e+00 2.914357984505421051e+00 1.111439792943887506e+00
-3.579831932773108738e-01 6.018651299471897698e-01 1.505033368364120938e-01 -2.257223833378997624e-01 -1.426152183204849044e-01 -2.171929809806897038e-01 9.750486182629478082e-02 -5.448245357615651985e-01 4.903565919906792692e-01 0.000000000000000000e+00 -1.492049390590705904e-01 0.000000000000000000e+00 -5.160116128088676479e-02 0.000000000000000000e+00 -1.622801841763043540e-01 0.000000000000000000e+00 5.079819713825211913e+00 2.061960046071362296e+00 2.914110384402632814e+00 1.111639433094013141e+00
-3.630252100840335450e-01 6.018134973277909916e-01 1.522059995552183242e-01 -2.257903586615748193e-01 -1.417255340402681085e-01 -2.160896408983271899e-01 9.628250761166717853e-02 -5.446309718706613401e-01 4.903787986211419203e-01 0.000000000000000000e+00 -1.498255513224410751e-01 0.000000000000000000e+00 -5.150771467517815255e-02 0.000000000000000000e+00 -1.619894345845919736e-01 0.000000000000000000e+00 5.080665461631164170e+00 2.062383904622715480e+00 2.913680803597012314e+00 1.112040921131169036e+00
-3.680672268907562716e-01 6.017784850547114317e-01 1.537287836763512883e-01 -2.258274183236187171e-01 -1.409626865398944384e-01 -2.151513105893846645e-01 9.534760625364575859e-02 -5.443587525955319029e-01 4.904904573806792567e-01 0.000000000000000000e+00 -1.503247659953830806e-01 0.000000000000000000e+00 -5.133989732703810038e-02 0.000000000000000000e+00 -1.617585218034052197e-01 0.000000000000000000e+00 5.081343116027325024e+00 2.062822539576977476e+00 2.913281149788848445e+00 1.112432480960694248e+00
-3.731092436974789428e-01 6.169269597033042452e-01 1.447759426743105149e-01 -2.095055064966945269e-01 -1.256698703096915670e-01 -2.114700288966207820e-01 1.270207684096824052e-01 -5.333178529916574595e-01 4.968530340393461642e-01 0.000000000000000000e+00 -1.706001512315200586e-01 0.000000000000000000e+00 -7.112564272556237688e-02 0.000000000000000000e+00 -1.594214039346154854e-01 0.000000000000000000e+00 5.059705249842821217e+00 2.072247106939321792e+00 2.927212985155001501e+00 1.100375998083537477e+00
-3.781512605042016140e-01 5.879902121709164042e-01 1.442341523021909711e-01 -1.987286795590002542e-01 -1.196655032750340575e-01 -1.989520843458608690e-01 1.260374686248109388e-01 -5.546465714705444139e-01 5.196036637844509976e-01 0.000000000000000000e+00 -1.637499066560358929e-01 0.000000000000000000e+00 -6.846164378782500226e-02 0.000000000000000000e+00 -1.526332535952232561e-01 0.000000000000000000e+00 5.060630857526277282e+00 2.065930522960393478e+00 2.931690155395531683e+00 1.089027375565065237e+00
-3.831932773109243406e-01 5.927532821965565413e-01 1.432399941163707557e-01 -1.965552478148806792e-01 -1.172541594785229679e-01 -1.953764077145171418e-01 1.318514971911361744e-01 -5.547779913262275153e-01 5.254557390099900971e-01 0.000000000000000000e+00 -1.657591660456218530e-01 0.000000000000000000e+00 -7.285370861919464314e-02 0.000000000000000000e+00 -1.504022449111845350e-01 0.000000000000000000e+00 5.055019449497617501e+00 2.068066830883752871e+00 2.930423802452107207e+00 1.091271529251628625e+00
-3.882352941176470118e-01 5.928212552046268069e-01 1.444194035524084541e-01 -1.960970253702277455e-01 -1.169000522905697947e-01 -1.941191021846462583e-01 1.315204608922012353e-01 -5.545970891802405323e-01 5.259162954650267174e-01 0.000000000000000000e+00 -1.657404273169601483e-01 0.000000000000000000e+00 -7.317899337024548478e-02 0.000000000000000000e+00 -1.497033317340678849e-01 0.000000000000000000e+00 5.055351572948487693e+00 2.068821254924903652e+00 2.930719724923201319e+00 1.090646407355198688e+00
-3.932773109243696830e-01 5.926996509552778791e-01 1.454267779335392252e-01 -1.946225897172259023e-01 -1.150883160565428082e-01 -1.928454748416976450e-01 1.305643563451847067e-01 -5.551351371296769921e-01 5.261828814507722996e-01 0.000000000000000000e+00 -1.667490644366719788e-01 0.000000000000000000e+00 -7.455486278034188785e-02 0.000000000000000000e+00 -1.470255313460164248e-01 0.000000000000000000e+00 5.055138680229338100e+00 2.069620231569111013e+00 2.930887347422798328e+00 1.089496150986334344e+00
-3.983193277310924096e-01 5.914091886059165137e-01 1.473855069263598772e-01 -1.932225789523590864e-01 -1.126283036234249496e-01 -1.929683090018137204e-01 1.309704080658941339e-01 -5.553994220253712921e-01 5.263179587506775503e-01 0.000000000000000000e+00 -1.691143562477903373e-01 0.000000000000000000e+00 -7.403993562448910049e-02 0.000000000000000000e+00 -1.475589738716359955e-01 0.000000000000000000e+00 5.055034409423535990e+00 2.069652401625123428e+00 2.931527562325524361e+00 1.087299821670507205e+00
-4.033613445378150808e-01 5.915735845897173162e-01 1.485458433055647787e-01 -1.925516299451408564e-01 -1.116162167921125326e-01 -1.916413368018680119e-01 1.302277340522562388e-01 -5.554050002339119274e-01 5.266911739311966878e-01 0.000000000000000000e+00 -1.693557252131177859e-01 0.000000000000000000e+00 -7.469689774604651444e-02 0.000000000000000000e+00 -1.465521820194908564e-01 0.000000000000000000e+00 5.055487102034209812e+00 2.070237428190045748e+00 2.931248544225756980e+00 1.087326979769748680e+00
-4.084033613445377520e-01 5.940107547138123723e-01 1.491052253597945354e-01 -1.901702785840962695e-01 -1.092008373829894130e-01 -1.893458578929799185e-01 1.352216332282410727e-01 -5.574146470423522182e-01 5.330440310651761715e-01 0.000000000000000000e+00 -1.716307216309294614e-01 0.000000000000000000e+00 -7.717686364624952444e-02 0.000000000000000000e+00 -1.455744901463630059e-01 0.000000000000000000e+00 5.051012513317758135e+00 2.071231284084378732e+00 2.931644686544327527e+00 1.085711224473894454e+00
-4.134453781512604786e-01 5.940060531370658925e-01 1.501448274772002323e-01 -1.893541504144126419e-01 -1.080009826454023797e-01 -1.878551321785155992e-01 1.344237795033865757e-01 -5.575343842324758104e-01 5.334474145694851899e-01 0.000000000000000000e+00 -1.718428252435526271e-01 0.000000000000000000e+00 -7.760334736271677636e-02 0.000000000000000000e+00 -1.446069526290447160e-01 0.000000000000000000e+00 5.051471250987349393e+00 2.071678559572940337e+00 2.930937446446540751e+00 1.086370214468133089e+00
-4.184873949579831498e-01 5.939384572384149852e-01 1.513676107356853595e-01 -1.883670017069908054e-01 -1.062766478711150986e-01 -1.869768210358532246e-01 1.336124419846047018e-01 -5.575760832468700245e-01 5.337803948427909395e-01 0.000000000000000000e+00 -1.727456105357196570e-01 0.000000000000000000e+00 -7.844814132060136391e-02 0.000000000000000000e+00 -1.433497943819657949e-01 0.000000000000000000e+00 5.051434566558594241e+00 2.072481535738778025e+00 2.929936414247487075e+00 1.087014948060097685e+00
-4.235294117647058210e-01 5.939693602250121218e-01 1.526973239473525812e-01 -1.874013886337773382e-01 -1.046773729519404200e-01 -1.861701712650727647e-01 1.329778367823843122e-01 -5.574932802518254293e-01 5.340051833128856007e-01 0.000000000000000000e+00 -1.737371736188295934e-01 0.000000000000000000e+00 -7.920925061344538665e-02 0.000000000000000000e+00 -1.423501186360800752e-01 0.000000000000000000e+00 5.051503403779548762e+00 2.073272377282917578e+00 2.929258821076021757e+00 1.087213614070821066e+00
-4.285714285714285476e-01 5.941072891761066677e-01 1.544278621024694209e-01 -1.862800628421657223e-01 -1.027981557758314568e-01 -1.861824180087207625e-01 1.327037072586347843e-01 -5.571622145083517941e-01 5.340021798814443832e-01 0.000000000000000000e+00 -1.755976362068666918e-01 0.000000000000000000e+00 -8.014588134537814490e-02 0.000000000000000000e+00 -1.416099603700949894e-01 0.000000000000000000e+00 5.051136099625379572e+00 2.074356667058301795e+00 2.929084559345047190e+00 1.086298142044606507e+00
-4.336134453781512188e-01 5.948561021017938488e-01 1.563630666736541275e-01 -1.849215045719810602e-01 -1.007662728752471010e-01 -1.868254469922633887e-01 1.332313220250528896e-01 -5.566324051724091948e-01 5.336925514198584963e-01 0.000000000000000000e+00 -1.780692283651239272e-01 0.000000000000000000e+00 -8.088082604735075121e-02 0.000000000000000000e+00 -1.412815903733060374e-01 0.000000000000000000e+00 5.050507416378425596e+00 2.075476353163872911e+00 2.930014310300796954e+00 1.083586484169716257e+00
-4.386554621848738900e-01 5.950351998262660702e-01 1.576008697886063792e-01 -1.845239072727007934e-01 -1.001666331797853582e-01 -1.855140003734000176e-01 1.328983534252578258e-01 -5.563995372535430750e-01 5.340940276676838794e-01 0.000000000000000000e+00 -1.778630754012915927e-01 0.000000000000000000e+00 -8.091127178296016187e-02 0.000000000000000000e+00 -1.410416979664460835e-01 0.000000000000000000e+00 5.051103481824652519e+00 2.075897629977609071e+00 2.929957433779354137e+00 1.083540439623920548e+00
-4.436974789915966166e-01 5.957947650858607114e-01 1.587204500329621182e-01 -1.828261693861726878e-01 -9.747596036676255127e-02 -1.851392745483888547e-01 1.322111209275953214e-01 -5.563782346173132831e-01 5.340946340268066805e-01 0.000000000000000000e+00 -1.793656302260839552e-01 0.000000000000000000e+00 -8.232946801249942104e-02 0.000000000000000000e+00 -1.392636478908506059e-01 0.000000000000000000e+00 5.050617257794407067e+00 2.077012894205346960e+00 2.928785229203046292e+00 1.083968820187182214e+00
-4.487394957983192878e-01 6.029999717716805208e-01 1.610281010198462981e-01 -1.816320542009002281e-01 -9.567511846718561308e-02 -1.868483086260751269e-01 1.352946262104466613e-01 -5.549574387776516904e-01 5.337978502372733303e-01 0.000000000000000000e+00 -1.829311658739583013e-01 0.000000000000000000e+00 -8.391951526218215107e-02 0.000000000000000000e+00 -1.395700150978606835e-01 0.000000000000000000e+00 5.047261168553030863e+00 2.078697441757299202e+00 2.931340594085139362e+00 1.078554373063694394e+00
-4.537815126050419590e-01 6.031885497040252453e-01 1.619982223551643952e-01 -1.805838630467417605e-01 -9.414805684800760244e-02 -1.854448166995521508e-01 1.346639242551175009e-01 -5.550733403398862009e-01 5.344076306483095395e-01 0.000000000000000000e+00 -1.830604159041075429e-01 0.000000000000000000e+00 -8.466136743661918651e-02 0.000000000000000000e+00 -1.383679730879064373e-01 0.000000000000000000e+00 5.047463636087732297e+00 2.079380123425285998e+00 2.930239175950217767e+00 1.079656908887469013e+00
-4.588235294117646301e-01 6.033605210442871680e-01 1.631057706509107530e-01 -1.797829098742408371e-01 -9.296390799796522275e-02 -1.840665221183228339e-01 1.344415973899327488e-01 -5.549350841498710274e-01 5.348121746635152718e-01 0.000000000000000000e+00 -1.827836059095740151e-01 0.000000000000000000e+00 -8.525875224926800222e-02 0.000000000000000000e+00 -1.379655695783663649e-01 0.000000000000000000e+00 5.047910120147041546e+00 2.079736686996436656e+00 2.929887768454853436e+00 1.079944715430982694e+00
-4.638655462184873568e-01 6.037513126196452085e-01 1.640717471139458150e-01 -1.775573527725491374e-01 -8.974387587791121668e-02 -1.837967952834475005e-01 1.334004609934335839e-01 -5.551168564270166916e-01 5.352153937372260417e-01 0.000000000000000000e+00 -1.842385755523596458e-01 0.000000000000000000e+00 -8.754001466976407686e-02 0.000000000000000000e+00 -1.354876211392416485e-01 0.000000000000000000e+00 5.047184263685616123e+00 2.081226766702927833e+00 2.928624695958411461e+00 1.080378474911102948e+00
-4.689075630252100280e-01 6.045948487546448646e-01 1.666100707542409187e-01 -1.756703204056427048e-01 -8.638097374851606836e-02 -1.855859266683987652e-01 1.338315508159805267e-01 -5.540634290968522446e-01 5.348410340351085202e-01 0.000000000000000000e+00 -1.883389230777024470e-01 0.000000000000000000e+00 -8.902001315337677856e-02 0.000000000000000000e+00 -1.359426230665603530e-01 0.000000000000000000e+00 5.046151634574309597e+00 2.083130334115471882e+00 2.928959084476204122e+00 1.077987627627551070e+00
-4.739495798319326991e-01 6.047744342457843647e-01 1.678025896469052536e-01 -1.752083142685926520e-01 -8.577442635892106038e-02 -1.843725392516421813e-01 1.336437204226903486e-01 -5.537443811313722541e-01 5.353255125166757056e-01 0.000000000000000000e+00 -1.880139454639118135e-01 0.000000000000000000e+00 -8.892686275890447634e-02 0.000000000000000000e+00 -1.356941068740238066e-01 0.000000000000000000e+00 5.046745046541993851e+00 2.083619202104721957e+00 2.928843943693242746e+00 1.078033629737393806e+00
-4.789915966386554258e-01 6.055271491503877446e-01 1.686622339990695441e-01 -1.731541638528472093e-01 -8.313719087587230494e-02 -1.835505124581100211e-01 1.328763462901687564e-01 -5.542078417624412001e-01 5.353601146269230115e-01 0.000000000000000000e+00 -1.885725564382763897e-01 0.000000000000000000e+00 -8.966453396474392823e-02 0.000000000000000000e+00 -1.334511974942040879e-01 0.000000000000000000e+00 5.046550778927650249e+00 2.084451442994557535e+00 2.927788865106509153e+00 1.078328102846027647e+00
-4.840336134453780970e-01 6.074846236655097043e-01 1.717962341025692508e-01 -1.710674001899219754e-01 -7.926556076512961124e-02 -1.865145299655956712e-01 1.324709024559413417e-01 -5.529106956917159144e-01 5.339567086570415899e-01 0.000000000000000000e+00 -1.926734192492198516e-01 0.000000000000000000e+00 -9.107151052026081495e-02 0.000000000000000000e+00 -1.340317119418341363e-01 0.000000000000000000e+00 5.045369131312517297e+00 2.086427654997123682e+00 2.928751473932814431e+00 1.074379999538400909e+00
-4.890756302521007681e-01 6.076890273385473495e-01 1.729720973587154931e-01 -1.705679040110054667e-01 -7.863989397021488303e-02 -1.852922225471000939e-01 1.323465662610165683e-01 -5.525682801595723781e-01 5.344571324606993690e-01 0.000000000000000000e+00 -1.922646022943793054e-01 0.000000000000000000e+00 -9.093225489830668307e-02 0.000000000000000000e+00 -1.337888181454779390e-01 0.000000000000000000e+00 5.045927631626838661e+00 2.086927805317157603e+00 2.928594037754137958e+00 1.074481222139940018e+00
-4.941176470588234948e-01 6.087043260297596570e-01 1.737249719388026803e-01 -1.684461022630892590e-01 -7.584584691390147682e-02 -1.845339333176989616e-01 1.319654537898387325e-01 -5.526903366951219088e-01 5.344341458136339096e-01 0.000000000000000000e+00 -1.929703641899178368e-01 0.000000000000000000e+00 -9.183136463829663643e-02 0.000000000000000000e+00 -1.319494964957837746e-01 0.000000000000000000e+00 5.045775110607580771e+00 2.087916147877670880e+00 2.927344813141176783e+00 1.075203412634828215e+00
-4.991596638655461660e-01 6.092347323342794940e-01 1.748958763551482498e-01 -1.673242095950669972e-01 -7.430381042617177634e-02 -1.836163437861162429e-01 1.317650013041407331e-01 -5.524246308289880725e-01 5.347063837728536217e-01 0.000000000000000000e+00 -1.930094578334337063e-01 0.000000000000000000e+00 -9.210716240852694081e-02 0.000000000000000000e+00 -1.314112184923093563e-01 0.000000000000000000e+00 5.046099259331051634e+00 2.088682792436227231e+00 2.926807266600151003e+00 1.075420402123435704e+00
-5.042016806722688926e-01 6.138358245749263586e-01 1.794357347915716827e-01 -1.646036553534303282e-01 -6.821263495079828154e-02 -1.902487962641842556e-01 1.316254316250837497e-01 -5.486196654414094986e-01 5.305368668342337335e-01 0.000000000000000000e+00 -2.005779713769748063e-01 0.000000000000000000e+00 -9.429941928160973097e-02 0.000000000000000000e+00 -1.341785580935379585e-01 0.000000000000000000e+00 5.044420430893806540e+00 2.092092476749173091e+00 2.928861816523122386e+00 1.068575026792482952e+00
-5.092436974789915638e-01 6.145264079875236707e-01 1.802568951244561124e-01 -1.634993789591584479e-01 -6.684814494464087764e-02 -1.889786397169078425e-01 1.314628243267270402e-01 -5.484267073850398466e-01 5.308368589492420409e-01 0.000000000000000000e+00 -2.001188095448487581e-01 0.000000000000000000e+00 -9.444689742154448175e-02 0.000000000000000000e+00 -1.331814325474196814e-01 0.000000000000000000e+00 5.044801246587824473e+00 2.092747070750404337e+00 2.928203722995652125e+00 1.069180706386568147e+00
-5.142857142857142350e-01 6.157508505053360670e-01 1.813898713166881838e-01 -1.618418026605704663e-01 -6.423462791553422035e-02 -1.886702997141703197e-01 1.306043120921615286e-01 -5.480798758856166852e-01 5.305453584689497903e-01 0.000000000000000000e+00 -2.006390099416699435e-01 0.000000000000000000e+00 -9.530306301713038775e-02 0.000000000000000000e+00 -1.317391140130920735e-01 0.000000000000000000e+00 5.044641758763745543e+00 2.093878251434420079e+00 2.927288616756757111e+00 1.069571447762022620e+00
-5.193277310924369061e-01 6.158833903284847144e-01 1.827016717036032689e-01 -1.609901880488049664e-01 -6.351048284985048864e-02 -1.874364579749736581e-01 1.308686115877755185e-01 -5.475808158817649929e-01 5.308906572090443809e-01 0.000000000000000000e+00 -2.005614545451021857e-01 0.000000000000000000e+00 -9.563368920500943393e-02 0.000000000000000000e+00 -1.319479930220554542e-01 0.000000000000000000e+00 5.044967404732676464e+00 2.093959476345262694e+00 2.926749913322769903e+00 1.070457373221847863e+00
-5.243697478991595773e-01 6.162305993643187874e-01 1.834840714554610286e-01 -1.596543796544032667e-01 -6.211662781421958823e-02 -1.855632395543032609e-01 1.315950532684554419e-01 -5.470927109751506645e-01 5.316173217231554560e-01 0.000000000000000000e+00 -2.004451366731168638e-01 0.000000000000000000e+00 -9.638927652857089134e-02 0.000000000000000000e+00 -1.318855343202547659e-01 0.000000000000000000e+00 5.045459732151018173e+00 2.094639065170760706e+00 2.925616086609605482e+00 1.072196280102734489e+00
-5.294117647058822484e-01 6.166861767463962529e-01 1.841102663840507025e-01 -1.583527852780657053e-01 -6.060826133293775730e-02 -1.838705165977108646e-01 1.325595776719356855e-01 -5.464015673875660672e-01 5.324515693434368480e-01 0.000000000000000000e+00 -2.005617488842966478e-01 0.000000000000000000e+00 -9.728091340454388114e-02 0.000000000000000000e+00 -1.317867585592066570e-01 0.000000000000000000e+00 5.045927562096076180e+00 2.095529790443098950e+00 2.924380677503301662e+00 1.074128278699766570e+00
-5.344537815126050306e-01 6.175301971216807795e-01 1.839982336394030416e-01 -1.562821318220331546e-01 -5.764745397842947761e-02 -1.821936131949700444e-01 1.343909960172035845e-01 -5.453823904020580482e-01 5.336108038254689934e-01 0.000000000000000000e+00 -2.016788647718623373e-01 0.000000000000000000e+00 -9.920660513103987665e-02 0.000000000000000000e+00 -1.308355505377126471e-01 0.000000000000000000e+00 5.045929039483546319e+00 2.097435903932264534e+00 2.922081051748876224e+00 1.077522165415868871e+00
-5.394957983193277018e-01 6.182619760659471275e-01 1.846434193391063849e-01 -1.547622121208483414e-01 -5.501846455582368178e-02 -1.813150048495451583e-01 1.351562688100123033e-01 -5.443952985289672863e-01 5.343857462790707613e-01 0.000000000000000000e+00 -2.031400629998474927e-01 0.000000000000000000e+00 -1.006353912237036574e-01 0.000000000000000000e+00 -1.298674059605753328e-01 0.000000000000000000e+00 5.045740618657446497e+00 2.099161711198602731e+00 2.920645496307634481e+00 1.079476421673486009e+00
-5.445378151260503730e-01 6.204072200722723363e-01 1.854231322763839340e-01 -1.513849931976028462e-01 -4.804842124210744608e-02 -1.822320229513170742e-01 1.364863980815322897e-01 -5.420644190367228665e-01 5.346869927369816144e-01 0.000000000000000000e+00 -2.094641613702330762e-01 0.000000000000000000e+00 -1.048440267327914455e-01 0.000000000000000000e+00 -1.282380050448754527e-01 0.000000000000000000e+00 5.043833970439418835e+00 2.103290167187081394e+00 2.917698169507170203e+00 1.082957816256046923e+00
-5.495798319327730441e-01 6.205769432715324552e-01 1.867210261412509675e-01 -1.510310435144422980e-01 -4.738071462333150186e-02 -1.817583212566291628e-01 1.363717882238751899e-01 -5.414339485887411652e-01 5.350248383360515225e-01 0.000000000000000000e+00 -2.095631817898644389e-01 0.000000000000000000e+00 -1.047281879435021240e-01 0.000000000000000000e+00 -1.282239398609537617e-01 0.000000000000000000e+00 5.044037294640506097e+00 2.103918256332179215e+00 2.917626647942923146e+00 1.082955461909844486e+00
-5.546218487394957153e-01 6.653905232507354439e-01 2.173711217794416783e-01 -1.454459308493980529e-01 8.023788382759690710e-03 -2.651365120019849586e-01 1.212097856828012882e-01 -4.665742795369943186e-01 4.456970857915296125e-01 0.000000000000000000e+00 -2.684754562554625967e-01 0.000000000000000000e+00 -1.144489789595042190e-01 0.000000000000000000e+00 -1.863857020018006572e-01 0.000000000000000000e+00 5.046043995393651116e+00 2.140671136316815382e+00 2.952194590812863062e+00 1.000214848811043167e+00
-5.596638655462183864e-01 6.821724762274021803e-01 2.206292071296209467e-01 -1.599772210121895299e-01 2.789069573512235542e-02 -2.944809401344357647e-01 1.262996978919374014e-01 -4.037933407019348442e-01 3.852832284307749489e-01 0.000000000000000000e+00 -2.846735268764686855e-01 0.000000000000000000e+00 -1.210613486892386931e-01 0.000000000000000000e+00 -2.077461486811623126e-01 0.000000000000000000e+00 5.069810565835992655e+00 2.178780766196421137e+00 2.953072929287351212e+00 1.001149860265424740e+00
-5.647058823529411686e-01 7.177343081169802463e-01 2.197509981466011786e-01 -1.670089314910136735e-01 1.122586400799556461e-01 -3.484060694459323870e-01 1.114563144229284569e-01 -2.819175902832680713e-01 2.661964907089338084e-01 0.000000000000000000e+00 -3.201164029484834805e-01 0.000000000000000000e+00 -1.347753890358849849e-01 0.000000000000000000e+00 -2.741194410316781793e-01 0.000000000000000000e+00 5.033569942073877534e+00 2.268403746587524417e+00 3.021505505332656938e+00 8.698067333371433119e-01
-5.697478991596638398e-01 7.046080731531363384e-01 2.259778817368048309e-01 -1.848634910322326519e-01 1.707151847995327931e-01 -3.691199081454367148e-01 9.765640519653531748e-02 -2.226545879420654683e-01 2.177224064889001776e-01 0.000000000000000000e+00 -3.367253317744255403e-01 0.000000000000000000e+00 -1.429633004004950692e-01 0.000000000000000000e+00 -3.142701960369689296e-01 0.000000000000000000e+00 5.011996065890173213e+00 2.339651515617367838e+00 3.051573226762760882e+00 8.023273504639488740e-01
-5.747899159663865110e-01 7.053866630092111567e-01 2.278644232442546824e-01 -1.845618452898975248e-01 1.718882997350573982e-01 -3.676889104222550997e-01 9.817626487238756416e-02 -2.221895009940847987e-01 2.188209157755131862e-01 0.000000000000000000e+00 -3.361254834427306326e-01 0.000000000000000000e+00 -1.425061432799141492e-01 0.000000000000000000e+00 -3.137594225419256255e-01 0.000000000000000000e+00 5.012566261256003131e+00 2.339892628408048569e+00 3.051545715000491654e+00 8.023093667021006237e-01
-5.798319327731091821e-01 7.069308404332551588e-01 2.289790347805442661e-01 -1.843592775808217676e-01 1.739527526389200718e-01 -3.657794045787240989e-01 1.003414356575576261e-01 -2.218215394918941485e-01 2.207414207939042694e-01 0.000000000000000000e+00 -3.351959314279479574e-01 0.000000000000000000e+00 -1.420467655034569898e-01 0.000000000000000000e+00 -3.128512424139274772e-01 0.000000000000000000e+00 5.012974645182265654e+00 2.340389035336137180e+00 3.051420049258884770e+00 8.024738418448167376e-01
-5.848739495798318533e-01 7.082545672799893666e-01 2.298973129425032624e-01 -1.843277853193530380e-01 1.761360294949860794e-01 -3.639237596156835175e-01 1.022867860930237044e-01 -2.216166667046951810e-01 2.226679158503938605e-01 0.000000000000000000e+00 -3.340831287471763278e-01 0.000000000000000000e+00 -1.415239426913016962e-01 0.000000000000000000e+00 -3.118000673501925002e-01 0.000000000000000000e+00 5.013605993793510684e+00 2.340920768168556876e+00 3.051218492641863733e+00 8.026846063443185963e-01
-5.899159663865545244e-01 7.070042136569184565e-01 2.302170797209398823e-01 -1.874397627224418661e-01 1.822504447731121413e-01 -3.621737654352117364e-01 1.051906909579710114e-01 -2.202225551280741211e-01 2.236490307799115784e-01 0.000000000000000000e+00 -3.314613444905588069e-01 0.000000000000000000e+00 -1.408059069824756371e-01 0.000000000000000000e+00 -3.113813280432091157e-01 0.000000000000000000e+00 5.018591017217307382e+00 2.345053733074623725e+00 3.052439920596523137e+00 7.995857588850692199e-01
-5.949579831932771956e-01 7.082308173089575387e-01 2.317598874726156666e-01 -1.874554083972739815e-01 1.839426721841639079e-01 -3.611012261522163480e-01 1.056827877327206205e-01 -2.201833084196239965e-01 2.248838924963363628e-01 0.000000000000000000e+00 -3.298461863730961507e-01 0.000000000000000000e+00 -1.401125243446289248e-01 0.000000000000000000e+00 -3.099359049087566098e-01 0.000000000000000000e+00 5.019556595559167000e+00 2.345361346982068440e+00 3.052500098884403990e+00 7.990445195328153005e-01
-5.999999999999999778e-01 7.068366521494406918e-01 2.347434426563825560e-01 -1.894174040821354488e-01 1.876497554956612079e-01 -3.621821944695509110e-01 1.038741480320637262e-01 -2.192017881742875651e-01 2.241704243357733051e-01 0.000000000000000000e+00 -3.273691377778485401e-01 0.000000000000000000e+00 -1.393951860838827106e-01 0.000000000000000000e+00 -3.095757957433368235e-01 0.000000000000000000e+00 5.023209074946195507e+00 2.347804220108081985e+00 3.054326879631095615e+00 7.939543689796979553e-01
