0.000000000000000000e+00 2.305607250634069804e-04 2.133158692114823585e-04 7.083483840459561254e-01 -1.160946993113207550e-04 -2.282090547077147546e-04 -7.083524040470712269e-01 2.304532597048935063e-04 2.132649949381253867e-04 7.083788987900569989e-01 -1.160226779319105546e-04 -2.281769604768864659e-04 2.859551594486496912e-08 -7.083801673809466681e-01
-5.042016806722688510e-03 3.621248828320692073e-03 3.594767761948455299e-03 7.084928067027319587e-01 3.525261662288003972e-03 3.471122441496980130e-03 -7.084976718194514467e-01 3.620714800787461218e-03 3.594283454233430583e-03 7.085242640020545934e-01 3.525931581959470575e-03 3.471762566820285785e-03 3.562104053257349725e-06 -7.085265258719539716e-01
-1.008403361344537702e-02 6.124894745459754340e-03 6.096379967492421975e-03 7.084474844432812057e-01 8.062229459200645140e-03 8.041364105275007959e-03 -7.084076131780374652e-01 6.123944033103990124e-03 6.095480391268561296e-03 7.084801011359080913e-01 8.063512234221434025e-03 8.042620505296334613e-03 1.304740159046204361e-05 -7.084377848251873777e-01
-1.512605042016806553e-02 8.243851485125214262e-03 8.234918826236135858e-03 7.084737666389039346e-01 1.304046441456844889e-02 1.301775891024081408e-02 -7.083187774283952187e-01 8.242513411900066062e-03 8.233635792490152927e-03 7.085073963628454319e-01 1.304234378658229547e-02 1.301961177184363626e-02 2.787708273188976366e-05 -7.083501131863296774e-01
-2.016806722689075404e-02 9.941716887607646852e-03 9.937928844328798236e-03 7.086824366663495578e-01 1.850520626620812820e-02 1.848640850322404161e-02 -7.083103665301853091e-01 9.940037102835913921e-03 9.936307862645623462e-03 7.087169253502467736e-01 1.850764852593643831e-02 1.848882203763990012e-02 4.716563438546680584e-05 -7.083426943325483727e-01
-2.521008403361344255e-02 1.121088062588544015e-02 1.121469106417841144e-02 7.091006345186333659e-01 2.446962359157468445e-02 2.444995477913297979e-02 -7.083781074656005927e-01 1.120891134179392151e-02 1.121277935366941231e-02 7.091358128779026160e-01 2.447258844254218690e-02 2.445288938757395406e-02 6.958034423987848613e-05 -7.084112476236882339e-01
-3.025210084033613106e-02 1.204576305431803718e-02 1.204730219003745731e-02 7.093444180846055769e-01 3.095578083628395746e-02 3.093671877504853077e-02 -7.081025145599040282e-01 1.204356430463864383e-02 1.204515154419254740e-02 7.093801516442252986e-01 3.095921837106246910e-02 3.094012461446004128e-02 9.338707759560178391e-05 -7.081363255661650147e-01
-3.529411764705882304e-02 1.247306061697373708e-02 1.246035125683816677e-02 7.097642629590983354e-01 3.796448548043122873e-02 3.795870505887061902e-02 -7.077996709490338434e-01 1.247069193889353139e-02 1.245800928825931825e-02 7.098003686554050784e-01 3.796834234297247201e-02 3.796253099622717841e-02 1.166670638938797292e-04 -7.078339617556932417e-01
-4.033613445378150808e-02 1.248699742147541501e-02 1.248182343038940767e-02 7.103910034325162659e-01 4.547516851998817389e-02 4.546797499582905938e-02 -7.074688869094445387e-01 1.248451989396704917e-02 1.247933136207513179e-02 7.104272925451262655e-01 4.547938592849847667e-02 4.547216716108491014e-02 1.369453926686078861e-04 -7.075034610256029088e-01
-4.537815126050419312e-02 1.211544281025981988e-02 1.210391843265899887e-02 7.109797626507985413e-01 5.350342341928415735e-02 5.349843349240533674e-02 -7.068256334826543696e-01 1.211291720421371274e-02 1.210131018029872094e-02 7.110160566378846969e-01 5.350793921678804327e-02 5.350293348796843207e-02 1.516207343392785825e-04 -7.068603128520991596e-01
-5.042016806722688510e-02 1.131151483544086747e-02 1.131602576511272010e-02 7.115635259828256842e-01 6.207801251604309206e-02 6.205589358014936691e-02 -7.058577200540869789e-01 1.130900109112672330e-02 1.131331577177095704e-02 7.115996546510597875e-01 6.208276131582026597e-02 6.206064502441056840e-02 1.570087632649807175e-04 -7.058923357167492529e-01
-5.546218487394957708e-02 1.040515289665459170e-02 1.029945401067651825e-02 7.121531602190455112e-01 7.087535851223031313e-02 7.096419922588161067e-02 -7.046029736337221516e-01 1.040272391655926859e-02 1.029703787751037533e-02 7.121888920313097504e-01 7.088027405615254795e-02 7.096913848685357240e-02 1.542421011616187596e-04 -7.046372981743238562e-01
-6.050420168067226212e-02 8.986623132028123684e-03 8.902820226192299791e-03 7.128848824731931488e-01 8.040586117192936866e-02 8.047434735385385063e-02 -7.030689057323074032e-01 8.984293390269359331e-03 8.900548104092128460e-03 7.129200509707515065e-01 8.041102130707722395e-02 8.047941090787816276e-02 1.351966646538866950e-04 -7.031027882346868596e-01
-6.554621848739494716e-02 7.439160157241775373e-03 7.475846109675537282e-03 7.136018867234078522e-01 8.995925157535016037e-02 8.991821591235504840e-02 -7.012324686339747037e-01 7.436987333675561945e-03 7.473715669960454000e-03 7.136362637677643450e-01 8.996452031670031102e-02 8.992335751218777373e-02 1.023894756954128954e-04 -7.012656760413636947e-01
-7.058823529411764608e-02 5.724303481819063844e-03 5.654860812750857335e-03 7.143203969903084705e-01 9.998641651016387799e-02 1.000508835268457547e-01 -6.989416001317286797e-01 5.722326294187108503e-03 5.652939500087786340e-03 7.143538129479168886e-01 9.999144961058790970e-02 1.000559728418960320e-01 5.331565947586081565e-05 -6.989739221818200843e-01
-7.563025210084033112e-02 3.868647647677723317e-03 3.731227261833097025e-03 7.149409839131681821e-01 1.100405917700184449e-01 1.101821571183633497e-01 -6.962073546309446304e-01 3.866887599321196245e-03 3.729525275800942008e-03 7.149732537770456808e-01 1.100455521580490231e-01 1.101872050075125703e-01 -1.538773848634212606e-05 -6.962386441086985123e-01
-8.067226890756301616e-02 1.629645947163926162e-03 1.607597344079350621e-03 7.155995484926257477e-01 1.207642272798091360e-01 1.207717930711449672e-01 -6.929951308582569247e-01 1.621735084844127400e-03 1.599469153178149916e-03 7.157726886355428864e-01 1.207907875635200468e-01 1.207983132819431260e-01 -1.103211908795729201e-04 -6.931631845249874857e-01
-8.571428571428570120e-02 -4.519151895586090428e-04 -3.821416422230897170e-04 7.163108786288030494e-01 1.311833783428358047e-01 1.310946121018190524e-01 -6.895707699722177786e-01 -4.585140417845828820e-04 -3.891303949394783745e-04 7.164783826723332139e-01 1.312094554155399384e-01 1.311207426141069998e-01 -2.174720887067120275e-04 -6.897339661027872548e-01
-9.075630252100838624e-02 -2.379905969843540414e-03 -2.302834661461188037e-03 7.169531041397891880e-01 1.416015248029132145e-01 1.412993335115701188e-01 -6.857903018542383933e-01 -2.384788850605445987e-03 -2.308640871255839000e-03 7.171148871351266108e-01 1.416266144786408332e-01 1.413248866876148924e-01 -3.342266735192150852e-04 -6.859484985723544037e-01
-9.579831932773108516e-02 -4.807813518553229193e-03 -4.942457889320794884e-03 7.177052398079672990e-01 1.525359156077425171e-01 1.526270686700740564e-01 -6.813091030605210596e-01 -4.811571284136818838e-03 -4.946801299715926359e-03 7.178594582132125090e-01 1.525603799906989910e-01 1.526515135115387167e-01 -4.949742448392286656e-04 -6.814605846618920770e-01
-1.008403361344537702e-01 -7.081421443414080696e-03 -6.959384717290469091e-03 7.183792729810958289e-01 1.633025489240091943e-01 1.631568392241651289e-01 -6.766248912581475095e-01 -7.083878536391211012e-03 -6.962560740645995505e-03 7.185256040519092391e-01 1.633260064666186007e-01 1.631803317883177562e-01 -6.603312692227945608e-04 -6.767692912398874938e-01
-1.058823529411764552e-01 -9.233381153970647570e-03 -9.091371780800175384e-03 7.191653052852364780e-01 1.740078734539186323e-01 1.737659112863266797e-01 -6.716618381333456789e-01 -9.234629930283060062e-03 -9.093445029111711653e-03 7.193034287937809523e-01 1.740302755290448755e-01 1.737883805167627638e-01 -8.437403553430422587e-04 -6.717988092168345471e-01
-1.109243697478991542e-01 -1.129504626322682531e-02 -1.129195453469779981e-02 7.199517602098186586e-01 1.845557136971540113e-01 1.844781968803786143e-01 -6.663150151025669654e-01 -1.129518910872102933e-02 -1.129297935730670666e-02 7.200813181476661828e-01 1.845769784518547785e-01 1.844995579930812368e-01 -1.045132828365243636e-03 -6.664441869208272973e-01
-1.159663865546218392e-01 -1.328754850436213858e-02 -1.325509248732696654e-02 7.206796415428162739e-01 1.950293730141739179e-01 1.949205532760577286e-01 -6.606304512133283069e-01 -1.328668683268702938e-02 -1.325518575635245555e-02 7.208003957993491806e-01 1.950494189174049597e-01 1.949407428694767408e-01 -1.256095436402988224e-03 -6.607515640831860271e-01
-1.210084033613445242e-01 -1.523704290334757655e-02 -1.517487809563814599e-02 7.213670260347694319e-01 2.053858586636500561e-01 2.052972874110413626e-01 -6.545669230628998747e-01 -1.523530109331527188e-02 -1.517414119643423209e-02 7.214788958053521828e-01 2.054046500962383448e-01 2.053162711331131540e-01 -1.481891603834557813e-03 -6.546798593120620735e-01
-1.260504201680672232e-01 -1.706754527928038695e-02 -1.691102200050597498e-02 7.221881388842257277e-01 2.156345487592467025e-01 2.154201867989369301e-01 -6.483720418798247787e-01 -1.706506935755835314e-02 -1.690959186926874191e-02 7.222910644969101623e-01 2.156520814294420330e-01 2.154379491151780512e-01 -1.716376124519276110e-03 -6.484766686503875555e-01
-1.310924369747898943e-01 -1.866673348392944298e-02 -1.858981117734118116e-02 7.230968656415078799e-01 2.256029340610176959e-01 2.254491196946220022e-01 -6.420113648903614800e-01 -1.866368278398351788e-02 -1.858780126777927894e-02 7.231908442125541958e-01 2.256192057377520432e-01 2.254656329408420146e-01 -1.955206355681470519e-03 -6.421076102588136880e-01
-1.361344537815125932e-01 -2.018481333499469454e-02 -1.998595576962796522e-02 7.240100290669188032e-01 2.354375673114415257e-01 2.351577627785133850e-01 -6.354593270581860853e-01 -2.018131918047225831e-02 -1.998350600039593833e-02 7.240952849572253047e-01 2.354525806375120378e-01 2.351730495874241600e-01 -2.195367171856852252e-03 -6.355473417450754336e-01
-1.411764705882352922e-01 -2.145798038214920267e-02 -2.146606392383285100e-02 7.248129957755595765e-01 2.449514275466976032e-01 2.448973901562712940e-01 -6.285262306407345401e-01 -2.145418364964563063e-02 -2.146326203496730367e-02 7.248897092480359738e-01 2.449651891455145170e-01 2.449114225111388432e-01 -2.436492112689579194e-03 -6.286061424452309421e-01
-1.462184873949579633e-01 -2.277398480133897840e-02 -2.242504274345049481e-02 7.258184773217072339e-01 2.544837967308971050e-01 2.540879026144093888e-01 -6.216659647900949492e-01 -2.276999964954273814e-02 -2.242205174838139692e-02 7.258869998952141023e-01 2.544963332922816068e-01 2.541007583869254738e-01 -2.677486640153049682e-03 -6.217380125877188801e-01
-1.512605042016806622e-01 -2.380348854298433570e-02 -2.351105201927668892e-02 7.268891676059129336e-01 2.636875538643277395e-01 2.633376795104224177e-01 -6.146071373656680770e-01 -2.379945679768091793e-02 -2.350795958993227158e-02 7.269497706325636077e-01 2.636989092747714647e-01 2.633493627898226830e-01 -2.918269444366365997e-03 -6.146715021033053450e-01
-1.563025210084033334e-01 -2.450154393502051303e-02 -2.419994807313607943e-02 7.280686881170341795e-01 2.725458090156233637e-01 2.721749951989479444e-01 -6.076807847852316868e-01 -2.449757418240171986e-02 -2.419686347133286064e-02 7.281217753293662831e-01 2.725560074650327236e-01 2.721855326604198377e-01 -3.132257004917144219e-03 -6.077377858445108805e-01
-1.613445378151260323e-01 -2.506048831937236765e-02 -2.477144278046921472e-02 7.292406986938841928e-01 2.812069057915516646e-01 2.808592358807168177e-01 -6.006039214132589121e-01 -2.505665909473996783e-02 -2.476843327137846079e-02 7.292869530817842616e-01 2.812160387706109654e-01 2.808687147511546023e-01 -3.337519193311213987e-03 -6.006541527078562703e-01
-1.663865546218487312e-01 -2.558842248917046758e-02 -2.500845953984962011e-02 7.305750814458880082e-01 2.898232885308015816e-01 2.891667691022986597e-01 -5.935398656708017473e-01 -2.558481578295553061e-02 -2.500562410062698304e-02 7.306147703109963087e-01 2.898313633695827063e-01 2.891752097050430126e-01 -3.536758326051484512e-03 -5.935835079862108454e-01
-1.714285714285714024e-01 -2.574999774650332113e-02 -2.512579089047529968e-02 7.319887694336826289e-01 2.980766975148346765e-01 2.973828184780618056e-01 -5.865542036379927104e-01 -2.574665643962992245e-02 -2.512314693353348560e-02 7.320227683882194469e-01 2.980838514177669429e-01 2.973903360665439699e-01 -3.710111197161322302e-03 -5.865920514163789345e-01
-1.764705882352941013e-01 -2.582530545192324861e-02 -2.504503310982411635e-02 7.334326484843175509e-01 3.061860258008556879e-01 3.053321329679334339e-01 -5.794700330331181704e-01 -2.582227484188898831e-02 -2.504263087478011268e-02 7.334613281952064856e-01 3.061922847742885589e-01 3.053387540857847027e-01 -3.876377151739787696e-03 -5.795023908512435540e-01
-1.815126050420167725e-01 -2.569777244967182128e-02 -2.470643446032327883e-02 7.350359705173392655e-01 3.141098755191196190e-01 3.130703212012253545e-01 -5.725542999460203619e-01 -2.569505652367854581e-02 -2.470427756002489816e-02 7.350601152896962809e-01 3.141153579638936710e-01 3.130761611375146858e-01 -4.021662493323665405e-03 -5.725818965326893162e-01
-1.865546218487394714e-01 -2.539894647779204068e-02 -2.433287795250581309e-02 7.366076686755312908e-01 3.218119158753299236e-01 3.207246219122369957e-01 -5.654520382285044278e-01 -2.539657053754557081e-02 -2.433098858533822018e-02 7.366276187572328160e-01 3.218166462720466470e-01 3.207296955580397069e-01 -4.152823195532524998e-03 -5.654751746019317515e-01
-1.915966386554621703e-01 -2.501730445173578482e-02 -2.367189013855132418e-02 7.382900334201827341e-01 3.294284515585435558e-01 3.281197346756301592e-01 -5.584413424148308991e-01 -2.501525152960715204e-02 -2.367026115172887746e-02 7.383064323117816130e-01 3.294325242563759804e-01 3.281241382226259828e-01 -4.266576912892607217e-03 -5.584606343107666460e-01
-1.966386554621848415e-01 -2.438067480790939018e-02 -2.281003716760050815e-02 7.401449860558764193e-01 3.368066297466895120e-01 3.353176652833095850e-01 -5.517197176720115559e-01 -2.437889420154504966e-02 -2.280861951814003308e-02 7.401586410924970716e-01 3.368101867164996488e-01 3.353215384794973608e-01 -4.366521318765796689e-03 -5.517359717787847506e-01
-2.016806722689075404e-01 -2.373424545795838059e-02 -2.208773270338584838e-02 7.418421195347706387e-01 3.440330704375055837e-01 3.425934406777333963e-01 -5.443864110617602226e-01 -2.373278606156659781e-02 -2.208656877474289570e-02 7.418528824942833833e-01 3.440360349940989604e-01 3.425966943030101519e-01 -4.472519088917400673e-03 -5.443994353237506800e-01
-2.067226890756302393e-01 -2.090658899429458095e-02 -1.319269335511091823e-02 7.436672880245785988e-01 3.502528205865738098e-01 3.448350885842961788e-01 -5.403217086017454429e-01 -2.090603850335215341e-02 -1.319241372365637099e-02 7.436736197609807864e-01 3.502549494502478766e-01 3.448373598238045901e-01 -3.277876047195610147e-03 -5.403294738106023676e-01
-2.117647058823529105e-01 -2.004189089413429409e-02 -1.081181878930098650e-02 7.465050595705464698e-01 3.572039402916146744e-01 3.511924198859724400e-01 -5.345080038934718614e-01 -2.004156449883005148e-02 -1.081170462257882714e-02 7.465087599948226904e-01 3.572052837812418891e-01 3.511939415043964785e-01 -3.271777447874634100e-03 -5.345126598953394703e-01
-2.168067226890756094e-01 -1.900359773159330384e-02 -9.002974347770004160e-03 7.484460764923175358e-01 3.642043912932173000e-01 3.577816155309762602e-01 -5.276093839315367795e-01 -1.900335919625445458e-02 -9.002904184105958718e-03 7.484488454276922997e-01 3.642054585321760074e-01 3.577828519238741567e-01 -3.257668746306113285e-03 -5.276129092400868581e-01
-2.218487394957983083e-01 -1.775739311486761174e-02 -7.065639467814077701e-03 7.504478232698253981e-01 3.709785198196574596e-01 3.642373785078870108e-01 -5.205204739150476323e-01 -1.775724820366311740e-02 -7.065610052367984895e-03 7.504496615060300968e-01 3.709792808363913119e-01 3.642382968339896721e-01 -3.198855247039365975e-03 -5.205228687066254523e-01
-2.268907563025209795e-01 -1.564954145380874351e-02 -4.978606775639715654e-03 7.527073416915807114e-01 3.770725520465054159e-01 3.708044516692395320e-01 -5.139824305551606853e-01 -1.564947072057353700e-02 -4.978600665629967503e-03 7.527084506032927225e-01 3.770730543518678868e-01 3.708050829290713835e-01 -3.040100167244113964e-03 -5.139839273597046621e-01
-2.319327731092436784e-01 -1.352866365519064112e-02 -2.723723322934065716e-03 7.549440369465376666e-01 3.832477818447702078e-01 3.772211310186128208e-01 -5.072986007476574244e-01 -1.352863525562712776e-02 -2.723729643439726233e-03 7.549446770536198947e-01 3.832480984080740560e-01 3.772215530271785244e-01 -2.856403448773647998e-03 -5.072995030353109058e-01
-2.369747899159663496e-01 -1.044934275845929572e-02 -2.659362331584869121e-05 7.573941060515571033e-01 3.887768731473428829e-01 3.834226731791053333e-01 -5.012720472154728046e-01 -1.044934105936183577e-02 -2.660423598890848673e-05 7.573943980932934528e-01 3.887770361143840780e-01 3.834229140430543414e-01 -2.523303824648426980e-03 -5.012725006773590675e-01
-2.420168067226890485e-01 -8.358421384786499098e-03 2.681828156864296542e-03 7.595565867769625834e-01 3.950035161068199963e-01 3.895463119516667794e-01 -4.943454500624053782e-01 -8.358427099812701377e-03 2.681819292718851111e-03 7.595567417536795984e-01 3.950036119861098372e-01 3.895464625128343683e-01 -2.311740719033034130e-03 -4.943457109032668439e-01
-2.470588235294117474e-01 -5.502451682446202197e-03 5.531540798415876536e-03 7.618621380325668602e-01 4.007153539073007309e-01 3.956510221412870010e-01 -4.876927274806049928e-01 -5.502460827024824308e-03 5.531536709042675359e-03 7.618621990864613558e-01 4.007154025106412498e-01 3.956510964472147451e-01 -1.986641671592675497e-03 -4.876928530149173824e-01
-2.521008403361344463e-01 -2.025351340108880183e-03 9.112064095398275665e-03 7.644196679861083865e-01 4.061782142974351695e-01 4.014204484756491720e-01 -4.816189970872917225e-01 -2.025361691311095003e-03 9.112064080334464355e-03 7.644196948086643406e-01 4.061782506180978136e-01 4.014204803135226207e-01 -1.508694654440375683e-03 -4.816190625096812283e-01
-2.571428571428571175e-01 6.601558723595135625e-04 1.254641954554705507e-02 7.666662898312861518e-01 4.121816497151108427e-01 4.072254385645580066e-01 -4.746396275856217817e-01 6.601428140871473671e-04 1.254642097583368032e-02 7.666663174632706301e-01 4.121816984335879286e-01 4.072254578859322294e-01 -1.149332819066236147e-03 -4.746396781815567234e-01
-2.621848739495797886e-01 4.128765490677838157e-03 1.664994591016660808e-02 7.691871519912275579e-01 4.179038038303603542e-01 4.126168216435575076e-01 -4.683624454211355870e-01 4.128747346934275031e-03 1.664994469030420254e-02 7.691871890766411868e-01 4.179038783943961333e-01 4.126168469046821996e-01 -6.318927970885446915e-04 -4.683624916386568970e-01
-2.672268907563025153e-01 7.202506766966723650e-03 2.151220458772151733e-02 7.716953972471536360e-01 4.241700282379136100e-01 4.175851791271517066e-01 -4.618572236771354977e-01 7.202483663506967226e-03 2.151219768605969196e-02 7.716954410808427589e-01 4.241701278349951920e-01 4.175852225804987938e-01 -9.141738596749569845e-05 -4.618572632814167411e-01
-2.722689075630251865e-01 1.010067921259728829e-02 2.694479132404044297e-02 7.741704855494913051e-01 4.307245120757515755e-01 4.222432242072553521e-01 -4.552205405243385239e-01 1.010065658922677800e-02 2.694477917480046780e-02 7.741705279707897791e-01 4.307246199693829380e-01 4.222432874487114796e-01 4.841842097441026449e-04 -4.552205698945305246e-01
-2.773109243697478576e-01 1.253601493549910684e-02 3.379412794310145129e-02 7.765870710975620872e-01 4.381786427246817661e-01 4.258859099500846845e-01 -4.485009652318275863e-01 1.253600814301565614e-02 3.379411725942078892e-02 7.765871074885550840e-01 4.381787246545944536e-01 4.258859827522691877e-01 1.150496191866426376e-03 -4.485010014710518744e-01
-2.823529411764705843e-01 1.436869896085557485e-02 4.311266145270727101e-02 7.788129906098126831e-01 4.472099604972603615e-01 4.278048250643216588e-01 -4.417725393614868601e-01 1.436874721793837684e-02 4.311267240808200341e-02 7.788130260325436538e-01 4.472099429987193564e-01 4.278048699775671704e-01 1.982046290601285551e-03 -4.417726687518462869e-01
-2.873949579831932555e-01 1.902078368560698729e-02 5.098128834057288894e-02 7.808525649708195626e-01 4.552532977790514912e-01 4.308892067709667595e-01 -4.350868194314170823e-01 1.902097066689144300e-02 5.098136722415236299e-02 7.808526226396699244e-01 4.552530462102393760e-01 4.308891131028643184e-01 3.054247204281322278e-03 -4.350872987219526755e-01
-2.924369747899159266e-01 2.384998683148800702e-02 5.586689790902936437e-02 7.826397410497165641e-01 4.606602839011730843e-01 4.362890866967800152e-01 -4.272575411532406608e-01 2.385030572158644557e-02 5.586705245474676840e-02 7.826398338083317974e-01 4.606598537861772980e-01 4.362888452528924099e-01 3.921158906256171778e-03 -4.272584286864964942e-01
-2.974789915966385978e-01 3.869520535792483201e-02 5.238248891039322397e-02 7.847429605969484800e-01 4.600184380938557305e-01 4.481850002618605888e-01 -4.202436627954432291e-01 3.869575843942747034e-02 5.238281983915385465e-02 7.847431078445477048e-01 4.600177054962361067e-01 4.481844063825164981e-01 5.297959712904578775e-03 -4.202454307531412470e-01
-3.025210084033613245e-01 4.509636852235537896e-02 5.696237928161246300e-02 7.861543191776727557e-01 4.643635478088510293e-01 4.542410323658703231e-01 -4.119536079694733344e-01 4.509713401400685523e-02 5.696286932189281726e-02 7.861545124389173189e-01 4.643625847295113629e-01 4.542401716789234434e-01 6.337191741404797629e-03 -4.119562736335015130e-01
-3.075630252100839956e-01 5.068363108191126926e-02 6.294745308841667719e-02 7.874867300640802092e-01 4.697582247467393390e-01 4.591479957421538138e-01 -4.036272139041368057e-01 5.068465291487171676e-02 6.294813427074391621e-02 7.874869643313795464e-01 4.697570045033562791e-01 4.591468272332043798e-01 7.431417964017575026e-03 -4.036310772638658229e-01
-3.126050420168066668e-01 5.636641786036250545e-02 6.932445201900201692e-02 7.886203173738525196e-01 4.752946674862202903e-01 4.638812021208794101e-01 -3.949775036761217217e-01 5.636771077862878093e-02 6.932534115865167379e-02 7.886205767929254096e-01 4.752932087347522261e-01 4.638797142711661436e-01 8.568506089675548276e-03 -3.949828143332240193e-01
-3.176470588235293935e-01 6.194166253740516354e-02 7.616302523399587354e-02 7.895423564633379243e-01 4.810169317892724616e-01 4.683101022341970010e-01 -3.859706213464837998e-01 6.194318969938267250e-02 7.616410174195012428e-02 7.895426199399545597e-01 4.810153273207234959e-01 4.683083434685624824e-01 9.728637211783491834e-03 -3.859774727555188578e-01
-3.226890756302520646e-01 6.795168291144204620e-02 8.334298204031757862e-02 7.902253808113859357e-01 4.865994908922378070e-01 4.727554076886979484e-01 -3.766634815199706443e-01 6.795339582957313218e-02 8.334421791059477835e-02 7.902256311168700531e-01 4.865978538312638602e-01 4.727534384053408978e-01 1.096864050800911913e-02 -3.766719782337890066e-01
-3.277310924369747358e-01 7.397254609835327011e-02 9.103140472062505595e-02 7.906162558079750102e-01 4.924055457813235059e-01 4.768011705147606749e-01 -3.669344727039191012e-01 7.397431904119972090e-02 9.103271012368778503e-02 7.906164866972646976e-01 4.924040891382713281e-01 4.767991335553515841e-01 1.225349935959168038e-02 -3.669444093233272253e-01
-3.327731092436974625e-01 8.023719393182265902e-02 9.937212484107221799e-02 7.906611218160842780e-01 4.981903619155225171e-01 4.806144869932995611e-01 -3.568263628199053183e-01 8.023884483206095153e-02 9.937336328265841678e-02 7.906613502903799828e-01 4.981893720707984974e-01 4.806125758268925408e-01 1.364291971749562529e-02 -3.568373341730756154e-01
-3.378151260504201336e-01 8.641505410788394292e-02 1.085666208633644381e-01 7.902711246775884213e-01 5.043402065690318903e-01 4.839273559214296028e-01 -3.461078123160504227e-01 8.641635669667695197e-02 1.085676201392303808e-01 7.902714008933929835e-01 5.043400018580647126e-01 4.839257784945043550e-01 1.506737415346804873e-02 -3.461190912814728349e-01
-3.428571428571428048e-01 9.252302221852737318e-02 1.186868790919004824e-01 7.894179863994675861e-01 5.108275515773865738e-01 4.866108809419501524e-01 -3.348592122405337212e-01 9.252366843440856803e-02 1.186874001524981237e-01 7.894184050583189505e-01 5.108285251952209283e-01 4.866098850104086937e-01 1.656749346087067754e-02 -3.348695717124594573e-01
-3.478991596638655315e-01 9.839979342249045857e-02 1.299891432183440665e-01 7.879591817651271368e-01 5.177717760777631462e-01 4.885508823167917236e-01 -3.228600026009361690e-01 9.839946831985924014e-02 1.299889493217931680e-01 7.879598744746192374e-01 5.177742737334373180e-01 4.885506421571370050e-01 1.811969506774262911e-02 -3.228678916282806677e-01
-3.529411764705882026e-01 1.041354997014647399e-01 1.425816540084213213e-01 7.857602194706183596e-01 5.251919348593333536e-01 4.896077469711164198e-01 -3.100255728898167473e-01 1.041338723011239753e-01 1.425805048510963013e-01 7.857613483073864202e-01 5.251962265660142792e-01 4.896083620222287380e-01 1.975989642302931198e-02 -3.100289386145336779e-01
-3.579831932773108738e-01 1.365099149336079787e-02 2.615320547424191400e-01 7.564714502830167664e-01 6.190595134919696374e-01 3.890892173468279980e-01 -2.647777102694024443e-01 1.364919159121483899e-02 2.615321346054079732e-01 7.564717410790748886e-01 6.190621274333838464e-01 3.890863793178193086e-01 1.413394795090906590e-02 -2.647881641790592600e-01
-3.630252100840335450e-01 3.822420112392720115e-03 3.009624759326404164e-01 7.376117980169971666e-01 6.410252042167452480e-01 3.661381249494450874e-01 -2.328993677413972452e-01 3.820593657647100572e-03 3.009624236712666878e-01 7.376120022460332937e-01 6.410270015610719518e-01 3.661363045571757735e-01 1.380093372224110854e-02 -2.329131695937225466e-01
-3.680672268907562716e-01 1.410706592931042919e-02 3.133194277905391179e-01 7.317215189050554347e-01 6.447460249844623181e-01 3.687346811641564193e-01 -2.158142438142359176e-01 1.410434854697747986e-02 3.133193702164683847e-01 7.317217930026609363e-01 6.447486065635470442e-01 3.687336416464873090e-01 1.581867643307880225e-02 -2.158276064851843423e-01
-3.731092436974789428e-01 2.257558317677723497e-02 3.293128632792078347e-01 7.230297027288448142e-01 6.505870856349489362e-01 3.676737523253673645e-01 -1.951027343838868666e-01 2.257235686845780395e-02 3.293126755999872257e-01 7.230300665019502304e-01 6.505895521951695626e-01 3.676743927161726377e-01 1.754144341243779603e-02 -1.951159235724050367e-01
-3.781512605042016140e-01 3.681452086613290486e-02 3.394927293046243744e-01 7.166127482764343970e-01 6.512289976668497182e-01 3.729908520514116921e-01 -1.772912832312162346e-01 3.681075821711632390e-02 3.394925500652494765e-01 7.166131143292882033e-01 6.512307323437158679e-01 3.729932108085287079e-01 2.001034594251773630e-02 -1.773029209619855773e-01
-3.831932773109243406e-01 4.857574164717311238e-02 3.546931109369865220e-01 7.058443756904211330e-01 6.548261445290931571e-01 3.733857881978462356e-01 -1.538083710492036404e-01 4.857234135775181927e-02 3.546927357792640789e-01 7.058446766585315668e-01 6.548252143992657759e-01 3.733913974272514702e-01 2.212329799737789565e-02 -1.538196853988385571e-01
-3.882352941176470118e-01 6.189353647576446155e-02 3.744692097931031083e-01 6.897909146273406567e-01 6.579991223808736578e-01 3.707451939680346253e-01 -1.250607690684787388e-01 6.189079790044362678e-02 3.744683430185249406e-01 6.897913747918564820e-01 6.579954974824224756e-01 3.707541895441171520e-01 2.438273741267044797e-02 -1.250739931170526953e-01
-3.932773109243696830e-01 8.234415673174315387e-02 3.844528223575817139e-01 6.786282554727639527e-01 6.548551574844987400e-01 3.775072869678970933e-01 -1.022903419972781558e-01 8.234376888869698874e-02 3.844525494191017301e-01 6.786285860734811992e-01 6.548550585023924508e-01 3.775084256290476281e-01 2.757162612209217503e-02 -1.022915467759295538e-01
-3.983193277310924096e-01 1.042642424085800656e-01 3.958871186361272998e-01 6.637575257296007836e-01 6.506863534431354124e-01 3.831551413394214123e-01 -7.457931121100469518e-02 1.042637101925655008e-01 3.958868678725251944e-01 6.637578750519976811e-01 6.506862167455707002e-01 3.831564594224973752e-01 3.075790172859565325e-02 -7.458033151447290843e-02
-4.033613445378150808e-01 1.303090995368147154e-01 4.054254207993732706e-01 6.470308812066059012e-01 6.431583670696707777e-01 3.912272620786947930e-01 -4.497776925892482680e-02 1.303085154191270245e-01 4.054252707980159909e-01 6.470311505694390508e-01 6.431576969915040465e-01 3.912288779259760485e-01 3.430656608445110251e-02 -4.497832892540076788e-02
-4.084033613445377520e-01 1.591590885319447701e-01 4.138909840608070434e-01 6.280561883897517461e-01 6.332616666303860775e-01 4.002252123900853498e-01 -1.278374073188770499e-02 1.591587062423652776e-01 4.138911043494277187e-01 6.280561934107730115e-01 6.332595166264813891e-01 4.002272915657144048e-01 3.792009252985014539e-02 -1.278402239760845216e-02
-4.134453781512604786e-01 1.913965136744943951e-01 4.209711828274490530e-01 6.063355201611397849e-01 6.203040861937698658e-01 4.104961977184065081e-01 2.251638723367066497e-02 1.913967146751537063e-01 4.209719296367948616e-01 6.063350129166334979e-01 6.202992011550960694e-01 4.104987425730546313e-01 4.156706922523574488e-02 2.251548908993916687e-02
-4.184873949579831498e-01 2.275044454717616571e-01 4.263915108018724309e-01 5.813476656039171520e-01 6.036589815356393496e-01 4.222128039931997145e-01 6.145878755995154430e-02 2.275056593729829768e-01 4.263934584625957980e-01 5.813464700361720139e-01 6.036502893890909327e-01 4.222154395211575317e-01 4.514989235643686316e-02 6.145538597971811345e-02
-4.235294117647058210e-01 2.674394755522001565e-01 4.289810881902955120e-01 5.540370898616551187e-01 5.830875749148594078e-01 4.358909805339311050e-01 1.032628987124053488e-01 2.674420458013872515e-01 4.289849750016042074e-01 5.540353712907208905e-01 5.830749529966651190e-01 4.358927410268984004e-01 4.846125254310737485e-02 1.032541748821408922e-01
-4.285714285714285476e-01 3.143233882806227286e-01 4.274386161972292264e-01 5.221975789451301919e-01 5.555070729308480004e-01 4.529181204120592552e-01 1.502879390271513182e-01 3.143274658802613919e-01 4.274450166708791965e-01 5.221962697762272398e-01 5.554922554739865070e-01 4.529173927027484448e-01 5.146914515476778279e-02 1.502709094522653999e-01
-4.336134453781512188e-01 3.676531466469035170e-01 4.220300640740542453e-01 4.850843055141590421e-01 5.205425945067539972e-01 4.716999417702294473e-01 2.042245683531468403e-01 3.676581146885262719e-01 4.220379271382860287e-01 4.850858399966623269e-01 5.205303431424963545e-01 4.716960237021615709e-01 5.359090580875604248e-02 2.041985270164742294e-01
-4.386554621848738900e-01 4.054766646050129708e-01 4.282760702994830027e-01 4.495448425795751657e-01 4.965013190880950833e-01 4.765112014129045392e-01 2.572142829136643272e-01 4.054803660827309697e-01 4.282824337340113141e-01 4.495505000562388109e-01 4.964944740061427164e-01 4.765078446772403886e-01 5.415581187906766403e-02 2.571854683536984321e-01
-4.436974789915966166e-01 4.240789397917767434e-01 4.405107110372439294e-01 4.285339502327201178e-01 4.874459247617315416e-01 4.739312632409117820e-01 2.943171052181817737e-01 4.240806352283329472e-01 4.405151015014555638e-01 4.285418858295875211e-01 4.874430887891681441e-01 4.739299611088268471e-01 5.397153412729666089e-02 2.942899552700356525e-01
-4.487394957983192878e-01 4.468418723880485666e-01 4.487434727806432488e-01 4.066855335548440475e-01 4.748828472254740252e-01 4.736603367463705361e-01 3.311260899978548666e-01 4.468425476257324447e-01 4.487460323539699258e-01 4.066946068665970304e-01 4.748823741732343118e-01 4.736601209351262165e-01 5.371259447127481323e-02 3.311034999450414573e-01
-4.537815126050419590e-01 4.548682098527830897e-01 4.561994242124606247e-01 4.035455676168607786e-01 4.746915124397090846e-01 4.741897733926836445e-01 3.479881429065790899e-01 4.548677333274424583e-01 4.562008000429982335e-01 4.035544255147658355e-01 4.746927212625555725e-01 4.741906858328277519e-01 5.334945368344953809e-02 3.479687093327665237e-01
-4.588235294117646301e-01 4.623309453454139684e-01 4.627855010218697163e-01 4.016099125020454741e-01 4.747324811423910274e-01 4.751691706957846817e-01 3.629661937980659392e-01 4.623297726194735002e-01 4.627860316669586416e-01 4.016181062172528016e-01 4.747346694246288301e-01 4.751707414346740266e-01 5.299936770480550424e-02 3.629500012278840115e-01
-4.638655462184873568e-01 4.712442083669503567e-01 4.687445546597909241e-01 3.981590245642386838e-01 4.742103424393605549e-01 4.758501781354063098e-01 3.784616238463370252e-01 4.712428273506251708e-01 4.687446327385609290e-01 3.981664089021248465e-01 4.742125172257916632e-01 4.758518295153956745e-01 5.273930991859655804e-02 3.784488509521694022e-01
-4.689075630252100280e-01 4.745931705994432814e-01 4.737886314578917402e-01 4.024839589617392743e-01 4.773481586781064823e-01 4.783623003909280857e-01 3.862403304855173136e-01 4.745914416867721419e-01 4.737882959052632792e-01 4.024903132513124593e-01 4.773508009582217992e-01 4.783643021186343436e-01 5.245273570880178843e-02 3.862298450113400561e-01
-4.739495798319326991e-01 4.778751242272643585e-01 4.773060557731621523e-01 4.084146275351018818e-01 4.811526360208445707e-01 4.819120676283512594e-01 3.914694805835776670e-01 4.778732690722005128e-01 4.773054188255772545e-01 4.084200219120974751e-01 4.811554248716370386e-01 4.819142281840616548e-01 5.229170551491368890e-02 3.914610341605885835e-01
-4.789915966386554258e-01 4.818798019168006874e-01 4.813254201942210320e-01 4.122594537072543086e-01 4.839548348797150235e-01 4.846735650014666330e-01 3.986176269047461140e-01 4.818779619091025923e-01 4.813245982433693726e-01 4.122638738987114970e-01 4.839575741441589640e-01 4.846757203447838447e-01 5.210074520551890437e-02 3.986111876084589278e-01
-4.840336134453780970e-01 4.856348486929625841e-01 4.850760486363661084e-01 4.163256036598515508e-01 4.868202638253826819e-01 4.875000772701840734e-01 4.051268609879025151e-01 4.856331203421968001e-01 4.850751488698694658e-01 4.163291333134979677e-01 4.868228253698570485e-01 4.875021181803129711e-01 5.192976416274496659e-02 4.051221108465683507e-01
-4.890756302521007681e-01 4.893446265104263171e-01 4.883537569807071543e-01 4.209016567298163869e-01 4.893762879905312335e-01 4.907797314773690855e-01 4.109611619943798200e-01 4.893430145850812263e-01 4.883527909646072640e-01 4.209043627747207084e-01 4.893786851211794353e-01 4.907816725411860981e-01 5.175707547594941144e-02 4.109579535735304323e-01
-4.941176470588234948e-01 4.928471132424621093e-01 4.917582230124556419e-01 4.246440381271450182e-01 4.920159161624179101e-01 4.934652850624525744e-01 4.169945595192885435e-01 4.928456942857772360e-01 4.917572836787839075e-01 4.246460015780608721e-01 4.920180315574735341e-01 4.934670203614723860e-01 5.161036667342158712e-02 4.169926353434534327e-01
-4.991596638655461660e-01 4.959512819833100106e-01 4.949060106603980769e-01 4.289127624191135801e-01 4.949748245675330560e-01 4.962960029066280643e-01 4.221300254817932363e-01 4.959500698456755785e-01 4.949051417752454163e-01 4.289141326955466793e-01 4.949766403245600133e-01 4.962975092701852886e-01 5.149982238714967409e-02 4.221290383777485111e-01
-5.042016806722688926e-01 4.988492767603082134e-01 4.978584229605249045e-01 4.332065257670109082e-01 4.979058640863087692e-01 4.990432145449619217e-01 4.268615359881435811e-01 4.988482585784358991e-01 4.978576403466365985e-01 4.332074361375107818e-01 4.979073965283706826e-01 4.990445054268911051e-01 5.139791086812142695e-02 4.268612222555933089e-01
-5.092436974789915638e-01 5.015172181895085624e-01 5.007322980340668250e-01 4.375064365104400221e-01 5.007956734418802514e-01 5.017574325862289575e-01 4.312079872864976182e-01 5.015163775995399309e-01 5.007315769988341936e-01 4.375068816855406384e-01 5.007969649738239770e-01 5.017585319844950487e-01 5.130958002620142344e-02 4.312084168879366519e-01
-5.142857142857142350e-01 5.042016215965592352e-01 5.034708621010123286e-01 4.414813585339234514e-01 5.034976655176435223e-01 5.043849257627321947e-01 4.356167824501854247e-01 5.042009503274174076e-01 5.034702328205504784e-01 4.414814886217145462e-01 5.034987124137729753e-01 5.043858295329217700e-01 5.122818853060712163e-02 4.356176299736553292e-01
-5.193277310924369061e-01 5.067642116091148896e-01 5.060765001100236971e-01 4.453376517943106183e-01 5.061341561056662552e-01 5.069124617594704674e-01 4.397691176454225359e-01 5.067636851316454916e-01 5.060759598136075343e-01 4.453375580506682141e-01 5.061349914289886565e-01 5.069131944937099732e-01 5.115555573820734780e-02 4.397702233603324462e-01
-5.243697478991595773e-01 5.091851474993525084e-01 5.086064636154319363e-01 4.490829559383316405e-01 5.086474084112586613e-01 5.093668357837264349e-01 4.437762183179895792e-01 5.091847476358385416e-01 5.086060028906211894e-01 4.490826757395177671e-01 5.086480606531583737e-01 5.093674162852532827e-01 5.108565596835272504e-02 4.437775373108650556e-01
-5.294117647058822484e-01 5.116215052124745144e-01 5.108823450978126068e-01 4.526072092089027943e-01 5.108606522820291485e-01 5.116702599541176344e-01 4.477110183529085519e-01 5.116199350692025583e-01 5.108775713459847712e-01 4.525940326712999395e-01 5.108644404925011262e-01 5.116732550682432379e-01 5.100895920443790366e-02 4.477440324985347275e-01
-5.344537815126050306e-01 5.138175013320898099e-01 5.132340861230563211e-01 4.560827294940884569e-01 5.132131025860870999e-01 5.139444828774887286e-01 4.513573250776694579e-01 5.138167441800034485e-01 5.132301380164279170e-01 4.560696836197519199e-01 5.132155970633415221e-01 5.139464492708416543e-01 5.094787525962989755e-02 4.513888215271532056e-01
-5.394957983193277018e-01 5.159799180110119510e-01 5.154603851469158338e-01 4.593894340791682129e-01 5.154666399083884798e-01 5.161114744586227099e-01 4.548807944389300362e-01 5.159797973486275335e-01 5.154571463687621646e-01 4.593767362400879573e-01 5.154681008858502667e-01 5.161125991158130866e-01 5.088965384250916657e-02 4.549105464827102874e-01
-5.445378151260503730e-01 5.181060038502975917e-01 5.175816811111568772e-01 4.625272916233600373e-01 5.176286847201625463e-01 5.181895402163688713e-01 4.582690074461325813e-01 5.181063820459421709e-01 5.175790428210348404e-01 4.625150714695955290e-01 5.176293050870465207e-01 5.181899920072342569e-01 5.083435947760744922e-02 4.582969499241438260e-01
-5.495798319327730441e-01 5.200501972034812237e-01 5.196343609564395560e-01 4.656091229990236280e-01 5.196935225711227790e-01 5.201941001209559046e-01 4.615047362239478312e-01 5.200509366989571891e-01 5.196322375950953587e-01 4.655975171239267185e-01 5.196935079082811715e-01 5.201940169760799204e-01 5.077893758207779884e-02 4.615307572318704254e-01
-5.546218487394957153e-01 5.220043640221083692e-01 5.215828363657579736e-01 4.685033220992414482e-01 5.216776931283670926e-01 5.221129303516790499e-01 4.646201802686009685e-01 5.220053847647641021e-01 5.215811408301509466e-01 4.684923479824815717e-01 5.216771600310066148e-01 5.221124277380136958e-01 5.072598741581626353e-02 4.646443782937220712e-01
-5.596638655462183864e-01 5.238389373757443845e-01 5.234653047766213430e-01 4.713143531707156830e-01 5.235509463262314478e-01 5.239399761803045230e-01 4.676469288951101144e-01 5.238401767041542811e-01 5.234639780859845493e-01 4.713039731214491157e-01 5.235500025205512831e-01 5.239391157971523549e-01 5.067212345634820869e-02 4.676694850537492787e-01
-5.647058823529411686e-01 5.255508269352981987e-01 5.253001310041730543e-01 4.740306284308332119e-01 5.253876685554468295e-01 5.257448349124436149e-01 4.704579931540849858e-01 5.255521913627915209e-01 5.252991028544660157e-01 4.740209568053345146e-01 5.253864497075669826e-01 5.257437383969139066e-01 5.062067901241845691e-02 4.704787715968695716e-01
-5.697478991596638398e-01 5.272487902010009053e-01 5.270152770760421213e-01 4.766129608530453865e-01 5.271368138356709032e-01 5.274174186406858089e-01 4.732189061984038436e-01 5.272502238624603432e-01 5.270144964901802842e-01 4.766039943830555625e-01 5.271354031523142192e-01 5.274161567181628874e-01 5.057047872203930539e-02 4.732379864311959117e-01
-5.747899159663865110e-01 5.289082813965128027e-01 5.286656308079309419e-01 4.790442944828893768e-01 5.287468085803435081e-01 5.290113496489021738e-01 4.759435704843594239e-01 5.289097267311714257e-01 5.286650505638526010e-01 4.790360546339300640e-01 5.287452900618077045e-01 5.290099942332194827e-01 5.052058316136551208e-02 4.759609732889438227e-01
-5.798319327731091821e-01 5.305158875990463319e-01 5.302475604420734401e-01 4.813727392292859730e-01 5.302988278468223626e-01 5.305886388096330286e-01 4.784985564700207084e-01 5.305173389412387586e-01 5.302471465093030467e-01 4.813651328917228356e-01 5.302972208829681566e-01 5.305872079373834538e-01 5.047233100094698083e-02 4.785145172336017216e-01
-5.848739495798318533e-01 5.319727646233317619e-01 5.317777793992388702e-01 4.836755809980659016e-01 5.318404798561833235e-01 5.320499985514937080e-01 4.809378307216347626e-01 5.319741833896011185e-01 5.317774962984906928e-01 4.836686233263435830e-01 5.318388507415700017e-01 5.320485435482612546e-01 5.042230034467981570e-02 4.809523596722100058e-01
-5.899159663865545244e-01 5.333249499420837925e-01 5.331272623634986108e-01 4.859378525820828298e-01 5.332419824834168098e-01 5.334303049700175325e-01 4.830874397564989264e-01 5.333264576235834387e-01 5.331271034125635300e-01 4.859311040879943921e-01 5.332402018673478850e-01 5.334287141199421933e-01 5.036011578764619523e-02 4.831014462600561887e-01
-5.949579831932771956e-01 5.348153052167092802e-01 5.345734339275032276e-01 4.880041967807008385e-01 5.346502586699148907e-01 5.348802370516213545e-01 4.855532629207311990e-01 5.348166507459212182e-01 5.345733526309789374e-01 4.879983225443057515e-01 5.346486241004273499e-01 5.348787724022809886e-01 5.031747646176300270e-02 4.855654069125546757e-01
-5.999999999999999778e-01 5.360098286383231381e-01 5.358423236923310906e-01 4.900379566122138875e-01 5.359428034240204530e-01 5.360976966188393256e-01 4.874929243495146336e-01 5.360112223919140106e-01 5.358423246000745266e-01 4.900322773734848147e-01 5.359410833334464774e-01 5.360961510184418799e-01 5.026064260734465494e-02 4.875046178765375937e-01
