0.000000000000000000e+00 -1.689011723920952335e-02 -1.688915906762606875e-02 -1.016652817942706039e-01 -2.708891162022123988e-01
-5.042016806722688510e-03 -1.688768342064167483e-02 -1.688697293157197243e-02 -1.016662850454787825e-01 -2.708973594843651633e-01
-1.008403361344537702e-02 -1.688401624327395129e-02 -1.688319306940128106e-02 -1.016616062132946058e-01 -2.709219735739529233e-01
-1.512605042016806553e-02 -1.688020805530520557e-02 -1.687954726691593202e-02 -1.016474331359162042e-01 -2.709636203448262948e-01
-2.016806722689075404e-02 -1.687263311546137456e-02 -1.687193361924876553e-02 -1.016360342601250605e-01 -2.710213533290696808e-01
-2.521008403361344255e-02 -1.686186573243472417e-02 -1.686115250219240996e-02 -1.016194563627944303e-01 -2.710955988662708260e-01
-3.025210084033613106e-02 -1.685169276028324753e-02 -1.685103792286755248e-02 -1.015916933596063554e-01 -2.711874395202963917e-01
-3.529411764705882304e-02 -1.683750031538595870e-02 -1.683686463104889369e-02 -1.015699507110646854e-01 -2.712952949521093560e-01
-4.033613445378150808e-02 -1.682019014422899902e-02 -1.681950084955865718e-02 -1.015363647493499610e-01 -2.714204949463938643e-01
-4.537815126050419312e-02 -1.680285157449128847e-02 -1.680214383286680185e-02 -1.015048426975447143e-01 -2.715622024010158064e-01
-5.042016806722688510e-02 -1.678247937695648284e-02 -1.678164205550136678e-02 -1.014585850949935031e-01 -2.717215369316778872e-01
-5.546218487394957708e-02 -1.675983733579562707e-02 -1.675894493648866918e-02 -1.014203005128350293e-01 -2.718975744701510044e-01
-6.050420168067226212e-02 -1.673301634252792255e-02 -1.671644952603730180e-02 -1.013818184221266516e-01 -2.720941616217990022e-01
-6.554621848739494716e-02 -1.670130535981627362e-02 -1.669961091262165201e-02 -1.013141560751354142e-01 -2.723097080810717996e-01
-7.058823529411764608e-02 -1.667265844680243178e-02 -1.667023241057462996e-02 -1.012608076060162177e-01 -2.725395013267093436e-01
-7.563025210084033112e-02 -1.664374359362294845e-02 -1.664123736226153991e-02 -1.011801621305961907e-01 -2.727878935274433703e-01
-8.067226890756301616e-02 -1.661020521637816480e-02 -1.660750835806902928e-02 -1.011159583562877690e-01 -2.730536635968853210e-01
-8.571428571428570120e-02 -1.656444579194637015e-02 -1.656119198966361436e-02 -1.010223442670522831e-01 -2.733377355263893471e-01
-9.075630252100838624e-02 -1.653159988014580098e-02 -1.652819176451785985e-02 -1.009422840556421369e-01 -2.736418157783735983e-01
-9.579831932773108516e-02 -1.649138506837784582e-02 -1.648780407636308426e-02 -1.008661903320919040e-01 -2.739637019649057703e-01
-1.008403361344537702e-01 -1.644311583898964285e-02 -1.643921860306874622e-02 -1.007648464598580873e-01 -2.743051133633540029e-01
-1.058823529411764552e-01 -1.639892297317235154e-02 -1.639459366450185529e-02 -1.006664621517339570e-01 -2.746654371104590431e-01
-1.109243697478991542e-01 -1.634368989832159919e-02 -1.633899589957523574e-02 -1.005444540129116632e-01 -2.750456864807331869e-01
-1.159663865546218392e-01 -1.629504299157041175e-02 -1.628984338834737339e-02 -1.004394831239662222e-01 -2.754452045402412397e-01
-1.210084033613445242e-01 -1.623671898459822308e-02 -1.623073025764280863e-02 -1.002988148835740057e-01 -2.758656609659679848e-01
-1.260504201680672232e-01 -1.618239706530840913e-02 -1.617608029367099270e-02 -1.001769471957602298e-01 -2.763057249440701857e-01
-1.310924369747898943e-01 -1.611476646276804869e-02 -1.610682663655724212e-02 -1.000282551493578281e-01 -2.767674842985865524e-01
-1.361344537815125932e-01 -1.605411421611068271e-02 -1.604607900473209101e-02 -9.988818206046540249e-02 -2.772493386178628283e-01
-1.411764705882352922e-01 -1.596970282010304332e-02 -1.596369265357027931e-02 -9.973637710890541352e-02 -2.777542935404480606e-01
-1.462184873949579633e-01 -1.589854369297228481e-02 -1.589324825218051129e-02 -9.956385947826247584e-02 -2.782800288981615022e-01
-1.512605042016806622e-01 -1.581508613053931103e-02 -1.580852716229446883e-02 -9.940113373694603460e-02 -2.788281300553503983e-01
-1.563025210084033334e-01 -1.572703832115215569e-02 -1.572048501789334585e-02 -9.922928236370121002e-02 -2.793988689175396223e-01
-1.613445378151260323e-01 -1.563384362086679691e-02 -1.562654816798916477e-02 -9.905157983769506680e-02 -2.799929975324100817e-01
-1.663865546218487312e-01 -1.553111558089533169e-02 -1.552422443287918528e-02 -9.887039552212288640e-02 -2.806104087275800851e-01
-1.714285714285714024e-01 -1.539772738262330451e-02 -1.539261341112217914e-02 -9.871282801087254144e-02 -2.812530284005851922e-01
-1.764705882352941013e-01 -1.529019093509793349e-02 -1.528822774852162808e-02 -9.850024961705375337e-02 -2.819197999970837198e-01
-1.815126050420167725e-01 -1.510794029810723013e-02 -1.510858522612414274e-02 -9.836607559309186455e-02 -2.826131704098636677e-01
-1.865546218487394714e-01 -1.489061076436709943e-02 -1.488976013663937878e-02 -9.824927531805172087e-02 -2.833367896474415226e-01
-1.915966386554621703e-01 -1.397921216758914870e-02 -1.397487786142329047e-02 -9.875998171318135788e-02 -2.841350235554807035e-01
-1.966386554621848415e-01 -1.332517208192788780e-02 -1.327731563377276824e-02 -9.937271298617417203e-02 -2.850451399291519250e-01
-2.016806722689075404e-01 -1.312417946155035320e-02 -1.307606654674762191e-02 -9.923814061249459917e-02 -2.859051943864721612e-01
-2.067226890756302393e-01 -1.288310020769174204e-02 -1.282169315622458741e-02 -9.914217167357208815e-02 -2.867937134870577887e-01
-2.117647058823529105e-01 -1.272885399891545040e-02 -1.266807766355666949e-02 -9.888279619455955793e-02 -2.877108299061865160e-01
-2.168067226890756094e-01 -1.244179974887083158e-02 -1.235513672743832753e-02 -9.882270415354117710e-02 -2.886585664812536534e-01
-2.218487394957983083e-01 -1.226177956847096170e-02 -1.216830564775643782e-02 -9.854828687469467663e-02 -2.896348888242467057e-01
-2.268907563025209795e-01 -1.192004791147389595e-02 -1.177492742898178339e-02 -9.856527202427328715e-02 -2.906481866527223512e-01
-2.319327731092436784e-01 -1.165401602550656182e-02 -1.152671650842863708e-02 -9.842998313490980422e-02 -2.916895686254150077e-01
-2.369747899159663496e-01 -1.139945648442686373e-02 -1.128282036646796258e-02 -9.821098717381941678e-02 -2.927575635922104458e-01
-2.420168067226890485e-01 -1.111080831328476771e-02 -1.099109873718883898e-02 -9.809284122698255781e-02 -2.938561191419499230e-01
-2.470588235294117474e-01 -1.084726892102558064e-02 -1.073788709129987716e-02 -9.790667641446437752e-02 -2.949795276972007607e-01
-2.521008403361344463e-01 -1.037246062728741473e-02 -1.046831487794125035e-02 -9.782743056608929344e-02 -2.961525403612427776e-01
-2.571428571428571175e-01 -1.001139534143817567e-02 -1.011218106847958619e-02 -9.769331858338307917e-02 -2.973548111573183217e-01
-2.621848739495797886e-01 -9.687289596649478057e-03 -9.806410079304356264e-03 -9.751282411017883622e-02 -2.985809162220740554e-01
-2.672268907563025153e-01 -9.339460055584749426e-03 -9.498833289515212081e-03 -9.732953463334544086e-02 -2.998384880939168329e-01
-2.722689075630251865e-01 -9.003386178133732098e-03 -9.198658855584141911e-03 -9.712116822898007873e-02 -3.011272774526604357e-01
-2.773109243697478576e-01 -8.671939647216492242e-03 -8.901669715379489228e-03 -9.689369774084610754e-02 -3.024472915677713369e-01
-2.823529411764705843e-01 -8.438815894842657123e-03 -8.695078466130235287e-03 -9.657035693280999200e-02 -3.037975790685104593e-01
-2.873949579831932555e-01 -8.217029842958682717e-03 -8.463042207698055416e-03 -9.628112489962038778e-02 -3.051751952854117045e-01
-2.924369747899159266e-01 -8.033516301563703790e-03 -8.186803653317663299e-03 -9.603109109312397973e-02 -3.065781813148442669e-01
-2.974789915966385978e-01 -7.513390136517391141e-03 -7.773477952218006692e-03 -9.581472577608200758e-02 -3.080273511893579785e-01
-3.025210084033613245e-01 -7.211756260843501035e-03 -7.464869389899817138e-03 -9.550335168355648940e-02 -3.094999307816718725e-01
-3.075630252100839956e-01 -6.990478956367107526e-03 -7.239662024234826826e-03 -9.515636658957069005e-02 -3.109996199586465004e-01
-3.126050420168066668e-01 -6.759247221146520712e-03 -7.002430810883274181e-03 -9.481518936701938127e-02 -3.125263359494517834e-01
-3.176470588235293935e-01 -6.322412638831644179e-03 -6.532345873739743049e-03 -9.453833464259546460e-02 -3.140919357392008560e-01
-3.226890756302520646e-01 -6.100310807300573894e-03 -6.316536160501030200e-03 -9.418168029734681757e-02 -3.156807376739991233e-01
-3.277310924369747358e-01 -5.866512644114888972e-03 -6.083945484189773670e-03 -9.380349574517833633e-02 -3.172983390601051834e-01
-3.327731092436974625e-01 -5.232795375512301096e-03 -5.603836628285166141e-03 -9.334607650458358330e-02 -3.187867924878564074e-01
-3.378151260504201336e-01 -4.915497267355064745e-03 -5.313852195555378299e-03 -9.298890746591617629e-02 -3.204847357410114395e-01
-3.428571428571428048e-01 -4.686504855220170046e-03 -5.049364234127421205e-03 -9.263917950852736116e-02 -3.221990400782517305e-01
-3.478991596638655315e-01 -4.569187033252296477e-03 -4.730662771732225061e-03 -9.201583967844251255e-02 -3.240414090689663351e-01
-3.529411764705882026e-01 -4.738699609208022433e-03 -4.855025439453843766e-03 -9.154392478626918739e-02 -3.262215555025210767e-01
-3.579831932773108738e-01 -4.512271198592034301e-03 -4.589229653848831206e-03 -9.138808635437348227e-02 -3.283057578218247508e-01
-3.630252100840335450e-01 -4.280923023850353830e-03 -4.446653433362458829e-03 -9.087205344903273585e-02 -3.301119301101235193e-01
-3.680672268907562716e-01 -3.991231251903755266e-03 -4.091253463867686874e-03 -9.052733138146867864e-02 -3.319699474837856101e-01
-3.731092436974789428e-01 -3.725788548815259574e-03 -3.780646493959154315e-03 -9.007758648037661464e-02 -3.338337441592396093e-01
-3.781512605042016140e-01 -3.431695589078834555e-03 -3.525674806844993070e-03 -8.957965257810673876e-02 -3.357216299269160098e-01
-3.831932773109243406e-01 -3.158145375183587979e-03 -3.212061713184038297e-03 -8.913723861776333413e-02 -3.376479924567752366e-01
-3.882352941176470118e-01 -2.845524385158852611e-03 -2.929111977158956482e-03 -8.859841183992817060e-02 -3.395939214170629605e-01
-3.932773109243696830e-01 -2.570519276455236150e-03 -2.684910834534321410e-03 -8.807558623349945326e-02 -3.415755125370573131e-01
-3.983193277310924096e-01 -2.304308136932524918e-03 -2.392049591004953568e-03 -8.753872722111773197e-02 -3.435769698395045313e-01
-4.033613445378150808e-01 -1.969579431934977316e-03 -2.140559509599855147e-03 -8.709724835936637211e-02 -3.456038426595841040e-01
-4.084033613445377520e-01 -1.724184202799533376e-03 -1.839869182228644987e-03 -8.650621068649148870e-02 -3.476626967501517118e-01
-4.134453781512604786e-01 -1.381872528651296485e-03 -1.526826469070501416e-03 -8.587316914563555836e-02 -3.497497611559642339e-01
-4.184873949579831498e-01 -1.118562138307145279e-03 -1.257180553473786436e-03 -8.543266342671428093e-02 -3.518595378420443787e-01
-4.235294117647058210e-01 -7.727199204799906768e-04 -9.721957744962270512e-04 -8.463214253145623367e-02 -3.540226883247473144e-01
-4.285714285714285476e-01 -4.490172529673227761e-04 -6.010442365982455667e-04 -8.410431005301817475e-02 -3.562029903538030395e-01
-4.336134453781512188e-01 -1.411233195679519048e-04 -3.052880107709508850e-04 -8.349197022806222057e-02 -3.584045494377441354e-01
-4.386554621848738900e-01 1.737313263706716931e-04 -2.107249001978648423e-06 -8.287557747015972254e-02 -3.606343716813695810e-01
-4.436974789915966166e-01 4.825925912606537221e-04 3.173336205837084915e-04 -8.221156344135471805e-02 -3.628932110859424687e-01
-4.487394957983192878e-01 7.989309747578141746e-04 6.254420493815495558e-04 -8.155214232071457403e-02 -3.651810122217522547e-01
-4.537815126050419590e-01 1.111492230781404786e-03 9.268311180297690403e-04 -8.092296578107924243e-02 -3.674974467851425119e-01
-4.588235294117646301e-01 1.442641748923264265e-03 1.244719992456851543e-03 -8.019373564617997274e-02 -3.698446450038229694e-01
-4.638655462184873568e-01 1.757774501274003351e-03 1.562812714951881780e-03 -7.949700983050853043e-02 -3.722196902749620451e-01
-4.689075630252100280e-01 2.079591564431067414e-03 1.873410473020325866e-03 -7.879180158411114299e-02 -3.746235779916696762e-01
-4.739495798319326991e-01 2.392337342548745902e-03 2.192546117105838559e-03 -7.807582611242626369e-02 -3.770565005972564832e-01
-4.789915966386554258e-01 2.711031191361213365e-03 2.498515950933713915e-03 -7.737703597211315065e-02 -3.795180749929955022e-01
-4.840336134453780970e-01 3.058063450819272291e-03 2.800005920689534970e-03 -7.668370618863838695e-02 -3.820079643949126913e-01
-4.890756302521007681e-01 3.415217002673822874e-03 3.101448962853623793e-03 -7.594667758143662517e-02 -3.845256267147368900e-01
-4.941176470588234948e-01 3.766027507618174841e-03 3.443546323313294993e-03 -7.505073998282303649e-02 -3.870729058204815942e-01
-4.991596638655461660e-01 4.085240156385597579e-03 3.794725754595789161e-03 -7.418466895224301583e-02 -3.896498443556835056e-01
-5.042016806722688926e-01 4.408582133620005117e-03 4.115265588535092084e-03 -7.335921151493443593e-02 -3.922562404368727940e-01
-5.092436974789915638e-01 4.671430553029508326e-03 4.383472749792756765e-03 -7.261090718233995100e-02 -3.948922777832173936e-01
-5.142857142857142350e-01 5.001063946099034221e-03 4.726481388810099826e-03 -7.176986912273715380e-02 -3.975579941697380271e-01
-5.193277310924369061e-01 5.287379280928140163e-03 4.988630366266559590e-03 -7.106475473664498888e-02 -4.002505820940506220e-01
-5.243697478991595773e-01 5.620792077751655264e-03 5.345331011091206119e-03 -7.012821772050792379e-02 -4.029711616792654993e-01
-5.294117647058822484e-01 5.931855139244707545e-03 5.616768187833954401e-03 -6.938338246836751877e-02 -4.057196084907369604e-01
-5.344537815126050306e-01 6.228203982527361418e-03 5.935597369250488614e-03 -6.844469744746917161e-02 -4.084979628865825774e-01
-5.394957983193277018e-01 6.528642488660984372e-03 6.209723399186227802e-03 -6.768098376709837105e-02 -4.113021960827784040e-01
-5.445378151260503730e-01 6.875454506764067802e-03 6.546728288440039137e-03 -6.667545621447446003e-02 -4.141342601847635141e-01
-5.495798319327730441e-01 7.137295967996284789e-03 6.825738004944940755e-03 -6.589878818273547934e-02 -4.169942963061015195e-01
-5.546218487394957153e-01 7.449823116436314965e-03 7.170431826029845766e-03 -6.490886658858173452e-02 -4.198818108581934272e-01
-5.596638655462183864e-01 7.729063108334512794e-03 7.417513408998981095e-03 -6.411210037385793592e-02 -4.227960792462218120e-01
-5.647058823529411686e-01 8.026110529240820801e-03 7.738262220864418860e-03 -6.313643702430614402e-02 -4.257377910658985409e-01
-5.697478991596638398e-01 8.304841231028394638e-03 8.000824191786774092e-03 -6.230292268359571145e-02 -4.287055727655164072e-01
-5.747899159663865110e-01 8.598374352248716948e-03 8.312386587459141829e-03 -6.131473447280313960e-02 -4.317001634336262716e-01
-5.798319327731091821e-01 8.871923920809335340e-03 8.571903736970157284e-03 -6.046218672149526047e-02 -4.347203932915961189e-01
-5.848739495798318533e-01 9.153209828010891447e-03 8.876097289804360524e-03 -5.947220008395747576e-02 -4.377669981948950628e-01
-5.899159663865545244e-01 9.424074130871991362e-03 9.127213402197503073e-03 -5.860451414590197444e-02 -4.408385430047677689e-01
-5.949579831932771956e-01 9.693390705829228043e-03 9.423645370318912279e-03 -5.761917547710541238e-02 -4.439371857741725158e-01
-5.999999999999999778e-01 9.958436489567177793e-03 9.678567665360331834e-03 -5.672063182994820790e-02 -4.470590780661629626e-01
