0.000000000000000000e+00 5.936277256866411278e-01 7.835115168806293081e-04 -1.626953864231754920e-01 -2.527901031676199617e-01 -5.279508358343126817e-01 -4.270462460488700165e-04 -5.280614548241141515e-01 -1.086428567523648749e-04 0.000000000000000000e+00 -2.946533637558193617e-03 0.000000000000000000e+00 -3.322808803641448972e-03 0.000000000000000000e+00 3.720167825182362680e-04 0.000000000000000000e+00 5.074859718438760048e+00 2.584629185389521577e+00 4.341534795268188418e+00 5.445505549616368457e-01
-5.042016806722688510e-03 5.931263187152367999e-01 3.975493023846036339e-03 -1.625853363071244895e-01 -2.526605027613796906e-01 -5.282856984260726474e-01 5.229727530193907861e-04 -5.283213859188566897e-01 5.703345986114629479e-04 0.000000000000000000e+00 -4.637462956477381854e-03 0.000000000000000000e+00 -4.817137730411620057e-03 0.000000000000000000e+00 -4.971588603340743560e-03 0.000000000000000000e+00 5.075473998096031281e+00 2.583718946371403646e+00 4.344265684302838437e+00 5.470097647198181035e-01
-1.008403361344537702e-02 5.930542706181131107e-01 6.943486356573966116e-03 -1.621988736354251504e-01 -2.522853799175600598e-01 -5.283471229684150172e-01 1.502106783899958197e-03 -5.283665808741396797e-01 1.420775474023732365e-03 0.000000000000000000e+00 -8.880216070364722533e-03 0.000000000000000000e+00 -8.975181009677386107e-03 0.000000000000000000e+00 -1.269366772605219455e-02 0.000000000000000000e+00 5.075847566116237886e+00 2.583314895088288932e+00 4.346418648830749909e+00 5.491295566127916139e-01
-1.512605042016806553e-02 5.934402270858045725e-01 1.005488234805057210e-02 -1.615848450596212849e-01 -2.517149225680947455e-01 -5.281098575388785132e-01 2.463327235373592109e-03 -5.281271077863491925e-01 2.321149969089517616e-03 0.000000000000000000e+00 -1.389249570049989543e-02 0.000000000000000000e+00 -1.396827136987457973e-02 0.000000000000000000e+00 -2.013365404485436064e-02 0.000000000000000000e+00 5.075874124268865195e+00 2.583420760108052772e+00 4.348606566843024268e+00 5.512679072145799664e-01
-2.016806722689075404e-02 5.940580270713429201e-01 1.314753686463455279e-02 -1.608007637414606839e-01 -2.510273504467315786e-01 -5.276649821772706472e-01 3.511844192446262995e-03 -5.276803349364571627e-01 3.311554640654187660e-03 0.000000000000000000e+00 -1.944899455604229971e-02 0.000000000000000000e+00 -1.950622338884798468e-02 0.000000000000000000e+00 -2.755114655272505875e-02 0.000000000000000000e+00 5.075731748224232120e+00 2.583729386960252672e+00 4.350928590303706045e+00 5.535491513858972201e-01
-2.521008403361344255e-02 5.946558311239609207e-01 1.626006789902071162e-02 -1.599445817037116468e-01 -2.503036880527131358e-01 -5.271380536005050299e-01 4.595450473504961858e-03 -5.271505117022404763e-01 4.319772052685738953e-03 0.000000000000000000e+00 -2.492528714242318866e-02 0.000000000000000000e+00 -2.495626624821691356e-02 0.000000000000000000e+00 -3.477281922923731311e-02 0.000000000000000000e+00 5.075444218940450725e+00 2.584189971081871207e+00 4.353820081084265325e+00 5.563677292461122192e-01
-3.025210084033613106e-02 5.951390906163374073e-01 1.941171897554482689e-02 -1.590852645020194023e-01 -2.495983019103530376e-01 -5.265858713039585082e-01 5.674324333576017190e-03 -5.265951053881841037e-01 5.343921405570827531e-03 0.000000000000000000e+00 -3.000800194874404803e-02 0.000000000000000000e+00 -3.000870030568721786e-02 0.000000000000000000e+00 -4.170489281981944185e-02 0.000000000000000000e+00 5.075081338856997526e+00 2.584824807821775927e+00 4.357388541742069243e+00 5.598241199065417950e-01
-3.529411764705882304e-02 5.957618933681154694e-01 2.247401657291701535e-02 -1.581312014542326227e-01 -2.488428211021660452e-01 -5.258088998422499882e-01 6.850595515867316868e-03 -5.258131054142632932e-01 6.466937349145098976e-03 0.000000000000000000e+00 -3.578915910426979513e-02 0.000000000000000000e+00 -3.574491628592373765e-02 0.000000000000000000e+00 -4.904555124454671594e-02 0.000000000000000000e+00 5.074646782121345012e+00 2.585580526336893836e+00 4.361171315784373448e+00 5.635310810922409264e-01
-4.033613445378150808e-02 5.964439683405763359e-01 2.555490957991057160e-02 -1.571155268027919494e-01 -2.479158161505478908e-01 -5.249160061377409203e-01 8.132955558446723632e-03 -5.249125475501270621e-01 7.638308181555050411e-03 0.000000000000000000e+00 -4.173984002614018057e-02 0.000000000000000000e+00 -4.163908482157042262e-02 0.000000000000000000e+00 -5.619564047326152528e-02 0.000000000000000000e+00 5.074055478018242304e+00 2.586414462555219007e+00 4.365154758257697054e+00 5.674439109806218573e-01
-4.537815126050419312e-02 5.970429199772668838e-01 2.864873586027218838e-02 -1.562223625547468631e-01 -2.469746261419995259e-01 -5.239393347613919838e-01 9.406474694635470410e-03 -5.239293110224361172e-01 8.823964280901376925e-03 0.000000000000000000e+00 -4.760585290836814171e-02 0.000000000000000000e+00 -4.744498462408460598e-02 0.000000000000000000e+00 -6.320283308918099585e-02 0.000000000000000000e+00 5.073414482495981481e+00 2.587412885056733280e+00 4.369749414427749556e+00 5.719527571561463519e-01
-5.042016806722688510e-02 5.976601015527845950e-01 3.172728890216468950e-02 -1.553780266750421912e-01 -2.457637514238737719e-01 -5.228254944976610252e-01 1.077684808480151163e-02 -5.228162497470771886e-01 1.011433483628651660e-02 0.000000000000000000e+00 -5.391075057211115740e-02 0.000000000000000000e+00 -5.367673838752701904e-02 0.000000000000000000e+00 -7.028673722947482994e-02 0.000000000000000000e+00 5.072692103083057624e+00 2.588544864182224625e+00 4.374617966653492118e+00 5.767741542155528922e-01
-5.546218487394957708e-02 5.982106424074310480e-01 3.485783006264148859e-02 -1.547416142475220024e-01 -2.443643804097219430e-01 -5.216636926197268931e-01 1.213888587541094369e-02 -5.216425121155232603e-01 1.137483782058041487e-02 0.000000000000000000e+00 -6.009004607205933185e-02 0.000000000000000000e+00 -5.978329129330921254e-02 0.000000000000000000e+00 -7.706982462727825223e-02 0.000000000000000000e+00 5.071918517627604039e+00 2.589771717301426968e+00 4.379782751740425972e+00 5.818759194429611314e-01
-6.050420168067226212e-02 5.985317986135247903e-01 3.822970058853869535e-02 -1.541567314447749304e-01 -2.433152275361130656e-01 -5.206765277733329533e-01 1.339906635591839659e-02 -5.206515875041001218e-01 1.254425477051411032e-02 0.000000000000000000e+00 -6.467213977877366016e-02 0.000000000000000000e+00 -6.430892890667162798e-02 0.000000000000000000e+00 -8.287436365152421602e-02 0.000000000000000000e+00 5.070996019439884428e+00 2.591224024200259546e+00 4.385664973057437521e+00 5.875847017563354813e-01
-6.554621848739494716e-02 5.991800378487047718e-01 4.091240541339736386e-02 -1.540289792937311886e-01 -2.407516835747068873e-01 -5.189076524925850809e-01 1.502364286758593216e-02 -5.188765687729695042e-01 1.399498050352670706e-02 0.000000000000000000e+00 -7.368972760683488443e-02 0.000000000000000000e+00 -7.321248371854591208e-02 0.000000000000000000e+00 -9.101773600821852495e-02 0.000000000000000000e+00 5.070163392103433253e+00 2.592419835665563888e+00 4.391143343031910007e+00 5.931982645312919855e-01
-7.058823529411764608e-02 5.961396375988528007e-01 4.381806984272813843e-02 -2.456990011418097031e-01 -1.666097822597305822e-01 -5.128937433006337532e-01 1.659522391916611050e-02 -5.129565168924566931e-01 1.589037617920516926e-02 0.000000000000000000e+00 -9.162332554014564201e-02 0.000000000000000000e+00 -9.138734722935656918e-02 0.000000000000000000e+00 -1.058457065913304962e-01 0.000000000000000000e+00 5.062861715571592036e+00 2.603400352455208289e+00 4.391083047316740817e+00 5.925188725660994749e-01
-7.563025210084033112e-02 5.964291344262097061e-01 4.718687138746371218e-02 -2.442909495875954518e-01 -1.663235078437387271e-01 -5.116176189975886190e-01 1.782887958581767449e-02 -5.116113002336581950e-01 1.717394714664187763e-02 0.000000000000000000e+00 -9.552699011372936533e-02 0.000000000000000000e+00 -9.519085162444584913e-02 0.000000000000000000e+00 -1.117796522616955890e-01 0.000000000000000000e+00 5.060935569428173686e+00 2.605484974370137596e+00 4.397854132888047829e+00 5.989150302423834615e-01
-8.067226890756301616e-02 5.966639517355258882e-01 5.032873326200691666e-02 -2.418568422357544601e-01 -1.655821655852038055e-01 -5.098133904978837672e-01 1.906483050878652816e-02 -5.097811711083227726e-01 1.840962646172242950e-02 0.000000000000000000e+00 -1.027325196912460270e-01 0.000000000000000000e+00 -1.022989786011597457e-01 0.000000000000000000e+00 -1.188442439920058408e-01 0.000000000000000000e+00 5.058788038652337171e+00 2.608257021481586779e+00 4.404141747506943538e+00 6.049943741900680738e-01
-8.571428571428570120e-02 5.965905814696278453e-01 5.389550240397097264e-02 -2.395956997854333248e-01 -1.648885642339858459e-01 -5.080277486575197621e-01 2.054166191391284049e-02 -5.079975305944788300e-01 1.983357939293222544e-02 0.000000000000000000e+00 -1.099011294530409522e-01 0.000000000000000000e+00 -1.094796039208585231e-01 0.000000000000000000e+00 -1.249819355069387988e-01 0.000000000000000000e+00 5.056222887682425338e+00 2.611822391128319598e+00 4.409648663572522942e+00 6.103537690147061712e-01
-9.075630252100838624e-02 5.968728850028364175e-01 5.685968426222723360e-02 -2.375158187463229931e-01 -1.637647561991810163e-01 -5.058660654135380685e-01 2.173984817007065806e-02 -5.058380342888286751e-01 2.108198809320665015e-02 0.000000000000000000e+00 -1.171461726772082129e-01 0.000000000000000000e+00 -1.166528150663138225e-01 0.000000000000000000e+00 -1.316309678994034560e-01 0.000000000000000000e+00 5.054536130912399727e+00 2.614214613499139084e+00 4.416420092887734405e+00 6.169475843714652408e-01
-9.579831932773108516e-02 5.969549653363738217e-01 6.002469273013197326e-02 -2.355459143900008323e-01 -1.626199626251307040e-01 -5.037184432956558489e-01 2.311433026672022120e-02 -5.036908226846100733e-01 2.247281635300132571e-02 0.000000000000000000e+00 -1.242479760171168041e-01 0.000000000000000000e+00 -1.237451369403110707e-01 0.000000000000000000e+00 -1.376644072983340128e-01 0.000000000000000000e+00 5.052585904510618064e+00 2.616904298696969722e+00 4.422521092572363699e+00 6.228917007013805573e-01
-1.008403361344537702e-01 5.969691784958730540e-01 6.321580154251364714e-02 -2.336756683551366176e-01 -1.612832016989812212e-01 -5.015005076465473000e-01 2.449476122015824958e-02 -5.014774005346004371e-01 2.387540921069805991e-02 0.000000000000000000e+00 -1.312627790520768667e-01 0.000000000000000000e+00 -1.307773551946140311e-01 0.000000000000000000e+00 -1.434774852053399552e-01 0.000000000000000000e+00 5.050610825146257810e+00 2.619649648131524788e+00 4.428654713272559995e+00 6.288718699651764110e-01
-1.058823529411764552e-01 5.970020600375921527e-01 6.639791786516527350e-02 -2.318596472253776630e-01 -1.598983449846864691e-01 -4.992221509703410054e-01 2.586097446691018251e-02 -4.992044135037563279e-01 2.527280800203149727e-02 0.000000000000000000e+00 -1.379944929269925902e-01 0.000000000000000000e+00 -1.375315968108134779e-01 0.000000000000000000e+00 -1.490295308374816607e-01 0.000000000000000000e+00 5.048695273342573842e+00 2.622298966673692000e+00 4.434841003350114441e+00 6.349206852880008300e-01
-1.109243697478991542e-01 5.970165248412623304e-01 6.957252269523629684e-02 -2.300753463016136646e-01 -1.584282469550450934e-01 -4.968429694841234867e-01 2.722981032660640524e-02 -4.968434058924771080e-01 2.670969452899975630e-02 0.000000000000000000e+00 -1.447015517649598848e-01 0.000000000000000000e+00 -1.442688140596645741e-01 0.000000000000000000e+00 -1.543563938709415218e-01 0.000000000000000000e+00 5.046845082955349504e+00 2.624897814586544698e+00 4.440931400889871483e+00 6.408861687579826549e-01
-1.159663865546218392e-01 5.970620055218310851e-01 7.272308661629643678e-02 -2.282405935412599729e-01 -1.569619109423814329e-01 -4.943991200240978046e-01 2.860534461424552033e-02 -4.943935967729231606e-01 2.811391694223674617e-02 0.000000000000000000e+00 -1.512691028327944609e-01 0.000000000000000000e+00 -1.508758378190398763e-01 0.000000000000000000e+00 -1.594474968800148607e-01 0.000000000000000000e+00 5.045047411677574978e+00 2.627348582594963844e+00 4.447037682225238875e+00 6.468787867379258705e-01
-1.210084033613445242e-01 5.972421208826004246e-01 7.589782080859577840e-02 -2.262542013322183243e-01 -1.556796376373773549e-01 -4.920192934060907408e-01 2.995296498781117520e-02 -4.920216917401462609e-01 2.951051557935108899e-02 0.000000000000000000e+00 -1.571176464152054530e-01 0.000000000000000000e+00 -1.567570433560728227e-01 0.000000000000000000e+00 -1.641633141063482126e-01 0.000000000000000000e+00 5.043438297952419269e+00 2.629591509762296830e+00 4.453183454411570708e+00 6.529648403318745187e-01
-1.260504201680672232e-01 5.974494266102337026e-01 7.904584193856994956e-02 -2.241052955434892358e-01 -1.545606817465878802e-01 -4.894980236538212237e-01 3.129557663180011773e-02 -4.894984308995365963e-01 3.088999922889746827e-02 0.000000000000000000e+00 -1.631345340679590805e-01 0.000000000000000000e+00 -1.628113753777313266e-01 0.000000000000000000e+00 -1.686641532949240685e-01 0.000000000000000000e+00 5.041906720419212284e+00 2.631683652687267561e+00 4.459339042876615089e+00 6.590914487115456799e-01
-1.310924369747898943e-01 5.977361704607357940e-01 8.221496200992993442e-02 -2.217457693518402051e-01 -1.535704064710944061e-01 -4.870269696143152416e-01 3.264265717495217628e-02 -4.870370704926592076e-01 3.229246681479782527e-02 0.000000000000000000e+00 -1.687206898782556697e-01 0.000000000000000000e+00 -1.684337149742476669e-01 0.000000000000000000e+00 -1.728341698683604766e-01 0.000000000000000000e+00 5.040551641138772077e+00 2.633568465599833708e+00 4.465440679356162512e+00 6.652015640599495683e-01
-1.361344537815125932e-01 5.981399407997912698e-01 8.539398928092305219e-02 -2.191192199758413284e-01 -1.527565645121796156e-01 -4.846349705349120018e-01 3.398496737798153283e-02 -4.846511359413037123e-01 3.367958686454163714e-02 0.000000000000000000e+00 -1.738200479028937095e-01 0.000000000000000000e+00 -1.735655105628496064e-01 0.000000000000000000e+00 -1.766885584254674901e-01 0.000000000000000000e+00 5.039374045609927855e+00 2.635204141682332413e+00 4.471561912687736395e+00 6.713808180457639940e-01
-1.411764705882352922e-01 5.986600849770014054e-01 8.856939529686982948e-02 -2.162799339749505168e-01 -1.522825442215743619e-01 -4.822253611504335735e-01 3.530612617737174247e-02 -4.822341581026658996e-01 3.502103915576831872e-02 0.000000000000000000e+00 -1.786457813391332250e-01 0.000000000000000000e+00 -1.784212390775110069e-01 0.000000000000000000e+00 -1.802629349872421072e-01 0.000000000000000000e+00 5.038380989450589986e+00 2.636571195844378490e+00 4.477787533440804602e+00 6.777144826240477649e-01
-1.462184873949579633e-01 5.992828579962933278e-01 9.173589305007708028e-02 -2.131029146481262238e-01 -1.520857812609966442e-01 -4.798283249619895718e-01 3.660379534892178877e-02 -4.798491139018861706e-01 3.636777717976513030e-02 0.000000000000000000e+00 -1.832279490119506360e-01 0.000000000000000000e+00 -1.830302026094448864e-01 0.000000000000000000e+00 -1.835432538707486017e-01 0.000000000000000000e+00 5.037595196196711811e+00 2.637640711896015233e+00 4.484128516069039172e+00 6.842322906585316389e-01
-1.512605042016806622e-01 6.000141615809607698e-01 9.489290091721602760e-02 -2.094969408275252076e-01 -1.521425094588146343e-01 -4.775180745173188690e-01 3.791239222569672135e-02 -4.775385413365652032e-01 3.770367100343881284e-02 0.000000000000000000e+00 -1.874914664531025787e-01 0.000000000000000000e+00 -1.873194433801876613e-01 0.000000000000000000e+00 -1.865191297544922244e-01 0.000000000000000000e+00 5.037044049021959680e+00 2.638378900529036120e+00 4.490628432733655195e+00 6.909628353384485999e-01
-1.563025210084033334e-01 6.008721260743848935e-01 9.803387061909504818e-02 -2.054428836488917109e-01 -1.526551771980544925e-01 -4.752613292644045639e-01 3.921950485249375840e-02 -4.752722807574417119e-01 3.902283062341004721e-02 0.000000000000000000e+00 -1.914581588878972729e-01 0.000000000000000000e+00 -1.913109316303419072e-01 0.000000000000000000e+00 -1.891564247998319126e-01 0.000000000000000000e+00 5.036779012142774903e+00 2.638708182027812210e+00 4.497376902313229508e+00 6.980074229770805161e-01
-1.613445378151260323e-01 6.018829569124666268e-01 1.011580558127462420e-01 -2.006624267671413275e-01 -1.538674666201428620e-01 -4.730996180668652906e-01 4.051552946866988220e-02 -4.731099642361492608e-01 4.035003444292394742e-02 0.000000000000000000e+00 -1.950738245711488017e-01 0.000000000000000000e+00 -1.949524577049464580e-01 0.000000000000000000e+00 -1.913568752984137755e-01 0.000000000000000000e+00 5.036881024429318288e+00 2.638480720361987331e+00 4.504506544319021089e+00 7.055282813660576080e-01
-1.663865546218487312e-01 6.030164121701896418e-01 1.042694029210182033e-01 -1.955180588745927539e-01 -1.554841072818340941e-01 -4.710597958739636826e-01 4.176929644722095214e-02 -4.710794080224001701e-01 4.163764321040775568e-02 0.000000000000000000e+00 -1.981589021773234038e-01 0.000000000000000000e+00 -1.980568524895349181e-01 0.000000000000000000e+00 -1.933350594626202235e-01 0.000000000000000000e+00 5.037240352240034191e+00 2.637926377866141703e+00 4.511823281450187295e+00 7.133322994838304787e-01
-1.714285714285714024e-01 6.043969961645128119e-01 1.072976372753309260e-01 -1.886350040819421148e-01 -1.584735124462375022e-01 -4.692780669904193513e-01 4.307150596372434637e-02 -4.692870712231227981e-01 4.296117868945568963e-02 0.000000000000000000e+00 -2.008250536097427597e-01 0.000000000000000000e+00 -2.007486160845798895e-01 0.000000000000000000e+00 -1.945038006713109835e-01 0.000000000000000000e+00 5.038309693980168369e+00 2.636282888784460265e+00 4.520149965364137046e+00 7.223094331069779273e-01
-1.764705882352941013e-01 6.061694129865979885e-01 1.103545749224544431e-01 -1.770826139483709094e-01 -1.656077992330801940e-01 -4.682610750805185074e-01 4.421456939275535125e-02 -4.682464490636675802e-01 4.415085367446978243e-02 0.000000000000000000e+00 -2.021212337957054295e-01 0.000000000000000000e+00 -2.020952559012780536e-01 0.000000000000000000e+00 -1.941651740698358830e-01 0.000000000000000000e+00 5.040587048996525432e+00 2.632889408008923127e+00 4.529799058805956236e+00 7.329510254387703316e-01
-1.815126050420167725e-01 6.072102555877807450e-01 1.135042757658056706e-01 -1.724923045742287331e-01 -1.672571184264151356e-01 -4.663266176528956808e-01 4.528179172547763115e-02 -4.663476500624427201e-01 4.526099962622488759e-02 0.000000000000000000e+00 -2.041675382351409995e-01 0.000000000000000000e+00 -2.041470795502760283e-01 0.000000000000000000e+00 -1.963406357401709657e-01 0.000000000000000000e+00 5.040871920050210342e+00 2.632444777982614337e+00 4.536312109402299342e+00 7.402206951920992095e-01
-1.865546218487394714e-01 6.083276021289479862e-01 1.165388283158408783e-01 -1.689013218864100219e-01 -1.679100373280965341e-01 -4.641244962047701428e-01 4.626908324903980518e-02 -4.641340432562305329e-01 4.621424400541114530e-02 0.000000000000000000e+00 -2.064379231671147064e-01 0.000000000000000000e+00 -2.063976482812090452e-01 0.000000000000000000e+00 -1.990169652201924100e-01 0.000000000000000000e+00 5.040944605427351455e+00 2.632364077523063894e+00 4.543001554353139682e+00 7.477077747569147448e-01
-1.915966386554621703e-01 6.111282445158707777e-01 1.187634565547259907e-01 -1.515505007389502112e-01 -1.801966328799023132e-01 -4.639870592310699760e-01 4.759212057597957124e-02 -4.640462900203708441e-01 4.759077022515064564e-02 0.000000000000000000e+00 -2.053734487354918481e-01 0.000000000000000000e+00 -2.053497545066035046e-01 0.000000000000000000e+00 -1.951769186596197525e-01 0.000000000000000000e+00 5.046209169245531534e+00 2.624709525910478014e+00 4.557489114580580924e+00 7.642372788773461600e-01
-1.966386554621848415e-01 6.119062016760966616e-01 1.219785147698416311e-01 -1.482841515183254411e-01 -1.807124506395764441e-01 -4.619209424520968055e-01 4.854753267463886302e-02 -4.619214015339772605e-01 4.851038350664774179e-02 0.000000000000000000e+00 -2.074241667121561883e-01 0.000000000000000000e+00 -2.074040931351616990e-01 0.000000000000000000e+00 -1.979632838859690935e-01 0.000000000000000000e+00 5.045980090308173516e+00 2.625068146839335981e+00 4.562963057226328445e+00 7.706536836100535970e-01
-2.016806722689075404e-01 6.135619135689850401e-01 1.241407217079209951e-01 -1.423653428666857013e-01 -1.834757612370520874e-01 -4.599832635052041874e-01 4.991918110820981608e-02 -4.599693132390101358e-01 4.987078929260180954e-02 0.000000000000000000e+00 -2.088569843443901508e-01 0.000000000000000000e+00 -2.088424567026365142e-01 0.000000000000000000e+00 -1.991358634291749974e-01 0.000000000000000000e+00 5.048059728312403571e+00 2.622057263367965962e+00 4.573370981890931830e+00 7.830058853615007308e-01
-2.067226890756302393e-01 6.155565816899812859e-01 1.264783416581311548e-01 -1.356884426690404544e-01 -1.869906870280952371e-01 -4.582939043123219203e-01 5.096338326393810847e-02 -4.583224944613829566e-01 5.097705083320177438e-02 0.000000000000000000e+00 -2.093802005716455805e-01 0.000000000000000000e+00 -2.093677721696332317e-01 0.000000000000000000e+00 -1.994700173442429669e-01 0.000000000000000000e+00 5.050101909060406236e+00 2.619143304796034410e+00 4.583587617867099340e+00 7.954094082802498633e-01
-2.117647058823529105e-01 6.163781572197802872e-01 1.301005481689631316e-01 -1.336114861022076328e-01 -1.870299520239714908e-01 -4.564767116435785033e-01 5.184079681487882563e-02 -4.564746607061394013e-01 5.182155273449050997e-02 0.000000000000000000e+00 -2.105215809545619432e-01 0.000000000000000000e+00 -2.105135443263050632e-01 0.000000000000000000e+00 -2.014667482977968993e-01 0.000000000000000000e+00 5.049643223006815340e+00 2.619784882190946185e+00 4.587266120158154159e+00 7.999417199238746390e-01
-2.168067226890756094e-01 6.173239917520775277e-01 1.324373350440944119e-01 -1.179456394172482547e-01 -1.993538812958501605e-01 -4.565985630765301284e-01 5.469348977625180380e-02 -4.565904344429450035e-01 5.468439409554623487e-02 0.000000000000000000e+00 -2.090824265054425091e-01 0.000000000000000000e+00 -2.090807356250194704e-01 0.000000000000000000e+00 -1.980575766706112184e-01 0.000000000000000000e+00 5.053749271557842704e+00 2.613902234815320025e+00 4.603598978364575878e+00 8.204726900148870961e-01
-2.218487394957983083e-01 6.181367874317755806e-01 1.353804959183911305e-01 -1.144329278213334078e-01 -2.004900288032717970e-01 -4.544997195079563124e-01 5.563223629396882308e-02 -4.544857962574629373e-01 5.561495823196757615e-02 0.000000000000000000e+00 -2.105730547023015320e-01 0.000000000000000000e+00 -2.105756141144642934e-01 0.000000000000000000e+00 -2.007518862606930687e-01 0.000000000000000000e+00 5.053915267871174954e+00 2.613646104191031938e+00 4.610373787380630084e+00 8.292560316985235769e-01
-2.268907563025209795e-01 6.199098107786287226e-01 1.375463111324712051e-01 -1.101020842061143368e-01 -2.025397476055148804e-01 -4.527792665568393105e-01 5.710731847936117295e-02 -4.527919806742286002e-01 5.711971988902607433e-02 0.000000000000000000e+00 -2.107844551645937647e-01 0.000000000000000000e+00 -2.107858949339577737e-01 0.000000000000000000e+00 -2.015444658388468313e-01 0.000000000000000000e+00 5.055771423346300253e+00 2.611032449549183898e+00 4.620790413308109912e+00 8.430058311110895097e-01
-2.319327731092436784e-01 6.219937775735485674e-01 1.396528159210363718e-01 -1.065648938907776816e-01 -2.039684976558006069e-01 -4.508559942526315645e-01 5.821099749188025224e-02 -4.508403326780044407e-01 5.819487407856371863e-02 0.000000000000000000e+00 -2.108910372354508567e-01 0.000000000000000000e+00 -2.108933324058960557e-01 0.000000000000000000e+00 -2.027034841773570628e-01 0.000000000000000000e+00 5.057414004420342835e+00 2.608677001069962476e+00 4.630400724565578940e+00 8.560427973313311512e-01
-2.369747899159663496e-01 6.242071272336842114e-01 1.417386495360186405e-01 -1.043615907712791835e-01 -2.043525741858407963e-01 -4.489930836838325057e-01 5.964171322689177518e-02 -4.490015809390363044e-01 5.965969630873133728e-02 0.000000000000000000e+00 -2.108869044412327587e-01 0.000000000000000000e+00 -2.108902910230419647e-01 0.000000000000000000e+00 -2.036083250289567326e-01 0.000000000000000000e+00 5.059156240936811599e+00 2.606229307728429312e+00 4.640598002060198013e+00 8.702743257306341240e-01
-2.420168067226890485e-01 6.269185758258771779e-01 1.435476594548724116e-01 -1.040230737944708855e-01 -2.033764820520477523e-01 -4.469913354948966133e-01 6.131013432809899466e-02 -4.470017105882282404e-01 6.133315292558107895e-02 0.000000000000000000e+00 -2.106951373255774307e-01 0.000000000000000000e+00 -2.107015084983830111e-01 0.000000000000000000e+00 -2.045262576155621181e-01 0.000000000000000000e+00 5.061237316303788702e+00 2.603285613759860784e+00 4.651207746952508160e+00 8.855497977786809249e-01
-2.470588235294117474e-01 6.311831858727543487e-01 1.444797286700451877e-01 -1.081476867294228900e-01 -1.988019576906944752e-01 -4.446653215096509904e-01 6.372343171589187061e-02 -4.446567578365755447e-01 6.374126264788332330e-02 0.000000000000000000e+00 -2.098646800658036660e-01 0.000000000000000000e+00 -2.098763046127335719e-01 0.000000000000000000e+00 -2.050750594695919249e-01 0.000000000000000000e+00 5.064696137353026373e+00 2.598376291852214859e+00 4.663642356615825157e+00 9.041137605344675698e-01
-2.521008403361344463e-01 6.495010540078369754e-01 1.365989061954150929e-01 -1.737511615198391868e-01 -1.388684108802331341e-01 -4.334810567420812610e-01 7.376813946467677963e-02 -4.334508353510262424e-01 7.377768344171856119e-02 0.000000000000000000e+00 -2.059327561038252208e-01 0.000000000000000000e+00 -2.059156971063784980e-01 0.000000000000000000e+00 -2.076964592979352320e-01 0.000000000000000000e+00 5.084320940727830695e+00 2.570719395931087448e+00 4.683065185840275646e+00 9.349411578116544330e-01
-2.571428571428571175e-01 6.504613466591857573e-01 1.380416037735438251e-01 -1.773615539874011104e-01 -1.344463977395581322e-01 -4.300730471273315203e-01 7.744575840015448243e-02 -4.300403267448975053e-01 7.754352654584766025e-02 0.000000000000000000e+00 -2.069801234051453498e-01 0.000000000000000000e+00 -2.070078473377090222e-01 0.000000000000000000e+00 -2.131499081327214440e-01 0.000000000000000000e+00 5.086166755736825529e+00 2.568049434841849443e+00 4.691061941823033266e+00 9.481727394261471042e-01
-2.621848739495797886e-01 6.507268333431641683e-01 1.407193885512824094e-01 -1.798041718733464356e-01 -1.326131964102030270e-01 -4.277980762993751629e-01 7.995839183924904892e-02 -4.277644261922566304e-01 8.003731802205189816e-02 0.000000000000000000e+00 -2.065234636128917833e-01 0.000000000000000000e+00 -2.065546468605699293e-01 0.000000000000000000e+00 -2.178241272693607622e-01 0.000000000000000000e+00 5.085254893128926312e+00 2.569283863176774929e+00 4.698061155238393738e+00 9.602593792870449674e-01
-2.672268907563025153e-01 6.508260098383139569e-01 1.444017884878746050e-01 -1.795343434899103197e-01 -1.324930750251004929e-01 -4.261270871021851647e-01 8.134032917769391802e-02 -4.261110042382892371e-01 8.142742217930556969e-02 0.000000000000000000e+00 -2.063066125191056199e-01 0.000000000000000000e+00 -2.063389293876687347e-01 0.000000000000000000e+00 -2.206522489073849957e-01 0.000000000000000000e+00 5.083803942860293468e+00 2.571268286736196895e+00 4.700858905198067816e+00 9.652080876517755703e-01
-2.722689075630251865e-01 6.511797914953405542e-01 1.465057377408030825e-01 -1.809929650100640386e-01 -1.315823415202383440e-01 -4.232931779578229525e-01 8.326953351981201956e-02 -4.232797459242702010e-01 8.335020109907619046e-02 0.000000000000000000e+00 -2.056999615818647653e-01 0.000000000000000000e+00 -2.057387116434602203e-01 0.000000000000000000e+00 -2.279332517929232305e-01 0.000000000000000000e+00 5.082921290126085623e+00 2.572444000547088105e+00 4.708779263612275834e+00 9.795059066774296497e-01
-2.773109243697478576e-01 6.689943253710508575e-01 1.334057161848156703e-01 -2.341662809625710551e-01 -6.008253553307834477e-02 -4.028444363385445537e-01 9.873374499304607421e-02 -4.028793347806192138e-01 9.880871963256035451e-02 0.000000000000000000e+00 -2.141358276412312633e-01 0.000000000000000000e+00 -2.141578846815896942e-01 0.000000000000000000e+00 -2.150191626166019498e-01 0.000000000000000000e+00 5.123360515553835093e+00 2.514802521276889191e+00 4.727763858562989085e+00 1.016381299088860102e+00
-2.823529411764705843e-01 6.699458966666380633e-01 1.342690957130896479e-01 -2.400236817371664277e-01 -4.980778671363143839e-02 -3.977379618887101898e-01 1.023959079916145209e-01 -3.977479254700749811e-01 1.025034766509049927e-01 0.000000000000000000e+00 -2.166605466986661066e-01 0.000000000000000000e+00 -2.167017370112051255e-01 0.000000000000000000e+00 -2.181915677560623823e-01 0.000000000000000000e+00 5.128949660918797449e+00 2.507423128192845851e+00 4.733252930936579617e+00 1.027918172844449085e+00
-2.873949579831932555e-01 6.714171562389329440e-01 1.346150140871408551e-01 -2.457386193983130407e-01 -3.842330515854481404e-02 -3.921952804439016727e-01 1.067710243556966032e-01 -3.922102917641330788e-01 1.068698203394484736e-01 0.000000000000000000e+00 -2.197526368762093285e-01 0.000000000000000000e+00 -2.197987528277946523e-01 0.000000000000000000e+00 -2.193815771908745604e-01 0.000000000000000000e+00 5.135030706197865058e+00 2.499233363980617462e+00 4.739835508360034311e+00 1.042332408715345160e+00
-2.924369747899159266e-01 6.726972891737647009e-01 1.350403988603523231e-01 -2.504616748671161797e-01 -2.763875700258604587e-02 -3.868196144834825101e-01 1.111225962163947256e-01 -3.868390999115736695e-01 1.111927897223740080e-01 0.000000000000000000e+00 -2.229731139138158291e-01 0.000000000000000000e+00 -2.230255627538057783e-01 0.000000000000000000e+00 -2.200963413560762805e-01 0.000000000000000000e+00 5.140854469260298210e+00 2.491374233415878159e+00 4.746277856070014955e+00 1.057146017002183358e+00
-2.974789915966385978e-01 6.736988604937904634e-01 1.354251459548880820e-01 -2.544948110082345671e-01 -1.719500129541403494e-02 -3.814623699438624005e-01 1.155191181283808516e-01 -3.814967053911005879e-01 1.155832928011224642e-01 0.000000000000000000e+00 -2.263028299267660914e-01 0.000000000000000000e+00 -2.263683416434015272e-01 0.000000000000000000e+00 -2.208834285339782988e-01 0.000000000000000000e+00 5.146565107929393257e+00 2.483664699059575209e+00 4.752481687604928950e+00 1.072148274287182623e+00
-3.025210084033613245e-01 6.743726556170214215e-01 1.357764429696060038e-01 -2.580570222104915379e-01 -6.812095062198106690e-03 -3.760991460439824241e-01 1.200441892332254762e-01 -3.761291466337109979e-01 1.200701639965818524e-01 0.000000000000000000e+00 -2.298370962949644047e-01 0.000000000000000000e+00 -2.299130391930812589e-01 0.000000000000000000e+00 -2.215864696184170202e-01 0.000000000000000000e+00 5.152197299294194899e+00 2.476039874576291044e+00 4.758435250384573934e+00 1.087310029245236453e+00
-3.075630252100839956e-01 6.746861261734304893e-01 1.362385421812893072e-01 -2.612643258414089620e-01 3.522122092262147935e-03 -3.708006308031076004e-01 1.245576544878143760e-01 -3.708576637001732568e-01 1.245983360334603773e-01 0.000000000000000000e+00 -2.334903756851455792e-01 0.000000000000000000e+00 -2.335941162187412656e-01 0.000000000000000000e+00 -2.220710630886091053e-01 0.000000000000000000e+00 5.157640657722273758e+00 2.468641343987437065e+00 4.764113172401115648e+00 1.102613984775867584e+00
-3.126050420168066668e-01 6.746734576862869481e-01 1.364690273219223982e-01 -2.642106261230239284e-01 1.409292708183050406e-02 -3.652940658685686071e-01 1.292819180238388987e-01 -3.653676787919131197e-01 1.293123867232641444e-01 0.000000000000000000e+00 -2.373063143652819340e-01 0.000000000000000000e+00 -2.374458300805070698e-01 0.000000000000000000e+00 -2.228729028633023024e-01 0.000000000000000000e+00 5.163143216390587931e+00 2.461108778706519118e+00 4.769546324849168961e+00 1.118079717160797459e+00
-3.176470588235293935e-01 6.742119183592291121e-01 1.368520921192195872e-01 -2.669475194664672757e-01 2.482577116156681890e-02 -3.598834260326279066e-01 1.340681829291777705e-01 -3.599860063940176769e-01 1.340870394694561596e-01 0.000000000000000000e+00 -2.413042350140623682e-01 0.000000000000000000e+00 -2.415051102428950325e-01 0.000000000000000000e+00 -2.232272141434674950e-01 0.000000000000000000e+00 5.168417052017467483e+00 2.453783935088478252e+00 4.774763813429530046e+00 1.133813044896964550e+00
-3.226890756302520646e-01 6.733854490160962047e-01 1.370609361110498026e-01 -2.695391840806486972e-01 3.581536924282134604e-02 -3.542566684880561478e-01 1.389713727563771650e-01 -3.544270600956820338e-01 1.389804564939364773e-01 0.000000000000000000e+00 -2.453484108394700103e-01 0.000000000000000000e+00 -2.456406132764424044e-01 0.000000000000000000e+00 -2.239402500876851443e-01 0.000000000000000000e+00 5.173728638520151080e+00 2.446295557162355028e+00 4.779717376409257312e+00 1.149605121942028019e+00
-3.277310924369747358e-01 6.720103132495659493e-01 1.373730923240128188e-01 -2.720146000104363138e-01 4.719506715574529887e-02 -3.486650136569726666e-01 1.440342640391644724e-01 -3.489295576775509611e-01 1.440307677592665148e-01 0.000000000000000000e+00 -2.496250441836061762e-01 0.000000000000000000e+00 -2.501224421787534569e-01 0.000000000000000000e+00 -2.241363822407473616e-01 0.000000000000000000e+00 5.178690096232543283e+00 2.438899625293920792e+00 4.784612809302008607e+00 1.165895763531703988e+00
-3.327731092436974625e-01 6.702669710975678319e-01 1.375551066079108986e-01 -2.742827058538502838e-01 5.877370409294022102e-02 -3.429069829396992897e-01 1.491087471174463164e-01 -3.433699119520990939e-01 1.490864899769596685e-01 0.000000000000000000e+00 -2.536771394595597195e-01 0.000000000000000000e+00 -2.545732142599658743e-01 0.000000000000000000e+00 -2.248216000581719498e-01 0.000000000000000000e+00 5.183451943146987873e+00 2.431153132558188101e+00 4.789379736540520405e+00 1.181920845519348839e+00
-3.378151260504201336e-01 6.677479429962600577e-01 1.377256712052586651e-01 -2.766243695997944174e-01 7.120974711843838789e-02 -3.368135372997373977e-01 1.545968461223615198e-01 -3.379015355246317576e-01 1.545390546494163631e-01 0.000000000000000000e+00 -2.579486380304693016e-01 0.000000000000000000e+00 -2.599080224722656873e-01 0.000000000000000000e+00 -2.248348596470012006e-01 0.000000000000000000e+00 5.187071868488284387e+00 2.422828315977314961e+00 4.795055730478202882e+00 1.198984453013510088e+00
-3.428571428571428048e-01 5.863246584486944135e-01 1.562978243514355770e-01 -3.193858189213801824e-01 1.374006798048041378e-01 -2.703436500185168456e-01 1.877219553794884643e-01 -3.864536495922771819e-01 2.032303828329695139e-01 0.000000000000000000e+00 -2.047692856740712664e-01 0.000000000000000000e+00 -3.739707522265794393e-01 0.000000000000000000e+00 -2.008663932294647292e-01 0.000000000000000000e+00 4.977791835669690634e+00 2.194505904345743552e+00 5.183271083952914360e+00 1.283267717453206114e+00
-3.478991596638655315e-01 5.470439314713376744e-01 1.784543069511279056e-01 -3.582715531397797082e-01 1.784677605869338102e-01 -2.803272399444255436e-01 1.687129593918667847e-01 -3.674163902049969455e-01 1.896650834984962564e-01 0.000000000000000000e+00 -1.899816393096991352e-01 0.000000000000000000e+00 -4.049053393421162550e-01 0.000000000000000000e+00 -1.963688566481221753e-01 0.000000000000000000e+00 4.937976972056202563e+00 2.178647839127845209e+00 5.738541508370551547e+00 1.550313563786579474e+00
-3.529411764705882026e-01 5.432251120957960477e-01 1.801720492214250735e-01 -3.562909500424836229e-01 1.878573585538803603e-01 -2.782214333478059132e-01 1.694265231644465353e-01 -3.600724669229791730e-01 1.930366258015209779e-01 0.000000000000000000e+00 -1.966386721751470223e-01 0.000000000000000000e+00 -4.082215615670460318e-01 0.000000000000000000e+00 -2.011273029091149855e-01 0.000000000000000000e+00 4.947528623629236399e+00 2.180829908243985482e+00 5.695462438004540218e+00 1.557790214642760906e+00
-3.579831932773108738e-01 5.398051443224441970e-01 1.821481286470866823e-01 -3.523481165787961666e-01 1.946218786218716634e-01 -2.766230545035808785e-01 1.696556842734533999e-01 -3.550610536254943939e-01 1.981787448374899563e-01 0.000000000000000000e+00 -2.026087803438382795e-01 0.000000000000000000e+00 -4.108650884526558467e-01 0.000000000000000000e+00 -2.050375773952544389e-01 0.000000000000000000e+00 4.957831964968844041e+00 2.180635488227932406e+00 5.657270922509556321e+00 1.565798973289342033e+00
-3.630252100840335450e-01 5.359005667829781494e-01 1.841455815695539899e-01 -3.483561894991599739e-01 2.017241574913712643e-01 -2.749182208843923281e-01 1.697331375636342565e-01 -3.500603277452896123e-01 2.041142830430431321e-01 0.000000000000000000e+00 -2.083194725627003641e-01 0.000000000000000000e+00 -4.132155666160736152e-01 0.000000000000000000e+00 -2.099648260414683498e-01 0.000000000000000000e+00 4.968234687904914182e+00 2.180810808445685200e+00 5.618783390368172981e+00 1.570032406089034049e+00
-3.680672268907562716e-01 5.315890789335050437e-01 1.859635267445005347e-01 -3.438433190494175618e-01 2.088114501778378096e-01 -2.729285815517649705e-01 1.700074168747704728e-01 -3.452137769880788687e-01 2.106761768623407749e-01 0.000000000000000000e+00 -2.143250167825316299e-01 0.000000000000000000e+00 -4.154174774978900420e-01 0.000000000000000000e+00 -2.154793202690353238e-01 0.000000000000000000e+00 4.978783828395147992e+00 2.180827881037834981e+00 5.578591756683372260e+00 1.572401767098480008e+00
-3.731092436974789428e-01 5.268007533235116169e-01 1.878327842204644549e-01 -3.392447893195585373e-01 2.163097525187056835e-01 -2.709040190385959002e-01 1.700419031317426666e-01 -3.404396163581888679e-01 2.179130253110629356e-01 0.000000000000000000e+00 -2.205824991101217047e-01 0.000000000000000000e+00 -4.170905330681431433e-01 0.000000000000000000e+00 -2.214834880375539106e-01 0.000000000000000000e+00 4.989735748926468872e+00 2.180855788745780899e+00 5.539648102433557320e+00 1.573516472671115940e+00
-3.781512605042016140e-01 5.214194005579910751e-01 1.896658696535416244e-01 -3.345649906847369404e-01 2.242313335536879615e-01 -2.686553206542720562e-01 1.700594105172357207e-01 -3.356498840511668025e-01 2.257682873471852925e-01 0.000000000000000000e+00 -2.272147336572636900e-01 0.000000000000000000e+00 -4.183555251593072399e-01 0.000000000000000000e+00 -2.279738874605910237e-01 0.000000000000000000e+00 5.001021130963100525e+00 2.180834250301781019e+00 5.501402437780267718e+00 1.573979592885773826e+00
-3.831932773109243406e-01 5.153945475419612343e-01 1.914322786268746190e-01 -3.297774327843135400e-01 2.325422482650639500e-01 -2.661143675447923407e-01 1.701871872340448844e-01 -3.308738705842416694e-01 2.340932730780603821e-01 0.000000000000000000e+00 -2.341551175967371834e-01 0.000000000000000000e+00 -4.192550895057424176e-01 0.000000000000000000e+00 -2.348313463257830913e-01 0.000000000000000000e+00 5.012628713343342923e+00 2.180842060038810981e+00 5.464419268696693699e+00 1.574118356466337021e+00
-3.882352941176470118e-01 5.084347040646836069e-01 1.930606763069386556e-01 -3.249800435160499212e-01 2.416120663898949361e-01 -2.631706752773817493e-01 1.704237755099403118e-01 -3.261080675493167602e-01 2.432340238634284613e-01 0.000000000000000000e+00 -2.416555721916293364e-01 0.000000000000000000e+00 -4.195414199246039200e-01 0.000000000000000000e+00 -2.422680906407445045e-01 0.000000000000000000e+00 5.024747687996956813e+00 2.180818560445171528e+00 5.427869416601577512e+00 1.574140238582338203e+00
-3.932773109243696830e-01 5.005546193451106962e-01 1.947528202604552339e-01 -3.202197785019254006e-01 2.513233731242176527e-01 -2.600204371174129059e-01 1.705799410340489430e-01 -3.214004685274329809e-01 2.529987939344182646e-01 0.000000000000000000e+00 -2.497211578444556990e-01 0.000000000000000000e+00 -4.189395215414613016e-01 0.000000000000000000e+00 -2.502806208178406377e-01 0.000000000000000000e+00 5.037562836821820156e+00 2.180780991995909801e+00 5.392061738490800060e+00 1.574141900583043485e+00
-3.983193277310924096e-01 4.908782252353952047e-01 1.958817757487053834e-01 -3.153362853429440560e-01 2.619335554550764611e-01 -2.558036369289262701e-01 1.719517140078385409e-01 -3.165581145753336156e-01 2.636437168241855811e-01 0.000000000000000000e+00 -2.583178353105472502e-01 0.000000000000000000e+00 -4.181658144839418556e-01 0.000000000000000000e+00 -2.588029808805921150e-01 0.000000000000000000e+00 5.050915828655345940e+00 2.180762419268361896e+00 5.356330120846881648e+00 1.574171643028819512e+00
-4.033613445378150808e-01 4.801885513136880390e-01 1.972371793870311141e-01 -3.106999059571022292e-01 2.729232520684006236e-01 -2.515103006521551832e-01 1.732695665521710171e-01 -3.119057567422980348e-01 2.745996250496453017e-01 0.000000000000000000e+00 -2.673540540729452686e-01 0.000000000000000000e+00 -4.159164757240554344e-01 0.000000000000000000e+00 -2.677499596383324798e-01 0.000000000000000000e+00 5.065379756900867392e+00 2.180737033630442134e+00 5.321390445804705216e+00 1.574411756439820564e+00
-4.084033613445377520e-01 4.655957615081409151e-01 1.983548306271969430e-01 -3.059092252460373640e-01 2.850578039959315024e-01 -2.464205619235451117e-01 1.766341490208155895e-01 -3.070203428649016519e-01 2.866199976473813860e-01 0.000000000000000000e+00 -2.771525358337220135e-01 0.000000000000000000e+00 -4.133630148496406642e-01 0.000000000000000000e+00 -2.773357105755848706e-01 0.000000000000000000e+00 5.081730741146956554e+00 2.180671301146355212e+00 5.286161679353833520e+00 1.574738786313969019e+00
-4.134453781512604786e-01 4.499623118102780706e-01 1.999127223942636089e-01 -3.013742123327248779e-01 2.965406411079191118e-01 -2.414999160756533536e-01 1.807015064666386006e-01 -3.023719922383216741e-01 2.978198559517528654e-01 0.000000000000000000e+00 -2.871076646696325008e-01 0.000000000000000000e+00 -4.086346513063326413e-01 0.000000000000000000e+00 -2.872074467070120929e-01 0.000000000000000000e+00 5.100529567234579176e+00 2.180615300693948377e+00 5.249511150776720037e+00 1.575244368192981081e+00
-4.184873949579831498e-01 4.323099141176374172e-01 2.010944010186778430e-01 -2.967849952004076863e-01 3.073902089352519851e-01 -2.363176999165692016e-01 1.877551909500304317e-01 -2.971104637699654716e-01 3.080615224972424460e-01 0.000000000000000000e+00 -2.973893121267046080e-01 0.000000000000000000e+00 -4.015472668304986836e-01 0.000000000000000000e+00 -2.976947330063384189e-01 0.000000000000000000e+00 5.123612796443640427e+00 2.180734035291023609e+00 5.206585641392981856e+00 1.577704259303239542e+00
-4.235294117647058210e-01 4.060829225589289715e-01 2.002980722429354432e-01 -2.903160729411833341e-01 3.194182565439887544e-01 -2.296458315085854462e-01 2.041940928572140157e-01 -2.881019998061741250e-01 3.178354673228485083e-01 0.000000000000000000e+00 -3.107626200234908098e-01 0.000000000000000000e+00 -3.897328484036921559e-01 0.000000000000000000e+00 -3.137074795844362884e-01 0.000000000000000000e+00 5.161578199249423626e+00 2.181511420265483281e+00 5.144545878213849122e+00 1.583141997833237946e+00
-4.285714285714285476e-01 3.559473253190465480e-01 2.142606539925250297e-01 -2.635187245895170283e-01 2.940606847083924169e-01 -2.561181472204833165e-01 2.799539381915341352e-01 -2.669816856042788178e-01 2.987551071819807280e-01 0.000000000000000000e+00 -3.459685792814028993e-01 0.000000000000000000e+00 -3.581720680109726773e-01 0.000000000000000000e+00 -3.450826504028632336e-01 0.000000000000000000e+00 5.320187704448092525e+00 2.176735423037429840e+00 4.915254137481821495e+00 1.574362312391921259e+00
-4.336134453781512188e-01 2.599802321375322967e-01 2.616710550400410118e-01 -2.655707369747580260e-01 2.890343829598628345e-01 -2.713081739515047497e-01 2.968376189540866128e-01 -2.621313382145807891e-01 2.827523657800986578e-01 0.000000000000000000e+00 -3.636545553680271547e-01 0.000000000000000000e+00 -3.686933553856721058e-01 0.000000000000000000e+00 -3.625842653552934780e-01 0.000000000000000000e+00 5.342331783744430851e+00 2.182143224962752370e+00 4.878860494330387709e+00 1.556299443147679762e+00
-4.386554621848738900e-01 2.591667436044549633e-01 2.663145012131719613e-01 -2.666108303340451458e-01 2.891304423897502196e-01 -2.679992849458348592e-01 2.920997997632351906e-01 -2.657641243189620694e-01 2.879044690430548892e-01 0.000000000000000000e+00 -3.638698829010921232e-01 0.000000000000000000e+00 -3.625772658382123703e-01 0.000000000000000000e+00 -3.642916978965453634e-01 0.000000000000000000e+00 5.335822756976472014e+00 2.178781125815180353e+00 4.883749712013003119e+00 1.563959738121795340e+00
-4.436974789915966166e-01 2.591651423284461186e-01 2.692131978535716730e-01 -2.663043680144064340e-01 2.902091879952204412e-01 -2.676369577880389206e-01 2.930064583717749693e-01 -2.655258580530877044e-01 2.890797747745146307e-01 0.000000000000000000e+00 -3.624646241518332812e-01 0.000000000000000000e+00 -3.614351816140541906e-01 0.000000000000000000e+00 -3.628422185901696850e-01 0.000000000000000000e+00 5.335556416372787325e+00 2.178750652773476126e+00 4.884240383089394122e+00 1.563987719319583691e+00
-4.487394957983192878e-01 2.590225809631904741e-01 2.729215443475440650e-01 -2.669802808214852829e-01 2.914591912006040952e-01 -2.680794173248601253e-01 2.936338780033296292e-01 -2.663958749158626960e-01 2.906340711385485553e-01 0.000000000000000000e+00 -3.599754939071232451e-01 0.000000000000000000e+00 -3.595838218511943074e-01 0.000000000000000000e+00 -3.602679864950473765e-01 0.000000000000000000e+00 5.334920583952648343e+00 2.178566057006040779e+00 4.885243917760049293e+00 1.564314251160649816e+00
-4.537815126050419590e-01 2.589296179598455927e-01 2.767173909669482512e-01 -2.674364940888372399e-01 2.924094458237644356e-01 -2.683713115099965463e-01 2.942180013139116812e-01 -2.669807753660224936e-01 2.917948258176736864e-01 0.000000000000000000e+00 -3.578890372420056032e-01 0.000000000000000000e+00 -3.577482017112620372e-01 0.000000000000000000e+00 -3.581643822748499240e-01 0.000000000000000000e+00 5.334538716433824490e+00 2.178436687036493513e+00 4.885754310396287714e+00 1.564577555754184335e+00
-4.588235294117646301e-01 2.587971863108866621e-01 2.811552484819861975e-01 -2.682057625591818817e-01 2.930214342757552770e-01 -2.689499174163887396e-01 2.944546530842498400e-01 -2.678946795152919447e-01 2.926502701232800985e-01 0.000000000000000000e+00 -3.556814420971481372e-01 0.000000000000000000e+00 -3.556920821493091966e-01 0.000000000000000000e+00 -3.559583507633733990e-01 0.000000000000000000e+00 5.334131008897644577e+00 2.178287428101182144e+00 4.886272636025895011e+00 1.564900018833517370e+00
-4.638655462184873568e-01 2.586756944298993499e-01 2.858250566155338124e-01 -2.690016500145250844e-01 2.934457456455073499e-01 -2.695952524428434360e-01 2.946073127430490213e-01 -2.688019201381789403e-01 2.932633952136422528e-01 0.000000000000000000e+00 -3.535277355877999850e-01 0.000000000000000000e+00 -3.535845594808168513e-01 0.000000000000000000e+00 -3.538122023228519319e-01 0.000000000000000000e+00 5.333820825412525224e+00 2.178169585895659566e+00 4.886660141664565415e+00 1.565156094666675601e+00
-4.689075630252100280e-01 2.585859200018625348e-01 2.906247186666885973e-01 -2.698784844500596303e-01 2.938089790937346013e-01 -2.703688961300510507e-01 2.947882792946810993e-01 -2.697557636039679685e-01 2.937544146760895369e-01 0.000000000000000000e+00 -3.512843204136702480e-01 0.000000000000000000e+00 -3.513501539884867908e-01 0.000000000000000000e+00 -3.515771785841699248e-01 0.000000000000000000e+00 5.333593697323692595e+00 2.178119523791269163e+00 4.886922715987163102e+00 1.565338074166890525e+00
-4.739495798319326991e-01 2.584557758333255184e-01 2.961390886873469519e-01 -2.709566122691402512e-01 2.936850001346525962e-01 -2.713297263338957932e-01 2.944684938802777374e-01 -2.709073046931859685e-01 2.937547924568086888e-01 0.000000000000000000e+00 -3.490828511744069051e-01 0.000000000000000000e+00 -3.491397411053299149e-01 0.000000000000000000e+00 -3.493750998412755160e-01 0.000000000000000000e+00 5.333388361921118204e+00 2.178009733272901816e+00 4.887210906176552960e+00 1.565519867071144988e+00
-4.789915966386554258e-01 2.584549945582837460e-01 3.001556961163005521e-01 -2.713127631053616207e-01 2.943817529477642525e-01 -2.716406666251329760e-01 2.951239801276500097e-01 -2.712676030030647389e-01 2.944865648644168221e-01 0.000000000000000000e+00 -3.470827960791915689e-01 0.000000000000000000e+00 -3.471390844438058676e-01 0.000000000000000000e+00 -3.473753469497566915e-01 0.000000000000000000e+00 5.333406223793403456e+00 2.177980777800464729e+00 4.887293808226203851e+00 1.565531378852928146e+00
-4.840336134453780970e-01 2.583594371017081115e-01 3.027942164823576032e-01 -2.711813565542619542e-01 2.960025085500050390e-01 -2.713557841743918786e-01 2.967444128424864269e-01 -2.710653554282346223e-01 2.962297409132145232e-01 0.000000000000000000e+00 -3.450845250235196060e-01 0.000000000000000000e+00 -3.451456745747962240e-01 0.000000000000000000e+00 -3.453711856910317013e-01 0.000000000000000000e+00 5.333245911892404045e+00 2.177988372060724931e+00 4.887615272026286206e+00 1.565080330311891643e+00
-4.890756302521007681e-01 2.582736467353738963e-01 3.076558414952679787e-01 -2.722015278951628314e-01 2.964792677919227959e-01 -2.723083397088043034e-01 2.970595872987233377e-01 -2.720838505019601561e-01 2.966869679673501681e-01 0.000000000000000000e+00 -3.425147716627930938e-01 0.000000000000000000e+00 -3.425598388767788216e-01 0.000000000000000000e+00 -3.428365157265456653e-01 0.000000000000000000e+00 5.333114779955320905e+00 2.177994929793061196e+00 4.887693066930975938e+00 1.565140135336215099e+00
-4.941176470588234948e-01 2.582085560456028883e-01 3.136775451657621838e-01 -2.736234815050824776e-01 2.961613285291097020e-01 -2.736581600596424968e-01 2.966116124878093729e-01 -2.734989673520654696e-01 2.963472140066967797e-01 0.000000000000000000e+00 -3.399040017596524077e-01 0.000000000000000000e+00 -3.399370515571267792e-01 0.000000000000000000e+00 -3.402518936591661936e-01 0.000000000000000000e+00 5.333032742473815091e+00 2.177969611724935639e+00 4.887807864847651729e+00 1.565181424075142269e+00
-4.991596638655461660e-01 2.581166654488542544e-01 3.206374535593330966e-01 -2.752057298962551357e-01 2.950519161210116148e-01 -2.751739957928385216e-01 2.953763876381822473e-01 -2.750766940656876325e-01 2.952144320781414644e-01 0.000000000000000000e+00 -3.375069210566316591e-01 0.000000000000000000e+00 -3.375266399539789686e-01 0.000000000000000000e+00 -3.378641600600355011e-01 0.000000000000000000e+00 5.332923193546909246e+00 2.177955520374242226e+00 4.887917391835686409e+00 1.565225315406565176e+00
-5.042016806722688926e-01 2.580538726095050750e-01 3.270113561305399985e-01 -2.765863380107077552e-01 2.943053563167745135e-01 -2.765264446981413604e-01 2.945623723360698554e-01 -2.764648256128623971e-01 2.944588403028816082e-01 0.000000000000000000e+00 -3.350283200912784198e-01 0.000000000000000000e+00 -3.350422025457502340e-01 0.000000000000000000e+00 -3.353902606611935400e-01 0.000000000000000000e+00 5.332859437318363760e+00 2.178057473345258455e+00 4.887972156513669120e+00 1.565273636773113042e+00
-5.092436974789915638e-01 2.579842221690613613e-01 3.338484083912861000e-01 -2.781037838927684636e-01 2.931911136087819725e-01 -2.780164369257001056e-01 2.933883869339224404e-01 -2.779774364337875281e-01 2.933228418377280544e-01 0.000000000000000000e+00 -3.325485665581912609e-01 0.000000000000000000e+00 -3.325558596931921795e-01 0.000000000000000000e+00 -3.329046032777181474e-01 0.000000000000000000e+00 5.332811059437340795e+00 2.177930588084443730e+00 4.888011748811298851e+00 1.565295905501128404e+00
-5.142857142857142350e-01 2.580129705574366605e-01 3.371405509502907738e-01 -2.778025844674377742e-01 2.936947363022089363e-01 -2.778024720264788416e-01 2.941514777752451404e-01 -2.777690637522733375e-01 2.940928412276504478e-01 0.000000000000000000e+00 -3.309406700790033518e-01 0.000000000000000000e+00 -3.309486807663930552e-01 0.000000000000000000e+00 -3.315736357811552848e-01 0.000000000000000000e+00 5.332836250201438588e+00 2.178010325754452747e+00 4.888129080292237028e+00 1.564968366752499396e+00
-5.193277310924369061e-01 2.579155914719465925e-01 3.455053260525687842e-01 -2.802253856730340664e-01 2.914237625685131006e-01 -2.803324619354283787e-01 2.925692065844072154e-01 -2.803167451208044558e-01 2.925384553493992068e-01 0.000000000000000000e+00 -3.271512496285134408e-01 0.000000000000000000e+00 -3.271549611389325540e-01 0.000000000000000000e+00 -3.290247204563103156e-01 0.000000000000000000e+00 5.332843635185313680e+00 2.177933577734185722e+00 4.888120491926948752e+00 1.565104576036177031e+00
-5.243697478991595773e-01 2.578337164053197683e-01 3.525266518961875373e-01 -2.817476522825854701e-01 2.900553831024686446e-01 -2.818679557499024768e-01 2.911856434840192631e-01 -2.818614669206812029e-01 2.911712397473639191e-01 0.000000000000000000e+00 -3.245878587047884567e-01 0.000000000000000000e+00 -3.245900887555974723e-01 0.000000000000000000e+00 -3.264272215096927776e-01 0.000000000000000000e+00 5.332803654178416508e+00 2.178053884426751630e+00 4.888106034209322992e+00 1.565212138414790344e+00
-5.294117647058822484e-01 2.577643081137501180e-01 3.594636681648712417e-01 -2.832677775894897887e-01 2.887434802896395869e-01 -2.833718546265557303e-01 2.897995398159211033e-01 -2.833665725098528654e-01 2.897874660326426044e-01 0.000000000000000000e+00 -3.220009658745780490e-01 0.000000000000000000e+00 -3.220004231499852820e-01 0.000000000000000000e+00 -3.237392417988095294e-01 0.000000000000000000e+00 5.332783588112659956e+00 2.177899552981520603e+00 4.888096313459853626e+00 1.565258681327742041e+00
-5.344537815126050306e-01 2.577228287626134318e-01 3.658880962291216621e-01 -2.845616294081564357e-01 2.877343577533286179e-01 -2.846512380054224134e-01 2.887236119665279599e-01 -2.846485086499874750e-01 2.887164741620784625e-01 0.000000000000000000e+00 -3.194330232789191482e-01 0.000000000000000000e+00 -3.194323776276957738e-01 0.000000000000000000e+00 -3.210869501483211708e-01 0.000000000000000000e+00 5.332793456803388565e+00 2.177928218708762742e+00 4.888090980942893182e+00 1.565291461356390412e+00
-5.394957983193277018e-01 2.577661423856494882e-01 3.693734281851115964e-01 -2.843418298036628489e-01 2.882459391672458349e-01 -2.844262049387931146e-01 2.892219730607990535e-01 -2.844247959543142468e-01 2.892174264131590067e-01 0.000000000000000000e+00 -3.178312436362543680e-01 0.000000000000000000e+00 -3.178311243693626720e-01 0.000000000000000000e+00 -3.194702092395446114e-01 0.000000000000000000e+00 5.332808123941132017e+00 2.177980679203147751e+00 4.888088313112032957e+00 1.565309431111135297e+00
-5.445378151260503730e-01 2.577795198239104524e-01 3.793716134564115161e-01 -2.874953031098356759e-01 2.851523305081800075e-01 -2.875475019410771993e-01 2.859915905057858199e-01 -2.875429061082181437e-01 2.859962058467602208e-01 0.000000000000000000e+00 -3.140015109540463256e-01 0.000000000000000000e+00 -3.140013898562123429e-01 0.000000000000000000e+00 -3.154681216039775249e-01 0.000000000000000000e+00 5.332866158304132576e+00 2.178041508020645001e+00 4.888086301380569765e+00 1.565347091634840648e+00
-5.495798319327730441e-01 2.578273954872681295e-01 3.827909101439690431e-01 -2.871802913021092585e-01 2.855909079678491391e-01 -2.872298413648390891e-01 2.864189460950273824e-01 -2.872291438741844671e-01 2.864161768057785773e-01 0.000000000000000000e+00 -3.125070976336180584e-01 0.000000000000000000e+00 -3.125070948737236898e-01 0.000000000000000000e+00 -3.139592856905744633e-01 0.000000000000000000e+00 5.332802025505253951e+00 2.177989911189040839e+00 4.888078846536614286e+00 1.565344533221371348e+00
-5.546218487394957153e-01 2.578661803532427688e-01 3.931719483981279128e-01 -2.904278020233606594e-01 2.820311984030470231e-01 -2.904524803723397275e-01 2.827283773598059380e-01 -2.904533552320567313e-01 2.827283997131113114e-01 0.000000000000000000e+00 -3.085684957777555804e-01 0.000000000000000000e+00 -3.085681409488868487e-01 0.000000000000000000e+00 -3.098502996705592150e-01 0.000000000000000000e+00 5.332846816330489403e+00 2.177943054723175287e+00 4.888075889094840143e+00 1.565366447538643513e+00
-5.596638655462183864e-01 2.579156075343395083e-01 3.965462955407419443e-01 -2.900628461361684507e-01 2.824394122065748136e-01 -2.900844642725643463e-01 2.831332817052735207e-01 -2.900848124051795818e-01 2.831325245466478346e-01 0.000000000000000000e+00 -3.070919001797897119e-01 0.000000000000000000e+00 -3.070913480737710310e-01 0.000000000000000000e+00 -3.083608510256117818e-01 0.000000000000000000e+00 5.332798031764305335e+00 2.177996281703151293e+00 4.888070998510591458e+00 1.565377030486532650e+00
-5.647058823529411686e-01 2.579666134530411159e-01 4.053688558639748085e-01 -2.927315904120285639e-01 2.799115323844908465e-01 -2.927375873657956928e-01 2.805192634056030698e-01 -2.927380806742001518e-01 2.805153864854641466e-01 0.000000000000000000e+00 -3.031066116490388485e-01 0.000000000000000000e+00 -3.031056109280816924e-01 0.000000000000000000e+00 -3.042546523822856064e-01 0.000000000000000000e+00 5.332755035647265274e+00 2.177976787193125485e+00 4.888062020747433678e+00 1.565391566286697067e+00
-5.697478991596638398e-01 2.580214656875916557e-01 4.087295310772733337e-01 -2.923279250753536007e-01 2.801847510993780155e-01 -2.923304446061990025e-01 2.807821779919243976e-01 -2.923308629657409563e-01 2.807815569704018022e-01 0.000000000000000000e+00 -3.017346545254163126e-01 0.000000000000000000e+00 -3.017339403783433904e-01 0.000000000000000000e+00 -3.028675085014114199e-01 0.000000000000000000e+00 5.332795488542092066e+00 2.178000239373708791e+00 4.888063631943219356e+00 1.565400848095348518e+00
-5.747899159663865110e-01 2.580967792510037717e-01 4.185200754458815453e-01 -2.953770649512655888e-01 2.768312042721181587e-01 -2.953573340427622096e-01 2.773441625480278505e-01 -2.953576573867636168e-01 2.773430581274687889e-01 0.000000000000000000e+00 -2.974560949426927614e-01 0.000000000000000000e+00 -2.974552812889042497e-01 0.000000000000000000e+00 -2.984527747253831187e-01 0.000000000000000000e+00 5.332778235994713789e+00 2.178000329197118390e+00 4.888050820420572151e+00 1.565439329374186173e+00
-5.798319327731091821e-01 2.581536781268328196e-01 4.217356656859151953e-01 -2.948456300256357965e-01 2.770530016210684954e-01 -2.948332867951796721e-01 2.775554778567659309e-01 -2.948338212049068652e-01 2.775553809512804615e-01 0.000000000000000000e+00 -2.962499173545498077e-01 0.000000000000000000e+00 -2.962492504993590736e-01 0.000000000000000000e+00 -2.972357316764649426e-01 0.000000000000000000e+00 5.332795874916024026e+00 2.178000083411023358e+00 4.888054374866322327e+00 1.565431140722103098e+00
-5.848739495798318533e-01 2.582327825408722299e-01 4.306802764573228748e-01 -2.975530154150253237e-01 2.741984158016188555e-01 -2.975310206060667317e-01 2.746274543373435906e-01 -2.975303128183525159e-01 2.746323628453391508e-01 0.000000000000000000e+00 -2.919485521754662805e-01 0.000000000000000000e+00 -2.919488362664311998e-01 0.000000000000000000e+00 -2.928281934731262193e-01 0.000000000000000000e+00 5.332885064863706504e+00 2.178007326530121635e+00 4.888053502713627374e+00 1.565450809083910100e+00
-5.899159663865545244e-01 2.582923216759872020e-01 4.338136786045302951e-01 -2.969495140838255276e-01 2.743505273861958083e-01 -2.969267913389349034e-01 2.747788171032903848e-01 -2.969266676234858515e-01 2.747780754560061323e-01 0.000000000000000000e+00 -2.908616338091367104e-01 0.000000000000000000e+00 -2.908615222303508330e-01 0.000000000000000000e+00 -2.917294889858604856e-01 0.000000000000000000e+00 5.332799316523530564e+00 2.178000209434306722e+00 4.888045724640996070e+00 1.565453436013487964e+00
-5.949579831932771956e-01 2.583876590201423240e-01 4.435824009720616967e-01 -2.998982748964968414e-01 2.706937202251372132e-01 -2.998570413703210980e-01 2.710608274035511411e-01 -2.998584693734378526e-01 2.710591393998299514e-01 0.000000000000000000e+00 -2.863841354113754734e-01 0.000000000000000000e+00 -2.863839466164527225e-01 0.000000000000000000e+00 -2.871394552448750526e-01 0.000000000000000000e+00 5.332799385124037173e+00 2.177985814754642480e+00 4.888032703125555933e+00 1.565488770209789049e+00
-5.999999999999999778e-01 2.584439894561798567e-01 4.463753117172702956e-01 -2.991623242153910178e-01 2.708928683612241706e-01 -2.991321322902781299e-01 2.712536228634687685e-01 -2.991321884451246804e-01 2.712528418151926024e-01 0.000000000000000000e+00 -2.854996276410287637e-01 0.000000000000000000e+00 -2.854991872091976468e-01 0.000000000000000000e+00 -2.862496401581598460e-01 0.000000000000000000e+00 5.332800198452770424e+00 2.177995691950642687e+00 4.888036263237113488e+00 1.565483189392707031e+00
