-2.500000000000000000e-01 -2.995611933735902940e-02 -3.003207223210107440e-02 -4.416637052830359178e-02 -2.111400987835043430e-01
-2.435897435897435848e-01 -3.005226829667220073e-02 -2.996059147724574115e-02 -4.421548517522885108e-02 -2.111002062909339838e-01
-2.371794871794871695e-01 -3.005203156088860281e-02 -2.996080411986582967e-02 -4.421534327399943148e-02 -2.110306279356554404e-01
-2.307692307692307820e-01 -3.010142581118328484e-02 -2.998441834424805247e-02 -4.422822316342666510e-02 -2.109633816505656623e-01
-2.243589743589743668e-01 -3.010111290083073918e-02 -2.998365457865168060e-02 -4.422932357779515988e-02 -2.108985229435058895e-01
-2.179487179487179516e-01 -3.014719557171657849e-02 -2.999096215345621250e-02 -4.426687050484295199e-02 -2.108390599199018722e-01
-2.115384615384615363e-01 -3.014630800865269328e-02 -2.999155667987524893e-02 -4.426696163431583647e-02 -2.107793805654540331e-01
-2.051282051282051211e-01 -3.017561339749130073e-02 -3.002606697391083448e-02 -4.427473737449637292e-02 -2.107237339664136122e-01
-1.987179487179487336e-01 -3.017254890206421541e-02 -3.002247938257782828e-02 -4.428689516404930165e-02 -2.106642716836068796e-01
-1.923076923076923184e-01 -3.017253049829020373e-02 -3.002238207667782405e-02 -4.428715705920089479e-02 -2.106093912566652515e-01
-1.858974358974359031e-01 -3.017872536651748996e-02 -3.000372250603208779e-02 -4.446420692763318472e-02 -2.105760289431687360e-01
-1.794871794871794879e-01 -3.017862918017621271e-02 -3.000630906535569145e-02 -4.446302576714464966e-02 -2.105318139080839535e-01
-1.730769230769230727e-01 -3.019572627739064430e-02 -3.003831268963536721e-02 -4.446949377184449687e-02 -2.104943958223172984e-01
-1.666666666666666852e-01 -3.019829459626234558e-02 -3.004033759167683282e-02 -4.446871835762618297e-02 -2.104544171932627994e-01
-1.602564102564102422e-01 -3.020529955534802594e-02 -3.003993026351761339e-02 -4.447248277233573771e-02 -2.104169950765990005e-01
-1.538461538461538547e-01 -3.015844409925894434e-02 -2.996531652880547042e-02 -4.470522850467909676e-02 -2.102530259257174017e-01
-1.474358974358974395e-01 -3.015849094676491954e-02 -2.996533284051400292e-02 -4.470521325523092726e-02 -2.102282361329502469e-01
-1.410256410256410242e-01 -3.016281430922999884e-02 -2.996848580236528489e-02 -4.470278945262755321e-02 -2.102041963899309585e-01
-1.346153846153846367e-01 -3.014202463194760873e-02 -2.998537074445654232e-02 -4.479720959390583179e-02 -2.102859937883591879e-01
-1.282051282051281937e-01 -3.030958631565366240e-02 -2.994209352377031827e-02 -4.470386861041474730e-02 -2.102735697571983531e-01
-1.217948717948718063e-01 -3.030852464729763898e-02 -2.994388255429997203e-02 -4.470294074193287975e-02 -2.102554411104542997e-01
-1.153846153846153910e-01 -3.030080859663372705e-02 -2.998003309394894206e-02 -4.469430510042834287e-02 -2.102390642587299019e-01
-1.089743589743589758e-01 -3.030115059771804412e-02 -2.998274339234786173e-02 -4.469171364258812257e-02 -2.102230722677593533e-01
-1.025641025641025605e-01 -3.029965505908031875e-02 -2.998452856129367461e-02 -4.469175236395497158e-02 -2.102071739572026199e-01
-9.615384615384614531e-02 -3.030194524490420135e-02 -2.998359946931882652e-02 -4.469050575143183185e-02 -2.101912323391726956e-01
-8.974358974358975782e-02 -3.028846270768181456e-02 -3.003623851795854394e-02 -4.469363133624969925e-02 -2.101868815222210363e-01
-8.333333333333334259e-02 -3.028862429923880051e-02 -3.003462517928952996e-02 -4.469488383593991920e-02 -2.101759904832140591e-01
-7.692307692307692735e-02 -3.030896067028559029e-02 -3.001724267052408718e-02 -4.469247490879778295e-02 -2.101655797480501964e-01
-7.051282051282051211e-02 -3.030145014973108231e-02 -3.003658781340275835e-02 -4.469725863270390676e-02 -2.101582968138817065e-01
-6.410256410256409687e-02 -3.030037694408965060e-02 -3.003512967939424294e-02 -4.469945075675382101e-02 -2.101502636439003813e-01
-5.769230769230770939e-02 -3.030026740965851423e-02 -3.003648492217104657e-02 -4.469901407359830325e-02 -2.101424930955740344e-01
-5.128205128205129415e-02 -3.030527873268539993e-02 -3.007495107741989596e-02 -4.466304534227808626e-02 -2.101335113138129429e-01
-4.487179487179487891e-02 -3.037012636886105010e-02 -3.003593204945964948e-02 -4.464421024410748784e-02 -2.101325988432637404e-01
-3.846153846153846367e-02 -3.027966234514790217e-02 -3.005351783727015780e-02 -4.471803160696394969e-02 -2.101270506507193769e-01
-3.205128205128204844e-02 -3.028033689307883455e-02 -3.005395813721686502e-02 -4.471692895536475559e-02 -2.101229463254846996e-01
-2.564102564102566095e-02 -3.028032084409866195e-02 -3.005399350723570936e-02 -4.471695147639603157e-02 -2.101188793286919709e-01
-1.923076923076924571e-02 -3.028218563659771864e-02 -3.006781337398672926e-02 -4.470613520135423291e-02 -2.101180926679221128e-01
-1.282051282051283048e-02 -3.028311676606327413e-02 -3.006857627312162218e-02 -4.470455794999404070e-02 -2.101162109022379487e-01
-6.410256410256415238e-03 -3.028293114467031991e-02 -3.006896761788153960e-02 -4.470436294938864852e-02 -2.101143684131929756e-01
0.000000000000000000e+00 -3.028549905056314440e-02 -3.002963961218970551e-02 -4.474519404818130819e-02 -2.101206654218683023e-01
