0.000000000000000000e+00 -1.252652572776804434e-04 3.765709394907012397e-05 8.744585448415163054e-01 4.125812293852408358e-05 1.197910721197259140e-04 -8.744617097701381514e-01 -1.253035648889607248e-04 3.751719139007142777e-05 8.744819175772432507e-01 4.134155652600873793e-05 1.199440363097069794e-04 2.298675839738596538e-08 -8.744822974925945402e-01
-5.042016806722688510e-03 3.341357867807154790e-03 3.501053243157902731e-03 8.744895932766344471e-01 3.172188437783719697e-03 3.214096721711200404e-03 -8.744947041766206741e-01 3.340885691034837894e-03 3.500492104089251554e-03 8.745131613558648764e-01 3.172764084225533458e-03 3.214738522339722661e-03 2.348469118924733439e-06 -8.745155446425091350e-01
-1.008403361344537702e-02 6.533546197076300910e-03 6.628562099651307341e-03 8.743852208329834230e-01 7.499437383447221314e-03 7.533956724121335449e-03 -8.743694354346643882e-01 6.532495118922591534e-03 6.627480176575497109e-03 8.744095479658288150e-01 7.500785359957551877e-03 7.535342382577239415e-03 1.336043223875433479e-05 -8.743910371147908256e-01
-1.512605042016806553e-02 9.720886187484175517e-03 9.812544747801941331e-03 8.743723495612811814e-01 1.088724448855808886e-02 1.091688546226196425e-02 -8.743422973764473083e-01 9.719423630128114222e-03 9.811067059391493164e-03 8.743968641998318692e-01 1.088908269375392021e-02 1.091875551889133662e-02 2.817330238258234496e-05 -8.743641123083367717e-01
-2.016806722689075404e-02 1.250805367386842969e-02 1.249535295422773279e-02 8.742476889541177520e-01 1.562832150751950616e-02 1.570357218527349691e-02 -8.741247863670333906e-01 1.250598528566062261e-02 1.249333629230834318e-02 8.742730130160769608e-01 1.563103921917197853e-02 1.570628750958093928e-02 5.609149842110004220e-05 -8.741473888422344185e-01
-2.521008403361344255e-02 1.545794727135624616e-02 1.550218331469705585e-02 8.742022308510906115e-01 1.931051221289818362e-02 1.932768552318991223e-02 -8.740207920817123499e-01 1.545551283307403274e-02 1.549980858901228026e-02 8.742276597719992326e-01 1.931368367195378938e-02 1.933085228317448639e-02 8.362742649800882964e-05 -8.740434980900315676e-01
-3.025210084033613106e-02 1.792061382659408675e-02 1.786483826456562382e-02 8.740480797159434490e-01 2.435551448419755530e-02 2.442586095613476574e-02 -8.736682732542512264e-01 1.791762172988501170e-02 1.786195979770890258e-02 8.740741383758046101e-01 2.435954941671271412e-02 2.442986251207657222e-02 1.276883855967770709e-04 -8.736915586385920474e-01
-3.529411764705882304e-02 2.067011288697574029e-02 2.068402691828537601e-02 8.740104023407706535e-01 2.831053021508592865e-02 2.831121363377767097e-02 -8.735023644021514544e-01 2.066681440544268847e-02 2.068084356513417293e-02 8.740364438289679461e-01 2.831495920974069075e-02 2.831560923519128858e-02 1.675458931466891307e-04 -8.735256072510075853e-01
-4.033613445378150808e-02 2.283027643365235018e-02 2.286087013569550186e-02 8.738329842093547351e-01 3.370465919921153408e-02 3.365947156845547350e-02 -8.729926306213393605e-01 2.282650818484526986e-02 2.285723633260159510e-02 8.738593914905281590e-01 3.370986550839932122e-02 3.366462948578175657e-02 2.263937315721883795e-04 -8.730161523754610409e-01
-4.537815126050419312e-02 2.544406010349221925e-02 2.544239697367413344e-02 8.737964726408912197e-01 3.793270816876151419e-02 3.791512554692905157e-02 -8.727276854222980607e-01 2.544004423802529238e-02 2.543851882707334755e-02 8.738227424847057057e-01 3.793824526853557810e-02 3.792061057054008782e-02 2.784828360602259684e-04 -8.727510237222775302e-01
-5.042016806722688510e-02 2.734794746776994176e-02 2.730680082814720272e-02 8.736167659019270504e-01 4.357239065453250709e-02 4.356503904735198329e-02 -8.720436280999943612e-01 2.734353744637641262e-02 2.730251596104344217e-02 8.736430901827274553e-01 4.357863368261686438e-02 4.357121506606152772e-02 3.524439936359054617e-04 -8.720668926263586140e-01
-5.546218487394957708e-02 2.977381794113857436e-02 2.975945668503997971e-02 8.735513280961807459e-01 4.810571137755836890e-02 4.806987287513309060e-02 -8.716278217290676089e-01 2.976923389257960656e-02 2.975498533418361249e-02 8.735773896049211507e-01 4.811220040411640086e-02 4.807629520527531564e-02 4.160072195731916362e-04 -8.716507629394044665e-01
-6.050420168067226212e-02 3.144394766488511905e-02 3.144003986001404904e-02 8.733336040304433556e-01 5.404240034681335320e-02 5.396469075535457322e-02 -8.707064781957158939e-01 3.143905374836639816e-02 3.143516811720396820e-02 8.733593886536057393e-01 5.404949836956513681e-02 5.397170702342894699e-02 5.052469860923019911e-04 -8.707289668510672653e-01
-6.554621848739494716e-02 3.374168035666854498e-02 3.371801393195252017e-02 8.732679176688437073e-01 5.887979758162826399e-02 5.882017438576978702e-02 -8.701348160831297029e-01 3.373668519215027028e-02 3.371301019735477300e-02 8.732932946179547962e-01 5.888705214005378330e-02 5.882734554205208688e-02 5.805691120296561317e-04 -8.701568250406674920e-01
-7.058823529411764608e-02 3.738424640122726961e-02 3.719537751355329880e-02 8.732373433135228735e-01 6.401394923972023032e-02 6.360883021946636684e-02 -8.696804491568973505e-01 3.737756741202841182e-02 3.718909959044385677e-02 8.732562056472701340e-01 6.402173872761654505e-02 6.361652530383278548e-02 1.008085831825926426e-03 -8.696954648659546150e-01
-7.563025210084033112e-02 3.867244774545455788e-02 3.872050908431933641e-02 8.727451222891344784e-01 6.964695024698883130e-02 6.933750746811515042e-02 -8.683473344047480946e-01 3.866502354091072569e-02 3.871345451865397524e-02 8.727623864573199608e-01 6.965581570749376783e-02 6.934634601143882526e-02 1.133659565107946517e-03 -8.683598923009084869e-01
-8.067226890756301616e-02 4.017300504602486222e-02 4.007470053168867008e-02 8.724359328808262148e-01 7.600716814026164947e-02 7.590027282468117531e-02 -8.668927816508202877e-01 4.016543610994159630e-02 4.006753836853983730e-02 8.724526963238996569e-01 7.601624106214469045e-02 7.590938964987009596e-02 1.320839985217964370e-03 -8.669046793134568274e-01
-8.571428571428570120e-02 4.187743413965790140e-02 4.187678783613825451e-02 8.722363561819609368e-01 8.217625982859227962e-02 8.175765198817105950e-02 -8.655730216682120393e-01 4.186995904891235853e-02 4.186970990524133823e-02 8.722520936616011689e-01 8.218519454874127772e-02 8.176662187203329046e-02 1.563262815058277322e-03 -8.655839754379410778e-01
-9.075630252100838624e-02 4.395107766174869562e-02 4.400759921381418305e-02 8.721355739257918849e-01 8.749831933779049498e-02 8.702759039335083990e-02 -8.645583532460090481e-01 4.394380055915407535e-02 4.400069632333803576e-02 8.721508116756618856e-01 8.750703272287141399e-02 8.703639250066326494e-02 1.686660885466469226e-03 -8.645688269298997808e-01
-9.579831932773108516e-02 4.586083684467849586e-02 4.592126447265319766e-02 8.720007098158294445e-01 9.306280117407657315e-02 9.258662287989946615e-02 -8.633536562327779329e-01 4.585376505854799056e-02 4.591455619769791580e-02 8.720154171159111289e-01 9.307128983927825949e-02 9.259524011403294508e-02 1.819590665083458845e-03 -8.633636241951427870e-01
-1.008403361344537702e-01 4.680233079722093820e-02 4.667614843378101175e-02 8.714044103655124163e-01 1.003033479087599572e-01 1.001507999759642942e-01 -8.608326917113260368e-01 4.679539982597434589e-02 4.666948806520863913e-02 8.714182000781868220e-01 1.003119056172098594e-01 1.001591580532651404e-01 2.116618720438052329e-03 -8.608417978597847631e-01
-1.058823529411764552e-01 4.849682194660664969e-02 4.823268255336575494e-02 8.711001470602902641e-01 1.065845241527116488e-01 1.065651123777528742e-01 -8.589541302075733853e-01 4.849021946462681032e-02 4.822631136790446471e-02 8.711128938433585489e-01 1.065926733123215564e-01 1.065730447009496512e-01 2.371105993875269932e-03 -8.589623432923072510e-01
-1.109243697478991542e-01 5.000565831318083687e-02 4.983878319075716462e-02 8.707717105445251793e-01 1.130377704345550544e-01 1.128924943218644478e-01 -8.569205199477544221e-01 4.999943077133073288e-02 4.983272685725444184e-02 8.707834611560356652e-01 1.130454785613123764e-01 1.128999705795470515e-01 2.622871598505729061e-03 -8.569279044142222856e-01
-1.159663865546218392e-01 5.159903333267115699e-02 5.130725640297437162e-02 8.704114440726682389e-01 1.194670632421063888e-01 1.194418307302882454e-01 -8.547025038855873280e-01 5.159321674907033084e-02 5.130154765927011362e-02 8.704221761399083546e-01 1.194742874645431385e-01 1.194487948441962377e-01 2.890048626122039294e-03 -8.547090696885277783e-01
-1.210084033613445242e-01 5.305674375788312080e-02 5.287383734503003918e-02 8.699870064530030866e-01 1.261438201485429178e-01 1.259758763880703680e-01 -8.522519006972714140e-01 5.305129771560514185e-02 5.286869521396089788e-02 8.699966790074757927e-01 1.261503050521724512e-01 1.259822463504440271e-01 3.174092599565102747e-03 -8.522576043756293629e-01
-1.260504201680672232e-01 5.466572593661619961e-02 5.443080274440467020e-02 8.695922486640030868e-01 1.326510872937348706e-01 1.325095863926940010e-01 -8.497581900558076606e-01 5.466078759046043983e-02 5.442613320051511994e-02 8.696007970872393633e-01 1.326568997013996276e-01 1.325152889370183329e-01 3.490909349829693798e-03 -8.497630605406946147e-01
-1.310924369747898943e-01 5.625533951191113990e-02 5.597823840175190913e-02 8.691411167033518126e-01 1.392477636499272753e-01 1.391326482137771048e-01 -8.470493090125795765e-01 5.625091000877882608e-02 5.597405242816101689e-02 8.691485997308551203e-01 1.392529053589029731e-01 1.391376716726683005e-01 3.820503452877363048e-03 -8.470534196108837621e-01
-1.361344537815125932e-01 5.782040190099908133e-02 5.752312562647153571e-02 8.686656401151611195e-01 1.459934272660660948e-01 1.458639832924289725e-01 -8.441328101635439118e-01 5.781651674481959324e-02 5.751941702399521184e-02 8.686720823527969149e-01 1.459981258308188923e-01 1.458686170448717234e-01 4.164651059741943280e-03 -8.441362472450995025e-01
-1.411764705882352922e-01 5.937082171840446509e-02 5.907776925920758121e-02 8.680961878842651247e-01 1.526855394994846571e-01 1.524952551062219164e-01 -8.410067383825032827e-01 5.936746094012261554e-02 5.907454963696080752e-02 8.681016497484885797e-01 1.526895894242699114e-01 1.524992584356567038e-01 4.534926188174663239e-03 -8.410095463309456010e-01
-1.462184873949579633e-01 6.103841184217288773e-02 6.052118392565915272e-02 8.675597646118995421e-01 1.592674928121741718e-01 1.594342818441619458e-01 -8.377568277904889893e-01 6.103553061275336644e-02 6.051842476926878878e-02 8.675643548643793279e-01 1.592709486365856963e-01 1.594376972002700954e-01 4.910130649142373065e-03 -8.377590952073703523e-01
-1.512605042016806622e-01 6.304520833198196117e-02 6.235709716380666984e-02 8.669686956838460468e-01 1.659128786157673952e-01 1.661404198199244453e-01 -8.344394243709192249e-01 6.304288231733816417e-02 6.235486737926378836e-02 8.669722960166224013e-01 1.659156446955372399e-01 1.661431501155881119e-01 5.387415206854101121e-03 -8.344411266612294931e-01
-1.563025210084033334e-01 6.479259166084641586e-02 6.412069393308747478e-02 8.663440441263209335e-01 1.726795589476479154e-01 1.728388031699751026e-01 -8.308774019465779981e-01 6.479073328974420398e-02 6.411890550059076710e-02 8.663468637800567640e-01 1.726817554853369852e-01 1.728409777121330260e-01 5.840833851393188725e-03 -8.308786820515902116e-01
-1.613445378151260323e-01 6.670836255024277517e-02 6.585601054242251617e-02 8.656648388032727182e-01 1.793244408948615198e-01 1.796509699859882847e-01 -8.271307606936320056e-01 6.670692921300769296e-02 6.585462491191694523e-02 8.656669713524690613e-01 1.793261237293013177e-01 1.796526434618374579e-01 6.328220275902246214e-03 -8.271316916812846420e-01
-1.663865546218487312e-01 6.861286762320858990e-02 6.776443279943406006e-02 8.649394717504091945e-01 1.860687818389631099e-01 1.863258596009542689e-01 -8.232218867948850605e-01 6.861181160579146732e-02 6.776340516068199427e-02 8.649410138247907165e-01 1.860700127197098541e-01 1.863270930574493778e-01 6.851509780089719802e-03 -8.232225374714037258e-01
-1.714285714285714024e-01 7.064891956909688520e-02 6.971251583426188447e-02 8.641706261005693834e-01 1.927371944920966418e-01 1.930402675069405050e-01 -8.191544290444117138e-01 7.064818479191116440e-02 6.971179477614904141e-02 8.641716801011555260e-01 1.927380444587857289e-01 1.930411295778527991e-01 7.413432107952859507e-03 -8.191548638135819349e-01
-1.764705882352941013e-01 7.274941019050266966e-02 7.169843459119217000e-02 8.633546153119922018e-01 1.994335222919570716e-01 1.998103404431942898e-01 -8.148793202688046078e-01 7.274892996796394895e-02 7.169795817417616568e-02 8.633552935773778358e-01 1.994340741033137077e-01 1.998109109421806473e-01 7.999894923920862141e-03 -8.148795997860319718e-01
-1.815126050420167725e-01 7.488722593318074272e-02 7.383877004934234767e-02 8.624743571587298874e-01 2.061568486147262735e-01 2.064530573965691340e-01 -8.104334382283993055e-01 7.488694055735789501e-02 7.383848225090361428e-02 8.624747546072882853e-01 2.061571747139210042e-01 2.064534060868151166e-01 8.630161358552143613e-03 -8.104336088465317056e-01
-1.865546218487394714e-01 7.717512721953656563e-02 7.605027615637789673e-02 8.615312723373494963e-01 2.127752657966986705e-01 2.130864427750071011e-01 -8.058291297779839324e-01 7.717498049181714670e-02 7.605012396141869191e-02 8.615314742484079247e-01 2.127754330965760665e-01 2.130866337683024470e-01 9.312463402368241147e-03 -8.058292282996136757e-01
-1.915966386554621703e-01 7.961177452522769094e-02 7.830124507855235061e-02 8.605310042917788671e-01 2.192972224900744949e-01 2.197702934405151021e-01 -8.010547442882847147e-01 7.961171399880628829e-02 7.830117824692942041e-02 8.605310871068878598e-01 2.192972921151527532e-01 2.197703854936844392e-01 1.003219178834679690e-02 -8.010547995492746098e-01
-1.966386554621848415e-01 8.211739025101205680e-02 8.070468259025964652e-02 8.594589708996154265e-01 2.258322644865466966e-01 2.263478937474410757e-01 -7.961079790219238728e-01 8.211737556655575310e-02 8.070466179746685342e-02 8.594589915616716036e-01 2.258322824587244981e-01 2.263479311428288898e-01 1.080136180632973453e-02 -7.961080101589369518e-01
-2.016806722689075404e-01 8.465320025487427236e-02 8.347017941624240711e-02 8.582421117721789061e-01 2.324160947193985027e-01 2.326992597254145811e-01 -7.909343222492235537e-01 8.465309834797618560e-02 8.347015268757460027e-02 8.582422949394262757e-01 2.324158627022494261e-01 2.326992991347235917e-01 1.164701813165723229e-02 -7.909346564178680872e-01
-2.067226890756302393e-01 8.808842653618445540e-02 8.726537840843423544e-02 8.571790090016381258e-01 2.385660851053903464e-01 2.390207834735689763e-01 -7.862806928320298372e-01 8.808863122581916949e-02 8.726572263473689195e-02 8.571787517394729994e-01 2.385654128153099907e-01 2.390203451606601748e-01 1.290270518923203151e-02 -7.862807540504039849e-01
-2.117647058823529105e-01 9.072041828529420204e-02 8.990982254847192101e-02 8.557747102063310018e-01 2.451112285922298073e-01 2.454784173395225533e-01 -7.806470086336027014e-01 9.072058277067365784e-02 8.991013747597059735e-02 8.557745066511190934e-01 2.451105006443810852e-01 2.454779585917765128e-01 1.368631712461705618e-02 -7.806470111557684000e-01
-2.168067226890756094e-01 9.389954313501465422e-02 9.299366794123382907e-02 8.540660902632614127e-01 2.512787837074729747e-01 2.517787604882695818e-01 -7.747699506789738066e-01 9.389972302086835310e-02 9.299397058124803106e-02 8.540659122493731159e-01 2.512778723836209815e-01 2.517782325964455503e-01 1.479075546429549880e-02 -7.747698838924917952e-01
-2.218487394957983083e-01 9.820490698894518422e-02 9.754680230487831893e-02 8.523412525077435076e-01 2.571945904116939574e-01 2.578950859724079003e-01 -7.693481052153755551e-01 9.820608053800926329e-02 9.754799920604045882e-02 8.523399268611371316e-01 2.571925371757636802e-01 2.578939066812001579e-01 1.647298752636780494e-02 -7.693477127060207588e-01
-2.268907563025209795e-01 1.022766251981737096e-01 1.016058743328606129e-01 8.502443991507910859e-01 2.632687315542201478e-01 2.640022199670147840e-01 -7.632318024425729375e-01 1.022803648333644455e-01 1.016095234854982321e-01 8.502400285428209914e-01 2.632643159314928538e-01 2.639995167513092267e-01 1.799477296013165042e-02 -7.632306015150139844e-01
-2.319327731092436784e-01 1.078958008896278575e-01 1.073285581501529362e-01 8.472903084480880587e-01 2.691736072026459925e-01 2.697099389586351537e-01 -7.566140121684147291e-01 1.078951479425489246e-01 1.073279022872130756e-01 8.472910726368330092e-01 2.691741790477666374e-01 2.697103438145897480e-01 2.056238254760821629e-02 -7.566142729379710108e-01
-2.369747899159663496e-01 1.149628482352454129e-01 1.153274655710834207e-01 8.424040537770118853e-01 2.748427511884156127e-01 2.745467758216286192e-01 -7.487481182749967656e-01 1.149603470851199016e-01 1.153248672831482663e-01 8.424069303365002703e-01 2.748443484547315463e-01 2.745479380644939016e-01 2.422465983366846320e-02 -7.487494431198284950e-01
-2.420168067226890485e-01 1.387619415022434688e-01 1.383792069061018093e-01 8.133621456753020729e-01 2.751539854172505017e-01 2.761358486958084835e-01 -7.212854412770112189e-01 1.387422042911191089e-01 1.383568808606995826e-01 8.133798965157368333e-01 2.751502579558728900e-01 2.761296367278108788e-01 3.926199075461165450e-02 -7.213148866051694030e-01
-2.470588235294117474e-01 1.511943353911527066e-01 1.515637306885374014e-01 7.889095133553649664e-01 2.776282946491965831e-01 2.773420434137980894e-01 -6.961237680603786782e-01 1.511714881652556075e-01 1.515338034693513025e-01 7.889267393480109414e-01 2.776070335943653378e-01 2.773186285967123577e-01 4.711982866532173769e-02 -6.961877514413252754e-01
-2.521008403361344463e-01 1.586552973586685955e-01 1.587768785399539806e-01 7.754846205210835786e-01 2.819770470902672188e-01 2.818699164895425713e-01 -6.794140321542212479e-01 1.586296270202697534e-01 1.587424381429551334e-01 7.755013499544840538e-01 2.819470117101268714e-01 2.818370744304785624e-01 5.046143005564958373e-02 -6.794992274452431591e-01
-2.571428571428571175e-01 1.657471890053489327e-01 1.657912146001927489e-01 7.621461787566307100e-01 2.864767339554937786e-01 2.864654169912769222e-01 -6.625692776842693199e-01 1.657202565017193985e-01 1.657537805860153646e-01 7.621608260902235088e-01 2.864379873719168912e-01 2.864233045075166850e-01 5.346772305305383388e-02 -6.626759466459870573e-01
-2.621848739495797886e-01 1.719541899110971495e-01 1.719854126527542437e-01 7.508217219116090080e-01 2.913902825908820660e-01 2.913938649598040165e-01 -6.473578199145765266e-01 1.719259972685512061e-01 1.719454126990057896e-01 7.508345816990611432e-01 2.913455646634710572e-01 2.913453130975567351e-01 5.569085650187644010e-02 -6.474825907458803265e-01
-2.672268907563025153e-01 1.790082925614124854e-01 1.790237081867370184e-01 7.365053580884057816e-01 2.959273924720095539e-01 2.959127817362173229e-01 -6.291936132389817082e-01 1.789792180293952595e-01 1.789811575688579348e-01 7.365147630931738743e-01 2.958749449206497517e-01 2.958557508932408431e-01 5.844552703297092172e-02 -6.293413581289805103e-01
-2.722689075630251865e-01 1.863427178044431975e-01 1.862307804027276692e-01 7.209476951474264039e-01 3.002536704428352965e-01 3.003150494833195516e-01 -6.100585852052871072e-01 1.863461336647440625e-01 1.862361374903588607e-01 7.209473417343477131e-01 3.002613356004504297e-01 3.003230207536576324e-01 6.135623586266486518e-02 -6.100369305155037836e-01
-2.773109243697478576e-01 1.929368976168146232e-01 1.928758499773477464e-01 7.073535396082106796e-01 3.049850315919381272e-01 3.050365092564240599e-01 -5.924122167298654373e-01 1.929402438379023976e-01 1.928812663832314700e-01 7.073537686378382761e-01 3.049932300469479496e-01 3.050451062012204395e-01 6.353274187396919237e-02 -5.923880658213238615e-01
-2.823529411764705843e-01 2.001836438134975971e-01 2.001064966856883065e-01 6.911290576019433196e-01 3.093809527235642509e-01 3.094828284288215769e-01 -5.721027484442902100e-01 2.001868113743884292e-01 2.001118488392938932e-01 6.911300448524418938e-01 3.093895912154533967e-01 3.094920297359312622e-01 6.604603353985569192e-02 -5.720760496091186198e-01
-2.873949579831932555e-01 2.076185530092993226e-01 2.075190855243549959e-01 6.737325028180398689e-01 3.136513461845196749e-01 3.137587910033484140e-01 -5.506312437316551733e-01 2.076214534125385980e-01 2.075242325430779744e-01 6.737342987858171428e-01 3.136601276051556586e-01 3.137683418685749404e-01 6.855980790987155349e-02 -5.506023783811367922e-01
-2.924369747899159266e-01 2.151974689802571561e-01 2.151372532216090927e-01 6.551653742731743391e-01 3.178641578798280798e-01 3.178800567717059433e-01 -5.279439033307944396e-01 2.152000221111773914e-01 2.151420519330424497e-01 6.551679726799491954e-01 3.178727154362228635e-01 3.178896367007993939e-01 7.105614798264359155e-02 -5.279134377263927647e-01
-2.974789915966385978e-01 2.229887340230195247e-01 2.229318810057200895e-01 6.352298766220286774e-01 3.219042899894271059e-01 3.219166727988743704e-01 -5.038434923842147750e-01 2.229908931166500186e-01 2.229362040282888147e-01 6.352332078166438301e-01 3.219122087343933569e-01 3.219259140272540121e-01 7.354330600050186517e-02 -5.038121266140161980e-01
-3.025210084033613245e-01 2.308905597051837399e-01 2.308443065070732991e-01 6.143311469006021985e-01 3.258568498717729911e-01 3.259030551556797994e-01 -4.786768763918970992e-01 2.308922848703691688e-01 2.308480268467043295e-01 6.143350513197513019e-01 3.258636792844869512e-01 3.259115498407472722e-01 7.596429612678970433e-02 -4.786455767355255464e-01
-3.075630252100839956e-01 2.390295932760858055e-01 2.389815604886542100e-01 5.917244600414364175e-01 3.296623388673813326e-01 3.296854478566667024e-01 -4.518054694518175984e-01 2.390308976806349572e-01 2.389845980010608106e-01 5.917287221042364376e-01 3.296676248593243264e-01 3.296927803851879557e-01 7.837911328503202602e-02 -4.517752303470860542e-01
-3.126050420168066668e-01 2.474108161681313200e-01 2.474328767002158258e-01 5.671440999086737600e-01 3.332964102138264439e-01 3.333198882035238175e-01 -4.229492537978060129e-01 2.474117562875178811e-01 2.474351969223710090e-01 5.671484538779023588e-01 3.332997367247745868e-01 3.333256533936579391e-01 8.077931964579346258e-02 -4.229210865195564550e-01
-3.176470588235293935e-01 2.560607109714083673e-01 2.560595222099926738e-01 5.405623467774294255e-01 3.367000709685515902e-01 3.367097933786921127e-01 -3.919875916677744709e-01 2.560613231443691906e-01 2.560610574711146281e-01 5.405664098844050747e-01 3.367010048159367885e-01 3.367136323177169488e-01 8.317489919925014075e-02 -3.919629063558133231e-01
-3.226890756302520646e-01 2.636620394712699267e-01 2.644823880617180878e-01 5.175356243270475831e-01 3.404794467119489076e-01 3.401651053714986883e-01 -3.642935199098469301e-01 2.636624609156283938e-01 2.644832409352722569e-01 5.175390351081061713e-01 3.404779106973212510e-01 3.401669865040648499e-01 8.506365738309903946e-02 -3.642733124313351500e-01
-3.277310924369747358e-01 2.710022532650090410e-01 2.720746072606130550e-01 4.953860829175114056e-01 3.440540355515917526e-01 3.435221280727137616e-01 -3.378453382542355721e-01 2.710026011612994834e-01 2.720749223613944667e-01 4.953886802810100187e-01 3.440503812810696282e-01 3.435222600363556089e-01 8.673689404783022083e-02 -3.378296855347228123e-01
-3.327731092436974625e-01 2.780068233291598245e-01 2.834457358411305306e-01 4.681950971080321988e-01 3.511600968096310615e-01 3.458230898499394801e-01 -3.044621533343936370e-01 2.780075483441867834e-01 2.834461888795717921e-01 4.681975173343777552e-01 3.511553012802541840e-01 3.458224957763409990e-01 8.833830558989883008e-02 -3.044457657249862725e-01
-3.378151260504201336e-01 3.063024007280739092e-01 2.963841718271259529e-01 3.458152398977906161e-01 3.358558629248007965e-01 3.530717712011950393e-01 -1.795818524713234665e-01 3.063045941131531391e-01 2.963854053917521214e-01 3.458151514247814751e-01 3.358471162994600134e-01 3.530633791513244080e-01 9.502504157854643752e-02 -1.795756866146124842e-01
-3.428571428571428048e-01 3.430460828266717055e-01 3.337673862050634654e-01 4.044383101151655113e-02 3.102514011768249258e-01 3.335283452225138445e-01 1.266345857794361485e-01 3.430315106384677071e-01 3.337611879757684252e-01 4.047337086879027046e-02 3.102757266558686666e-01 3.336087782441227167e-01 1.010705443227317979e-01 1.265336839991317852e-01
-3.478991596638655315e-01 3.427734282285896383e-01 3.387201124818184916e-01 7.529060509525975498e-02 3.218314347572734380e-01 3.335111839586190619e-01 9.099215923475834078e-02 3.427761116074714565e-01 3.387189260253121170e-01 7.528858337737506790e-02 3.218279123053817692e-01 3.335022838710959281e-01 1.019853807951963121e-01 9.099874602317203909e-02
-3.529411764705882026e-01 -7.215258380516861858e-02 6.024186804146897112e-01 4.276694904729011482e-01 1.024816001215611977e-01 -6.683850050454969161e-01 -2.548947848369286229e-01 -7.215109697484803353e-02 6.024345381619525819e-01 4.276615960617163870e-01 1.024669179327611229e-01 -6.683822807544289590e-01 -2.660115054397887979e-02 -2.548827122323910621e-01
-3.579831932773108738e-01 -7.589707152470967499e-02 2.342064622201078805e-01 8.842164361776303494e-01 6.285909384982268922e-01 3.168665705944023747e-01 -5.933871885757474596e-01 -7.589650216704575680e-02 2.342058649558048378e-01 8.842165491832969515e-01 6.285907790941688278e-01 3.168657015712080804e-01 -4.616986660471686030e-03 -5.933876442977408239e-01
-3.630252100840335450e-01 5.731792827128365242e-02 2.199852433188747292e-01 8.593974672324289354e-01 5.097485430660254613e-01 3.742287563951264273e-01 -6.128012892717243920e-01 5.732000654666200012e-02 2.199845267844252050e-01 8.593981945217461504e-01 5.097479905302859660e-01 3.742296480148323834e-01 1.239539229765322485e-02 -6.128023430202897970e-01
-3.680672268907562716e-01 7.165292624367403107e-02 2.724274795493654144e-01 7.892186462915342648e-01 5.400062992261936978e-01 3.495308621359635715e-01 -5.009264950988463472e-01 7.165295465642188000e-02 2.724275575258054971e-01 7.892186313698523747e-01 5.400061218912626249e-01 3.495307657040850335e-01 1.623804508950398018e-02 -5.009267535778308966e-01
-3.731092436974789428e-01 1.466773389173453845e-01 4.229307796736512803e-01 5.415195977108737679e-01 5.308442947237649312e-01 2.865184306263409697e-01 -2.962376557502749974e-01 1.466693665482235454e-01 4.229442299412121686e-01 5.415186652827668201e-01 5.308493357404024948e-01 2.865088045407175876e-01 5.492417892560435416e-02 -2.962658953833297026e-01
-3.781512605042016140e-01 2.718244245031576356e-01 4.435387925212253002e-01 3.055847696495986310e-01 4.812029615111594327e-01 2.983042528135720350e-01 -6.766380555541973152e-02 2.717895639233930405e-01 4.434446565980396104e-01 3.055459227140445710e-01 4.812792106710602758e-01 2.983358171679264537e-01 8.367720994489784292e-02 -6.754907476496407881e-02
-3.831932773109243406e-01 2.582585175122946164e-01 4.334248638568071743e-01 3.318864535027997720e-01 4.729416290088406249e-01 2.995365421630529768e-01 -9.037277101829965797e-02 2.582211056439062680e-01 4.333395970506715988e-01 3.318533033304695290e-01 4.730160507254725921e-01 2.995537038697856924e-01 8.252233669019376494e-02 -9.025261926359745557e-02
-3.882352941176470118e-01 2.675696415202065692e-01 4.297848297570924236e-01 3.534835008379041410e-01 4.719153018396374244e-01 3.150460031244291526e-01 -1.084327220037983874e-01 2.675257475858504597e-01 4.296991958435805170e-01 3.534726166543115111e-01 4.719892550426459943e-01 3.150812168200635699e-01 8.326330909216289600e-02 -1.083473851883739458e-01
-3.932773109243696830e-01 2.741394014718548933e-01 4.349044853693648793e-01 2.944279260975795065e-01 4.629712868878606002e-01 3.037570566668030825e-01 -5.289983195869113475e-02 2.741118378340876016e-01 4.348296333017234172e-01 2.943753587642048419e-01 4.630343723319926275e-01 3.037643875847007569e-01 8.528868285358950918e-02 -5.278045126949304500e-02
-3.983193277310924096e-01 2.920244776642093587e-01 4.425157136669024549e-01 2.900491029187446390e-01 4.685763105681891583e-01 3.227219579330253829e-01 -3.782995103352404520e-02 2.919966370242944587e-01 4.424448073677471061e-01 2.900024664559173182e-01 4.686311361821050570e-01 3.227329121590959415e-01 8.647715521587820420e-02 -3.771850164844020581e-02
-4.033613445378150808e-01 2.996795363710484938e-01 4.462648784492012077e-01 2.901179679248111487e-01 4.728182362134674133e-01 3.312290942690496731e-01 -3.157571471163478360e-02 2.996545005136122541e-01 4.462026261580089304e-01 2.900694434759167883e-01 4.728673889838480582e-01 3.312378107880653011e-01 8.690587507663306843e-02 -3.146490493948195244e-02
-4.084033613445377520e-01 3.024961135950733349e-01 4.517177077538800933e-01 2.908815035502591018e-01 4.796460340864540095e-01 3.333454142925202368e-01 -2.728282242955659687e-02 3.024760479561604543e-01 4.516618960664576798e-01 2.908342221084394552e-01 4.796888775131996629e-01 3.333496725728690713e-01 8.651368538682971399e-02 -2.717475414981684878e-02
-4.134453781512604786e-01 3.065222168549006643e-01 4.563807542555373686e-01 2.920112636036985565e-01 4.851460922915936669e-01 3.377362516669462078e-01 -2.277331185086606258e-02 3.065056633417794774e-01 4.563312686392482775e-01 2.919647717364682316e-01 4.851837003425903960e-01 3.377369893231262354e-01 8.636558223710685822e-02 -2.266820425439591835e-02
-4.184873949579831498e-01 3.066098574449996894e-01 4.568738094338863354e-01 2.917538300005723118e-01 4.855896970496142440e-01 3.377317480621439549e-01 -2.226341111987428789e-02 3.065937148377425592e-01 4.568247039824102629e-01 2.917073987947573777e-01 4.856268197338414749e-01 3.377321641137153163e-01 8.632897615875116670e-02 -2.215840032393634473e-02
-4.235294117647058210e-01 3.381727345752970626e-01 4.501041697551545484e-01 2.829625071700155869e-01 4.734201144859736532e-01 3.668775281856392900e-01 6.071991082668648509e-03 3.381564236754388553e-01 4.500641097355013720e-01 2.829048425597417427e-01 4.734455305254171575e-01 3.668731189276132065e-01 8.794236328505011802e-02 6.200098790388519632e-03
-4.285714285714285476e-01 3.382797100703948123e-01 4.502368784096077436e-01 2.825642827254424838e-01 4.735099368208791071e-01 3.667406862042551507e-01 6.282309845912714685e-03 3.382635298642718835e-01 4.501965775414200621e-01 2.825069853830984301e-01 4.735350866723297414e-01 3.667363304956298142e-01 8.794996306729611912e-02 6.410547837453595132e-03
-4.336134453781512188e-01 3.447940522898289006e-01 4.603286187949819919e-01 2.857825082074049727e-01 4.854582482333449356e-01 3.738911263568680532e-01 1.470108540308934231e-02 3.447858569087853819e-01 4.602991073184620197e-01 2.857301924058394116e-01 4.854742742509269293e-01 3.738805751535995148e-01 8.739750549060082419e-02 1.481597066565421006e-02
-4.386554621848738900e-01 3.449135181596454380e-01 4.603532111349321054e-01 2.858721765079921262e-01 4.854119753389413705e-01 3.741767458241441746e-01 1.475734681804130588e-02 3.449052777290483318e-01 4.603238680589446519e-01 2.858197490815147512e-01 4.854280802294902442e-01 3.741661461135106226e-01 8.740721936685387494e-02 1.487201644954394553e-02
-4.436974789915966166e-01 3.518748162640447097e-01 4.701887774968094291e-01 2.895684408980457869e-01 4.967491784092045726e-01 3.822483128395324781e-01 2.389880949887701611e-02 3.518726465235061940e-01 4.701688511415336724e-01 2.895209072141818885e-01 4.967579982992962329e-01 3.822330122466094382e-01 8.686919172961347912e-02 2.399982106541309612e-02
-4.487394957983192878e-01 3.560845124136585715e-01 4.754128920280101811e-01 2.911732182326087770e-01 5.023953181004885415e-01 3.870692686029715279e-01 2.934573023330150354e-02 3.560848847679025653e-01 4.753972195903042874e-01 2.911283825321948626e-01 5.024008985469254895e-01 3.870521451242125432e-01 8.661887168234674861e-02 2.943954477192711749e-02
-4.537815126050419590e-01 3.598453682430979295e-01 4.805648851840094160e-01 2.925585674366777411e-01 5.079994958635885016e-01 3.911170433550715808e-01 3.494646109736937456e-02 3.598480452771439797e-01 4.805528026058835667e-01 2.925166929971454444e-01 5.080023142055292151e-01 3.910984311693593840e-01 8.632361045934708321e-02 3.503450026712617849e-02
-4.588235294117646301e-01 3.598751816059626574e-01 4.808011607724093084e-01 2.924523590459080502e-01 5.082720767635345860e-01 3.910132278695937491e-01 3.520073655656463796e-02 3.598780429691285643e-01 4.807891709522936763e-01 2.924105705569376434e-01 5.082744653137876156e-01 3.909941562803143089e-01 8.630303836599551026e-02 3.528820071647292833e-02
-4.638655462184873568e-01 3.860347999108474371e-01 4.787279548718423872e-01 2.867979333627484473e-01 5.005866651991913718e-01 4.162602394063873446e-01 5.550387940583267898e-02 3.860368838292496108e-01 4.787172910133721260e-01 2.867587720560845765e-01 5.005875761184059858e-01 4.162402192075244090e-01 8.745737878177201052e-02 5.558488285009038909e-02
-4.689075630252100280e-01 3.882200609076357778e-01 4.808629299921525213e-01 2.886763003136510464e-01 5.080707483226528653e-01 4.136954276785240747e-01 5.975086717838240524e-02 3.882263895272519694e-01 4.808568730200536434e-01 2.886369873285580256e-01 5.080662099037701607e-01 4.136751503482747339e-01 8.652099125688564318e-02 5.982838786867661351e-02
-4.739495798319326991e-01 3.901667159058709866e-01 4.817771383500830673e-01 2.847115213607626094e-01 5.071724740222054439e-01 4.146832982919975708e-01 6.522955029942623106e-02 3.901725099555173326e-01 4.817744856162511358e-01 2.846710348180423455e-01 5.071639605316246024e-01 4.146651225814030894e-01 8.664216194511591140e-02 6.530634055931872073e-02
-4.789915966386554258e-01 4.379911408370202874e-01 4.660505701142907409e-01 2.620325358962254381e-01 4.827500654244525347e-01 4.517438333379137916e-01 1.088369506276610776e-01 4.380020292182086883e-01 4.660534086904239981e-01 2.619937053653929038e-01 4.827441243892116041e-01 4.517162818560042647e-01 8.750934680861577331e-02 1.088941261200452870e-01
-4.840336134453780970e-01 4.332917012913976018e-01 4.694151902929523112e-01 2.705034579541789608e-01 4.936054032992588381e-01 4.451748646808355026e-01 1.026998219630486098e-01 4.333042984875401515e-01 4.694173342612583122e-01 2.704654316338281905e-01 4.935956977753374053e-01 4.451483285538646584e-01 8.686542261844409918e-02 1.027600749749759124e-01
-4.890756302521007681e-01 4.421596319838250189e-01 4.808093548944834539e-01 2.649923200294722059e-01 4.963187373509970746e-01 4.570857090592849170e-01 1.191832946629225454e-01 4.421703037166581640e-01 4.808138694824969916e-01 2.649547787031051316e-01 4.963102741597869016e-01 4.570608261472923206e-01 8.699953306162322431e-02 1.192346098188553638e-01
-4.941176470588234948e-01 4.423007500477436071e-01 4.808865780680869895e-01 2.646759244510258902e-01 4.960827562036770333e-01 4.573618444737092004e-01 1.194312483921751156e-01 4.423112915987398863e-01 4.808910821985066253e-01 2.646382887514963089e-01 4.960743193479329460e-01 4.573370924505921198e-01 8.702474011112056040e-02 1.194826577417687496e-01
-4.991596638655461660e-01 4.621645585944756385e-01 4.895572201836849713e-01 2.304179521996979896e-01 4.950114920856523715e-01 4.574285566268375125e-01 1.730704627872315382e-01 4.621909363487839428e-01 4.895733305580366457e-01 2.303895157703153007e-01 4.949935734045891600e-01 4.573978180555007267e-01 8.601741307856722307e-02 1.731010687603701803e-01
-5.042016806722688926e-01 4.785964702119316350e-01 4.855021377523270898e-01 2.212033298270101866e-01 4.816496378413032131e-01 4.752594419156083161e-01 1.931826771734542758e-01 4.786299180749395976e-01 4.855330622788498474e-01 2.211652579076622827e-01 4.816171121710578484e-01 4.752287929788552301e-01 8.477873429035262531e-02 1.932235060803098037e-01
-5.092436974789915638e-01 4.790347422952669909e-01 4.849540845584031645e-01 2.212079985791648717e-01 4.812246793142782586e-01 4.755598506458201258e-01 1.932630058338599133e-01 4.790684387705052560e-01 4.849850798328511625e-01 2.211697250730009501e-01 4.811919632998321594e-01 4.755290434082912743e-01 8.474620589968345774e-02 1.933040297756658532e-01
-5.142857142857142350e-01 4.794572212574867431e-01 4.851145875755007442e-01 2.203871555417804828e-01 4.812041569617239167e-01 4.754026698983206956e-01 1.944044839110279366e-01 4.794910553424849287e-01 4.851457619890677808e-01 2.203491756305190341e-01 4.811714164453560483e-01 4.753718278562321098e-01 8.473494662042768688e-02 1.944451356204478509e-01
-5.193277310924369061e-01 4.799380732665872729e-01 4.855534499186917596e-01 2.191096455170636892e-01 4.810957017994950680e-01 4.752880657860616420e-01 1.960495035426769728e-01 4.799721118725169822e-01 4.855848555698063507e-01 2.190721073057653734e-01 4.810629264160484198e-01 4.752571864304830918e-01 8.470763112130527683e-02 1.960896027173269496e-01
-5.243697478991595773e-01 4.805313715902743699e-01 4.861422353261299345e-01 2.174702602311940347e-01 4.809447969234353359e-01 4.751426015013102688e-01 1.981888144182678557e-01 4.805656678128718551e-01 4.861739308141451721e-01 2.174333035205126552e-01 4.809119797697489207e-01 4.751116813814491024e-01 8.466897969210593344e-02 1.982282046596433034e-01
-5.294117647058822484e-01 4.812373676527297861e-01 4.868569557958015714e-01 2.155070883965015394e-01 4.807594117369538012e-01 4.749587530241809463e-01 2.007955601139612134e-01 4.812719620580637181e-01 4.868889899167374580e-01 2.154708508859212168e-01 4.807265514717353194e-01 4.749277933729535994e-01 8.461935841035256312e-02 2.008341008063875832e-01
-5.344537815126050306e-01 4.820498769444870324e-01 4.876881095240421238e-01 2.132490299968260172e-01 4.805422421576572845e-01 4.747375253465991873e-01 2.038424080890446355e-01 4.820847972625139088e-01 4.877205186749404842e-01 2.132136485689545280e-01 4.805093435742940899e-01 4.747065330791073179e-01 8.455847438998703725e-02 2.038799733928691182e-01
-5.394957983193277018e-01 4.829624051798155904e-01 4.886285736539536240e-01 2.107225041093291895e-01 4.802950191150351378e-01 4.744808410020854295e-01 2.073034530148760712e-01 4.829976660175493430e-01 4.886613812580018479e-01 2.106881149753471461e-01 4.802620933322719887e-01 4.744498289235004052e-01 8.448588899222962689e-02 2.073399318244695255e-01
-5.445378151260503730e-01 4.839688427343165067e-01 4.896719015511867279e-01 2.079526015182327492e-01 4.800191202971795246e-01 4.741905739206370152e-01 2.111541061905448657e-01 4.840044454987421085e-01 4.897051179269188981e-01 2.079193397900452878e-01 4.799861847435326068e-01 4.741595606775618199e-01 8.440110835935873967e-02 2.111894022069805699e-01
-5.495798319327730441e-01 5.152059768464112288e-01 5.162385647674305744e-01 2.543108686434755183e-01 5.120585728705960848e-01 5.100197676559983240e-01 2.440107977395974403e-01 5.152254664865775213e-01 5.162570191886628468e-01 2.543090696772333237e-01 5.120415153831370247e-01 5.100017065777663339e-01 8.045725436626513516e-02 2.440130351127590691e-01
-5.546218487394957153e-01 5.152066072534284835e-01 5.162399447032213207e-01 2.543080050851466711e-01 5.120575873579191750e-01 5.100190436068159361e-01 2.440162414537574986e-01 5.152260968707297328e-01 5.162583991203697487e-01 2.543062071776467370e-01 5.120405300410653116e-01 5.100009827486576830e-01 8.045708971505857732e-02 2.440184781476948395e-01
-5.596638655462183864e-01 5.153918054067700982e-01 5.164993595504323576e-01 2.537003351697145748e-01 5.119140223927237665e-01 5.098849277194439367e-01 2.450080012647909422e-01 5.154112821868431782e-01 5.165178090080710938e-01 2.536987359410927123e-01 5.118970028725968735e-01 5.098669123556297533e-01 8.043174482614343090e-02 2.450101055633026048e-01
-5.647058823529411686e-01 5.156986825146515629e-01 5.168720617681160645e-01 2.527910724992790126e-01 5.117380850546837667e-01 5.096970657034911589e-01 2.463975827814250952e-01 5.157181331663321933e-01 5.168904992312435276e-01 2.527897557581575416e-01 5.117211240730830113e-01 5.096791190189745580e-01 8.039894400202605984e-02 2.463994975486116790e-01
-5.697478991596638398e-01 5.161019738739868190e-01 5.173492127121247508e-01 2.516272823692299321e-01 5.115227873628180877e-01 5.094594040922408862e-01 2.481642156239689534e-01 5.161213853564199372e-01 5.173676300132163952e-01 2.516263258399891733e-01 5.115059039911049599e-01 5.094415478330718283e-01 8.035723062902280778e-02 2.481658919804958785e-01
-5.747899159663865110e-01 5.165918727241421982e-01 5.179229984788047414e-01 2.502362547117186198e-01 5.112697404105512877e-01 5.091754199222096045e-01 2.502821258300755858e-01 5.166112304073765538e-01 5.179413854576199183e-01 2.502357301090721853e-01 5.112529532499703322e-01 5.091576752846667109e-01 8.030641997681416122e-02 2.502835222101764678e-01
-5.798319327731091821e-01 5.171611609326008940e-01 5.185861108123028806e-01 2.486414670653751269e-01 5.109815543271049032e-01 5.088483592375342424e-01 2.527258776958440922e-01 5.171804482520525603e-01 5.186044551071744557e-01 2.486414401088477277e-01 5.109648817317569147e-01 5.088307470309513247e-01 8.024647104933155251e-02 2.527269597530971135e-01
-5.848739495798318533e-01 5.178033377898428880e-01 5.193316239577965288e-01 2.468649409896964964e-01 5.106607864019476750e-01 5.084812877705834344e-01 2.554710284882678595e-01 5.178225362158558331e-01 5.193499109872689035e-01 2.468654713576737825e-01 5.106442465162099875e-01 5.084638284302056555e-01 8.017734164954301579e-02 2.554717690064544633e-01
-5.899159663865545244e-01 5.185123192586920116e-01 5.201529442010633941e-01 2.449276363543154977e-01 5.103098209422114451e-01 5.080771211302284041e-01 2.584941188851124783e-01 5.185314083967657028e-01 5.201711572551686036e-01 2.449287775912167009e-01 5.102934316739835552e-01 5.080598346705320623e-01 8.009898144338076231e-02 2.584944975885424268e-01
-5.949579831932771956e-01 5.192823626295958173e-01 5.210437745796361320e-01 2.428495590578477192e-01 5.099308785510934250e-01 5.076386511284232128e-01 2.617725803185714240e-01 5.193013204108334335e-01 5.210618949961247637e-01 2.428513584538873060e-01 5.099146575060932163e-01 5.076215570590310033e-01 8.001134252815449155e-02 2.617725835815403190e-01
-5.999999999999999778e-01 5.409014270147278758e-01 5.432024902568366453e-01 2.949978735153068188e-01 5.407985865503377454e-01 5.373757443170630310e-01 2.899980458621195800e-01 5.409072206181266829e-01 5.432083677783874354e-01 2.950048109414687980e-01 5.407939697892384379e-01 5.373706031731692034e-01 7.593402972932308814e-02 2.899914021460384683e-01
