#kx=6.0, ky=6.0, Jx=1.0, Jy=1.0, Jz=1.0, h=0.05
0.05126230055568337 0.0018261158622872758
0.06436666641488842 0.0002383118578282269
0.0758249657610438 0.00044132745359400284
0.0907907522273993 0.000309432518505202
0.11032704452365372 0.00040715283484000776
0.1684828997110449 0.00015212769065632215
0.18568662980761763 0.0010155942468197787
0.2054675158294922 0.0010279984025923109
0.23808895945614028 0.0010660311317665324
0.251479197796341 6.686592425939643e-05
0.2671732668149762 0.000202994607304553
0.277499174007087 0.0003120337488303144
0.31249315385065646 0.002059182331253712
0.31790959497019267 0.001007837314607013
0.3283561591206563 0.0006042507924113519
0.34531023485065926 0.0005041664438170986
0.3526969344613312 0.0006653899054004852
0.35426858172656506 0.00014182578183808962
0.3629484016111134 0.0001577789157322773
0.3672659993500893 0.00012666104760387524
0.37139811197063055 0.00013716895993956475
0.40614571348866035 0.00015685662556846463
0.442791369466507 0.00021582335016449722
0.462391256535824 0.00017500166668222672
0.4835803555961854 0.00018084847973580306
0.4958737732800572 0.0002671275950736964
0.5187131514829385 0.00035511744653550574
0.5621637575020599 0.00016120170758281632
0.5885806619279171 0.0020920564331769593
0.612348815283888 0.000264490921696008
0.6582774605306069 0.0003015352614202792
0.699985715246208 0.0005491787045217572
0.7325931369612543 0.0004550753112999075
0.7862460446808262 0.0004475705512691266
0.8238356056082163 9.572992565085218e-05
0.8662209482851607 0.0002931760741053197
0.8784519629018889 8.171390437860741e-05
0.887701117163347 0.0002069269200707053
0.8996258021829817 0.0001320854170913045
0.912046163554352 0.0001570951607135236
0.9211633315898099 0.00014442341302924475
0.9289077537091783 0.00023829299761362607
0.9329327909523666 9.698198146401867e-05
0.9446294573430247 0.0004639545206963079
0.957316103090346 0.0003456798132374911
0.9669886467756877 0.00032925425036993324
0.9750034976742544 0.0002023847097525271
0.9797250454235684 9.404010036909098e-05
0.9933731730003781 0.00024382894211946471
0.9978099196885043 0.00015460015599524552
1.007278459217042 0.00030962041153607034
1.0185770749187584 0.0002217625880528072
1.026109728391262 0.0002636825856693536
1.0372710805187213 0.00021550019315946502
1.0487180804571905 0.0002016250277075769
1.058763359465682 0.00020032902300175443
1.0656463910358593 0.00038812752193419757
1.072238219054253 0.0002244682122337909
1.0883279451377543 0.00017850781259936034
1.1024879847516655 0.0014761308240483322
1.1340742341299466 0.00036626731764109635
1.1596198730068563 0.0005058621748667741
1.1782890158211838 0.0008608074537383327
1.1979444215192987 0.00013504344748774825
1.2124764344078454 0.00048356134842522387
1.2211391648867964 0.0002879642214194429
1.2497950683823085 0.0003211584770496684
1.2583583091947443 0.0001821275253059909
1.2814712118641702 0.00031499940760502053
1.3017864655907903 0.0002546802014925912
1.3162196496651013 0.00018460338600151957
1.3463464196849229 0.00017217760131365214
1.3626967192975215 7.055685977205552e-05
1.3957787484488626 0.00048802326653412515
1.4915059951264742 7.771032880525299e-05
#kx=4.0, ky=4.0, Jx=1.0, Jy=1.0, Jz=1.0, h=0.05
0.05265874456348352 0.0009278613223112815
0.0642120827273629 0.0008519816962393321
0.07714985001669838 0.0005206134504129132
0.09137877978584341 0.0013055900906329908
0.11177341768967675 0.00015104500885015058
0.17127900413664188 0.0005309823327256991
0.18592840954272716 0.0008501038553915683
0.20857171881791814 0.0012587809072765234
0.24025369987551948 0.0006076550602648547
0.24943690678707664 6.767962139989777e-05
0.262975129874079 0.00010670571783828011
0.2764890164743572 0.0012812484586905602
0.3042640036357225 0.0008122437523498465
0.31624109032503067 0.0011100373823028926
0.3322413568328214 8.693483308135376e-05
0.3478842029468088 0.00041121127791842783
0.35082696172024974 0.00032526056701837156
0.35591542764220385 0.00014041946192257023
0.36474358652740846 0.00020623912575563357
0.36982485466346693 0.0001483215086015672
0.37562754060631476 4.474312153218969e-05
0.4012032487856759 0.00017139795884437185
0.43547283319806895 0.0001759576743633949
0.46532580900354337 0.000294067336754949
0.487417666148518 0.0003767794823629285
0.5151941816785782 0.0003713873617176312
0.5404999356729934 0.0007944692311093599
0.5804160939403175 0.0004740066410808249
0.5972121293979049 0.00016045931826025095
0.6255106204061406 0.0001517545191016566
0.6425953158337666 0.0001513225292181706
0.6781907441445828 0.0002659708568131871
0.6950778198272356 0.00040106899885924713
0.7859012641939839 0.00032887837854507984
0.8210364782182356 0.0010579209532136158
0.8679938348041039 0.0004333475802409027
0.876466980554006 0.00015718602702133262
0.8932337698079129 0.00014448709444521256
0.9026513767358285 0.00026625668890505034
0.9155657341152901 0.0003191246773035038
0.9172065301090937 0.00025773378888174704
0.9286033053226955 0.00037120694843529
0.9352270331590129 0.0005032010506836778
0.9416744759959972 0.00023432863529309117
0.9475189835603925 0.0002471839330822669
0.9589098402064999 0.00016984745838516868
0.9727230679389715 0.00011607609160982802
0.9754490568698199 0.00019154937493079296
0.9860055922596767 0.0006020802176285172
0.9988780548797332 0.00019052257483732926
1.0063939644955155 0.00022435962268622565
1.01542018834688 0.00097688733762519
1.0184154934477319 0.00021841408337168943
1.0284647009733066 0.0005132546693620681
1.0375132654477675 0.0002707524581733385
1.0503747807589414 0.00018918078161364937
1.0644710320123858 0.0001718361989677265
1.076353937962478 0.00021955006114756997
1.0859990135351953 0.0005119576657709471
1.1128219566280217 0.0009775547366935506
1.1162017817541559 0.00012111623569640186
1.1566010398479158 0.00036328817845919054
1.1856940163470842 0.0006358619980599099
1.196532936058397 0.00010076401573562531
1.2187482390756395 0.0003363888304601934
1.2309458618563596 0.0002987374570316648
1.2495843586061812 0.0009237692795908837
1.2708486485168353 0.0005518341769110744
1.2844748885548551 0.00020829575586489254
1.309237588248246 5.369600221332617e-05
1.32864110141145 7.20840229763838e-05
1.346845808639257 0.0008069850937455835
1.3554161861180174 0.0002776028635437641
1.3889314599680702 0.0006848754135658567
1.4685845264544222 0.0002874037453065875
#kx=2.0, ky=2.0, Jx=1.0, Jy=1.0, Jz=1.0, h=0.05
0.0488689903792644 0.0001284615114867898
0.06157555452286301 0.0008645780846343687
0.08125541948952819 0.0006648925770371853
0.09185822659223464 0.0005565989120581144
0.11810799043806552 6.737872037019429e-05
0.1634860502975155 0.00020197336615354524
0.18849713055587025 0.0008303016950101562
0.20838603335174177 0.0006651999892598899
0.23751113391846768 0.0003018331946568339
0.25085426086215445 0.00014916176350499328
0.26045207151771665 0.00036093494724524967
0.27645986651600507 0.0008266487954252858
0.2974570228460083 0.0004659908727587402
0.3085722326308077 0.00026067328069098
0.3197385763181959 0.00019404205154457114
0.3450554891843344 0.00010485353198490851
0.349635707268689 0.00010878255522694044
0.3512827244466171 5.834775478522925e-05
0.35417591280733185 0.000189414727526036
0.36441934562926437 0.00011071712409765165
0.36813714899335825 1.914211432062743e-05
0.3820450148079757 8.013982194497856e-05
0.4059685611093061 3.721291761384976e-05
0.4328569110280961 8.10974332289773e-05
0.471852589764713 0.0003140654287476238
0.4865884005115506 0.00011692943631658374
0.4973838726298102 0.0001929552904895015
0.5130417565785217 0.0005205151237765098
0.5737561314358924 0.0001624544639458239
0.5891266198814382 8.008955466159478e-05
0.6165384030777166 0.00013208613516756652
0.6656945622690824 0.00016260768989233225
0.6756884968179733 0.00028743333152401795
0.7361772112251913 0.00032361715248726045
0.7700777634834477 0.00014499542492016178
0.8211004231781577 0.0014922268311244478
0.873202590648281 0.0005142877171987005
0.8779463650114627 0.00016865488752445864
0.8981196388521245 5.872311301682803e-05
0.9120298914966457 0.00016154620439225734
0.9172668227136427 7.596795118996067e-05
0.9229281674478185 0.0005065832026506841
0.9278067035312249 0.0004282104985664477
0.9357618297239323 0.0004476179951948768
0.9457740351104926 7.043745503685797e-05
0.9530209671533568 0.00022188938987345534
0.963416036446314 0.00024143816466998827
0.9704803496345665 0.00018579401307120433
0.9860682250267461 0.0007827061183306137
0.9971669574833419 0.00022709851899373635
1.0059214011498958 0.00019621111772607496
1.01502395794821 0.0005118343906563336
1.02000586820449 0.00028332356663008816
1.0264952603420674 0.00023138737242683817
1.0405440604023202 8.839695070535106e-05
1.0505877051215977 0.0001380918191074336
1.0674540281900984 0.0001261175545719685
1.0820843514845597 0.0003253830917593792
1.099937908623117 0.000426049518728352
1.109747814302 0.0001392491798286866
1.123597762309877 0.00039074179516045956
1.155335334226764 0.0002020628853592381
1.179653781939967 0.00012459537254529954
1.1895300964591837 0.0004150453161912588
1.1995816176481944 0.00029125601410841636
1.225159554485154 0.000110140819742537
1.236635647647698 0.0004405219294893886
1.2550363699640439 0.0002497310805509789
1.2658371485358715 0.00015194186299630747
1.285187954338363 0.0003215655826770479
1.3132585108463746 0.00012422253528398297
1.3247055520356665 0.0002740110096928654
1.3622816463505116 0.000423480814063255
1.3812124964742178 8.302534142882611e-05
1.3911809838662437 0.00030131901572668236
#kx=0.0, ky=0.0, Jx=1.0, Jy=1.0, Jz=1.0, h=0.05
-0.01559952780178342 0.00010039869011445904
0.04516724339833689 0.0012476867661937391
0.07160884778421639 0.00014584446584767227
0.09615643020727371 0.00014142346563438576
0.10725136622249498 4.730810123135815e-05
0.1186052443233282 7.75173503512463e-05
0.15785869049885715 0.00025604352697903735
0.19546407887317374 0.00020142666180440774
0.20919332234160037 3.0469615661315273e-05
0.23769315779185007 0.0002381305148269041
0.24759390787565672 6.890307114327312e-05
0.2551372587963274 1.5643809070054834e-05
0.274685008086219 6.575430218860432e-05
0.29375853635977667 5.358860883729968e-05
0.303215097508453 0.00010000594951573106
0.3204750146603541 0.0014381250346546667
0.3460295984432815 4.4697756532522455e-05
0.34691884896644876 0.00014497380439169148
0.3532921243868947 9.093274592224005e-05
0.3571887821849684 0.00017267619946663448
0.36121698595258933 0.00015106122515012654
0.3631409937208502 9.312627000249117e-05
0.36947776465561355 5.6213470481222095e-05
0.37361773574319856 0.00014442044071257844
0.3986725603847191 0.00030530310995045026
0.4275525410109998 0.00022294852136584892
0.44640085654452377 6.635320636713367e-05
0.48352800870355983 2.923905482452234e-05
0.4902186814783932 6.394449486901114e-05
0.502113553143283 6.221156098078341e-05
0.5512858572009977 7.813670952512073e-05
0.5875031694405186 0.0004284655323407307
0.596883760822659 0.00020147878276874676
0.6532871812848706 0.0003675413357433759
0.7253674976921526 0.00016786177482863533
0.763025808455835 0.0007074721872669955
0.7883727251188088 0.0001701271844766939
0.8212933673622225 4.9366397558990185e-05
0.8647595746674852 0.00041193490694940195
0.8749061677938086 0.0001314279413305552
0.8920868330935555 0.00015707393105026573
0.9004486601471451 0.0001717067689295048
0.9151291835264586 0.00014372722272785625
0.9235526398504368 5.157298880820704e-05
0.9286150296457829 7.216339225905502e-05
0.9354653146062414 0.0001949862198721899
0.9450915617272543 0.00018902982323234233
0.9557793803717568 0.00042922275039917345
0.9675151262300669 0.000531989413169928
0.9757818796302448 0.00011378972188075834
0.9852415568796669 0.00024767960811790857
0.9967032236988427 0.0001644759943223595
1.001506178471792 0.0001480159729038362
1.012850848089744 0.00022163954682321836
1.019516051694516 0.0003141476641264479
1.0271671981793984 0.0002503309731589083
1.043358820971897 0.0003297252965259258
1.0571875993529471 9.239145876453187e-06
1.0712212910768681 0.00025804327475101736
1.0897676224421138 0.00014448743570783703
1.109965192141667 0.0003497842814977254
1.1195391264378944 0.0002696362346591101
1.1610356756470068 8.944853344845644e-05
1.1680245280211703 7.444116892173912e-05
1.183986379380519 0.00029705274820476183
1.2093294558139283 9.973590085175529e-05
1.2289967817989655 0.00015842421869574535
1.2545606100349593 3.612552256580456e-05
1.2680604337212857 0.00018423480730353446
1.284284496306693 0.0003292673685137825
1.3000537990174128 0.0004014514629630354
1.3185619376337365 9.604372292345922e-05
1.3338388360496278 0.00021094119247803457
1.3599506083828738 9.488937873510496e-05
1.3723766746654142 0.00017711962586056975
1.3911377051803338 0.00013950701464647178
#kx=2.0, ky=4.0, Jx=1.0, Jy=1.0, Jz=1.0, h=0.05
0.04315927481338855 0.00023060060841864158
0.05288473810166339 0.000885642762196071
0.07552465626982752 0.001349871991866263
0.0925788316358972 0.0007169100723478864
0.11919227368465235 7.645234906541175e-05
0.16107823354676976 0.00026898597035096257
0.18693851305674747 0.0008119385350810814
0.2082421845504162 0.0010551283471296519
0.23984303513269967 0.0003306044778729259
0.2512448906582909 8.834148983040207e-05
0.2634040195221071 0.00011628612789683535
0.2759118377385733 0.0013194903089229976
0.30623498795396664 0.0006878164018763752
0.32267741894013047 0.000556543481240333
0.34171154345655264 0.00016891192864999932
0.3481051338365415 0.00025203165001956487
0.35041562281302563 0.00030875090646110886
0.35313061900774934 0.00013584880416296914
0.3652774905689743 0.00017157068383684854
0.36854617311015136 2.1983224206789446e-05
0.37619109975607967 0.0001637522460559781
0.3964022766498959 0.00018655597303957722
0.4468179240327991 5.5940977266030994e-05
0.46468728376543145 0.00022024938793407427
0.4873058770083416 0.0004380283294189054
0.5010203768823362 0.00021287898366243726
0.5195372796225317 0.0004913050565787798
0.5798341994303841 0.0003345916683350319
0.5835304536957592 0.00015934823966876757
0.6030202692389741 0.0002259757850005779
0.6407064998736367 0.00020147566655336115
0.6720545771201825 0.0002814642031902431
0.7308393899635457 0.00024125521754275427
0.7731382452524055 0.00025024068177719545
0.8225380564881385 0.0009780992722369878
0.8679304208343419 0.0004417364787288402
0.8750541186295363 0.00013395679325581275
0.8987473325339346 5.9738634082337644e-05
0.9037268301930523 0.00023515611069062464
0.9117602927068114 0.00013731531532968152
0.9180709045648916 0.0007078219109487393
0.9258611037764602 0.00016210880311647296
0.9349534894012212 0.0005745962128742619
0.9378039413430056 0.00027131818322669553
0.9507884468995842 0.00011822502192134393
0.9625664479688845 0.0001542715661189016
0.9727809484879751 0.0001646545922976717
0.9782447959323121 0.00040260563168889916
0.9883178584038488 0.00028874261297421667
1.0009559616173958 0.00031378368494874333
1.0068825206139147 0.0002793028869330513
1.013085979125784 0.0008838015809848469
1.0248383281609024 0.00019680325624199765
1.0309812474856632 0.0006375194604543027
1.0390337389286863 0.00011560085075218755
1.0592639185953279 9.659337778469329e-05
1.073506801644764 0.00010583945599841298
1.0874977765880804 0.00015823861809438391
1.103601135429055 0.0003762705957711481
1.1091807311159607 0.0006662849182558696
1.1317618391851125 0.00048525371514227087
1.163564820333226 0.00013638920759977615
1.1842254084858777 0.0005580427504543834
1.2006318083680627 7.128570714210733e-05
1.2158102949636547 0.0003511563138023297
1.2304052216723633 0.00015426535585642752
1.2538649980539562 0.0010571986142124319
1.2679258759908463 0.00048655660465663327
1.2926121853578476 0.0002883515929810994
1.3112542937219036 0.00014376790445128843
1.32991580645841 0.00014101477531249822
1.3515138777436104 0.0003884989713301469
1.3578973407944805 0.0006059951113768192
1.3880448747587792 0.0001132406075186424
1.4195201954958825 0.00021317044612774477
#kx=4.0, ky=8.0, Jx=1.0, Jy=1.0, Jz=1.0, h=0.05
0.05463255864896821 0.0005095396018054862
0.07044999368402083 0.0009777878117639565
0.09203779105252052 6.776437003862504e-05
0.10589015695433579 6.298123535396898e-05
0.11049155837376479 0.00016110863877218885
0.1687972723325315 0.00035801698262693973
0.19516061106682137 0.0003569680828161745
0.21122551396864253 0.0014810459342596476
0.24059883648138936 0.0006404408734573524
0.24863685380553724 0.0005559553658157191
0.26181467439295725 0.00019890179440038765
0.275696933585422 3.538176367224599e-05
0.29436610890268 0.0002854985761638327
0.3128432752068322 0.0021058244003237083
0.3268768152167234 0.00013132293777961323
0.3414259950848114 0.0007745382977796385
0.35549669976418785 0.0005124187389074762
0.35929206876958997 7.452574171109284e-05
0.3604076102573872 0.00020635730296633532
0.3656955402401729 4.741893752388325e-05
0.37440121069891086 7.049141742955503e-05
0.40449849806426963 4.647182682420703e-05
0.4300572101561967 0.00010546330005806836
0.44640641539434756 6.394149559733618e-05
0.4870542672379663 0.00033533775690911037
0.5045781254566067 0.0003067662445407057
0.517047063986178 0.00021089368679281392
0.5358756811337129 4.867679333682098e-05
0.5842828465859667 0.0005392977489644859
0.5939760776329556 0.00152639248769644
0.6391831374798024 0.00010521741818965527
0.6871087775484264 0.0003232190144104066
0.7219625433179527 0.00018641229707957416
0.7875658176640038 0.00012590545946723145
0.8230889677558201 0.00018893289454297393
0.8570573890262134 0.0002487288550316588
0.8662437228840175 5.681014876945006e-05
0.8902409021004482 7.239297173176325e-05
0.8978778244643326 0.00014210403522955738
0.9106621272655291 0.0001781132761983586
0.9167230884439137 0.00021592757473095747
0.9284731293881271 0.00013804354681670443
0.9331081874981573 0.00011846823804901857
0.9377373027710817 0.0004949363075271438
0.9504661091825761 7.771040611349734e-05
0.9571772221692193 0.00010612378925797464
0.9672082123549591 0.00023106271273317926
0.9762481528141781 6.414029138228201e-05
0.9822192568135002 0.0002121754937070497
0.9893740265761852 0.00010041569429942238
1.001819617123877 0.00023394475852065347
1.0089853965637934 9.881679106536943e-05
1.0200264439263729 0.0001448130955455876
1.0242005182557468 0.00025823553299768293
1.0360788939491243 0.0001852685987378302
1.0469018479313819 0.00020017209213642195
1.0612352093088044 0.00011579904321277335
1.0680273615489122 0.00020616939962687236
1.0907519351907506 0.0002960043552595613
1.105660379062049 0.00016715822353780013
1.1090396666467468 0.0010487276832589641
1.1633851243182713 0.0009799575331951311
1.1798129878186625 0.0006666125350596513
1.193969201297382 0.00032314298990369873
1.217202483435193 3.689134748695749e-05
1.2336150776402395 0.00033687856105068864
1.2550037743833524 0.00018058273647913965
1.2744153428888065 0.0002974849230004343
1.2843049895280112 0.00031407558078462485
1.3050558140476216 0.000114716568037908
1.319853660080264 0.00011922605495953185
1.3415231121707127 4.0850231120093086e-05
1.3606048879750072 0.00011463736986518664
1.3993015697403703 0.0005013488928833973
1.4361903881671767 3.083286233481157e-05
#kx=5.0, ky=7.0, Jx=1.0, Jy=1.0, Jz=1.0, h=0.05
0.05729058913580276 0.0011103958856353519
0.06318935835734729 0.0009182972876565581
0.07887029518098776 0.00015490354685943807
0.097642909095918 9.360128173944028e-05
0.10844037321384448 0.00020773735959363915
0.1674800220042988 0.00018887271513270412
0.19158353013346063 0.0004555833368905988
0.20934449190604 0.001524273639784547
0.24412033186332005 0.0007916178991439987
0.25005719187454534 0.00014697091196852921
0.2644598502952483 0.00023603412309827732
0.2769528279689415 0.0001232618684402272
0.29962880464175445 0.0004985682937572885
0.31512488093176916 0.0021269590371757493
0.32587500812852443 0.0003146579254193431
0.34288276163388365 0.0007000950735344937
0.3543984458921279 0.0005118821226090748
0.35711241531063587 0.00016214235231827272
0.36182524603609045 0.00011688653041619842
0.36576364015430907 9.625935177193118e-05
0.3716563334007206 0.00011494729619030702
0.4047038478351872 8.615282554465734e-05
0.4371099888852681 0.0001836015664952482
0.4659077727542099 6.708352010436014e-05
0.48659649706008223 0.00031551935319460106
0.5048824494244775 0.00029423047921337106
0.5258825046891397 0.0002785275048296092
0.5789414451973945 0.0002732025024481452
0.590271497898403 0.0017739338476356534
0.6159932030381504 0.00019164290936913152
0.6747872242472186 0.00041888855900250175
0.7077822152434615 0.0002304977706217379
0.7512684801185743 0.0003125288495967352
0.8009665972648888 0.0001274183407196849
0.8275102305200482 5.6466778992384234e-05
0.8598204810790699 0.0002449224623138304
0.8721593141222833 9.936556464030238e-05
0.8873592594200919 7.051978183511208e-05
0.90762703287596 0.0001098474031717215
0.9137054419166113 0.0001463942955169322
0.9251768124650073 0.00012174996486340655
0.930796784700571 0.000131250322266044
0.9365764776104862 0.00022808367506743947
0.9455752811449569 0.0003279367681230306
0.9532596011651345 0.0001655862247707488
0.9691053828413065 0.0002609124849365396
0.9761399743669297 0.00012961416532360337
0.9852286295316431 0.00027455825074067475
0.9905705987228752 4.9439001394618726e-05
0.9992402407632744 0.00011340350195380925
1.0130425206345066 0.00019227371166170452
1.0177889112922363 0.00027103098680553975
1.028403324196316 0.00014109890951046654
1.0352131708021362 0.0003980756725972411
1.0478482871055057 8.288474046465178e-05
1.0569046452293607 0.0001792343145428211
1.0639878468714574 9.394683365065479e-05
1.0801484354460655 0.00013910580953777779
1.091440128684581 0.0001723649530101539
1.103531193685383 0.0012578746490188918
1.1171185357533198 0.00024580561915860225
1.162538683957719 0.0008563294809186479
1.181479379089967 0.0006983356661799321
1.2021957403739303 0.000376094153607483
1.2216917561600427 6.402279053533905e-05
1.2314304775503038 0.00031872988987263106
1.2519793148369245 0.00017492235510774423
1.2768859325970143 0.0002681889463749649
1.289159937099524 0.0002519300698436202
1.309122747844571 0.00010171260373931961
1.3192803342620767 8.242595881060793e-05
1.3388471112182625 0.00010623814018031707
1.356469119178339 7.884843840616712e-05
1.4023014651508614 0.00044449323378612925
1.472791866335651 4.1685336477604586e-05
