#kx=6.0, ky=6.0, Jx=1.0, Jy=1.0, Jz=1.0, h=0.05
0.05126230055568337 9.559087324104051e-05
0.06436666641488842 0.0001642462938201703
0.0758249657610438 0.0001797440419534141
0.0907907522273993 0.00028517496304886767
0.11032704452365372 5.6646961335680887e-05
0.1684828997110449 3.3566806356095488e-06
0.18568662980761763 7.005972137040064e-05
0.2054675158294922 0.0001955837005584721
0.23808895945614028 2.201810019693531e-05
0.251479197796341 5.9658382209007964e-05
0.2671732668149762 4.2861370032664844e-05
0.277499174007087 0.0002460108847639704
0.31249315385065646 4.0804179934849245e-05
0.31790959497019267 3.553759007582627e-05
0.3283561591206563 1.2833659865974886e-05
0.34531023485065926 0.00010902090790787435
0.3526969344613312 0.00012968310658070055
0.35426858172656506 3.641318672966327e-05
0.3629484016111134 0.00011510496034830162
0.3672659993500893 4.4483627603114776e-05
0.37139811197063055 8.225496844915934e-05
0.40614571348866035 4.5117897574048407e-05
0.442791369466507 5.4606756713389925e-05
0.462391256535824 3.7829861314923364e-06
0.4835803555961854 5.7682834042453605e-05
0.4958737732800572 3.914234628868118e-05
0.5187131514829385 5.336522993403395e-06
0.5621637575020599 2.5448556684627958e-05
0.5885806619279171 0.00010921640723086995
0.612348815283888 9.08753139884982e-05
0.6582774605306069 5.620635729261559e-06
0.699985715246208 0.0002236954356343495
0.7325931369612543 7.536144136320096e-05
0.7862460446808262 5.608074794227699e-06
0.8238356056082163 5.4522662330352744e-05
0.8662209482851607 0.00010632186222230621
0.8784519629018889 2.281181380161684e-05
0.887701117163347 4.219505074595816e-05
0.8996258021829817 1.8948623078181334e-05
0.912046163554352 7.57620760361788e-05
0.9211633315898099 0.0001111047632740851
0.9289077537091783 0.00017816311868757047
0.9329327909523666 2.1760519298515795e-05
0.9446294573430247 6.0111618871037005e-05
0.957316103090346 0.0001878263083834347
0.9669886467756877 0.00023362088501602805
0.9750034976742544 6.3703978593762825e-06
0.9797250454235684 4.18007550403246e-05
0.9933731730003781 0.0001276494859074703
0.9978099196885043 9.34384151003881e-06
1.007278459217042 6.849599034740361e-05
1.0185770749187584 0.00020926995896046777
1.026109728391262 0.00023012837131854537
1.0372710805187213 0.00011612000347118996
1.0487180804571905 1.8947411671860965e-05
1.058763359465682 3.0109799671844607e-05
1.0656463910358593 5.603950453569186e-06
1.072238219054253 1.0305552217624483e-05
1.0883279451377543 8.891678066488767e-06
1.1024879847516655 0.001371665485563351
1.1340742341299466 0.0001341769127214314
1.1596198730068563 0.00018819340476356223
1.1782890158211838 0.00035170574672267426
1.1979444215192987 3.2128983133847e-05
1.2124764344078454 0.00013357280503024834
1.2211391648867964 0.0002543528211219479
1.2497950683823085 0.00010624504555824616
1.2583583091947443 0.00017255364784883018
1.2814712118641702 0.0001733977524437377
1.3017864655907903 0.00018433487586370597
1.3162196496651013 2.243604932382351e-05
1.3463464196849229 0.00014345663689812075
1.3626967192975215 3.707608652599974e-05
1.3957787484488626 1.0089712300874926e-05
1.4915059951264742 1.0210259738575049e-08
#kx=4.0, ky=4.0, Jx=1.0, Jy=1.0, Jz=1.0, h=0.05
0.05265874456348352 0.00019603022056257643
0.0642120827273629 0.0003325012835781055
0.07714985001669838 0.0004934521275538761
0.09137877978584341 0.0012861334691373644
0.11177341768967675 9.623330583367578e-07
0.17127900413664188 9.401018279113507e-05
0.18592840954272716 0.0003635966608234193
0.20857171881791814 0.0007174978511089071
0.24025369987551948 7.258317137054431e-07
0.24943690678707664 6.361386227140005e-05
0.262975129874079 4.469103025281441e-05
0.2764890164743572 0.0010723557410031975
0.3042640036357225 3.8648639606982524e-05
0.31624109032503067 8.515079398722003e-05
0.3322413568328214 5.869177480938168e-06
0.3478842029468088 6.218850465642123e-05
0.35082696172024974 0.00016108293493372582
0.35591542764220385 9.173549439649427e-05
0.36474358652740846 0.00012510592722057512
0.36982485466346693 6.72591435218219e-05
0.37562754060631476 9.734598016207453e-06
0.4012032487856759 0.00010620883250640483
0.43547283319806895 0.00016832679576415954
0.46532580900354337 0.0001977834021354664
0.487417666148518 0.00031078029075899823
0.5151941816785782 0.00028976857532438517
0.5404999356729934 0.0001740634334807259
0.5804160939403175 0.00021382910906234974
0.5972121293979049 4.2062892321237494e-05
0.6255106204061406 2.4158952121236363e-05
0.6425953158337666 4.236617434505711e-05
0.6781907441445828 2.1275569797568797e-05
0.6950778198272356 0.00014923423609711288
0.7859012641939839 3.0117363699646998e-05
0.8210364782182356 0.0007631583089899035
0.8679938348041039 0.0001721023691965241
0.876466980554006 0.00013268295318798957
0.8932337698079129 8.800526511631038e-05
0.9026513767358285 0.00021124840305788056
0.9155657341152901 9.303777989031006e-05
0.9172065301090937 0.00015615414857670555
0.9286033053226955 0.0003316656122886466
0.9352270331590129 0.0004612317485718119
0.9416744759959972 0.00013144238830110005
0.9475189835603925 2.765099779438226e-05
0.9589098402064999 6.646460340954705e-05
0.9727230679389715 8.058239502462507e-05
0.9754490568698199 0.00014926282312868185
0.9860055922596767 0.0004904220440701497
0.9988780548797332 0.00016850046090886194
1.0063939644955155 0.0001089225989614919
1.01542018834688 0.0008808081551789167
1.0184154934477319 5.174797760559481e-05
1.0284647009733066 0.00044032115111188166
1.0375132654477675 0.00020622395583858025
1.0503747807589414 0.00011643756390443498
1.0644710320123858 1.8093110126911938e-05
1.076353937962478 8.90646511131569e-05
1.0859990135351953 0.00032987221505228424
1.1128219566280217 0.0007011333764354237
1.1162017817541559 7.811223118634264e-05
1.1566010398479158 1.4165195598881526e-05
1.1856940163470842 0.0005504636779186838
1.196532936058397 8.232003583554059e-05
1.2187482390756395 0.00011184123846401557
1.2309458618563596 0.00018656211521319197
1.2495843586061812 0.0007106801085674705
1.2708486485168353 0.0004777113463630262
1.2844748885548551 0.00012666238949689544
1.309237588248246 2.22385249447727e-06
1.32864110141145 3.3972080284865066e-05
1.346845808639257 0.0006714891826948567
1.3554161861180174 3.941200917557349e-05
1.3889314599680702 1.8816143390719045e-05
1.4685845264544222 0.0001365418385848427
#kx=2.0, ky=2.0, Jx=1.0, Jy=1.0, Jz=1.0, h=0.05
0.0488689903792644 4.732463532960732e-06
0.06157555452286301 0.0006356653609236282
0.08125541948952819 0.0004875396965546247
0.09185822659223464 0.00042892494079478725
0.11810799043806552 1.1104036733526305e-05
0.1634860502975155 3.054219299149445e-05
0.18849713055587025 0.0005546336428499079
0.20838603335174177 0.00048224975485761497
0.23751113391846768 0.0001562047657480296
0.25085426086215445 0.0001220040251107194
0.26045207151771665 0.00031961227365504994
0.27645986651600507 0.0007298330071136766
0.2974570228460083 0.0001478404987518644
0.3085722326308077 7.053118786514512e-05
0.3197385763181959 5.567999239435196e-05
0.3450554891843344 1.4425133906949663e-05
0.349635707268689 3.971507513772191e-05
0.3512827244466171 1.0030353940158314e-05
0.35417591280733185 0.00014289251460561315
0.36441934562926437 6.084954908899117e-05
0.36813714899335825 1.229563195677792e-06
0.3820450148079757 2.3812382326763434e-05
0.4059685611093061 6.448330852046193e-06
0.4328569110280961 7.830520731565827e-05
0.471852589764713 0.0002660543494280545
0.4865884005115506 5.54916394409405e-05
0.4973838726298102 1.8760058032059904e-05
0.5130417565785217 0.00034090943503922857
0.5737561314358924 6.307396941739451e-05
0.5891266198814382 3.9951913350376813e-05
0.6165384030777166 7.800960923139159e-05
0.6656945622690824 0.00010613761856206653
0.6756884968179733 0.00018063571193128428
0.7361772112251913 1.6736019064708583e-05
0.7700777634834477 1.620075701035389e-05
0.8211004231781577 0.001222777237839069
0.873202590648281 0.000319022762511157
0.8779463650114627 7.05128138217795e-05
0.8981196388521245 3.167794121133653e-05
0.9120298914966457 9.799013144584857e-05
0.9172668227136427 1.4309796305371316e-05
0.9229281674478185 0.00021835967091437308
0.9278067035312249 0.00026258936061937066
0.9357618297239323 0.00036637367556580666
0.9457740351104926 2.993922084544195e-05
0.9530209671533568 6.153189621395665e-05
0.963416036446314 0.0001269712281047161
0.9704803496345665 7.92042612987561e-05
0.9860682250267461 0.0006890506037384013
0.9971669574833419 0.00019113047006900534
1.0059214011498958 4.462349651938786e-05
1.01502395794821 0.0003196831939034032
1.02000586820449 0.00023950734021487043
1.0264952603420674 9.991346107712822e-05
1.0405440604023202 4.220580682826916e-05
1.0505877051215977 8.669612357068141e-05
1.0674540281900984 3.514339768788956e-05
1.0820843514845597 0.00010087380387901494
1.099937908623117 0.00012543413971115557
1.109747814302 5.052949506751339e-06
1.123597762309877 0.00015194635521302777
1.155335334226764 7.867579266162316e-05
1.179653781939967 9.48481439022422e-05
1.1895300964591837 0.0002462778108584672
1.1995816176481944 5.3471647416689205e-05
1.225159554485154 3.1138172979518254e-05
1.236635647647698 0.00037721860069117174
1.2550363699640439 0.00016442400339136402
1.2658371485358715 6.473186012364174e-05
1.285187954338363 0.00011153162088594257
1.3132585108463746 6.074693566255952e-05
1.3247055520356665 0.0001604489396215024
1.3622816463505116 0.00032185337473008137
1.3812124964742178 3.7296746755538865e-05
1.3911809838662437 1.2284491181544739e-05
#kx=0.0, ky=0.0, Jx=1.0, Jy=1.0, Jz=1.0, h=0.05
-0.01559952780178342 3.13288442541631e-05
0.04516724339833689 0.00036180022832653803
0.07160884778421639 4.2593012248567846e-05
0.09615643020727371 6.14938153982515e-05
0.10725136622249498 2.5992879572210416e-05
0.1186052443233282 6.327688643982681e-05
0.15785869049885715 0.00011829846968777199
0.19546407887317374 0.00015898841332746846
0.20919332234160037 5.185206671721175e-06
0.23769315779185007 0.00011260479788389166
0.24759390787565672 4.6084468770928705e-05
0.2551372587963274 5.9440460539309555e-06
0.274685008086219 1.3046341280554429e-05
0.29375853635977667 3.529087644212651e-05
0.303215097508453 6.549649200786657e-05
0.3204750146603541 0.000564320381862177
0.3460295984432815 3.074314729228165e-05
0.34691884896644876 8.754781343524896e-05
0.3532921243868947 2.9576422137202086e-05
0.3571887821849684 8.225186267408836e-06
0.36121698595258933 5.2795865685251556e-05
0.3631409937208502 2.538693955679366e-06
0.36947776465561355 1.5004665348122386e-05
0.37361773574319856 6.702616434032495e-05
0.3986725603847191 0.0001521532896740735
0.4275525410109998 3.327810912831683e-05
0.44640085654452377 4.8299283921405266e-05
0.48352800870355983 2.3772156692052124e-05
0.4902186814783932 3.703942793789746e-05
0.502113553143283 4.0912332413797034e-05
0.5512858572009977 2.770177116437273e-06
0.5875031694405186 0.00023255207514959048
0.596883760822659 0.000180367976960235
0.6532871812848706 5.651205008725527e-05
0.7253674976921526 7.93307011931905e-06
0.763025808455835 9.027970751230954e-05
0.7883727251188088 6.786991594769052e-05
0.8212933673622225 4.1340798255632555e-05
0.8647595746674852 9.594337388152203e-05
0.8749061677938086 1.6195054970837252e-05
0.8920868330935555 0.00010820980148519159
0.9004486601471451 6.253277299708534e-06
0.9151291835264586 1.814707961700437e-05
0.9235526398504368 5.802187940025354e-06
0.9286150296457829 2.552054915086604e-05
0.9354653146062414 4.639640800261944e-05
0.9450915617272543 1.4278646851095786e-05
0.9557793803717568 0.00017236893310980167
0.9675151262300669 0.00041329726010530727
0.9757818796302448 4.1488812878143533e-05
0.9852415568796669 9.690255611197857e-05
0.9967032236988427 0.0001069739228479302
1.001506178471792 1.3568721090557138e-05
1.012850848089744 3.0081119175138327e-05
1.019516051694516 9.297403144806728e-05
1.0271671981793984 0.00011969134258686856
1.043358820971897 0.00020948642386957572
1.0571875993529471 4.979139301242162e-07
1.0712212910768681 5.827806559688095e-06
1.0897676224421138 3.654423598494201e-05
1.109965192141667 4.689228536574958e-07
1.1195391264378944 8.566303702578521e-05
1.1610356756470068 3.7130544477381593e-06
1.1680245280211703 2.6536048364056776e-05
1.183986379380519 7.872803032987991e-06
1.2093294558139283 9.512841717138233e-06
1.2289967817989655 0.00011876331758197145
1.2545606100349593 2.0605749728113634e-05
1.2680604337212857 5.749416006915541e-05
1.284284496306693 0.00015879865716376718
1.3000537990174128 0.0002840567451532247
1.3185619376337365 2.2575046822887225e-05
1.3338388360496278 1.1288031439078884e-05
1.3599506083828738 2.4079970605714787e-06
1.3723766746654142 1.0521542145195168e-05
1.3911377051803338 3.116847766390187e-05
#kx=2.0, ky=4.0, Jx=1.0, Jy=1.0, Jz=1.0, h=0.05
0.04315927481338855 0.00012757856580607074
0.05288473810166339 0.00014949196116239904
0.07552465626982752 0.0012761022016854026
0.0925788316358972 0.000695660090265123
0.11919227368465235 1.2085934694559936e-05
0.16107823354676976 2.7709263166671955e-05
0.18693851305674747 0.0004811822926316116
0.2082421845504162 0.000645924531230581
0.23984303513269967 8.782710870241033e-08
0.2512448906582909 8.448545794003305e-05
0.2634040195221071 4.027335817554886e-05
0.2759118377385733 0.0011304456723918777
0.30623498795396664 3.0336674948572756e-05
0.32267741894013047 8.57629395775005e-05
0.34171154345655264 2.545445434500857e-05
0.3481051338365415 0.0001075647512017248
0.35041562281302563 0.0001583851944304712
0.35313061900774934 0.00011024144729422022
0.3652774905689743 0.00012109317010032171
0.36854617311015136 3.6374500137158256e-06
0.37619109975607967 0.0001499386986035472
0.3964022766498959 0.00010379038881386578
0.4468179240327991 3.646555266377877e-05
0.46468728376543145 0.00017981625261473166
0.4873058770083416 0.0003856882076913893
0.5010203768823362 0.00011614550793752091
0.5195372796225317 0.0003102964897921691
0.5798341994303841 0.00016679646030137948
0.5835304536957592 2.3727703563553047e-05
0.6030202692389741 0.00012468743636653888
0.6407064998736367 0.000101144319702693
0.6720545771201825 0.00013720532979718327
0.7308393899635457 0.00011672363824517576
0.7731382452524055 2.4306888684784003e-05
0.8225380564881385 0.0006536645856983249
0.8679304208343419 0.0002987775037187094
0.8750541186295363 9.688078566721435e-05
0.8987473325339346 1.85904822702901e-05
0.9037268301930523 0.0001955914233374998
0.9117602927068114 6.918247285067097e-05
0.9180709045648916 0.0004268867715509676
0.9258611037764602 7.87292350512993e-05
0.9349534894012212 0.000543613377633177
0.9378039413430056 0.00011257473169533604
0.9507884468995842 5.3169858864170705e-06
0.9625664479688845 1.766185299178964e-05
0.9727809484879751 0.00015200400920704516
0.9782447959323121 0.0003407832691601556
0.9883178584038488 0.0002318877014401791
1.0009559616173958 0.00023024979403960143
1.0068825206139147 0.00020851224107528687
1.013085979125784 0.0007760152989659057
1.0248383281609024 0.00012160365093232702
1.0309812474856632 0.0005842003167820675
1.0390337389286863 4.256924308703489e-05
1.0592639185953279 8.287169323600629e-05
1.073506801644764 2.094183747253603e-05
1.0874977765880804 0.00011115032153288649
1.103601135429055 0.0002486896714605257
1.1091807311159607 0.0005637062044719843
1.1317618391851125 4.2317444062614386e-05
1.163564820333226 9.91375862709524e-05
1.1842254084858777 0.0005208169044527683
1.2006318083680627 1.1840720321047532e-06
1.2158102949636547 0.00016409273888085793
1.2304052216723633 0.00011921119681437214
1.2538649980539562 0.0008008924142826189
1.2679258759908463 0.0003452078628981979
1.2926121853578476 0.00010732822883075472
1.3112542937219036 4.629024684218004e-05
1.32991580645841 9.616348103450167e-05
1.3515138777436104 0.0002874007773057004
1.3578973407944805 0.00012592458120813188
1.3880448747587792 4.9683607535487947e-05
1.4195201954958825 0.00014187531911961687
#kx=4.0, ky=8.0, Jx=1.0, Jy=1.0, Jz=1.0, h=0.05
0.05463255864896821 5.5058880777382364e-05
0.07044999368402083 3.612428053914069e-05
0.09203779105252052 1.89670974566349e-05
0.10589015695433579 2.8981726980034554e-05
0.11049155837376479 1.9853960434183912e-05
0.1687972723325315 8.686947229913063e-06
0.19516061106682137 4.108430571016983e-05
0.21122551396864253 0.00010306038449615797
0.24059883648138936 9.808967680753936e-05
0.24863685380553724 0.00021840527054991713
0.26181467439295725 8.036836970701338e-05
0.275696933585422 2.2825937076004587e-05
0.29436610890268 1.4892828861175618e-05
0.3128432752068322 3.7441716107538186e-05
0.3268768152167234 1.3133765960702204e-05
0.3414259950848114 0.0002605453942106396
0.35549669976418785 2.579405177200837e-05
0.35929206876958997 5.696884317060393e-06
0.3604076102573872 3.0301546833746253e-05
0.3656955402401729 3.5136304330508824e-06
0.37440121069891086 1.2949910280854336e-05
0.40449849806426963 1.3719110702852958e-06
0.4300572101561967 1.4156797798520079e-05
0.44640641539434756 1.3417627876404603e-05
0.4870542672379663 9.203703639596908e-05
0.5045781254566067 9.97621054890254e-05
0.517047063986178 1.607263690877537e-05
0.5358756811337129 5.089644131833927e-06
0.5842828465859667 7.261493049115632e-06
0.5939760776329556 7.587548099356651e-05
0.6391831374798024 4.117945450474877e-06
0.6871087775484264 2.817444949891683e-06
0.7219625433179527 5.353360487627915e-06
0.7875658176640038 3.2042820690664776e-05
0.8230889677558201 9.439099340824216e-05
0.8570573890262134 0.00017944452530523978
0.8662437228840175 2.0449732851783795e-05
0.8902409021004482 4.2172383796002597e-07
0.8978778244643326 8.688015526372844e-05
0.9106621272655291 1.794710067799977e-05
0.9167230884439137 6.688129989125423e-05
0.9284731293881271 7.384106710795454e-05
0.9331081874981573 6.661724802381335e-05
0.9377373027710817 9.916730848235082e-06
0.9504661091825761 2.696088274347209e-05
0.9571772221692193 1.1275185172967916e-05
0.9672082123549591 0.0001331789225868581
0.9762481528141781 2.8070223147018644e-06
0.9822192568135002 0.00014515692248620273
0.9893740265761852 5.931617322543444e-05
1.001819617123877 5.181035215260766e-05
1.0089853965637934 2.432108868921342e-05
1.0200264439263729 1.5395231693061622e-05
1.0242005182557468 0.00021380538483830688
1.0360788939491243 6.810959086659255e-05
1.0469018479313819 6.170647981596584e-05
1.0612352093088044 1.8853411866337592e-05
1.0680273615489122 6.537129312847658e-05
1.0907519351907506 6.580510041328058e-05
1.105660379062049 5.4844737663049234e-05
1.1090396666467468 0.0008072476505672678
1.1633851243182713 0.000190417392954172
1.1798129878186625 0.00039173041327957795
1.193969201297382 0.00010595223979085321
1.217202483435193 1.1011642042190328e-05
1.2336150776402395 0.0002143342379858455
1.2550037743833524 6.059090587887408e-05
1.2744153428888065 8.580120967511528e-05
1.2843049895280112 5.322993581367385e-05
1.3050558140476216 2.9876906778061434e-06
1.319853660080264 7.209418861999155e-05
1.3415231121707127 6.155622997393787e-06
1.3606048879750072 9.51322664415816e-05
1.3993015697403703 2.6783404034983846e-05
1.4361903881671767 2.830587300298247e-06
#kx=5.0, ky=7.0, Jx=1.0, Jy=1.0, Jz=1.0, h=0.05
0.05729058913580276 0.00013822793049427618
0.06318935835734729 2.321477637930852e-05
0.07887029518098776 3.5857110978309543e-06
0.097642909095918 8.024489570485938e-05
0.10844037321384448 2.2902977105874522e-05
0.1674800220042988 6.405984187470382e-06
0.19158353013346063 3.019743936218456e-05
0.20934449190604 8.552108161329152e-05
0.24412033186332005 0.00012714270855208702
0.25005719187454534 6.64698852004652e-05
0.2644598502952483 6.791283701301614e-05
0.2769528279689415 0.00010867303814926395
0.29962880464175445 1.4673988237449277e-05
0.31512488093176916 5.1623657064560784e-05
0.32587500812852443 5.907664931089617e-06
0.34288276163388365 0.000218029384096925
0.3543984458921279 3.798516247405925e-05
0.35711241531063587 9.448487715578672e-06
0.36182524603609045 0.00010914668525064961
0.36576364015430907 1.6776728804317794e-06
0.3716563334007206 5.64293259189003e-05
0.4047038478351872 2.4780585440262932e-05
0.4371099888852681 1.3999193496537208e-05
0.4659077727542099 6.797844887833111e-06
0.48659649706008223 0.00011992674557593246
0.5048824494244775 3.017222799953468e-05
0.5258825046891397 9.698906030736787e-06
0.5789414451973945 1.1492062234379824e-05
0.590271497898403 7.555087178693716e-05
0.6159932030381504 8.60984034501576e-06
0.6747872242472186 1.752174169386118e-05
0.7077822152434615 2.046130767180858e-05
0.7512684801185743 1.3556286711044263e-05
0.8009665972648888 1.0523731825948173e-05
0.8275102305200482 2.22156226934887e-05
0.8598204810790699 0.00016661523347694375
0.8721593141222833 2.6375644556169325e-06
0.8873592594200919 1.1098864107257234e-05
0.90762703287596 2.6756942255378393e-05
0.9137054419166113 9.804026900529146e-07
0.9251768124650073 8.15198059136289e-05
0.930796784700571 9.991080023449813e-05
0.9365764776104862 1.6145945355031458e-05
0.9455752811449569 0.00011606486752501692
0.9532596011651345 4.346057420358683e-05
0.9691053828413065 0.00014889268101063292
0.9761399743669297 9.725575981464479e-05
0.9852286295316431 0.00021480062190658126
0.9905705987228752 6.990492865948332e-06
0.9992402407632744 6.987723656746692e-06
1.0130425206345066 4.169872032127964e-05
1.0177889112922363 7.977422894827389e-05
1.028403324196316 0.00010596454813730294
1.0352131708021362 0.00020371667572142995
1.0478482871055057 7.126580523533664e-06
1.0569046452293607 1.0208768670531605e-05
1.0639878468714574 8.725653425702623e-06
1.0801484354460655 2.849919397307054e-05
1.091440128684581 1.2438552429098331e-05
1.103531193685383 0.0011201075595887444
1.1171185357533198 2.0873940469939983e-07
1.162538683957719 0.00022580750103321287
1.181479379089967 0.0004104222905574522
1.2021957403739303 8.795595263457351e-05
1.2216917561600427 2.2958554330964458e-05
1.2314304775503038 0.000168238462011331
1.2519793148369245 9.484920998236376e-05
1.2768859325970143 9.736321488301421e-05
1.289159937099524 0.0001365592207575854
1.309122747844571 3.7477781607996337e-06
1.3192803342620767 3.5857263369332554e-05
1.3388471112182625 4.351181668784407e-05
1.356469119178339 5.547339216287803e-05
1.4023014651508614 2.007902933979921e-05
1.472791866335651 1.653267447820484e-06
