#kx=0.0, ky=8.0, Jx=1.0, Jy=1.0, Jz=2.1, h=0.02
-0.12116781634500223 0.019100645784042525 0.05026285096104377 0.06650199510274926 0.11002640560243171 0.1653494809878342 0.22414080821989357 0.28066345858097835 0.3096172027043864 0.3398335426504443 0.38524988991705833 0.4394734469287589 0.5243011844690438 0.5597300446392732 0.5674712192634817 0.7287369053266365
#kx=0.0, ky=6.0, Jx=1.0, Jy=1.0, Jz=2.1, h=0.02
-0.12118186965680028 0.018109674925162356 0.0404430314900221 0.07677176708973246 0.1081003346072035 0.17941187231712719 0.23559525235559514 0.29279922512891954 0.31372609257604495 0.33809653022669495 0.3905947689345395 0.4639428276940305 0.5355475712953622 0.5589610673189352 0.5676452495645683 0.603973588071479
#kx=0.0, ky=4.0, Jx=1.0, Jy=1.0, Jz=2.1, h=0.02
-0.12053537705513151 0.016581826252856535 0.040850007815365574 0.07921091503223546 0.1165723993039687 0.182704732567048 0.23969322500550289 0.29859709963250536 0.3076050663503284 0.32684863426708755 0.3404832097954463 0.4189562997057299 0.48973675953945056 0.5354105295400762 0.5571963042663869 0.5681694335664393
#kx=0.0, ky=2.0, Jx=1.0, Jy=1.0, Jz=2.1, h=0.02
-0.12042501166187725 -0.002990971370122275 0.013982311996713348 0.04233743791509709 0.09099902262759449 0.1282167356462642 0.18899705913844334 0.23544950669738363 0.29137136982687495 0.3396246321059349 0.357424130515782 0.42786784215792206 0.4946649230668838 0.5272793977731726 0.5504257534121252 0.5674293288415069
#kx=0.0, ky=0.0, Jx=1.0, Jy=1.0, Jz=2.1, h=0.02
-0.17857887621740265 -0.12221184251781764 0.006818491865545284 0.036895527052608956 0.058732241283961706 0.13383846931881285 0.19857126379179368 0.27819542391593577 0.28675750205548073 0.3385084006449639 0.36847845537311463 0.37871962674339166 0.4863237960462587 0.508544099330338 0.5571255212375693 0.5851153661196097
#kx=4.0, ky=2.0, Jx=1.0, Jy=1.0, Jz=2.1, h=0.02
-0.00224829870275417 0.014704295702263726 0.04274745867056995 0.07814626622413709 0.10742446775588968 0.13208731231458465 0.1979514709479988 0.2863367451682724 0.30234637361355443 0.3346998883847799 0.3545814847756383 0.4156585708047774 0.5185666417181909 0.5288464366011131 0.5587205904953674 0.567590309111938
#kx=8.0, ky=4.0, Jx=1.0, Jy=1.0, Jz=2.1, h=0.02
0.013557581811273922 0.040078945900102636 0.062206518111321746 0.1250386651435871 0.143555562081765 0.20843575701347025 0.29004539993349404 0.30357946625372373 0.3158439683459495 0.3317755330106821 0.4130491715049929 0.5209394701468189 0.5424859850852566 0.5573801176610085 0.5715211306343589 0.7243690736590367
#kx=12.0, ky=6.0, Jx=1.0, Jy=1.0, Jz=2.1, h=0.02
0.01156112149816646 0.04117932582674655 0.06834644943421186 0.11381421025933289 0.20257088439320964 0.23870212457305998 0.27372574409143485 0.30553350595436807 0.3147576099983243 0.33649659921034913 0.40055028379079716 0.4730605961692316 0.5440772325577523 0.5562232127012547 0.5702535912645352 0.6045897484555366
#kx=16.0, ky=8.0, Jx=1.0, Jy=1.0, Jz=2.1, h=0.02
-0.12116781634499985 0.019100645784038528 0.05026285096104435 0.06650199510274976 0.11002640560242269 0.16534948098782581 0.22414080821989513 0.28066345858098524 0.3096172027043883 0.3398335426504435 0.3852498899170473 0.439473446928765 0.5243011844690454 0.559730044639272 0.5674712192634822 0.7287369053266385
#kx=14.0, ky=8.0, Jx=1.0, Jy=1.0, Jz=2.1, h=0.02
0.002702835802736503 0.01646813715765244 0.04643123195014012 0.06981329693648866 0.11656813579068931 0.16792966723085123 0.22376419784772641 0.2694903364775699 0.30996198392004837 0.3402577570744029 0.3839478978437565 0.4423213934396337 0.5308932791923381 0.5597381849952472 0.5686886385239173 0.7286866222105599
#kx=12.0, ky=8.0, Jx=1.0, Jy=1.0, Jz=2.1, h=0.02
0.012321043355581152 0.04443246474511928 0.07857810759169909 0.12064458624296445 0.1836785933477121 0.21611702786729634 0.2501810248833423 0.30456583031951967 0.3131477342366687 0.337445197181105 0.383032417260894 0.4547170420900102 0.5399534489752704 0.5582877580010405 0.5715720873089315 0.7287957722608578
#kx=10.0, ky=8.0, Jx=1.0, Jy=1.0, Jz=2.1, h=0.02
0.009381508007603623 0.04201411724266735 0.08287230165838161 0.11567166855329805 0.1967179505056037 0.2120751632055678 0.242523152217844 0.31004016801015877 0.3347477447313985 0.3824358696217875 0.46803120739344933 0.5427795016950564 0.5553470308068468 0.5757555241604835 0.6026768907129064 0.7288039231014091
#kx=8.0, ky=8.0, Jx=1.0, Jy=1.0, Jz=2.1, h=0.02
0.011953212504790311 0.04038657120671152 0.08499330767539026 0.1141956987892764 0.1762630256259393 0.22612574378148947 0.24235583400581834 0.30717538175347747 0.3337742510641467 0.3857599246415109 0.47159125113919403 0.5436692612179659 0.5527365475853501 0.5768937851826816 0.7243030151551808 0.7292420533741523
#kx=6.0, ky=8.0, Jx=1.0, Jy=1.0, Jz=2.1, h=0.02
0.017164359973157406 0.04379853811428652 0.0839320750081943 0.11333894428237185 0.16481102056102678 0.23211153402051588 0.2485032844503698 0.3058020750230568 0.3345079724696921 0.3884962007733263 0.4639999240770468 0.5436709160990973 0.551655847895951 0.5724455008504542 0.6024777510443209 0.728617308965821
#kx=4.0, ky=8.0, Jx=1.0, Jy=1.0, Jz=2.1, h=0.02
0.019590406334861254 0.05240246418747696 0.07834746676429255 0.10567444850421184 0.17369528283278202 0.22880085506819103 0.26088483563144477 0.3048961989159929 0.3099124029158539 0.3365415122071857 0.3897623917011303 0.45175526153784473 0.5399129297780836 0.5532407910209531 0.5676768653675884 0.7285540283976959
#kx=2.0, ky=8.0, Jx=1.0, Jy=1.0, Jz=2.1, h=0.02
0.003003524745611552 0.020483118828611147 0.055963553229204016 0.07076109339964998 0.10993295881564558 0.1690523301213728 0.22581344935957814 0.27787786370020634 0.30930324575212786 0.3380536673456395 0.38832388980577126 0.4431072319316716 0.529844032373362 0.557397429018696 0.5668446680918908 0.72854758380323
#kx=0.0, ky=8.0, Jx=1.0, Jy=1.0, Jz=2.1, h=0.02
-0.12116781634500223 0.019100645784042525 0.05026285096104377 0.06650199510274926 0.11002640560243171 0.1653494809878342 0.22414080821989357 0.28066345858097835 0.3096172027043864 0.3398335426504443 0.38524988991705833 0.4394734469287589 0.5243011844690438 0.5597300446392732 0.5674712192634817 0.7287369053266365
