#kx=0.0, ky=8.0, Jx=1.0, Jy=1.0, Jz=1.5, h=0.05
-0.04846035162515083 0.008474719736768261
0.03411744085714197 0.17141260786982168
0.039301520909904936 0.1402013672007763
0.06775869045119776 0.18967582915823836
0.13541459361157238 0.043665230783088954
0.13917419205936302 0.325838952347322
0.19461742686240718 0.17325764273884442
0.23262706451514994 0.11197671812442545
0.2499658248320421 0.17034620432913689
0.2827859913474787 0.23910586124614205
0.3190797819140701 0.11409349100754762
0.3458131874410243 0.060500553483785705
0.3984804582531679 0.06683861852384371
0.4166699603220119 0.08071642824165032
0.5076860197976829 0.05821898676604272
0.5279436346311719 0.040622087311360563
#kx=0.0, ky=6.0, Jx=1.0, Jy=1.0, Jz=1.5, h=0.05
-0.047648005776682434 0.010455841052311673
0.029996309650261815 0.1458946137790017
0.04364168479730263 0.13141918578205866
0.0652284342409998 0.18559561518683798
0.1019247813852184 0.10355308663657015
0.1342301605951925 0.34833820801663495
0.21689437883819968 0.21101580130909528
0.23684477669805779 0.17179340757508216
0.24485148146622382 0.24302364895776912
0.2763418870599648 0.23663523230105932
0.32341026441441045 0.03639397034183696
0.3600848878037257 0.0531340894358182
0.3978231889426703 0.03659093871166685
0.4142598753690529 0.08056811233692648
0.4401649013491554 0.041198080082011715
0.48390521424561794 0.04507501118869989
#kx=0.0, ky=4.0, Jx=1.0, Jy=1.0, Jz=1.5, h=0.05
-0.04207037543301098 0.013207255745579623
0.038157198735181086 0.09131370170420688
0.056545702858819324 0.13421985558733177
0.07987339950917838 0.13211726654231376
0.14659696310840387 0.24083679516579926
0.16195645669119652 0.1890021472441763
0.21180685918437225 0.07550213061892899
0.22830339219554635 0.36489916160194874
0.23452250913632322 0.1505833703628664
0.2522535155875245 0.11748281902886995
0.27968713269605305 0.1720981774847971
0.31597367817299477 0.03401190636396695
0.3333569843678817 0.05536206479228599
0.3851794504783161 0.040115992365668804
0.3999354677500375 0.05353805311439046
0.41993625445295263 0.026742115290856426
#kx=0.0, ky=2.0, Jx=1.0, Jy=1.0, Jz=1.5, h=0.05
-0.03787025810440392 0.01782337191626923
0.009983475836936817 0.037517739418159446
0.047973737045574116 0.08473455438562716
0.05782876580078122 0.10776149035368283
0.06689257371360349 0.127020516094144
0.0920957650610609 0.12602520706137116
0.15881994117942405 0.17064141127045857
0.214479784759121 0.26052114598889115
0.22941849977404255 0.05349602923586348
0.25332248796698986 0.09394486390464783
0.2975661924836108 0.1171563742233455
0.3246516255049851 0.08207627763900681
0.35899713711913045 0.011751213379441804
0.3864807449512422 0.07791633184253717
0.3933848267841692 0.013728878397580718
0.4140803626143448 0.1078758003909052
#kx=0.0, ky=0.0, Jx=1.0, Jy=1.0, Jz=1.5, h=0.05
-0.8528413311801722 9.821332600850864
-0.07528146179088047 5.844902647095961
-0.03241598480382979 0.2828893416469654
0.03734870418112729 0.04032319747718664
0.09076618445506732 0.1574091018593669
0.1003435903749205 0.19633609499814583
0.1986401970990084 0.06135652793967015
0.2215047972319345 0.5250487575044065
0.23589662532031078 0.3467461463161402
0.2567007681321944 0.06586326225902069
0.2747530175217242 0.06700267171067809
0.30749443211558836 0.03021716233152759
0.33211268800334764 0.21347890871466232
0.34854673498415295 0.10560966645172701
0.38896570792562113 0.32119753329620354
1.3026390706851907 6.997676529245963
#kx=4.0, ky=2.0, Jx=1.0, Jy=1.0, Jz=1.5, h=0.05
0.01207452775349302 0.031745666496893116
0.03443145763159389 0.04379269625266938
0.0477225489818118 0.06943383149201002
0.05647954838969241 0.1446805788023931
0.07723736951695498 0.34337275683197777
0.12582944416869601 0.4609160089764912
0.18840930178122023 0.2571425930344742
0.20897005445249694 0.28725345446400574
0.22356275313672355 0.3194642944128396
0.2749986438464457 0.05087611564238806
0.3008167284337929 0.13603534569198394
0.3303966547863451 0.20770126638978445
0.35607156238706084 0.0199184023126696
0.3840091773216183 0.18630114885552432
0.3927365736058983 0.008602933622482507
0.42922950834389656 0.07241359602519161
#kx=8.0, ky=4.0, Jx=1.0, Jy=1.0, Jz=1.5, h=0.05
-0.02896755409343435 0.4083927858477394
0.028289112368101166 0.05104744436209431
0.03986754110105384 0.019164003379107647
0.048859751846573235 0.3261317870431511
0.0812327532212869 0.09743940199071728
0.18034810389415165 0.08409780476959618
0.21436636091910266 0.5197941169679485
0.22773868058792068 0.11920526934771705
0.23891543478217053 0.6189264633207308
0.2511181629903159 0.22128761315294218
0.2921013376116829 0.16476153218291192
0.3787818721513606 0.3865034130868865
0.4016272303723663 0.0858722430758544
0.4074708432972711 0.12755312039031236
0.47752179365773406 0.06920760889316843
0.49428898949654065 0.5060679638783766
#kx=12.0, ky=6.0, Jx=1.0, Jy=1.0, Jz=1.5, h=0.05
0.021460140969592312 0.21461735274714458
0.03109219403585481 0.1670912954034997
0.040667265978591494 0.20214066665821367
0.06499440136124543 0.20821339128046618
0.1151223158187575 0.10489003409754616
0.17692752451925362 0.20007195189578444
0.21465205810311333 0.28198344571549266
0.23806527821979062 0.30782669380459166
0.25112436780236946 0.4035909879732066
0.2898779127849408 0.41162963070816705
0.3339045325954177 0.20982383732146648
0.38597495709591345 0.11808382535131232
0.3929317563525859 0.22820123931642594
0.41681764144176225 0.11896191223545471
0.4400137742653789 0.11697811059692961
0.474249245676453 0.05379968465655135
#kx=16.0, ky=8.0, Jx=1.0, Jy=1.0, Jz=1.5, h=0.05
-0.04846035162515133 0.008474719736768476
0.034117440857147185 0.17141260787006316
0.039301520909905074 0.14020136720050483
0.06775869045119784 0.18967582915824688
0.1354145936115739 0.043665230783090016
0.13917419205936238 0.3258389523473171
0.19461742686240863 0.17325764273884942
0.2326270645151503 0.11197671812442857
0.24996582483204194 0.17034620432913083
0.2827859913474788 0.2391058612461498
0.3190797819140671 0.11409349100753305
0.34581318744103384 0.060500553483775255
0.3984804582531678 0.06683861852385105
0.4166699603220119 0.08071642824164375
0.507686019797678 0.058218986766056836
0.5279436346311722 0.040622087311361535
#kx=14.0, ky=8.0, Jx=1.0, Jy=1.0, Jz=1.5, h=0.05
0.021483814323356526 0.18248829106502673
0.031799060846399496 0.20073744523019052
0.039733452325854374 0.15955095819453025
0.09650112567006527 0.22631293167194952
0.103531808526543 0.2556143092971481
0.12611830291467707 0.14718851558891147
0.19633651647629707 0.23219573059983878
0.21863650696217404 0.217316044546437
0.2402354068891656 0.1703226089902317
0.27430686197952214 0.36396064932456046
0.3393425030633534 0.06916548322419999
0.3507238104347675 0.07172902635658615
0.39989960288194204 0.12690430727919702
0.4169250061500439 0.09035997182597488
0.503204817311368 0.06070146929090417
0.5270748165896368 0.06932426763603089
#kx=12.0, ky=8.0, Jx=1.0, Jy=1.0, Jz=1.5, h=0.05
0.024630087118126587 0.041647818126646946
0.033222608908011014 0.25552870189488713
0.043000750128102866 0.2900983069299101
0.07325659201400345 0.18695857615813496
0.11755509549125369 0.111804119922543
0.17013411904071082 0.1639564251761534
0.19869320084239436 0.1966984864314928
0.2342074613446543 0.10310210606742601
0.25110996136765495 0.5260303282330525
0.2831883174222585 0.5663906348314631
0.33833200534712815 0.1579967115671403
0.388382862102671 0.12603294012775454
0.4029282958498206 0.28717312777188514
0.41874446745304705 0.14956416919594318
0.4947052413420664 0.06401575240875172
0.5257270357281794 0.14330459535032772
#kx=10.0, ky=8.0, Jx=1.0, Jy=1.0, Jz=1.5, h=0.05
-0.016957071335256563 0.23080545150614454
0.025400140044924774 0.08723879508406894
0.03505034039335975 0.3084806912293678
0.059694058658399884 0.07930345857719337
0.100389250824784 0.10123819863134965
0.16495664424639364 0.11232243745274247
0.1963391288515524 0.2577375851652868
0.23357247165223127 0.16503012485982554
0.25773144315233887 0.3293367319661561
0.2933122580079249 0.3420967174581734
0.3942738967556978 0.792016923689312
0.41957823045074716 0.15980187102341892
0.4274233355584328 0.1607561791841509
0.43701234288713353 0.23513840361190744
0.4874037499810654 0.06169262737389225
0.5245459459297733 0.2367730768175383
#kx=8.0, ky=8.0, Jx=1.0, Jy=1.0, Jz=1.5, h=0.05
-0.03547875801528433 0.283524002256381
0.02122150164706202 0.054653569660697246
0.033102229385805454 0.22836115352980785
0.0376545914357693 0.10591629933041147
0.09754777720054561 0.15013079174962085
0.1664566629057931 0.1177792408627126
0.19714573521516376 0.3014286619232654
0.22970946560517622 0.2365150000347081
0.2587040255002191 0.2428747264263294
0.2885432555082402 0.2682014492925411
0.39411051681157233 0.5658159197129499
0.4203219378623885 0.2172914440272583
0.44268598305639584 0.08119963411003873
0.48354626226618 0.04464046263579349
0.5010740373983303 0.5292360630005668
0.5236222675189829 0.2772587274798587
#kx=6.0, ky=8.0, Jx=1.0, Jy=1.0, Jz=1.5, h=0.05
-0.017893308630763688 0.30362514945740315
0.021097191760001466 0.06862781535734383
0.034753353095117734 0.34371972424798103
0.06138199256581617 0.14356637430053443
0.11720957542255181 0.20795688069103296
0.1749120071753145 0.1151790888525063
0.19947176807954378 0.2651334978927849
0.22525084428264097 0.15178406452944732
0.2623777560743253 0.2088148764766395
0.2951558217358323 0.09364939767853807
0.3915430891601875 0.30942652690548605
0.41959037427840973 0.2337464905133203
0.43065380587185376 0.18984209666151075
0.4358236788882949 0.46565373437911833
0.4851912865784376 0.0666172811982585
0.5241365335526667 0.21618500693212964
#kx=4.0, ky=8.0, Jx=1.0, Jy=1.0, Jz=1.5, h=0.05
0.020566350563113484 0.11994550917598745
0.03548587266339548 0.4310223739542922
0.038567922198842725 0.23904968595889423
0.06950102169219508 0.20385377408613908
0.12899636677401521 0.36787873215056144
0.17220097017709815 0.2978786359372624
0.19681088057831822 0.1325906303172537
0.22466429400260907 0.14548141535905867
0.26524964930721484 0.19514648343096228
0.2971079339131676 0.0552677213335077
0.3213856337237321 0.1115480421329521
0.3774588492465225 0.19232056341445555
0.4084734939110092 0.1181029922970704
0.4187021150169671 0.1694090639029101
0.49317488009016897 0.05845843901762736
0.5254204648566124 0.12492224887975113
#kx=2.0, ky=8.0, Jx=1.0, Jy=1.0, Jz=1.5, h=0.05
0.017472653621012663 0.23592079468698823
0.03306699412897643 0.06534828717510341
0.038714940284611005 0.34306174178088034
0.05963449544687541 0.1783636437241782
0.09989859766169185 0.33533982388712663
0.14960575006951252 0.05717528290498857
0.1958961125506001 0.13234430047164364
0.22685145371053778 0.07530371569410921
0.2617827574761731 0.17129212725087295
0.2884606738149096 0.17444748368220994
0.3057766377577748 0.02466203011382382
0.3606376994333851 0.08082184699833164
0.39816089256588827 0.07977785784912586
0.4172091686308571 0.102243125616214
0.5037556644548558 0.05760034280359877
0.5269207613747094 0.05998293313705747
#kx=0.0, ky=8.0, Jx=1.0, Jy=1.0, Jz=1.5, h=0.05
-0.04846035162515083 0.008474719736768261
0.03411744085714197 0.17141260786982168
0.039301520909904936 0.1402013672007763
0.06775869045119776 0.18967582915823836
0.13541459361157238 0.043665230783088954
0.13917419205936302 0.325838952347322
0.19461742686240718 0.17325764273884442
0.23262706451514994 0.11197671812442545
0.2499658248320421 0.17034620432913689
0.2827859913474787 0.23910586124614205
0.3190797819140701 0.11409349100754762
0.3458131874410243 0.060500553483785705
0.3984804582531679 0.06683861852384371
0.4166699603220119 0.08071642824165032
0.5076860197976829 0.05821898676604272
0.5279436346311719 0.040622087311360563
