#kx=0.0, ky=8.0, Jx=1.0, Jy=1.0, Jz=1.5, h=0.05
-0.04846035162515083 0.02887725276850152
0.03411744085714197 0.0017354964698271548
0.039301520909904936 0.007393002705638407
0.06775869045119776 0.01696037270508046
0.13541459361157238 0.17379633155380486
0.13917419205936302 0.013778334188659879
0.19461742686240718 0.05646379445168758
0.23262706451514994 0.14043926712206475
0.2499658248320421 0.01224000646684923
0.2827859913474787 0.038434323144402475
0.3190797819140701 0.008054040947923925
0.3458131874410243 0.032959457258303584
0.3984804582531679 0.06900798860878941
0.4166699603220119 0.033486146544872857
0.5076860197976829 0.01896024751640548
0.5279436346311719 0.005571290372466961
#kx=0.0, ky=6.0, Jx=1.0, Jy=1.0, Jz=1.5, h=0.05
-0.047648005776682434 0.03767005256600173
0.029996309650261815 0.004227491088625356
0.04364168479730263 0.006385147544429156
0.0652284342409998 0.017502118336976163
0.1019247813852184 0.15119679335310957
0.1342301605951925 0.014895911790626515
0.21689437883819968 0.021765711243199582
0.23684477669805779 0.10681921262670067
0.24485148146622382 0.009752437721746793
0.2763418870599648 0.049220102441543866
0.32341026441441045 0.01786641593751678
0.3600848878037257 0.04559475151881755
0.3978231889426703 0.11056435987224085
0.4142598753690529 0.04528726042959837
0.4401649013491554 0.0591576317652684
0.48390521424561794 0.017966809468598813
#kx=0.0, ky=4.0, Jx=1.0, Jy=1.0, Jz=1.5, h=0.05
-0.04207037543301098 0.04279571690651177
0.038157198735181086 0.0037656862468660674
0.056545702858819324 0.0180258443693771
0.07987339950917838 0.023575406676853792
0.14659696310840387 0.08308629095969239
0.16195645669119652 0.12709377703404479
0.21180685918437225 0.20675184266407604
0.22830339219554635 0.037282965487308715
0.23452250913632322 0.04024195456168605
0.2522535155875245 0.17553892160540246
0.27968713269605305 0.04303004366184765
0.31597367817299477 0.11394421188260744
0.3333569843678817 0.020131938746971133
0.3851794504783161 0.02809018223752131
0.3999354677500375 0.10413029142804864
0.41993625445295263 0.03417549803502485
#kx=0.0, ky=2.0, Jx=1.0, Jy=1.0, Jz=1.5, h=0.05
-0.03787025810440392 0.10766371995927834
0.009983475836936817 0.2627582624725161
0.047973737045574116 0.45439896372847255
0.05782876580078122 0.1937170763488145
0.06689257371360349 0.01095106731267834
0.0920957650610609 0.006237107457304034
0.15881994117942405 0.0042585475361463015
0.214479784759121 0.03042622918072364
0.22941849977404255 0.06393355073862117
0.25332248796698986 0.16082851893954347
0.2975661924836108 0.06505423547202172
0.3246516255049851 0.003959180847941166
0.35899713711913045 0.003948854014870945
0.3864807449512422 0.05465870890016658
0.3933848267841692 0.04159482113742541
0.4140803626143448 0.22897785629803216
#kx=0.0, ky=0.0, Jx=1.0, Jy=1.0, Jz=1.5, h=0.05
-0.8528413311801722 38.311960590043284
-0.07528146179088047 0.6683979580489952
-0.03241598480382979 0.038768730306356275
0.03734870418112729 0.0016982513731860758
0.09076618445506732 0.008818866004448556
0.1003435903749205 0.012403223785318775
0.1986401970990084 0.015292098631801528
0.2215047972319345 0.07881896821641181
0.23589662532031078 0.7686934062900396
0.2567007681321944 0.06902479992624305
0.2747530175217242 0.021395067424450416
0.30749443211558836 0.00929016483766041
0.33211268800334764 0.04428427048215391
0.34854673498415295 0.015881618373716648
0.38896570792562113 0.13264473947251584
1.3026390706851907 28.520324222518738
#kx=4.0, ky=2.0, Jx=1.0, Jy=1.0, Jz=1.5, h=0.05
0.01207452775349302 0.4271591148816369
0.03443145763159389 0.012467144927844315
0.0477225489818118 0.00807718996779161
0.05647954838969241 0.05037135844999082
0.07723736951695498 0.017890880665894678
0.12582944416869601 0.021516855568982564
0.18840930178122023 0.12999260270067933
0.20897005445249694 0.13875508575543694
0.22356275313672355 0.05271148982060095
0.2749986438464457 0.21208509841927722
0.3008167284337929 0.13117886137573706
0.3303966547863451 0.02985126935178014
0.35607156238706084 0.007377666807852543
0.3840091773216183 0.1898097938188474
0.3927365736058983 0.004188188454373103
0.42922950834389656 0.010792460226561664
#kx=8.0, ky=4.0, Jx=1.0, Jy=1.0, Jz=1.5, h=0.05
-0.02896755409343435 0.008932658234608395
0.028289112368101166 0.0034340234331165075
0.03986754110105384 0.004689316169654421
0.048859751846573235 0.04916880681605925
0.0812327532212869 0.16465979928498659
0.18034810389415165 0.3640206488304622
0.21436636091910266 0.03793784815448563
0.22773868058792068 0.06188625138196891
0.23891543478217053 0.5688764283920823
0.2511181629903159 0.11479361532229228
0.2921013376116829 0.10896630080130829
0.3787818721513606 0.21589607822357812
0.4016272303723663 0.042793404860186596
0.4074708432972711 0.02205342656024803
0.47752179365773406 0.022805793255190065
0.49428898949654065 0.26241784038766014
#kx=12.0, ky=6.0, Jx=1.0, Jy=1.0, Jz=1.5, h=0.05
0.021460140969592312 0.009605721492048596
0.03109219403585481 0.010746375098790124
0.040667265978591494 0.009629698052889461
0.06499440136124543 0.026912347578315086
0.1151223158187575 0.22774340324560152
0.17692752451925362 0.21536532107567036
0.21465205810311333 0.07661375446763512
0.23806527821979062 0.1622053399854893
0.25112436780236946 0.10027554767185039
0.2898779127849408 0.10448168144091946
0.3339045325954177 0.10811623728788243
0.38597495709591345 0.02705849637036469
0.3929317563525859 0.08441990013184436
0.41681764144176225 0.024529525500312385
0.4400137742653789 0.10086301526172908
0.474249245676453 0.01735237883869163
#kx=16.0, ky=8.0, Jx=1.0, Jy=1.0, Jz=1.5, h=0.05
-0.04846035162515133 0.028877252768502885
0.034117440857147185 0.001735496469827303
0.039301520909905074 0.007393002705633667
0.06775869045119784 0.016960372705082702
0.1354145936115739 0.17379633155380514
0.13917419205936238 0.013778334188670468
0.19461742686240863 0.056463794451682765
0.2326270645151503 0.1404392671220664
0.24996582483204194 0.012240006466845952
0.2827859913474788 0.03843432314440178
0.3190797819140671 0.008054040947919072
0.34581318744103384 0.032959457258314534
0.3984804582531678 0.06900798860878732
0.4166699603220119 0.03348614654487077
0.507686019797678 0.018960247516397685
0.5279436346311722 0.005571290372466758
#kx=14.0, ky=8.0, Jx=1.0, Jy=1.0, Jz=1.5, h=0.05
0.021483814323356526 0.09592669415363032
0.031799060846399496 0.006841649292244147
0.039733452325854374 0.008124102418051568
0.09650112567006527 0.016094508548518297
0.103531808526543 0.003628796681655114
0.12611830291467707 0.21630078272301395
0.19633651647629707 0.09575176977241533
0.21863650696217404 0.008056305080054895
0.2402354068891656 0.12932943930780325
0.27430686197952214 0.01127135727992539
0.3393425030633534 0.0739077081377701
0.3507238104347675 0.03337558416035015
0.39989960288194204 0.04254765533707762
0.4169250061500439 0.021570614382879143
0.503204817311368 0.021558019016128607
0.5270748165896368 0.0020872075302249752
#kx=12.0, ky=8.0, Jx=1.0, Jy=1.0, Jz=1.5, h=0.05
0.024630087118126587 0.005690525596103581
0.033222608908011014 0.018076957862771893
0.043000750128102866 0.00022320729783568388
0.07325659201400345 0.015732560378637146
0.11755509549125369 0.2050681575217177
0.17013411904071082 0.10194705965872781
0.19869320084239436 0.1566525939354454
0.2342074613446543 0.21214199756558258
0.25110996136765495 0.06414309474412432
0.2831883174222585 0.10453766304864134
0.33833200534712815 0.08968122846842791
0.388382862102671 0.02353105758750525
0.4029282958498206 0.05413369405864015
0.41874446745304705 0.02283123773552462
0.4947052413420664 0.022627103795818417
0.5257270357281794 0.00026981555691555416
#kx=10.0, ky=8.0, Jx=1.0, Jy=1.0, Jz=1.5, h=0.05
-0.016957071335256563 0.00984875120890125
0.025400140044924774 0.0006895166063141199
0.03505034039335975 0.01761217445086572
0.059694058658399884 0.005592722347969589
0.100389250824784 0.17321533543879544
0.16495664424639364 0.14931407613234154
0.1963391288515524 0.21482314420544982
0.23357247165223127 0.1254432038755614
0.25773144315233887 0.0002678973170494436
0.2933122580079249 0.07149881698310016
0.3942738967556978 0.23902566509246528
0.41957823045074716 0.011201087946816804
0.4274233355584328 0.1177825034410497
0.43701234288713353 0.1043076970590092
0.4874037499810654 0.023452029891325346
0.5245459459297733 0.0020980925656472285
#kx=8.0, ky=8.0, Jx=1.0, Jy=1.0, Jz=1.5, h=0.05
-0.03547875801528433 0.008881108564965231
0.02122150164706202 0.001261337912978957
0.033102229385805454 0.024261379002107838
0.0376545914357693 0.0019109070359245453
0.09754777720054561 0.15655289835314548
0.1664566629057931 0.18223309521161352
0.19714573521516376 0.2427814162516723
0.22970946560517622 0.05186569586902387
0.2587040255002191 0.013852135658052711
0.2885432555082402 0.09661077343335545
0.39411051681157233 0.18753539517822979
0.4203219378623885 0.025868470398748487
0.44268598305639584 0.04233719621822053
0.48354626226618 0.03777897281592407
0.5010740373983303 0.22090215118405498
0.5236222675189829 0.0008982409716826399
#kx=6.0, ky=8.0, Jx=1.0, Jy=1.0, Jz=1.5, h=0.05
-0.017893308630763688 0.008601619536636225
0.021097191760001466 0.0013227386364054832
0.034753353095117734 0.019237015456738563
0.06138199256581617 0.011521976182491882
0.11720957542255181 0.14869573048291104
0.1749120071753145 0.17372677842645232
0.19947176807954378 0.2197769233645372
0.22525084428264097 0.01330411975566438
0.2623777560743253 0.010601614460890332
0.2951558217358323 0.11197524312966102
0.3915430891601875 0.11956817714802262
0.41959037427840973 0.03692004973329992
0.43065380587185376 0.07921336715280036
0.4358236788882949 0.10627288551218643
0.4851912865784376 0.02628009145765536
0.5241365335526667 0.002205609594031514
#kx=4.0, ky=8.0, Jx=1.0, Jy=1.0, Jz=1.5, h=0.05
0.020566350563113484 0.007299061756143353
0.03548587266339548 0.004916859184639518
0.038567922198842725 0.023788104575084054
0.06950102169219508 0.03406488248463863
0.12899636677401521 0.06636070735611188
0.17220097017709815 0.2039109529270083
0.19681088057831822 0.10302690932534064
0.22466429400260907 0.025206644331430418
0.26524964930721484 0.0022749841786286543
0.2971079339131676 0.13134262208454342
0.3213856337237321 0.0286890836260173
0.3774588492465225 0.013752934309912892
0.4084734939110092 0.06555635343157021
0.4187021150169671 0.07247087523599104
0.49317488009016897 0.019373055931796043
0.5254204648566124 0.005402520626566509
#kx=2.0, ky=8.0, Jx=1.0, Jy=1.0, Jz=1.5, h=0.05
0.017472653621012663 0.007152565793421467
0.03306699412897643 0.0008932557598410638
0.038714940284611005 0.008829343588721422
0.05963449544687541 0.03637637769978279
0.09989859766169185 0.014015479286818955
0.14960575006951252 0.14462520289194492
0.1958961125506001 0.04713222099264779
0.22685145371053778 0.12473333867126819
0.2617827574761731 0.004296651867410905
0.2884606738149096 0.014489881267235214
0.3057766377577748 0.06489253321916424
0.3606376994333851 0.023718302028416138
0.39816089256588827 0.0752911711439609
0.4172091686308571 0.052094500073284374
0.5037556644548558 0.0176039590100377
0.5269207613747094 0.007254368328702062
#kx=0.0, ky=8.0, Jx=1.0, Jy=1.0, Jz=1.5, h=0.05
-0.04846035162515083 0.02887725276850152
0.03411744085714197 0.0017354964698271548
0.039301520909904936 0.007393002705638407
0.06775869045119776 0.01696037270508046
0.13541459361157238 0.17379633155380486
0.13917419205936302 0.013778334188659879
0.19461742686240718 0.05646379445168758
0.23262706451514994 0.14043926712206475
0.2499658248320421 0.01224000646684923
0.2827859913474787 0.038434323144402475
0.3190797819140701 0.008054040947923925
0.3458131874410243 0.032959457258303584
0.3984804582531679 0.06900798860878941
0.4166699603220119 0.033486146544872857
0.5076860197976829 0.01896024751640548
0.5279436346311719 0.005571290372466961
