0.000000000000000000e+00 5.390978795378152943e-01 1.317548610090478467e-02 -4.336137037402833516e-01 5.048571841761877871e-02 -5.440716528325819645e-01 -6.409481694045734979e-02 -4.689063571213195614e-01 5.499748627622144843e-03 0.000000000000000000e+00 1.346239403021269620e-04 0.000000000000000000e+00 7.244646878323199313e-03 0.000000000000000000e+00 -7.749322700971715029e-03 1.000000000000097033e+00 5.352763178545680844e+00 2.356427910119369695e+00 4.071528810649078345e+00 7.858465759097786885e-01
-5.042016806722688510e-03 5.391634311847182115e-01 1.462853482717266056e-02 -4.393264600037156131e-01 4.561905862568855358e-02 -5.396173395990395694e-01 -6.047362207095226261e-02 -4.693227463185022375e-01 5.752330695548873649e-03 0.000000000000000000e+00 2.154311117378080300e-04 0.000000000000000000e+00 6.688937221136303547e-03 0.000000000000000000e+00 -7.484435529613959678e-03 1.000143601809465377e+00 5.352748575954502819e+00 2.357690638346292111e+00 4.071418978465415783e+00 7.844285586897219442e-01
-1.008403361344537702e-02 5.392167337102248270e-01 1.553991919981983355e-02 -4.433690873711627067e-01 4.229610455021442367e-02 -5.365574431970008273e-01 -5.825487112009648111e-02 -4.694185543651012149e-01 5.947654287534276905e-03 0.000000000000000000e+00 2.058219348944597467e-04 0.000000000000000000e+00 6.333767453270420025e-03 0.000000000000000000e+00 -7.284124047903040369e-03 1.000412511035091434e+00 5.353041735168817539e+00 2.358826142927925584e+00 4.070948616617283022e+00 7.831953423128859004e-01
-1.512605042016806553e-02 5.392325791742966778e-01 1.600783833759645072e-02 -4.461993967255530880e-01 4.007200995461323439e-02 -5.345055230879838248e-01 -5.702832930067477935e-02 -4.693547170702541682e-01 6.087992525486337139e-03 0.000000000000000000e+00 1.323679640833105408e-04 0.000000000000000000e+00 6.131575754929650263e-03 0.000000000000000000e+00 -7.139190059818366525e-03 1.000793504951653645e+00 5.353560606275594935e+00 2.359857473802193795e+00 4.070217350402312917e+00 7.821009695680184448e-01
-2.016806722689075404e-02 5.392143912444069542e-01 1.618060945330122152e-02 -4.481822616834236772e-01 3.859876769695196053e-02 -5.331560287610122018e-01 -5.647444279862205707e-02 -4.692082765166705749e-01 6.186033162130269783e-03 0.000000000000000000e+00 1.812292455073238710e-05 0.000000000000000000e+00 6.028883440044112765e-03 0.000000000000000000e+00 -7.039121864479825144e-03 1.001277915851500389e+00 5.354225455882877682e+00 2.360794216001627976e+00 4.069329762489396707e+00 7.811237985084659163e-01
-2.521008403361344255e-02 5.391693008120086450e-01 1.616340335576161788e-02 -4.495874209260421472e-01 3.762813450037279933e-02 -5.322687701324010368e-01 -5.634587446877806216e-02 -4.690384588510068120e-01 6.256223126093143731e-03 0.000000000000000000e+00 -1.242187508805652678e-04 0.000000000000000000e+00 5.991088596186124222e-03 0.000000000000000000e+00 -6.970521072966784880e-03 1.001859560815252292e+00 5.354978822890112511e+00 2.361656740336372629e+00 4.068345151784474645e+00 7.802415191769050962e-01
-3.025210084033613106e-02 5.391004826095914249e-01 1.599200680919902334e-02 -4.506182239038527548e-01 3.698328035288920429e-02 -5.316569069443720652e-01 -5.646350685615826592e-02 -4.688955302972488970e-01 6.304887156285405095e-03 0.000000000000000000e+00 -2.880566605069847402e-04 0.000000000000000000e+00 5.998605853755541693e-03 0.000000000000000000e+00 -6.922726200544935399e-03 1.002533918582937389e+00 5.355794241156489832e+00 2.362479628008826715e+00 4.067288182382977624e+00 7.794098274617480282e-01
-3.529411764705882304e-02 5.390165461031057870e-01 1.572356771100400299e-02 -4.514066053021548730e-01 3.654648444345211938e-02 -5.312173949961517261e-01 -5.672750000492170208e-02 -4.687788551408476612e-01 6.338273960723356942e-03 0.000000000000000000e+00 -4.655920897137286575e-04 0.000000000000000000e+00 6.034835060413024088e-03 0.000000000000000000e+00 -6.889475948360019794e-03 1.003297586518227424e+00 5.356634211207171425e+00 2.363267007434345590e+00 4.066188606563803098e+00 7.786130202487120400e-01
-4.033613445378150808e-02 5.389236889519873897e-01 1.540300083868662365e-02 -4.520354844375924497e-01 3.624525993686639191e-02 -5.308840632593710973e-01 -5.707459111673109098e-02 -4.686876755438186826e-01 6.370811233964815933e-03 0.000000000000000000e+00 -6.511871535636823980e-04 0.000000000000000000e+00 6.085909313397292950e-03 0.000000000000000000e+00 -6.864862477996738765e-03 1.004147585536029785e+00 5.357479391177299100e+00 2.364027804494089224e+00 4.065075387659115691e+00 7.778442504765296084e-01
-4.537815126050419312e-02 5.388275663432176010e-01 1.506093963398748813e-02 -4.525540520251453702e-01 3.602967435579794431e-02 -5.306272844981569925e-01 -5.746737567752070730e-02 -4.686088451480776018e-01 6.388668446345995011e-03 0.000000000000000000e+00 -8.410763211248211335e-04 0.000000000000000000e+00 6.144270260171434163e-03 0.000000000000000000e+00 -6.849584169175389550e-03 1.005080086544473117e+00 5.358313242520305941e+00 2.364749452266057705e+00 4.063973099889043539e+00 7.771119878086716337e-01
-5.042016806722688510e-02 5.387274707037116306e-01 1.470469980908533855e-02 -4.530010416597728407e-01 3.587763791028135418e-02 -5.304097701476505611e-01 -5.787401133660570463e-02 -4.685530030784528788e-01 6.406647897479222573e-03 0.000000000000000000e+00 -1.034256322096999787e-03 0.000000000000000000e+00 6.211538822231192809e-03 0.000000000000000000e+00 -6.841270505654249365e-03 1.006091252161118499e+00 5.359141794824595628e+00 2.365437112553808507e+00 4.062885574497973273e+00 7.764110545815904318e-01
-5.546218487394957708e-02 5.386246466590508541e-01 1.433875674556378890e-02 -4.534014400254878230e-01 3.576546441757618572e-02 -5.302166037466063964e-01 -5.827954196242822460e-02 -4.685154777169114326e-01 6.429188367832813431e-03 0.000000000000000000e+00 -1.230186954262978399e-03 0.000000000000000000e+00 6.283432820146200339e-03 0.000000000000000000e+00 -6.836618098838790486e-03 1.007178436154854584e+00 5.359959888485217760e+00 2.366106289396432860e+00 4.061808260403561910e+00 7.757310687513581104e-01
-6.050420168067226212e-02 5.385184849047944811e-01 1.393983312703373813e-02 -4.537728281332464864e-01 3.566841065441098135e-02 -5.300351585872238314e-01 -5.867749238913040621e-02 -4.684993981886430015e-01 6.443472000814800919e-03 0.000000000000000000e+00 -1.426296708365824839e-03 0.000000000000000000e+00 6.356395340793619814e-03 0.000000000000000000e+00 -6.831280851403730842e-03 1.008339100243549558e+00 5.360765204392599514e+00 2.366773188017059493e+00 4.060699205495237329e+00 7.750266857064856962e-01
-6.554621848739494716e-02 5.384135356788538607e-01 1.355704514020393721e-02 -4.541129264334529680e-01 3.559849489088794811e-02 -5.298734528451400916e-01 -5.907157978708785923e-02 -4.684875118559446161e-01 6.470238484107822957e-03 0.000000000000000000e+00 -1.624481533805162067e-03 0.000000000000000000e+00 6.432373119911880682e-03 0.000000000000000000e+00 -6.828008682343098684e-03 1.009570855620549157e+00 5.361555143877741791e+00 2.367423710462209563e+00 4.059616357089251615e+00 7.743539636128459192e-01
-7.058823529411764608e-02 5.383090271027218821e-01 1.318483539378086274e-02 -4.544298367439068009e-01 3.554539637383237471e-02 -5.297267126847434726e-01 -5.945756264739972263e-02 -4.684798020147022402e-01 6.500783999824519613e-03 0.000000000000000000e+00 -1.823726420213667588e-03 0.000000000000000000e+00 6.509260810416154543e-03 0.000000000000000000e+00 -6.826182946889550358e-03 1.010870540485993452e+00 5.362333009429047337e+00 2.368055812612693600e+00 4.058555793693086500e+00 7.737051978612208281e-01
-7.563025210084033112e-02 5.382044627341352472e-01 1.281238978306912905e-02 -4.547285082802262624e-01 3.550828493480837761e-02 -5.295887743859002406e-01 -5.982820541686803550e-02 -4.684809930018007940e-01 6.538442234596286186e-03 0.000000000000000000e+00 -2.023367924261518323e-03 0.000000000000000000e+00 6.588088075876151473e-03 0.000000000000000000e+00 -6.824196367179779892e-03 1.012235286781189902e+00 5.363099985733081887e+00 2.368676479286299319e+00 4.057508185211515794e+00 7.730763675664391599e-01
-8.067226890756301616e-02 5.381000989981231664e-01 1.244147921637182852e-02 -4.550133650961795673e-01 3.548459001565405779e-02 -5.294587389882412509e-01 -6.018385526701386379e-02 -4.684876051611901460e-01 6.584401812785190856e-03 0.000000000000000000e+00 -2.223322418459048461e-03 0.000000000000000000e+00 6.668278961064140302e-03 0.000000000000000000e+00 -6.821068224357762846e-03 1.013662847704184022e+00 5.363857106538082675e+00 2.369286209345909722e+00 4.056472862074639529e+00 7.724683507098716317e-01
-8.571428571428570120e-02 5.379959130823483981e-01 1.207120163884720099e-02 -4.552868943535173241e-01 3.547255403279751806e-02 -5.293361913284335696e-01 -6.052431430131142293e-02 -4.684979132470124541e-01 6.638275732404634241e-03 0.000000000000000000e+00 -2.423348271122207666e-03 0.000000000000000000e+00 6.749875399390693059e-03 0.000000000000000000e+00 -6.816389872572829051e-03 1.015151041326316061e+00 5.364604661475707914e+00 2.369885354418275636e+00 4.055448185510501347e+00 7.718814282081818412e-01
-9.075630252100838624e-02 5.378917760924343261e-01 1.169854666275738260e-02 -4.555509981223818117e-01 3.547062175554190760e-02 -5.292206118602196252e-01 -6.084962335280039852e-02 -4.685111294669954685e-01 6.698963975873177025e-03 0.000000000000000000e+00 -2.623290375661399901e-03 0.000000000000000000e+00 6.833076315747354038e-03 0.000000000000000000e+00 -6.809554832950633595e-03 1.016697838644427643e+00 5.365343761942979128e+00 2.370474820532528337e+00 4.054431230332806280e+00 7.713138557126654193e-01
-9.579831932773108516e-02 5.377875954731566877e-01 1.132248538711139868e-02 -4.558083297919550136e-01 3.547891946361141774e-02 -5.291110261241150914e-01 -6.115787717213055225e-02 -4.685260948449627705e-01 6.766069444513864509e-03 0.000000000000000000e+00 -2.824285484674938802e-03 0.000000000000000000e+00 6.918468590571585225e-03 0.000000000000000000e+00 -6.799401265671803189e-03 1.018301570081671992e+00 5.366072096550936976e+00 2.371056207044074160e+00 4.053419531895782413e+00 7.707650278365163476e-01
-1.008403361344537702e-01 5.376846552731269213e-01 1.095651046080185070e-02 -4.560405830315779618e-01 3.551030519775458250e-02 -5.290224282863775773e-01 -6.145918979537717819e-02 -4.685382372355276770e-01 6.837993216441562265e-03 0.000000000000000000e+00 -3.027507304358161098e-03 0.000000000000000000e+00 7.007442133620067279e-03 0.000000000000000000e+00 -6.788209147650096920e-03 1.019960669146460441e+00 5.366787721961554070e+00 2.371608603850467123e+00 4.052404657838835966e+00 7.702551594052728934e-01
-1.058823529411764552e-01 5.375776860398919776e-01 1.056428168665587107e-02 -4.562993370579644381e-01 3.553083293730328190e-02 -5.289126311093443888e-01 -6.171716705054350327e-02 -4.685615681170480773e-01 6.912512410820119239e-03 0.000000000000000000e+00 -3.229977299149356523e-03 0.000000000000000000e+00 7.092343030062633023e-03 0.000000000000000000e+00 -6.772484842118242816e-03 1.021674079766849985e+00 5.367495083746663731e+00 2.372161744077202261e+00 4.051398342566860933e+00 7.697546226287418358e-01
-1.109243697478991542e-01 5.374688497662920561e-01 1.017419230018937713e-02 -4.565634815330885110e-01 3.555863896752056025e-02 -5.288079855412872732e-01 -6.194425007702620417e-02 -4.685785375825900489e-01 6.988093539352005674e-03 0.000000000000000000e+00 -3.433694972126504884e-03 0.000000000000000000e+00 7.170548175337766554e-03 0.000000000000000000e+00 -6.755059257008922714e-03 1.023441976390702557e+00 5.368161342244728296e+00 2.372679537848845666e+00 4.050398938407820282e+00 7.692880366611775100e-01
-1.159663865546218392e-01 5.373592470724009029e-01 9.769096986506804747e-03 -4.568240103030623001e-01 3.559413796127690321e-02 -5.287106974014804672e-01 -6.216117280053803235e-02 -4.685943782261738910e-01 7.071491264948955198e-03 0.000000000000000000e+00 -3.636058786212037052e-03 0.000000000000000000e+00 7.253560447467637638e-03 0.000000000000000000e+00 -6.733686762036876321e-03 1.025261276556266532e+00 5.368829646535514755e+00 2.373199471996252807e+00 4.049398981823649102e+00 7.688305100302810224e-01
-1.210084033613445242e-01 5.372514189474431046e-01 9.377675526566528474e-03 -4.570724144272124145e-01 3.564089632791874601e-02 -5.286338606787261973e-01 -6.236812661150907544e-02 -4.685964378671406139e-01 7.164924423262086436e-03 0.000000000000000000e+00 -3.837460500920486951e-03 0.000000000000000000e+00 7.336118221126699396e-03 0.000000000000000000e+00 -6.710166191105720705e-03 1.027132335884716863e+00 5.369467803598010569e+00 2.373702791243449628e+00 4.048416772430261545e+00 7.684048783367233293e-01
-1.260504201680672232e-01 5.371363795086439019e-01 8.904480534247498011e-03 -4.573449983419483611e-01 3.567075181320358834e-02 -5.285266693269090599e-01 -6.255838581208782168e-02 -4.686288862399816124e-01 7.273949339496143911e-03 0.000000000000000000e+00 -4.035944068629914762e-03 0.000000000000000000e+00 7.426734242024349286e-03 0.000000000000000000e+00 -6.673864783601038929e-03 1.029053341445917535e+00 5.370174980457930403e+00 2.374266633475745625e+00 4.047402741827985651e+00 7.679345007672233603e-01
-1.310924369747898943e-01 5.370241167451482722e-01 8.457980416097757304e-03 -4.575985489859382693e-01 3.571519718357103051e-02 -5.284540011857097319e-01 -6.274817800847172500e-02 -4.686346914707803513e-01 7.384071114800315819e-03 0.000000000000000000e+00 -4.231751705786592974e-03 0.000000000000000000e+00 7.513326000242555834e-03 0.000000000000000000e+00 -6.638864839654413236e-03 1.031027426543091208e+00 5.370844875064851642e+00 2.374803015229597580e+00 4.046411077871768569e+00 7.675051569309474520e-01
-1.361344537815125932e-01 5.369160711054771218e-01 8.051911735337822021e-03 -4.578292660518167856e-01 3.577747422619412254e-02 -5.284198937424572362e-01 -6.293048045073129648e-02 -4.686097576808381793e-01 7.505648982276388881e-03 0.000000000000000000e+00 -4.426672681881706033e-03 0.000000000000000000e+00 7.599717644575831703e-03 0.000000000000000000e+00 -6.606365587740571817e-03 1.033052012184755730e+00 5.371448875257880395e+00 2.375290169939259677e+00 4.045452515094649648e+00 7.671343167206744473e-01
-1.411764705882352922e-01 5.368092933649548648e-01 7.645598563075460367e-03 -4.580537831238243873e-01 3.584589918038359052e-02 -5.283987887330510169e-01 -6.309324026016030484e-02 -4.685765066122299372e-01 7.637901936953831253e-03 0.000000000000000000e+00 -4.620187610962122465e-03 0.000000000000000000e+00 7.689680875863233456e-03 0.000000000000000000e+00 -6.569160162554564530e-03 1.035123996389098577e+00 5.372021673028148037e+00 2.375761163117529939e+00 4.044506960274201646e+00 7.667908291749041538e-01
-1.462184873949579633e-01 5.367009891368472729e-01 7.198531893121157092e-03 -4.582849066150221362e-01 3.590990967005294743e-02 -5.283723263053886621e-01 -6.323347982723823146e-02 -4.685521004912994725e-01 7.762763094199320001e-03 0.000000000000000000e+00 -4.811817207889090842e-03 0.000000000000000000e+00 7.782976534382669669e-03 0.000000000000000000e+00 -6.519817737771375042e-03 1.037242754886777973e+00 5.372604725759466682e+00 2.376250774573539726e+00 4.043552483950787924e+00 7.664376377923772798e-01
-1.512605042016806622e-01 5.365961854376875007e-01 6.683327834730516670e-03 -4.585092169412003926e-01 3.594747603446243195e-02 -5.283507190522166441e-01 -6.339988660629829187e-02 -4.685327142577009885e-01 7.890788814188845826e-03 0.000000000000000000e+00 -4.991429725787146880e-03 0.000000000000000000e+00 7.894044119328777129e-03 0.000000000000000000e+00 -6.454881148529794353e-03 1.039405860990227470e+00 5.373237230574177126e+00 2.376825522315327621e+00 4.042553361820461433e+00 7.659892448313847524e-01
-1.563025210084033334e-01 5.364918246120289336e-01 6.157484124213448082e-03 -4.587333563302872230e-01 3.598232591058661556e-02 -5.283389734004286797e-01 -6.355771739998467007e-02 -4.685040682997769212e-01 8.024951619894226881e-03 0.000000000000000000e+00 -5.168469010362499241e-03 0.000000000000000000e+00 8.007254300682080037e-03 0.000000000000000000e+00 -6.382247934199854374e-03 1.041620032476922253e+00 5.373867010570693381e+00 2.377404711255032499e+00 4.041554338439834915e+00 7.655488167689469270e-01
-1.613445378151260323e-01 5.363882048025144789e-01 5.618649034103395321e-03 -4.589577480351619831e-01 3.601485221769180900e-02 -5.283362545724512582e-01 -6.370681478596605662e-02 -4.684673049351286145e-01 8.166535282285598482e-03 0.000000000000000000e+00 -5.340777668251769569e-03 0.000000000000000000e+00 8.124318110887497266e-03 0.000000000000000000e+00 -6.302057702178050745e-03 1.043884299554529216e+00 5.374503409032914902e+00 2.377993607500473505e+00 4.040556734009690842e+00 7.651138618454558227e-01
-1.663865546218487312e-01 5.362847172360870607e-01 5.066913001426557803e-03 -4.591846012148260714e-01 3.604611411392447118e-02 -5.283427690469850724e-01 -6.384464332085798555e-02 -4.684210599089144167e-01 8.319663389190356736e-03 0.000000000000000000e+00 -5.507280641628132384e-03 0.000000000000000000e+00 8.245304368561920741e-03 0.000000000000000000e+00 -6.214967555464617939e-03 1.046198387752065750e+00 5.375154620618207701e+00 2.378588494858822955e+00 4.039570325842255727e+00 7.646913458357270654e-01
-1.714285714285714024e-01 5.361810706255232262e-01 4.486037078180934827e-03 -4.594145460399420289e-01 3.607389969284800768e-02 -5.283553452710196829e-01 -6.397592310522547121e-02 -4.683703744507322630e-01 8.477756439144459866e-03 0.000000000000000000e+00 -5.666786371606359445e-03 0.000000000000000000e+00 8.373508587868143047e-03 0.000000000000000000e+00 -6.119258176257614222e-03 1.048562454648229725e+00 5.375844905043803301e+00 2.379199974488477753e+00 4.038582634372851921e+00 7.642680330991976634e-01
-1.764705882352941013e-01 5.360789796203263569e-01 3.883521735210485396e-03 -4.596400738649834561e-01 3.610010168118814311e-02 -5.283790692106964393e-01 -6.410259422301481380e-02 -4.683135138185167134e-01 8.642987973281220787e-03 0.000000000000000000e+00 -5.824192778870148669e-03 0.000000000000000000e+00 8.507846298980154334e-03 0.000000000000000000e+00 -6.010648420966211054e-03 1.050977878134580434e+00 5.376551285627352961e+00 2.379838469169536008e+00 4.037570153806670170e+00 7.638357983881086666e-01
-1.815126050420167725e-01 5.359714762750632522e-01 3.229021867309249914e-03 -4.598777827439274879e-01 3.612674265990152567e-02 -5.284022239386956254e-01 -6.420396055584264017e-02 -4.682584711518570919e-01 8.814554712051550153e-03 0.000000000000000000e+00 -5.977026503657708288e-03 0.000000000000000000e+00 8.651379560043965036e-03 0.000000000000000000e+00 -5.890658109436908325e-03 1.053451955823065722e+00 5.377314105666204824e+00 2.380482953528479939e+00 4.036535801821276692e+00 7.634172376152660311e-01
-1.865546218487394714e-01 5.358554699828274037e-01 2.544277407289520423e-03 -4.601305480812811211e-01 3.616788400907022111e-02 -5.284349386208282429e-01 -6.426528113971842482e-02 -4.681889198981196154e-01 9.004920054640042082e-03 0.000000000000000000e+00 -6.127886864249729865e-03 0.000000000000000000e+00 8.795643769141978097e-03 0.000000000000000000e+00 -5.765618507599279581e-03 1.055987808524998517e+00 5.378088214200145600e+00 2.381085415169044150e+00 4.035493416184562143e+00 7.630726526980452507e-01
-1.915966386554621703e-01 5.357431308175143458e-01 1.929509173871865298e-03 -4.603605308986257194e-01 3.623466683478990258e-02 -5.285118344813340974e-01 -6.428371759710449496e-02 -4.680786262707196110e-01 9.205067255536247481e-03 0.000000000000000000e+00 -6.284147118005884922e-03 0.000000000000000000e+00 8.930568954607233378e-03 0.000000000000000000e+00 -5.628775201536787183e-03 1.058566011503743631e+00 5.378677929897565768e+00 2.381600919831265095e+00 4.034492511042430785e+00 7.628258527863935878e-01
-1.966386554621848415e-01 5.356293507816908273e-01 1.278296975762379696e-03 -4.606008096704415911e-01 3.630731519480932812e-02 -5.285848068324768834e-01 -6.428075914838729532e-02 -4.679723892577180577e-01 9.417292565591069489e-03 0.000000000000000000e+00 -6.431825539306003023e-03 0.000000000000000000e+00 9.072923183045530221e-03 0.000000000000000000e+00 -5.483020278737592811e-03 1.061195094347373580e+00 5.379324849096009942e+00 2.382134243583454047e+00 4.033508178110268183e+00 7.625943116724687165e-01
-2.016806722689075404e-01 5.355114828538848348e-01 5.695505633044672467e-04 -4.608511495234898225e-01 3.638362122699818901e-02 -5.286525337033024519e-01 -6.426749562065284249e-02 -4.678750852476771804e-01 9.647272275492011287e-03 0.000000000000000000e+00 -6.568904160839052556e-03 0.000000000000000000e+00 9.227385198815387171e-03 0.000000000000000000e+00 -5.330134760776266897e-03 1.063879801744642695e+00 5.380078633667266352e+00 2.382699558313087440e+00 4.032522959266066742e+00 7.623687154070352134e-01
-2.067226890756302393e-01 5.353882235385792887e-01 -1.804674048796639399e-04 -4.611172792815418364e-01 3.644977356587261047e-02 -5.287168037235900897e-01 -6.423645900628775773e-02 -4.677823884503552465e-01 9.918792473477365881e-03 0.000000000000000000e+00 -6.691843413179626200e-03 0.000000000000000000e+00 9.389126494357883865e-03 0.000000000000000000e+00 -5.172530656985610716e-03 1.066635737941809436e+00 5.380971116245608421e+00 2.383316653187939949e+00 4.031584823582901045e+00 7.621656860825885005e-01
-2.117647058823529105e-01 5.352642330693604400e-01 -9.193759920154774123e-04 -4.613977085265808520e-01 3.652929560699218203e-02 -5.287887864384560599e-01 -6.418161356498108816e-02 -4.676726393522999681e-01 1.021153096397718792e-02 0.000000000000000000e+00 -6.803449617878856194e-03 0.000000000000000000e+00 9.548318785189361529e-03 0.000000000000000000e+00 -5.010301049329758151e-03 1.069447892587959581e+00 5.381903630520193715e+00 2.383919178787209603e+00 4.030744874269541533e+00 7.620138860708473016e-01
-2.168067226890756094e-01 5.351399303339147151e-01 -1.672338684616336705e-03 -4.616871498102955163e-01 3.663123559945234697e-02 -5.288723503258128122e-01 -6.409866370949696135e-02 -4.675486342325055888e-01 1.049876341020353904e-02 0.000000000000000000e+00 -6.910916274469114558e-03 0.000000000000000000e+00 9.713268070037826829e-03 0.000000000000000000e+00 -4.840218926055928420e-03 1.072347596616828991e+00 5.382882259243000789e+00 2.384487564218565669e+00 4.029963198584671780e+00 7.619026147734756504e-01
-2.218487394957983083e-01 5.350170530565619975e-01 -2.441590285021075744e-03 -4.619706857072686246e-01 3.675195174162931844e-02 -5.289788079138095789e-01 -6.401874789581159242e-02 -4.674029969713651700e-01 1.077924601948162218e-02 0.000000000000000000e+00 -7.013611098496772694e-03 0.000000000000000000e+00 9.883893816896608883e-03 0.000000000000000000e+00 -4.659349286520302405e-03 1.075283157424413050e+00 5.383867106988022400e+00 2.385033709017534864e+00 4.029175647907892177e+00 7.618070932347794644e-01
-2.268907563025209795e-01 5.348985505444320276e-01 -3.215336016957821494e-03 -4.622462363573840438e-01 3.688619732620036784e-02 -5.291085229806344881e-01 -6.394129179034063748e-02 -4.672328554176253812e-01 1.105049320905245047e-02 0.000000000000000000e+00 -7.112547984582118406e-03 0.000000000000000000e+00 1.005695449562704451e-02 0.000000000000000000e+00 -4.465740220610736437e-03 1.078278861045507186e+00 5.384825371585063358e+00 2.385552266907406072e+00 4.028361671215351159e+00 7.617255724853126964e-01
-2.319327731092436784e-01 5.347851034986791374e-01 -3.992587414691552497e-03 -4.625172344747737752e-01 3.703155335414607535e-02 -5.292569418981857288e-01 -6.385975402279156499e-02 -4.670397074016365835e-01 1.131014881527161835e-02 0.000000000000000000e+00 -7.209636313395801667e-03 0.000000000000000000e+00 1.023217339576503251e-02 0.000000000000000000e+00 -4.256382103999472623e-03 1.081332447121600371e+00 5.385743023018239484e+00 2.386045628741809033e+00 4.027508318720678382e+00 7.616636624915281706e-01
-2.369747899159663496e-01 5.346780059238526173e-01 -4.762840899854140810e-03 -4.627871773323002924e-01 3.718626698139740339e-02 -5.294227133423556886e-01 -6.376858209096286645e-02 -4.668200605663516134e-01 1.156119256123640769e-02 0.000000000000000000e+00 -7.305158010049159385e-03 0.000000000000000000e+00 1.040789867508062037e-02 0.000000000000000000e+00 -4.029662324377600129e-03 1.084439229500656188e+00 5.386605741436964578e+00 2.386510864781276275e+00 4.026619560922071628e+00 7.616329566145101371e-01
-2.420168067226890485e-01 5.346241072823022522e-01 -5.276252489076342297e-03 -4.629125682689329557e-01 3.732702950429120370e-02 -5.297367131076924363e-01 -6.373894368545642009e-02 -4.664652774100219723e-01 1.175360959755823546e-02 0.000000000000000000e+00 -7.425898396080686699e-03 0.000000000000000000e+00 1.057143564951116416e-02 0.000000000000000000e+00 -3.783251926738461640e-03 1.087535422013524267e+00 5.386723190213762891e+00 2.386850843573465664e+00 4.025323776695350020e+00 7.616550416307533711e-01
-2.470588235294117474e-01 5.345760269073146498e-01 -5.804169346669125346e-03 -4.630477480832267956e-01 3.745208402435109413e-02 -5.300347884391100051e-01 -6.364566760714780724e-02 -4.661225155103417284e-01 1.193650255853302353e-02 0.000000000000000000e+00 -7.541366720713908560e-03 0.000000000000000000e+00 1.073894508087309616e-02 0.000000000000000000e+00 -3.519420918711918707e-03 1.090696523053766631e+00 5.386777192336110964e+00 2.387174749227400028e+00 4.024018604229862461e+00 7.617013367934735157e-01
-2.521008403361344463e-01 5.345306076638371984e-01 -6.354634476128540738e-03 -4.631909195844367000e-01 3.756814681243444976e-02 -5.303254817967221202e-01 -6.350275603654556567e-02 -4.657858343444971072e-01 1.211549296762085871e-02 0.000000000000000000e+00 -7.652661557492379356e-03 0.000000000000000000e+00 1.091279883005295825e-02 0.000000000000000000e+00 -3.242009538216366563e-03 1.093849036219162407e+00 5.386796793471103406e+00 2.387491256178798427e+00 4.022716167917694818e+00 7.617804623277839582e-01
-2.571428571428571175e-01 5.344838007645027478e-01 -6.954529216111211484e-03 -4.633395093895810724e-01 3.767803204773360198e-02 -5.306106244327035704e-01 -6.331977100453169138e-02 -4.654611354063354911e-01 1.230130718971879020e-02 0.000000000000000000e+00 -7.756565140589173971e-03 0.000000000000000000e+00 1.109706071359785502e-02 0.000000000000000000e+00 -2.954581308841914677e-03 1.097027509742122486e+00 5.386831310671635009e+00 2.387827092863365142e+00 4.021418715477658168e+00 7.618839814226303631e-01
-2.621848739495797886e-01 5.344370183194265822e-01 -7.594583628965127613e-03 -4.634869285679186213e-01 3.778354621549466497e-02 -5.309000632604339298e-01 -6.311065852184832847e-02 -4.651389000980488131e-01 1.248833895184576701e-02 0.000000000000000000e+00 -7.855855851849962226e-03 0.000000000000000000e+00 1.128772578750113914e-02 0.000000000000000000e+00 -2.653983687382240487e-03 1.100249794253118640e+00 5.386866084012756239e+00 2.388180654674911363e+00 4.020104623537665844e+00 7.620090467198387119e-01
-2.672268907563025153e-01 5.343906635415544004e-01 -8.277971185488659442e-03 -4.636288709284159815e-01 3.788143819526210154e-02 -5.312004516170316659e-01 -6.288804352606175430e-02 -4.648136382773526698e-01 1.267238835666490045e-02 0.000000000000000000e+00 -7.950897792654376336e-03 0.000000000000000000e+00 1.148483366311566292e-02 0.000000000000000000e+00 -2.340440432329417113e-03 1.103509616437450269e+00 5.386889476544326705e+00 2.388552606359570341e+00 4.018753039949062078e+00 7.621466523543761751e-01
-2.722689075630251865e-01 5.343425558295225031e-01 -9.020154055500649928e-03 -4.637692898520656692e-01 3.798020373041757075e-02 -5.315041296184590536e-01 -6.264479982267201486e-02 -4.644938825612207056e-01 1.286100297397074071e-02 0.000000000000000000e+00 -8.039428220746035539e-03 0.000000000000000000e+00 1.169511649544370709e-02 0.000000000000000000e+00 -2.012859468062429616e-03 1.106807819848121266e+00 5.386938012562123568e+00 2.388950035708687469e+00 4.017369647637614172e+00 7.622930597738925007e-01
-2.773109243697478576e-01 5.342939590750712675e-01 -9.807447730811940864e-03 -4.639116404863671272e-01 3.807867128880547403e-02 -5.318133876811278471e-01 -6.238064101039757225e-02 -4.641721982082628317e-01 1.305527440123255105e-02 0.000000000000000000e+00 -8.120294793160958910e-03 0.000000000000000000e+00 1.191809302364582775e-02 0.000000000000000000e+00 -1.673470735981323881e-03 1.110154855252722284e+00 5.387013753733982391e+00 2.389364760394749876e+00 4.015968141958699000e+00 7.624569851289857425e-01
-2.823529411764705843e-01 5.342462054098756630e-01 -1.062598081592226393e-02 -4.640584691648711457e-01 3.817815709248238015e-02 -5.321294156932345754e-01 -6.209649237110689834e-02 -4.638423374952264089e-01 1.325877505239093056e-02 0.000000000000000000e+00 -8.193815485750374078e-03 0.000000000000000000e+00 1.215285470197738187e-02 0.000000000000000000e+00 -1.321142229890849172e-03 1.113547146287593437e+00 5.387111284402841704e+00 2.389793559139492984e+00 4.014554503484928816e+00 7.626444566643180156e-01
-2.873949579831932555e-01 5.342004374183760840e-01 -1.146978022294218962e-02 -4.642053099367702829e-01 3.828135148599571408e-02 -5.324563343585961839e-01 -6.179264774414423844e-02 -4.635022503286008178e-01 1.346773771272999180e-02 0.000000000000000000e+00 -8.259892045784074030e-03 0.000000000000000000e+00 1.239781410998029229e-02 0.000000000000000000e+00 -9.559005338502006783e-04 1.116940889080676236e+00 5.387220438024804103e+00 2.390229023521606599e+00 4.013116561562471318e+00 7.628553551997389048e-01
-2.924369747899159266e-01 5.341576497155886560e-01 -1.233109510779210709e-02 -4.643491957967176287e-01 3.838765472257280736e-02 -5.327935898511964030e-01 -6.147618431313404269e-02 -4.631529642384172862e-01 1.368293986944282836e-02 0.000000000000000000e+00 -8.319013352960603555e-03 0.000000000000000000e+00 1.265151104508080437e-02 0.000000000000000000e+00 -5.781573476291759208e-04 1.120385563060418255e+00 5.387342600229600542e+00 2.390678172018502856e+00 4.011651640851239264e+00 7.630890605961203610e-01
-2.974789915966385978e-01 5.341126266312081761e-01 -1.323710966545085799e-02 -4.645069354245463522e-01 3.849319116080300585e-02 -5.331334791670917506e-01 -6.113633858104602220e-02 -4.627984357207612920e-01 1.392563891087178311e-02 0.000000000000000000e+00 -8.361432112520385609e-03 0.000000000000000000e+00 1.291545165059431073e-02 0.000000000000000000e+00 -1.936393016100753284e-04 1.124035885736513363e+00 5.387576550936107544e+00 2.391152948190870653e+00 4.010232630689856137e+00 7.633574747762642554e-01
-3.025210084033613245e-01 5.340725642701695808e-01 -1.413364796164452535e-02 -4.646646268871705288e-01 3.860044027382221465e-02 -5.334951151537544733e-01 -6.078809556061392366e-02 -4.624144380587825731e-01 1.418100414160863854e-02 0.000000000000000000e+00 -8.395848333548413742e-03 0.000000000000000000e+00 1.318623389336694846e-02 0.000000000000000000e+00 2.001365694959829876e-04 1.127744018821249750e+00 5.387805857649613728e+00 2.391622953887915237e+00 4.008820544479141823e+00 7.636699790471271898e-01
-3.075630252100839956e-01 5.340348351763163359e-01 -1.504477373025059003e-02 -4.648268852556577957e-01 3.870987658503401152e-02 -5.338658126460205100e-01 -6.041283466155066006e-02 -4.620168452141755200e-01 1.444496143893384855e-02 0.000000000000000000e+00 -8.421841974670404504e-03 0.000000000000000000e+00 1.346916642118941090e-02 0.000000000000000000e+00 6.040008583345772867e-04 1.131489871405271463e+00 5.388040753509944381e+00 2.392090345128980111e+00 4.007418617611563150e+00 7.640227530040177850e-01
-3.126050420168066668e-01 5.340005622108839889e-01 -1.596272578749780013e-02 -4.649963407646022229e-01 3.882153427498265946e-02 -5.342484864886958285e-01 -6.001318398395819737e-02 -4.615992980032067039e-01 1.471740003213236128e-02 0.000000000000000000e+00 -8.439419444562348827e-03 0.000000000000000000e+00 1.376264173191882670e-02 0.000000000000000000e+00 1.019416288565624289e-03 1.135280789995824158e+00 5.388293892116784001e+00 2.392560215936151646e+00 4.006036178175272688e+00 7.644210509426214717e-01
-3.176470588235293935e-01 5.339682804617623679e-01 -1.689055929868092318e-02 -4.651683801066306412e-01 3.893889844873492379e-02 -5.346441696715957814e-01 -5.959484333031520031e-02 -4.611653568377886425e-01 1.500891485547590880e-02 0.000000000000000000e+00 -8.446581275725017351e-03 0.000000000000000000e+00 1.406477184284555398e-02 0.000000000000000000e+00 1.444955381032143925e-03 1.139064429570362913e+00 5.388580954539038181e+00 2.393037330109386129e+00 4.004675386809597448e+00 7.648657547013980595e-01
-3.226890756302520646e-01 5.339389760012451802e-01 -1.783047167689314969e-02 -4.653401504008838341e-01 3.906140910812357092e-02 -5.350532510333914082e-01 -5.916531242797034434e-02 -4.607151136793899981e-01 1.531703373832171873e-02 0.000000000000000000e+00 -8.443168259232584211e-03 0.000000000000000000e+00 1.437736759879341443e-02 0.000000000000000000e+00 1.880527706266087824e-03 1.142925145047208879e+00 5.388902774456705735e+00 2.393522555024670151e+00 4.003317024999298646e+00 7.653513191847540753e-01
-3.277310924369747358e-01 5.338294452865459672e-01 -1.903440207674206644e-02 -4.657081987608124307e-01 3.923016293359495726e-02 -5.353372837850599586e-01 -5.851239646676215794e-02 -4.603378333295699010e-01 1.580595676190216931e-02 0.000000000000000000e+00 -8.370954290972881101e-03 0.000000000000000000e+00 1.467369430432310939e-02 0.000000000000000000e+00 2.254660730512219203e-03 1.146891271940138957e+00 5.390006373022778519e+00 2.393883887914374675e+00 4.002718416228185028e+00 7.661610615468154029e-01
-3.327731092436974625e-01 5.337381769667088882e-01 -2.017182336310134952e-02 -4.659933507630258931e-01 3.945511991203345253e-02 -5.357167546475932740e-01 -5.795597665823274541e-02 -4.598902453725930983e-01 1.628563368732507260e-02 0.000000000000000000e+00 -8.294968025345794693e-03 0.000000000000000000e+00 1.498657384862163086e-02 0.000000000000000000e+00 2.642073637140074198e-03 1.150963824232031696e+00 5.391031845424970825e+00 2.394247852817973587e+00 4.001985848993968808e+00 7.669842283777262848e-01
-3.378151260504201336e-01 5.336957967453801466e-01 -2.112782376004638737e-02 -4.661682782400763947e-01 3.966425090235992101e-02 -5.361995165896035198e-01 -5.750973081524988345e-02 -4.593547117656913703e-01 1.670581008015082497e-02 0.000000000000000000e+00 -8.236411721515140075e-03 0.000000000000000000e+00 1.531476305272367992e-02 0.000000000000000000e+00 3.072241885231211545e-03 1.155055221551479994e+00 5.391645376869535156e+00 2.394625419303515912e+00 4.000909461766999797e+00 7.677418644303036777e-01
-3.428571428571428048e-01 5.336556534090165504e-01 -2.204512273912081349e-02 -4.663006156073167818e-01 3.984977537959399907e-02 -5.367452086639417086e-01 -5.703236952821013478e-02 -4.587770875318139541e-01 1.712822131527720268e-02 0.000000000000000000e+00 -8.157328750502281997e-03 0.000000000000000000e+00 1.563926227609857555e-02 0.000000000000000000e+00 3.494518184981512589e-03 1.159206701488121993e+00 5.392176110633613462e+00 2.394929764012149409e+00 3.999959899712148825e+00 7.685891550936337913e-01
-3.478991596638655315e-01 5.336387170758375431e-01 -2.292832569014683144e-02 -4.664260753751960920e-01 4.003067794496768805e-02 -5.372847774774951457e-01 -5.654334529214403299e-02 -4.581926486519525277e-01 1.751910445799407384e-02 0.000000000000000000e+00 -8.071148192344087050e-03 0.000000000000000000e+00 1.598343579050073154e-02 0.000000000000000000e+00 3.945397197942184138e-03 1.163372398853384615e+00 5.392608193612494105e+00 2.395271202148676171e+00 3.998845978962421555e+00 7.694178185021612881e-01
-3.529411764705882026e-01 5.336427623714236068e-01 -2.378333700269358308e-02 -4.665470539952759621e-01 4.018462133419071353e-02 -5.378217942292998766e-01 -5.604822897754144218e-02 -4.575994239403044506e-01 1.789521220055244680e-02 0.000000000000000000e+00 -7.984730338853740853e-03 0.000000000000000000e+00 1.633768887186597824e-02 0.000000000000000000e+00 4.428434535510217089e-03 1.167585663432176180e+00 5.392955249865380551e+00 2.395669522064395984e+00 3.997603295149744440e+00 7.702260341343136751e-01
-3.579831932773108738e-01 5.336644891804234181e-01 -2.458156877005816116e-02 -4.666409125458080287e-01 4.031729236895047197e-02 -5.383856549438785777e-01 -5.555266733776146465e-02 -4.569768633364757471e-01 1.828057132228341763e-02 0.000000000000000000e+00 -7.906235350342970952e-03 0.000000000000000000e+00 1.671156389546454846e-02 0.000000000000000000e+00 4.930577052315146362e-03 1.171807778019526847e+00 5.393166705338119371e+00 2.396074647973716498e+00 3.996257541839852934e+00 7.710665534462907145e-01
-3.630252100840335450e-01 5.336607615167991980e-01 -2.553929761575300314e-02 -4.667913884333788066e-01 4.047518575718931505e-02 -5.389065781298153501e-01 -5.496105165029906842e-02 -4.563966062336330398e-01 1.872912909252732322e-02 0.000000000000000000e+00 -7.779499025170409643e-03 0.000000000000000000e+00 1.708128916722577093e-02 0.000000000000000000e+00 5.427715332736253971e-03 1.176166629255597451e+00 5.393741955138053434e+00 2.396501927120471720e+00 3.995234443197406282e+00 7.720224485434199480e-01
-3.680672268907562716e-01 5.335848056180314547e-01 -2.663111959559036346e-02 -4.668492665498157335e-01 4.076495852072684056e-02 -5.396009996684377752e-01 -5.433412309282004832e-02 -4.557707927254364133e-01 1.944027247949161805e-02 0.000000000000000000e+00 -7.532618220947939237e-03 0.000000000000000000e+00 1.742566859429630494e-02 0.000000000000000000e+00 5.786918275350374716e-03 1.180591854409030139e+00 5.395028262103305217e+00 2.396810090243020497e+00 3.995256570835351351e+00 7.733536367217762608e-01
-3.731092436974789428e-01 5.333410161628171497e-01 -2.843246076985585236e-02 -4.671559051078552072e-01 4.130048911081414531e-02 -5.401110860718072448e-01 -5.327637610988013306e-02 -4.553272124319578951e-01 2.044517300857719502e-02 0.000000000000000000e+00 -7.152285660802917139e-03 0.000000000000000000e+00 1.773186812665115963e-02 0.000000000000000000e+00 6.064531932867678679e-03 1.185480320757456241e+00 5.397650618666981259e+00 2.396972489636372217e+00 3.996947818230531357e+00 7.752864660846282563e-01
-3.781512605042016140e-01 5.333165605768149797e-01 -2.933852996481194075e-02 -4.672562023908432005e-01 4.157874563942773327e-02 -5.407965529220919443e-01 -5.274825146804717341e-02 -4.546080566129482303e-01 2.117005136507813315e-02 0.000000000000000000e+00 -6.897951813990707559e-03 0.000000000000000000e+00 1.809233000412208484e-02 0.000000000000000000e+00 6.480143160163600972e-03 1.190314532306746775e+00 5.399071277436902072e+00 2.397405309253247019e+00 3.996775750773843949e+00 7.766066748051445590e-01
-3.831932773109243406e-01 5.333075662800291772e-01 -3.021634600214544858e-02 -4.673589067542927022e-01 4.183247799550051521e-02 -5.414661422094857457e-01 -5.217437866226176668e-02 -4.538849840441669392e-01 2.186768254202814399e-02 0.000000000000000000e+00 -6.641697704315637288e-03 0.000000000000000000e+00 1.846334820982412431e-02 0.000000000000000000e+00 6.918715370716853677e-03 1.195173381861544426e+00 5.400351850152672384e+00 2.397834590307363456e+00 3.996545193036285859e+00 7.779840485336665390e-01
-3.882352941176470118e-01 5.333185112576968034e-01 -3.102821077089334620e-02 -4.674614222771106276e-01 4.204579711437612943e-02 -5.421261506796296592e-01 -5.157183554841635043e-02 -4.531539617282370203e-01 2.254849099542217614e-02 0.000000000000000000e+00 -6.383875130949341441e-03 0.000000000000000000e+00 1.884842877852924495e-02 0.000000000000000000e+00 7.371093719162171223e-03 1.199902722924740539e+00 5.401517044941182455e+00 2.398269793046706067e+00 3.996243834675822004e+00 7.794043837827725474e-01
-3.932773109243696830e-01 5.333623708580825795e-01 -3.170027535243936240e-02 -4.675042508766777405e-01 4.224348951920928880e-02 -5.428332653808554120e-01 -5.099771920489998278e-02 -4.523726291125269028e-01 2.317934724861253626e-02 0.000000000000000000e+00 -6.136371769004450236e-03 0.000000000000000000e+00 1.925562246049095441e-02 0.000000000000000000e+00 7.844409465975664408e-03 1.204661085565151613e+00 5.402372802764362270e+00 2.398672145206826922e+00 3.995736473135619082e+00 7.808507184536969126e-01
-3.983193277310924096e-01 5.334125413708282748e-01 -3.236189389032358837e-02 -4.675427682466157253e-01 4.244853726282998840e-02 -5.435393604576039817e-01 -5.037554515361420543e-02 -4.515817510184079731e-01 2.385257956433077878e-02 0.000000000000000000e+00 -5.873532374999722132e-03 0.000000000000000000e+00 1.968029456988507411e-02 0.000000000000000000e+00 8.321281545034430599e-03 1.209466378548133436e+00 5.403233282424083406e+00 2.399055738486587153e+00 3.995325094796189802e+00 7.823986720333911959e-01
-4.033613445378150808e-01 5.334603348022456393e-01 -3.314240191768892674e-02 -4.676419338672610504e-01 4.263523297285360530e-02 -5.441516588542575361e-01 -4.964970918215129425e-02 -4.508658364038614641e-01 2.451236094727188286e-02 0.000000000000000000e+00 -5.610299416307501508e-03 0.000000000000000000e+00 2.010810107148930034e-02 0.000000000000000000e+00 8.842619440763631669e-03 1.214290541693668901e+00 5.404207799812631663e+00 2.399510680412560770e+00 3.994879061873888304e+00 7.840029299937621987e-01
-4.084033613445377520e-01 5.335090512410336494e-01 -3.398737018511754915e-02 -4.678044800055156660e-01 4.279930538157349085e-02 -5.446920253379361476e-01 -4.886957992195747197e-02 -4.501812629923145348e-01 2.516694144944205819e-02 0.000000000000000000e+00 -5.354330865752326626e-03 0.000000000000000000e+00 2.053952893164174773e-02 0.000000000000000000e+00 9.406707751108430923e-03 1.219146574997440835e+00 5.405227541820575965e+00 2.400022762937898513e+00 3.994318684191586311e+00 7.856690903334768716e-01
-4.134453781512604786e-01 5.335810918687224902e-01 -3.468654571477110260e-02 -4.678864294887882247e-01 4.296692799656096073e-02 -5.453317960095468431e-01 -4.815579210163136586e-02 -4.494049425972423961e-01 2.581746215683051668e-02 0.000000000000000000e+00 -5.100819543578042313e-03 0.000000000000000000e+00 2.098967104871140091e-02 0.000000000000000000e+00 9.971610080337324142e-03 1.223991586069796078e+00 5.405995328262746646e+00 2.400489700752845845e+00 3.993648752343130326e+00 7.873979963405983717e-01
-4.184873949579831498e-01 5.336575006085901851e-01 -3.541821045223348535e-02 -4.679323865636443869e-01 4.314253832917690906e-02 -5.459923814942206910e-01 -4.742892218879837807e-02 -4.486315265961902665e-01 2.646640239998913208e-02 0.000000000000000000e+00 -4.834309149943398151e-03 0.000000000000000000e+00 2.145483130262547042e-02 0.000000000000000000e+00 1.054858510380960422e-02 1.228856129689369414e+00 5.406764923220177543e+00 2.400975691226772568e+00 3.993002632774895311e+00 7.891828493197523553e-01
-4.235294117647058210e-01 5.337380789483836541e-01 -3.617979116204625423e-02 -4.679490197701741683e-01 4.332280366716490666e-02 -5.466674171728165277e-01 -4.668766747622646318e-02 -4.478620589486348447e-01 2.711609912354305540e-02 0.000000000000000000e+00 -4.555452059792035671e-03 0.000000000000000000e+00 2.193445067499158116e-02 0.000000000000000000e+00 1.113797097069578641e-02 1.233746276176005185e+00 5.407541821143216687e+00 2.401486228163945746e+00 3.992374705413944458e+00 7.910196378410305762e-01
-4.285714285714285476e-01 5.338239208897346266e-01 -3.695468400227439748e-02 -4.679409931557390045e-01 4.350556496470240481e-02 -5.473576850698360641e-01 -4.593422012811968630e-02 -4.470886544621063274e-01 2.777227656460585017e-02 0.000000000000000000e+00 -4.263724737310861657e-03 0.000000000000000000e+00 2.243009257226628514e-02 0.000000000000000000e+00 1.173656153269412618e-02 1.238662636305073894e+00 5.408321559586029892e+00 2.402018261260040699e+00 3.991769472100630267e+00 7.929102921716848495e-01
-4.336134453781512188e-01 5.339185997919362325e-01 -3.770219477970636335e-02 -4.679069998199076874e-01 4.368677321672335273e-02 -5.480797288115897281e-01 -4.517749211445633295e-02 -4.462873269718147240e-01 2.843868521770428343e-02 0.000000000000000000e+00 -3.958524948844760298e-03 0.000000000000000000e+00 2.294123859399331902e-02 0.000000000000000000e+00 1.233859208310781469e-02 1.243591747568886019e+00 5.409080697176713137e+00 2.402548934274969294e+00 3.991203023694038787e+00 7.948700389147591583e-01
-4.386554621848738900e-01 5.340386816936733005e-01 -3.831412400975680449e-02 -4.677340866392090679e-01 4.388089028531103053e-02 -5.489445329564633935e-01 -4.449733122284652703e-02 -4.454088019185809544e-01 2.914224764448527030e-02 0.000000000000000000e+00 -3.613178383735154205e-03 0.000000000000000000e+00 2.347164400167560741e-02 0.000000000000000000e+00 1.291246303423840454e-02 1.248565699777035354e+00 5.409787818528854153e+00 2.403085626078448556e+00 3.990807427382621508e+00 7.968746690338220917e-01
-4.436974789915966166e-01 5.341625919585895055e-01 -3.895905218419434130e-02 -4.675608932571790333e-01 4.405518839192536229e-02 -5.497962596255688839e-01 -4.375494201175174347e-02 -4.445435081002960254e-01 2.983733730805658221e-02 0.000000000000000000e+00 -3.254765116748800906e-03 0.000000000000000000e+00 2.401186148828638942e-02 0.000000000000000000e+00 1.349975396760009876e-02 1.253555293631033463e+00 5.410479644733586113e+00 2.403634545190953986e+00 3.990443448420164518e+00 7.989432147681782004e-01
-4.487394957983192878e-01 5.342676293878624305e-01 -3.980939394663394332e-02 -4.674364099284347707e-01 4.421374903384915622e-02 -5.505438972090080929e-01 -4.288284657432536034e-02 -4.437919084401441561e-01 3.050408556556613235e-02 0.000000000000000000e+00 -2.862052447665633641e-03 0.000000000000000000e+00 2.456267514250431300e-02 0.000000000000000000e+00 1.411883829955436730e-02 1.258538807037520302e+00 5.411255253155786704e+00 2.404247597845199369e+00 3.990147748820455753e+00 8.010616321364771864e-01
-4.537815126050419590e-01 5.343389232762405516e-01 -4.095257245925510575e-02 -4.673871148514198715e-01 4.437512107651205018e-02 -5.511502687163735148e-01 -4.188951168707655270e-02 -4.431921059794035056e-01 3.114530076384907156e-02 0.000000000000000000e+00 -2.417518349633432460e-03 0.000000000000000000e+00 2.512691091365233317e-02 0.000000000000000000e+00 1.477993949913295434e-02 1.263537693615190083e+00 5.412216464338063027e+00 2.404965235964517500e+00 3.989941379990067372e+00 8.032110383605102211e-01
-4.588235294117646301e-01 5.344264793998070306e-01 -4.194957047808834522e-02 -4.673098109124909638e-01 4.454750662929320842e-02 -5.518316063761834478e-01 -4.098225250158250843e-02 -4.424937590607848636e-01 3.182570993861465886e-02 0.000000000000000000e+00 -1.964147687276605707e-03 0.000000000000000000e+00 2.569897235104028066e-02 0.000000000000000000e+00 1.543750573942909154e-02 1.268552537479988418e+00 5.413170601012008198e+00 2.405668965328159992e+00 3.989745767204392557e+00 8.054272378457774106e-01
-4.638655462184873568e-01 5.345269943197588081e-01 -4.285550275143565346e-02 -4.672112915708849235e-01 4.472362055104018436e-02 -5.525615324002357553e-01 -4.012082730454712143e-02 -4.417315090815521761e-01 3.253644880985376298e-02 0.000000000000000000e+00 -1.500348750921015779e-03 0.000000000000000000e+00 2.628030307301341267e-02 0.000000000000000000e+00 1.609496744636844043e-02 1.273574252789911432e+00 5.414132104478635021e+00 2.406371753788157708e+00 3.989567150409063956e+00 8.077093331775542229e-01
-4.689075630252100280e-01 5.346432051831324639e-01 -4.365700084123793484e-02 -4.670335073684092619e-01 4.491739655023507805e-02 -5.533968321177012983e-01 -3.933504801376035143e-02 -4.408811925247803076e-01 3.326490408707719060e-02 0.000000000000000000e+00 -1.024334441971870785e-03 0.000000000000000000e+00 2.687921198240057763e-02 0.000000000000000000e+00 1.675100455966555685e-02 1.278675115498585591e+00 5.415046441914026509e+00 2.407058718846646350e+00 3.989456274209501441e+00 8.100417330217509759e-01
-4.739495798319326991e-01 5.347710909643053068e-01 -4.441727052478148391e-02 -4.668498403187338330e-01 4.509154488210710687e-02 -5.542425675417026465e-01 -3.853345442145147265e-02 -4.400088846409093146e-01 3.400514989095805574e-02 0.000000000000000000e+00 -5.353610887282036438e-04 0.000000000000000000e+00 2.748611321938284127e-02 0.000000000000000000e+00 1.741323907362361118e-02 1.283814965436751887e+00 5.415949980291309807e+00 2.407759563054029162e+00 3.989366546682980186e+00 8.124379769764695780e-01
-4.789915966386554258e-01 5.349077001025871470e-01 -4.515207291628677011e-02 -4.666573346776745068e-01 4.525139187831803134e-02 -5.550981747423493484e-01 -3.771549185506305885e-02 -4.391192236658946757e-01 3.475200976081323917e-02 0.000000000000000000e+00 -3.499076948713160140e-05 0.000000000000000000e+00 2.810139780745898527e-02 0.000000000000000000e+00 1.808275810687270252e-02 1.288967755774100388e+00 5.416840370581794240e+00 2.408471986725809089e+00 3.989296528190664937e+00 8.148991483196263985e-01
-4.840336134453780970e-01 5.350520368749012157e-01 -4.586682405153181402e-02 -4.664491085791097058e-01 4.540046196351525676e-02 -5.559700613749154474e-01 -3.688515231849955750e-02 -4.382101566467669906e-01 3.550445027198738390e-02 0.000000000000000000e+00 4.769238031367552082e-04 0.000000000000000000e+00 2.872615822495794280e-02 0.000000000000000000e+00 1.875925954287549491e-02 1.294143471646284071e+00 5.417717446137190862e+00 2.409194611794655660e+00 3.989251632348416177e+00 8.174248492142742739e-01
-4.890756302521007681e-01 5.352030906998397342e-01 -4.656635883102629159e-02 -4.662236222998002999e-01 4.554012811735735217e-02 -5.568585720021006491e-01 -3.604133173872600682e-02 -4.372829630130049550e-01 3.626032554303602884e-02 0.000000000000000000e+00 1.000187461303773647e-03 0.000000000000000000e+00 2.936043822081890395e-02 0.000000000000000000e+00 1.944265626760221730e-02 1.299339669740613434e+00 5.418579682098370931e+00 2.409925826314386565e+00 3.989233529946529355e+00 8.200155502937541696e-01
-4.941176470588234948e-01 5.353603805916661296e-01 -4.714092824268980436e-02 -4.659519255202936305e-01 4.570864615287830585e-02 -5.577834103240465469e-01 -3.515967841969092067e-02 -4.363248547881403705e-01 3.705434864450112692e-02 0.000000000000000000e+00 1.521578793597838913e-03 0.000000000000000000e+00 2.998749130654198083e-02 0.000000000000000000e+00 2.013869699764486015e-02 1.304506335466916633e+00 5.419307253455992957e+00 2.410619354748453791e+00 3.989357485282758020e+00 8.227458517866400589e-01
-4.991596638655461660e-01 5.355217603674273796e-01 -4.774668459831007961e-02 -4.656556028750996057e-01 4.587217470813637066e-02 -5.587242382563487597e-01 -3.426365208101578297e-02 -4.353599535254490394e-01 3.783917815527202549e-02 0.000000000000000000e+00 2.056253923671896855e-03 0.000000000000000000e+00 3.062716771246006692e-02 0.000000000000000000e+00 2.084494521152966545e-02 1.309746649395076457e+00 5.420045906803172109e+00 2.411331489787837512e+00 3.989492387309591326e+00 8.255335095585633054e-01
-5.042016806722688926e-01 5.356876534048219396e-01 -4.834465602707371107e-02 -4.653381859560561939e-01 4.602621486577562065e-02 -5.596809841132814878e-01 -3.335094057691077168e-02 -4.343814967889151335e-01 3.862427183965124605e-02 0.000000000000000000e+00 2.601071050045053110e-03 0.000000000000000000e+00 3.127532470157089878e-02 0.000000000000000000e+00 2.155838837651496975e-02 1.315003404917517216e+00 5.420762997307233988e+00 2.412049831662228971e+00 3.989657539637609940e+00 8.283914277877316712e-01
-5.092436974789915638e-01 5.358571334628036142e-01 -4.894993227105279981e-02 -4.650017314852312178e-01 4.617040548686433821e-02 -5.606531656354261095e-01 -3.241899222313440743e-02 -4.333894514998656300e-01 3.940385654098670087e-02 0.000000000000000000e+00 3.158002067560726142e-03 0.000000000000000000e+00 3.193231362478915480e-02 0.000000000000000000e+00 2.227990966241594553e-02 1.320285826473782231e+00 5.421462842829800621e+00 2.412773191133245287e+00 3.989852935970273240e+00 8.313116932257105240e-01
-5.142857142857142350e-01 5.360331638927871012e-01 -4.957484110235187841e-02 -4.646452503609631579e-01 4.630132729094243310e-02 -5.616461973308317646e-01 -3.148286752280030076e-02 -4.323766536980259700e-01 4.018385559032004728e-02 0.000000000000000000e+00 3.728382709998861056e-03 0.000000000000000000e+00 3.259720164591876218e-02 0.000000000000000000e+00 2.301450987417144947e-02 1.325637750333034770e+00 5.422184260833131653e+00 2.413521330987776548e+00 3.990047008947972706e+00 8.342842126634202327e-01
-5.193277310924369061e-01 5.362124252812972003e-01 -5.019339666729468602e-02 -4.642766542893834170e-01 4.641779689889102140e-02 -5.626520264177619080e-01 -3.052379428381055138e-02 -4.313460261498644477e-01 4.095780750282630028e-02 0.000000000000000000e+00 4.308702280495798655e-03 0.000000000000000000e+00 3.326934605671975215e-02 0.000000000000000000e+00 2.375504964136946132e-02 1.330992660621062473e+00 5.422870684319246237e+00 2.414271070775201533e+00 3.990275951716714342e+00 8.373181764133905691e-01
-5.243697478991595773e-01 5.363951800506047141e-01 -5.080553469308011355e-02 -4.638923244229056775e-01 4.652439939964048837e-02 -5.636708109986805493e-01 -2.954779121653888091e-02 -4.303000747143695404e-01 4.172696908530870719e-02 0.000000000000000000e+00 4.900101003672907053e-03 0.000000000000000000e+00 3.394861408652546930e-02 0.000000000000000000e+00 2.450070260047828088e-02 1.336354483945035421e+00 5.423538737568648571e+00 2.415023176869878441e+00 3.990535179802467969e+00 8.404128007639551923e-01
-5.294117647058822484e-01 5.365815138132599138e-01 -5.141448371251272631e-02 -4.634889866391276314e-01 4.662252973899996128e-02 -5.647071354469972437e-01 -2.855970587458569326e-02 -4.292350358668887700e-01 4.249031781190683310e-02 0.000000000000000000e+00 5.501711453422410136e-03 0.000000000000000000e+00 3.463527419402659402e-02 0.000000000000000000e+00 2.525319157259302630e-02 1.341746491407660224e+00 5.424186431307111533e+00 2.415780698601333931e+00 3.990818588029273251e+00 8.435635014366240636e-01
-5.344537815126050306e-01 5.367714398807139631e-01 -5.201219491036396247e-02 -4.630653422315410550e-01 4.671255719796043454e-02 -5.657622354741725923e-01 -2.755685965257330741e-02 -4.281497281238329511e-01 4.324899389386397536e-02 0.000000000000000000e+00 6.113547236312789207e-03 0.000000000000000000e+00 3.532861429811176568e-02 0.000000000000000000e+00 2.601123492621342653e-02 1.347167172919603972e+00 5.424806066456370424e+00 2.416540302049765110e+00 3.991135452896257263e+00 8.467713809747451359e-01
-5.394957983193277018e-01 5.369636715475878397e-01 -5.260995075942795363e-02 -4.626246847136499252e-01 4.679327937653193076e-02 -5.668292333209427047e-01 -2.653757504184410879e-02 -4.270511223965878234e-01 4.400047838428181035e-02 0.000000000000000000e+00 6.735423083169653387e-03 0.000000000000000000e+00 3.602875030277497004e-02 0.000000000000000000e+00 2.677455882399783563e-02 1.352591753106100914e+00 5.425406805198811355e+00 2.417303198142512155e+00 3.991478230993562359e+00 8.500348482451907106e-01
-5.445378151260503730e-01 5.371587384191064407e-01 -5.320713232579352137e-02 -4.621655121863037508e-01 4.686467581256529430e-02 -5.679111657697483162e-01 -2.550789498144394318e-02 -4.259353466401091803e-01 4.474498918804645231e-02 0.000000000000000000e+00 7.366878535385025691e-03 0.000000000000000000e+00 3.673600572632727823e-02 0.000000000000000000e+00 2.754348695164873795e-02 1.358047916984942871e+00 5.425990664417263076e+00 2.418074607013620980e+00 3.991844292164188346e+00 8.533486468991676732e-01
-5.495798319327730441e-01 5.373570375243090780e-01 -5.378938194779284143e-02 -4.616903590628184118e-01 4.692554086622875709e-02 -5.690094167350658871e-01 -2.446495126866633438e-02 -4.247971536873387244e-01 4.548561291994671768e-02 0.000000000000000000e+00 8.007325030404820188e-03 0.000000000000000000e+00 3.744899089089228500e-02 0.000000000000000000e+00 2.831831572296677688e-02 1.363518263251689344e+00 5.426541398752910972e+00 2.418843914212508217e+00 3.992237657449996036e+00 8.567157006315496703e-01
-5.546218487394957153e-01 5.375567272484796932e-01 -5.436719089218346179e-02 -4.611935582467043271e-01 4.698279086275685551e-02 -5.701232765645830591e-01 -2.340726198860770130e-02 -4.236428401150073575e-01 4.621938401187684203e-02 0.000000000000000000e+00 8.656258435438875937e-03 0.000000000000000000e+00 3.816913865500867753e-02 0.000000000000000000e+00 2.909819598265986004e-02 1.369009781655701641e+00 5.427066861011793364e+00 2.419611601361694397e+00 3.992656280471032826e+00 8.601374293345932509e-01
-5.596638655462183864e-01 5.377582933010830457e-01 -5.493741815839030956e-02 -4.606733240036320898e-01 4.703335676624926381e-02 -5.712554068262040152e-01 -2.233504938318250227e-02 -4.224714155470002397e-01 4.694524442857939128e-02 0.000000000000000000e+00 9.314928904765816184e-03 0.000000000000000000e+00 3.889499596117339253e-02 0.000000000000000000e+00 2.988180791514087609e-02 1.374561227442452127e+00 5.427563321480849190e+00 2.420378636482169110e+00 3.993103948716175911e+00 8.636119897101565135e-01
-5.647058823529411686e-01 5.379603900504622560e-01 -5.550789588150277509e-02 -4.601297791946493687e-01 4.707723782744108881e-02 -5.724041748470253266e-01 -2.124582855545940549e-02 -4.212850799539640811e-01 4.765733856804408447e-02 0.000000000000000000e+00 9.982013795823928975e-03 0.000000000000000000e+00 3.962649795831323790e-02 0.000000000000000000e+00 3.066982365022536544e-02 1.380132884725667086e+00 5.428030289759914417e+00 2.421143024367067742e+00 3.993577209025835018e+00 8.671368940501624767e-01
-5.697478991596638398e-01 5.381644563025960171e-01 -5.606990213722540251e-02 -4.595708437663358903e-01 4.711336760749632729e-02 -5.735642020289057896e-01 -2.014237478324770736e-02 -4.200821791889910450e-01 4.835856461997869310e-02 0.000000000000000000e+00 1.065899355182887108e-02 0.000000000000000000e+00 4.035983160711105466e-02 0.000000000000000000e+00 3.146237507070594880e-02 1.385715795678860607e+00 5.428470921287668283e+00 2.421910619508456985e+00 3.994069054876370206e+00 8.707095467178733728e-01
-5.747899159663865110e-01 5.383700535580095980e-01 -5.661876912273704904e-02 -4.589942811307746173e-01 4.714072704527051683e-02 -5.747380108744404303e-01 -1.902608236276100151e-02 -4.188617440686602245e-01 4.904531946576373008e-02 0.000000000000000000e+00 1.134618369901840146e-02 0.000000000000000000e+00 4.109355748934201413e-02 0.000000000000000000e+00 3.225779470526866227e-02 1.391308178064840861e+00 5.428877463810581894e+00 2.422676407188881331e+00 3.994579840480736443e+00 8.743295535337678448e-01
-5.798319327731091821e-01 5.385781477046847066e-01 -5.715217974823221664e-02 -4.583913043060872106e-01 4.716610731858342231e-02 -5.759342598584500372e-01 -1.790441680063806218e-02 -4.176186520937530955e-01 4.972712088392521740e-02 0.000000000000000000e+00 1.204351179357046435e-02 0.000000000000000000e+00 4.183119411052835940e-02 0.000000000000000000e+00 3.305580726444849043e-02 1.396973795779102412e+00 5.429266907932682074e+00 2.423444290945068413e+00 3.995112042009422382e+00 8.779984373150707677e-01
-5.848739495798318533e-01 5.387863587285290912e-01 -5.769602473568505308e-02 -4.577802000334709742e-01 4.717488840023726510e-02 -5.771313276374908652e-01 -1.675702231934064063e-02 -4.163669774242692023e-01 5.039349018868969493e-02 0.000000000000000000e+00 1.275002644890002590e-02 0.000000000000000000e+00 4.257144207563845484e-02 0.000000000000000000e+00 3.385888886406016735e-02 1.402622251757621008e+00 5.429619637578119828e+00 2.424221285070718768e+00 3.995661325481394854e+00 8.816997139437603437e-01
-5.899159663865545244e-01 5.389948201432656072e-01 -5.824493172386070033e-02 -4.571490044270991593e-01 4.717374052568633347e-02 -5.783392433614070738e-01 -1.559480422764943607e-02 -4.151032285638016073e-01 5.104923782763361173e-02 0.000000000000000000e+00 1.346510887541767232e-02 0.000000000000000000e+00 4.331638873015257463e-02 0.000000000000000000e+00 3.466629069419974174e-02 1.408295238126376248e+00 5.429948824533123997e+00 2.425010550720867464e+00 3.996221147284842345e+00 8.854332174694976576e-01
-5.949579831932771956e-01 5.392041581039740406e-01 -5.878677938828378441e-02 -4.565050478234393139e-01 4.716326357258609353e-02 -5.795538643086033392e-01 -1.442222923362320233e-02 -4.138245637057356707e-01 5.170102545546560041e-02 0.000000000000000000e+00 1.418993323659779524e-02 0.000000000000000000e+00 4.406244206663070817e-02 0.000000000000000000e+00 3.547640275626966905e-02 1.413973332704991481e+00 5.430259576561562440e+00 2.425813800228348249e+00 3.996791877262361847e+00 8.891992166065856296e-01
-5.999999999999999778e-01 5.394142080244547222e-01 -5.931945437510120073e-02 -4.558398861208397546e-01 4.714809075822184309e-02 -5.807842016711558530e-01 -1.324662737730821806e-02 -4.125260226005900144e-01 5.234587217229068334e-02 0.000000000000000000e+00 1.492320593861289069e-02 0.000000000000000000e+00 4.481058828998058657e-02 0.000000000000000000e+00 3.628958987624378990e-02 1.419698968056861021e+00 5.430550521591849034e+00 2.426625537479075057e+00 3.997372376855911735e+00 8.929980399220512899e-01
