0.000000000000000000e+00 -2.314352049675443002e-02 -2.433522331579598963e-02 -7.357734824130379714e-02 -2.421121841077084336e-01
-5.042016806722688510e-03 -2.067592846659136938e-02 -2.241522675701262957e-02 -7.783491220823723911e-02 -2.418521387928058985e-01
-1.008403361344537702e-02 -2.153565565926415792e-02 -2.287506101943756476e-02 -7.664336079214391362e-02 -2.421081909777955121e-01
-1.512605042016806553e-02 -2.216294438796054256e-02 -2.317260204660195541e-02 -7.578085406097040400e-02 -2.422329225471714920e-01
-2.016806722689075404e-02 -2.260036955312856588e-02 -2.335569037180394367e-02 -7.519059512941889123e-02 -2.422935924354784887e-01
-2.521008403361344255e-02 -2.289463818609390258e-02 -2.346246279239553797e-02 -7.480469201556942671e-02 -2.423241227299701150e-01
-3.025210084033613106e-02 -2.309358755153581230e-02 -2.352195299986340610e-02 -7.455531457471720191e-02 -2.423426177106209334e-01
-3.529411764705882304e-02 -2.322719602397562907e-02 -2.355122848708989663e-02 -7.439864951514306435e-02 -2.423555613138907994e-01
-4.033613445378150808e-02 -2.331686277811341121e-02 -2.356220115216044533e-02 -7.430293419779868125e-02 -2.423660699803372454e-01
-4.537815126050419312e-02 -2.337797547092939146e-02 -2.356305449558141613e-02 -7.424524012810346241e-02 -2.423754466908616401e-01
-5.042016806722688510e-02 -2.342121201022853011e-02 -2.355956509643493402e-02 -7.420932632765253611e-02 -2.423841385315880781e-01
-5.546218487394957708e-02 -2.345427189507919355e-02 -2.355500676097006807e-02 -7.418444693186213024e-02 -2.423926194786791832e-01
-6.050420168067226212e-02 -2.348113844847189366e-02 -2.355093528603602673e-02 -7.416511499751768377e-02 -2.424010129553522408e-01
-6.554621848739494716e-02 -2.350349256907923595e-02 -2.354750485874000654e-02 -7.414950614871569645e-02 -2.424093582184065065e-01
-7.058823529411764608e-02 -2.352231653951252638e-02 -2.354461398129088084e-02 -7.413674721638929821e-02 -2.424176873650433217e-01
-7.563025210084033112e-02 -2.353796733803121405e-02 -2.354054595454822818e-02 -7.412815368467289001e-02 -2.424259202066873231e-01
-8.067226890756301616e-02 -2.355068406874728792e-02 -2.353440745286273714e-02 -7.412435368272296543e-02 -2.424340161341261568e-01
-8.571428571428570120e-02 -2.356286710831165948e-02 -2.353117722682084370e-02 -7.411808307219300285e-02 -2.424422408427906461e-01
-9.075630252100838624e-02 -2.357570793842862084e-02 -2.353317467391897316e-02 -7.410590247345356929e-02 -2.424507739791285366e-01
-9.579831932773108516e-02 -2.358715649756115695e-02 -2.353516704987707736e-02 -7.409500228598506211e-02 -2.424594270690012821e-01
-1.008403361344537702e-01 -2.359626401399986251e-02 -2.353716250825662465e-02 -7.408619598634112735e-02 -2.424679612672618334e-01
-1.058823529411764552e-01 -2.360390822830086763e-02 -2.353977981505500638e-02 -7.407819367062938587e-02 -2.424768292892756916e-01
-1.109243697478991542e-01 -2.361077682041400755e-02 -2.354187877805042489e-02 -7.407136915483028550e-02 -2.424858682401851429e-01
-1.159663865546218392e-01 -2.361756925749849273e-02 -2.354496796998103644e-02 -7.406358486349624848e-02 -2.424952631973084916e-01
-1.210084033613445242e-01 -2.362430950887468156e-02 -2.354864477638263578e-02 -7.405519259019416323e-02 -2.425049771500756013e-01
-1.260504201680672232e-01 -2.363122281750591053e-02 -2.355318291986150531e-02 -7.404566210980871588e-02 -2.425149769931335408e-01
-1.310924369747898943e-01 -2.363863838379168941e-02 -2.355831514597159226e-02 -7.403489808298523156e-02 -2.425252135162980771e-01
-1.361344537815125932e-01 -2.364669221225901286e-02 -2.356410453657266021e-02 -7.402256288250252947e-02 -2.425354342467944679e-01
-1.411764705882352922e-01 -2.365399135578197254e-02 -2.357055116913180093e-02 -7.401020849912119670e-02 -2.425460109880202830e-01
-1.462184873949579633e-01 -2.366050149297410643e-02 -2.357723196752451247e-02 -7.399830565331336207e-02 -2.425569966037118275e-01
-1.512605042016806622e-01 -2.366619736924202924e-02 -2.358417477200038317e-02 -7.398680180390586336e-02 -2.425683313543686159e-01
-1.563025210084033334e-01 -2.367103614035597284e-02 -2.359167431733238951e-02 -7.397547317962725744e-02 -2.425801213900342923e-01
-1.613445378151260323e-01 -2.367540873357391884e-02 -2.360004768414664805e-02 -7.396362400629492850e-02 -2.425924575770128655e-01
-1.663865546218487312e-01 -2.368015241082136596e-02 -2.361021123591205625e-02 -7.394972665105908893e-02 -2.426058930947971870e-01
-1.714285714285714024e-01 -2.368512952467990290e-02 -2.362263124033939579e-02 -7.393301871121836510e-02 -2.426196132885677925e-01
-1.764705882352941013e-01 -2.368402984004099737e-02 -2.362889444467246303e-02 -7.392840839313799539e-02 -2.426338229809854585e-01
-1.815126050420167725e-01 -2.368028892246266254e-02 -2.363144560518203041e-02 -7.392999450323488320e-02 -2.426485153303943598e-01
-1.865546218487394714e-01 -2.367848571341312630e-02 -2.363565765329282697e-02 -7.392781328444542055e-02 -2.426637905170153375e-01
-1.915966386554621703e-01 -2.367741660476841564e-02 -2.363836208888727558e-02 -7.392613817972690238e-02 -2.426794907268590151e-01
-1.966386554621848415e-01 -2.366650661316977919e-02 -2.361533559290018847e-02 -7.395976905879869667e-02 -2.426943075760883417e-01
-2.016806722689075404e-01 -2.364567101504179772e-02 -2.356287890373219909e-02 -7.403231456693463997e-02 -2.427071093808082225e-01
-2.067226890756302393e-01 -2.363092046915271638e-02 -2.352611136479658763e-02 -7.408258648858090378e-02 -2.427202487328463665e-01
-2.117647058823529105e-01 -2.362177830671546852e-02 -2.350404673100436881e-02 -7.411083228898621145e-02 -2.427319280313069427e-01
-2.168067226890756094e-01 -2.362464655569738309e-02 -2.350475679209351743e-02 -7.410532119451067323e-02 -2.427482202899442221e-01
-2.218487394957983083e-01 -2.363194923188419866e-02 -2.351432945726866439e-02 -7.408633800014947923e-02 -2.427660990794080764e-01
-2.268907563025209795e-01 -2.364011982597034184e-02 -2.352491950087296640e-02 -7.406520545004351141e-02 -2.427849841620084437e-01
-2.319327731092436784e-01 -2.364436171733276526e-02 -2.353288404236569126e-02 -7.405051844461521537e-02 -2.428052747283489798e-01
-2.369747899159663496e-01 -2.364237507158328810e-02 -2.353493612763870799e-02 -7.404749248017188090e-02 -2.428254952405569655e-01
-2.420168067226890485e-01 -2.364373644304088723e-02 -2.353914230540492258e-02 -7.403868455433547380e-02 -2.428468194804579428e-01
-2.470588235294117474e-01 -2.364773652356863889e-02 -2.354518184733973146e-02 -7.402509799325059092e-02 -2.428693347430179728e-01
-2.521008403361344463e-01 -2.365432831617783616e-02 -2.355301930083982670e-02 -7.400673728420366360e-02 -2.428929947890889618e-01
-2.571428571428571175e-01 -2.366294473795210046e-02 -2.356222918888449536e-02 -7.398465798034981056e-02 -2.429181411305914584e-01
-2.621848739495797886e-01 -2.367208279543879870e-02 -2.357072391025340913e-02 -7.396243353994701175e-02 -2.429445143747632763e-01
-2.672268907563025153e-01 -2.368024224197697383e-02 -2.357748045963867223e-02 -7.394259469693321984e-02 -2.429722351301332184e-01
-2.722689075630251865e-01 -2.368643491821500330e-02 -2.358275179685273212e-02 -7.392576280118190457e-02 -2.430013752366003976e-01
-2.773109243697478576e-01 -2.369213749296057367e-02 -2.358754395685766850e-02 -7.390943348287888626e-02 -2.430320199876651044e-01
-2.823529411764705843e-01 -2.369671677097499526e-02 -2.359168816607605176e-02 -7.389437745318440387e-02 -2.430642599119445801e-01
-2.873949579831932555e-01 -2.369700406618342747e-02 -2.359174521749655973e-02 -7.388736825416673815e-02 -2.430973591964333824e-01
-2.924369747899159266e-01 -2.369538784237985515e-02 -2.360441343141253534e-02 -7.386787522422333385e-02 -2.431343841032652942e-01
-2.974789915966385978e-01 -2.369462343452155909e-02 -2.360886724741486503e-02 -7.385531615238410952e-02 -2.431722633044172688e-01
-3.025210084033613245e-01 -2.369686717210758853e-02 -2.359672027586556114e-02 -7.385739238355487624e-02 -2.432098314370336190e-01
-3.075630252100839956e-01 -2.369685594219444330e-02 -2.358391974528150498e-02 -7.386179819320919104e-02 -2.432487279609580333e-01
-3.126050420168066668e-01 -2.369536200651104624e-02 -2.357130709451386169e-02 -7.386666289224923243e-02 -2.432887793228450113e-01
-3.176470588235293935e-01 -2.369985261933178766e-02 -2.356156940624064278e-02 -7.386174161484197753e-02 -2.433306423770808247e-01
-3.226890756302520646e-01 -2.370139679695021373e-02 -2.354987246101701917e-02 -7.386116094924159714e-02 -2.433745992563938754e-01
-3.277310924369747358e-01 -2.369561376167762107e-02 -2.353474948806754535e-02 -7.387086889350158447e-02 -2.434197989169514798e-01
-3.327731092436974625e-01 -2.369086233997895821e-02 -2.352096379182870220e-02 -7.387750468190733277e-02 -2.434665716316099793e-01
-3.378151260504201336e-01 -2.368660551492271504e-02 -2.350740763356447618e-02 -7.388006185828774330e-02 -2.435105136675909665e-01
-3.428571428571428048e-01 -2.367721417042423573e-02 -2.348664601879004929e-02 -7.389740387394611032e-02 -2.435600142581410554e-01
-3.478991596638655315e-01 -2.366882488894308384e-02 -2.346647394935450978e-02 -7.391267787572344816e-02 -2.436110178458869568e-01
-3.529411764705882026e-01 -2.366373120461512380e-02 -2.344853712790014033e-02 -7.392129569261887689e-02 -2.436646806754854955e-01
-3.579831932773108738e-01 -2.365867277935987389e-02 -2.343013474462046775e-02 -7.392953074789437862e-02 -2.437200240311957755e-01
-3.630252100840335450e-01 -2.365287192530421759e-02 -2.341008799958410602e-02 -7.393791459083497164e-02 -2.437753408066831440e-01
-3.680672268907562716e-01 -2.365219383844632123e-02 -2.339227644047037896e-02 -7.393994301601057584e-02 -2.438340484373120176e-01
-3.731092436974789428e-01 -2.365128016407828243e-02 -2.337208160192825318e-02 -7.394318284420166310e-02 -2.438964938292824403e-01
-3.781512605042016140e-01 -2.367205445911252371e-02 -2.337612561749634332e-02 -7.389599606146630972e-02 -2.439624400828214190e-01
-3.831932773109243406e-01 -2.369600821911674662e-02 -2.337974983516232647e-02 -7.384369086061129406e-02 -2.440329367064793531e-01
-3.882352941176470118e-01 -2.368421467579234774e-02 -2.333743245600185950e-02 -7.387676871776072129e-02 -2.441014516182178906e-01
-3.932773109243696830e-01 -2.366250795873637777e-02 -2.328614642041700739e-02 -7.392773923113561685e-02 -2.441707355120968093e-01
-3.983193277310924096e-01 -2.362891094245695919e-02 -2.321736938462912875e-02 -7.401064053361297579e-02 -2.442425296569371573e-01
-4.033613445378150808e-01 -2.358971989683879278e-02 -2.314235942964334297e-02 -7.410645680938812707e-02 -2.443136024673512874e-01
-4.084033613445377520e-01 -2.367453829842171981e-02 -2.325611829311148918e-02 -7.390214859740629194e-02 -2.444737978672500145e-01
-4.134453781512604786e-01 -2.374837044349634510e-02 -2.334971692226138484e-02 -7.367014376508511375e-02 -2.445708949319823355e-01
-4.184873949579831498e-01 -2.368782405786339432e-02 -2.322112966189177757e-02 -7.384119975379703493e-02 -2.446574298481146159e-01
-4.235294117647058210e-01 -2.364517720480604351e-02 -2.313173736862652458e-02 -7.394951780878758485e-02 -2.447442404726938026e-01
-4.285714285714285476e-01 -2.361453043339456145e-02 -2.306403479305239174e-02 -7.402143554410463289e-02 -2.448327394993509432e-01
-4.336134453781512188e-01 -2.359033147779458425e-02 -2.300777903238750144e-02 -7.407362249838807255e-02 -2.449232370787337854e-01
-4.386554621848738900e-01 -2.356950546331228885e-02 -2.295707803366994759e-02 -7.411553763541252338e-02 -2.450157995767738572e-01
-4.436974789915966166e-01 -2.354988812034488482e-02 -2.290868803172194101e-02 -7.415269458479896436e-02 -2.451105032097867509e-01
-4.487394957983192878e-01 -2.353058542248598339e-02 -2.286094708729176361e-02 -7.418772012759788925e-02 -2.452073412353469872e-01
-4.537815126050419590e-01 -2.351062322097899338e-02 -2.281259653242632968e-02 -7.422272891765983871e-02 -2.453064132176347723e-01
-4.588235294117646301e-01 -2.348995479299156169e-02 -2.276379107933700768e-02 -7.425775632276825078e-02 -2.454072813802686825e-01
-4.638655462184873568e-01 -2.346820371016904855e-02 -2.271382144913653214e-02 -7.429365541808179152e-02 -2.455109350388191003e-01
-4.689075630252100280e-01 -2.344535323607627522e-02 -2.266291436672037210e-02 -7.433029572031023269e-02 -2.456169347952432414e-01
-4.739495798319326991e-01 -2.342143294800222431e-02 -2.261130379561417797e-02 -7.436735980137514079e-02 -2.457253276491974392e-01
-4.789915966386554258e-01 -2.339691741926707910e-02 -2.255850131960777591e-02 -7.440454097454687887e-02 -2.458334825388861500e-01
-4.840336134453780970e-01 -2.337226909814210662e-02 -2.250601505411733982e-02 -7.444086229879230687e-02 -2.459466708370653398e-01
-4.890756302521007681e-01 -2.334652690949937104e-02 -2.245272179167683013e-02 -7.447789025162271370e-02 -2.460622233209403820e-01
-4.941176470588234948e-01 -2.331940867763286282e-02 -2.239859817507919293e-02 -7.451591470607102363e-02 -2.461802798739336773e-01
-4.991596638655461660e-01 -2.329151283834677080e-02 -2.234382494295408805e-02 -7.455463427169460588e-02 -2.463017508805262212e-01
-5.042016806722688926e-01 -2.326229150866891346e-02 -2.228805814479851988e-02 -7.459433616990200633e-02 -2.464249401128330297e-01
-5.092436974789915638e-01 -2.323236581357233932e-02 -2.223194177786851772e-02 -7.463376449361094900e-02 -2.465504871391344388e-01
-5.142857142857142350e-01 -2.320139408932163361e-02 -2.217524177796443077e-02 -7.467349588694242868e-02 -2.466784765842360838e-01
-5.193277310924369061e-01 -2.316949615241400973e-02 -2.211816229495806169e-02 -7.471321833024169301e-02 -2.468091634051674255e-01
-5.243697478991595773e-01 -2.313689578202298563e-02 -2.206093079180112410e-02 -7.475254485806358262e-02 -2.469423987658235509e-01
-5.294117647058822484e-01 -2.310324621179244212e-02 -2.200309359038281690e-02 -7.479232266407187524e-02 -2.470783102797851072e-01
-5.344537815126050306e-01 -2.306910117962601009e-02 -2.194519298135526320e-02 -7.483147591300211288e-02 -2.472167263973444884e-01
-5.394957983193277018e-01 -2.303224281544170166e-02 -2.188550826452171499e-02 -7.487371059051878275e-02 -2.473580852867530433e-01
-5.445378151260503730e-01 -2.299363964010677289e-02 -2.182484594686750351e-02 -7.491752307671319111e-02 -2.475021690931785145e-01
-5.495798319327730441e-01 -2.295498250752349423e-02 -2.176497221973112267e-02 -7.495922826063793065e-02 -2.476488605741280491e-01
-5.546218487394957153e-01 -2.292032918994681839e-02 -2.171138653801551327e-02 -7.502296890463769352e-02 -2.478938804285910902e-01
-5.596638655462183864e-01 -2.288859854233447899e-02 -2.165959832298689630e-02 -7.504060108093936476e-02 -2.480464939068539321e-01
-5.647058823529411686e-01 -2.285402378329828496e-02 -2.160262010558691020e-02 -7.506793726908747577e-02 -2.482015539628908696e-01
-5.697478991596638398e-01 -2.281733235249325253e-02 -2.154336770464300790e-02 -7.509975473547769731e-02 -2.483589981594179485e-01
-5.747899159663865110e-01 -2.277755068495335156e-02 -2.148194848959579517e-02 -7.513659028827884834e-02 -2.485191198467095741e-01
-5.798319327731091821e-01 -2.273553627486571763e-02 -2.141965475178012057e-02 -7.517560201738859860e-02 -2.486818761797489064e-01
-5.848739495798318533e-01 -2.269178921276381738e-02 -2.135702988849468020e-02 -7.521548778996910156e-02 -2.488472569882545504e-01
-5.899159663865545244e-01 -2.264627033988645191e-02 -2.129356596020532191e-02 -7.525695434290657904e-02 -2.490153255941895960e-01
-5.949579831932771956e-01 -2.259908105639487144e-02 -2.122974632512582283e-02 -7.529910757631935736e-02 -2.491861885450208924e-01
-5.999999999999999778e-01 -2.255019414874234393e-02 -2.116570361497421143e-02 -7.534169389261963223e-02 -2.493597712312573267e-01
