0.000000000000000000e+00 5.333577827996287546e-01 3.346861728304627304e-02 -3.882182977426523740e-01 8.297717891575452642e-02 -6.002340055714763256e-01 -1.347490980897776691e-01 -4.253800296406983761e-01 1.444619159317950610e-02 0.000000000000000000e+00 1.351766743805875737e-03 0.000000000000000000e+00 1.207448684476173859e-02 0.000000000000000000e+00 -1.481286779708341529e-02 1.000000000000023315e+00 5.369236719521941481e+00 2.348027258026588182e+00 4.054696840828338367e+00 7.948551428771493121e-01
-5.042016806722688510e-03 5.335209594136728350e-01 3.580873717091288821e-02 -3.990006867517810196e-01 7.452367397363009183e-02 -5.931611534923206808e-01 -1.228360609733930020e-01 -4.292443624077492137e-01 1.364462453112019226e-02 0.000000000000000000e+00 2.717467511950170510e-03 0.000000000000000000e+00 1.120714313287264619e-02 0.000000000000000000e+00 -1.477976183179448115e-02 1.000072517611121370e+00 5.366272717974212902e+00 2.345240047451002674e+00 4.061650647609483578e+00 7.954997355159996175e-01
-1.008403361344537702e-02 5.338058821626412431e-01 3.620477459018317523e-02 -4.070821978859078816e-01 6.774117178451345700e-02 -5.871502629225668901e-01 -1.147245390724448977e-01 -4.325760137347515744e-01 1.287281210253967551e-02 0.000000000000000000e+00 3.518618463806487406e-03 0.000000000000000000e+00 1.055911885500136933e-02 0.000000000000000000e+00 -1.428692997437868220e-02 1.000222961372779329e+00 5.365730392316176101e+00 2.346350462442778007e+00 4.062119331729864946e+00 7.941939248037376275e-01
-1.512605042016806553e-02 5.340541488696162187e-01 3.634438601156670529e-02 -4.134184533264809169e-01 6.230310942282282077e-02 -5.823891188508282246e-01 -1.085251574376546874e-01 -4.349105980703595886e-01 1.226581396774718488e-02 0.000000000000000000e+00 4.133709810358820146e-03 0.000000000000000000e+00 1.004948700201884794e-02 0.000000000000000000e+00 -1.382248494185617411e-02 1.000452182262381751e+00 5.365587293197608076e+00 2.347378552338164059e+00 4.062151981070144302e+00 7.929545581351681305e-01
-2.016806722689075404e-02 5.342632014877776170e-01 3.628912352662649887e-02 -4.182402435990049128e-01 5.804819585305256990e-02 -5.788137433916796804e-01 -1.039753909580504176e-01 -4.364094817620211564e-01 1.179774788229458887e-02 0.000000000000000000e+00 4.599771922314066161e-03 0.000000000000000000e+00 9.695987162656041075e-03 0.000000000000000000e+00 -1.341004614318796161e-02 1.000757590595034774e+00 5.365677341197550909e+00 2.348322356734343863e+00 4.061909752331028578e+00 7.918387075890742643e-01
-2.521008403361344255e-02 5.344312245732305566e-01 3.605383498565354478e-02 -4.218014716579477352e-01 5.476600917658927536e-02 -5.762431296667497316e-01 -1.007765439097677851e-01 -4.373053563407461874e-01 1.140251008492929562e-02 0.000000000000000000e+00 4.951591010068414830e-03 0.000000000000000000e+00 9.450601048799254014e-03 0.000000000000000000e+00 -1.304188754969606151e-02 1.001135553884492158e+00 5.365961762110517341e+00 2.349185834684115903e+00 4.061383096977245977e+00 7.908553930534790721e-01
-3.025210084033613106e-02 5.345718595364210568e-01 3.572007527498526763e-02 -4.243721848593478563e-01 5.224880385634703139e-02 -5.744819453957614730e-01 -9.859928983312991890e-02 -4.377550637417782498e-01 1.103557103448183502e-02 0.000000000000000000e+00 5.217856539408611410e-03 0.000000000000000000e+00 9.305051618407224681e-03 0.000000000000000000e+00 -1.271237942270962359e-02 1.001582897924789384e+00 5.366263843596796868e+00 2.349966336836202707e+00 4.060679202939902588e+00 7.900031029753876721e-01
-3.529411764705882304e-02 5.346886999642320726e-01 3.533631934566248273e-02 -4.261899828911705490e-01 5.033891542321065199e-02 -5.733323537436598727e-01 -9.716793713740415339e-02 -4.379030915073951480e-01 1.073344817763532619e-02 0.000000000000000000e+00 5.426013300364612886e-03 0.000000000000000000e+00 9.258605572907962003e-03 0.000000000000000000e+00 -1.242862408138110594e-02 1.002097155540729423e+00 5.366664322407216581e+00 2.350644385866763386e+00 4.059874707224530255e+00 7.892813351844730763e-01
-4.033613445378150808e-02 5.347898156111327017e-01 3.490927102724544068e-02 -4.274860466980155427e-01 4.882609641554779001e-02 -5.725906587017478566e-01 -9.625501532364659496e-02 -4.378792098328495586e-01 1.046090104978313236e-02 0.000000000000000000e+00 5.597437617282425941e-03 0.000000000000000000e+00 9.258478275718256059e-03 0.000000000000000000e+00 -1.217808766651615714e-02 1.002676086028978064e+00 5.367132082987111197e+00 2.351273560170208388e+00 4.058994193355811575e+00 7.886290343691858551e-01
-4.537815126050419312e-02 5.348825030072335007e-01 3.445667061369284134e-02 -4.283826062769207077e-01 4.760267521413787811e-02 -5.721394161335470185e-01 -9.570140781552247122e-02 -4.377629813880781207e-01 1.018891615208730901e-02 0.000000000000000000e+00 5.742685723736340800e-03 0.000000000000000000e+00 9.280033546643352144e-03 0.000000000000000000e+00 -1.194585337540835304e-02 1.003318385553882308e+00 5.367616293502443625e+00 2.351869295732578635e+00 4.058027200356128184e+00 7.880217215584555124e-01
-5.042016806722688510e-02 5.349695703339241160e-01 3.397929797239210986e-02 -4.290007871880422985e-01 4.658687419880315483e-02 -5.718766384579608841e-01 -9.538613968613973704e-02 -4.376086330843521610e-01 9.937161589541766010e-03 0.000000000000000000e+00 5.875568806716946132e-03 0.000000000000000000e+00 9.331194236970536196e-03 0.000000000000000000e+00 -1.173074243909196998e-02 1.004023063512457403e+00 5.368154794757828085e+00 2.352470574099083667e+00 4.056995732010588718e+00 7.874299845377378260e-01
-5.546218487394957708e-02 5.350548846431942840e-01 3.350740339789111399e-02 -4.294196206092908419e-01 4.571377127577072597e-02 -5.717473287425536288e-01 -9.523717330859973740e-02 -4.374260036382436878e-01 9.714661240309466206e-03 0.000000000000000000e+00 5.992188978277997527e-03 0.000000000000000000e+00 9.410894317238911733e-03 0.000000000000000000e+00 -1.152913035568890049e-02 1.004789958924762860e+00 5.368714610854797620e+00 2.353065701781652752e+00 4.055942417302479619e+00 7.868608464390037804e-01
-6.050420168067226212e-02 5.351407346898638950e-01 3.306001994882732525e-02 -4.296971950218631542e-01 4.494424982731909379e-02 -5.717089928410413746e-01 -9.519834569420213000e-02 -4.372262949310933289e-01 9.515839918997834324e-03 0.000000000000000000e+00 6.096103509738726341e-03 0.000000000000000000e+00 9.510319264818139356e-03 0.000000000000000000e+00 -1.134007951382501322e-02 1.005618076669062777e+00 5.369280113179993208e+00 2.353648384018316442e+00 4.054875530592222610e+00 7.863187287259583158e-01
-6.554621848739494716e-02 5.352260276453374432e-01 3.262647287642574806e-02 -4.298788124065358041e-01 4.424338433300312179e-02 -5.717258158265345891e-01 -9.522022596339267675e-02 -4.370294753933715581e-01 9.334170023509429787e-03 0.000000000000000000e+00 6.193287536359205758e-03 0.000000000000000000e+00 9.623791197480817752e-03 0.000000000000000000e+00 -1.116284508259460934e-02 1.006506013973133884e+00 5.369856829177244606e+00 2.354223381824109396e+00 4.053804140223181918e+00 7.857923410138877296e-01
-7.058823529411764608e-02 5.353107192394334080e-01 3.220257927675201221e-02 -4.299911393011057736e-01 4.359130323218356889e-02 -5.717782760904264183e-01 -9.527545397065562138e-02 -4.368435550327908201e-01 9.166422344646037862e-03 0.000000000000000000e+00 6.286786319591178979e-03 0.000000000000000000e+00 9.747046663157590135e-03 0.000000000000000000e+00 -1.099553875240034950e-02 1.007452920066453927e+00 5.370442651335849860e+00 2.354794060309918002e+00 4.052732163664869880e+00 7.852763217059515188e-01
-7.563025210084033112e-02 5.353955449978383685e-01 3.178741840660524037e-02 -4.300505229888187952e-01 4.297747684823285952e-02 -5.718544871639674732e-01 -9.535072148280168691e-02 -4.366714059698407757e-01 9.010209418830985445e-03 0.000000000000000000e+00 6.376668442924711931e-03 0.000000000000000000e+00 9.876732958092236669e-03 0.000000000000000000e+00 -1.083531203896224114e-02 1.008458209997674659e+00 5.371032140717302283e+00 2.355367198071859569e+00 4.051650142082110939e+00 7.847648298981254600e-01
-8.067226890756301616e-02 5.354816106703523815e-01 3.138026160169094664e-02 -4.300666707172629555e-01 4.239490902599996058e-02 -5.719484159760388486e-01 -9.544209203635362071e-02 -4.365117613088905779e-01 8.862466945266293458e-03 0.000000000000000000e+00 6.462838416961934861e-03 0.000000000000000000e+00 1.000829902397235363e-02 0.000000000000000000e+00 -1.067694946927182607e-02 1.009521369643404665e+00 5.371618766380509058e+00 2.355945929336633604e+00 4.050540350737684037e+00 7.842538717748459565e-01
-8.571428571428570120e-02 5.355696525432102062e-01 3.098086576515736781e-02 -4.300463305293046878e-01 4.184290521597650719e-02 -5.720558574418775910e-01 -9.554720037412024747e-02 -4.363626105762101748e-01 8.723774572056567159e-03 0.000000000000000000e+00 6.542730977800573222e-03 0.000000000000000000e+00 1.014632862266456013e-02 0.000000000000000000e+00 -1.051970762920657713e-02 1.010641756820107373e+00 5.372191323109083427e+00 2.356533544303677452e+00 4.049384161191938780e+00 7.837446909206454704e-01
-9.075630252100838624e-02 5.356608467222052639e-01 3.059901429302618395e-02 -4.299975105829946243e-01 4.131515002727471908e-02 -5.721747966541365082e-01 -9.565757412175780738e-02 -4.362183342078634340e-01 8.595028215753123049e-03 0.000000000000000000e+00 6.617166234569149541e-03 0.000000000000000000e+00 1.028706350716531576e-02 0.000000000000000000e+00 -1.036174325510145350e-02 1.011818566729345337e+00 5.372734113050031013e+00 2.357121882932058377e+00 4.048199563993830630e+00 7.832417680523197090e-01
-9.579831932773108516e-02 5.357549206687467480e-01 3.024511517042118708e-02 -4.299285329359998631e-01 4.080795096195955624e-02 -5.723041134710350475e-01 -9.575752282983240882e-02 -4.360745455541877869e-01 8.478815123064803796e-03 0.000000000000000000e+00 6.689401769434969065e-03 0.000000000000000000e+00 1.042782044930612960e-02 0.000000000000000000e+00 -1.020434331456243973e-02 1.013050738136883400e+00 5.373235473216602109e+00 2.357691795269482249e+00 4.047035181806234228e+00 7.827574697834227546e-01
-1.008403361344537702e-01 5.358502813204507609e-01 2.992232262248736840e-02 -4.298462152446694273e-01 4.031960798586149003e-02 -5.724430390378232314e-01 -9.583278715484955246e-02 -4.359299591765581905e-01 8.375960119325089742e-03 0.000000000000000000e+00 6.762354013413859367e-03 0.000000000000000000e+00 1.056719102279838826e-02 0.000000000000000000e+00 -1.004978234168782923e-02 1.014337038920309020e+00 5.373694814766905914e+00 2.358225821768837438e+00 4.045937505161194991e+00 7.823040184944893838e-01
-1.058823529411764552e-01 5.359451423279647519e-01 2.962123651483117293e-02 -4.297521450699801071e-01 3.985065656816039192e-02 -5.725913818362651231e-01 -9.587965674529361215e-02 -4.357872942191942101e-01 8.284969433228655741e-03 0.000000000000000000e+00 6.837278664112988145e-03 0.000000000000000000e+00 1.070579683493797299e-02 0.000000000000000000e+00 -9.898966398694719962e-03 1.015676378045765604e+00 5.374123959796324179e+00 2.358721686244918292e+00 4.044917216871760424e+00 7.818835462069709807e-01
-1.109243697478991542e-01 5.360384193147157417e-01 2.932936299651697429e-02 -4.296455485444061195e-01 3.940183158319728041e-02 -5.727492655328192406e-01 -9.590183665456263051e-02 -4.356492460392093480e-01 8.203266152407504008e-03 0.000000000000000000e+00 6.913828552976054170e-03 0.000000000000000000e+00 1.084509360980576501e-02 0.000000000000000000e+00 -9.751307041047726706e-03 1.017068226436860900e+00 5.374535745778809215e+00 2.359186673803657097e+00 4.043959508100124722e+00 7.814919515771074909e-01
-1.159663865546218392e-01 5.361296909162243107e-01 2.903708648700357650e-02 -4.295260464316297822e-01 3.897272600369839496e-02 -5.729165848617719936e-01 -9.590452792622512768e-02 -4.355170217562454038e-01 8.128800958945426799e-03 0.000000000000000000e+00 6.991232547249734246e-03 0.000000000000000000e+00 1.098628746967077359e-02 0.000000000000000000e+00 -9.605623084492085836e-03 1.018512675711946480e+00 5.374939235571125629e+00 2.359629761274748105e+00 4.043044188316989640e+00 7.811240285545719697e-01
-1.210084033613445242e-01 5.362189882178398648e-01 2.873888452567059312e-02 -4.293943029795529998e-01 3.856186937772086709e-02 -5.730933124865644768e-01 -9.589252650024523983e-02 -4.353897655825488267e-01 8.060499755069970573e-03 0.000000000000000000e+00 7.068860342555849732e-03 0.000000000000000000e+00 1.113028956634568370e-02 0.000000000000000000e+00 -9.460710906491935981e-03 1.020010264404481948e+00 5.375339720886051609e+00 2.360058321300027018e+00 4.042153685423223841e+00 7.807757654706669603e-01
-1.260504201680672232e-01 5.363063571491955006e-01 2.843041576482825683e-02 -4.292517660902130938e-01 3.816714996658149284e-02 -5.732782696312865856e-01 -9.586797609533805054e-02 -4.352677439619330180e-01 7.997638992380580111e-03 0.000000000000000000e+00 7.146209716620875209e-03 0.000000000000000000e+00 1.127733335082840328e-02 0.000000000000000000e+00 -9.315300256949319777e-03 1.021561747432875311e+00 5.375740040892033278e+00 2.360478326982903052e+00 4.041275352200626614e+00 7.804438954541009776e-01
-1.310924369747898943e-01 5.363913323088924656e-01 2.811130178324689269e-02 -4.291013196290144327e-01 3.778922409430238855e-02 -5.734689076381088713e-01 -9.582848540351637801e-02 -4.351522861620649163e-01 7.937821980182524842e-03 0.000000000000000000e+00 7.223001479399090465e-03 0.000000000000000000e+00 1.142776703936949044e-02 0.000000000000000000e+00 -9.170016634387512591e-03 1.023168193522132841e+00 5.376137704215790514e+00 2.360888232025736944e+00 4.040402325506362580e+00 7.801318496415361459e-01
-1.361344537815125932e-01 5.364746453024624717e-01 2.781345556105174061e-02 -4.289483855854083205e-01 3.742921055845023492e-02 -5.736666045619486232e-01 -9.576080226389972749e-02 -4.350321772346704696e-01 7.878155952691531100e-03 0.000000000000000000e+00 7.292834911066302037e-03 0.000000000000000000e+00 1.156988744843012208e-02 0.000000000000000000e+00 -9.022983864500596154e-03 1.024830928970779542e+00 5.376476035929512953e+00 2.361256032322729403e+00 4.039527736530180491e+00 7.798971673670732629e-01
-1.411764705882352922e-01 5.365567381859723817e-01 2.749865599646483458e-02 -4.287867246275872679e-01 3.708313198536559302e-02 -5.738728464947921992e-01 -9.568327572557241978e-02 -4.349145368496760700e-01 7.822155400440965883e-03 0.000000000000000000e+00 7.362665486255731001e-03 0.000000000000000000e+00 1.171535519361585446e-02 0.000000000000000000e+00 -8.872561449803063882e-03 1.026546940118162832e+00 5.376813483183586762e+00 2.361621965833699210e+00 4.038648449755002368e+00 7.796770617208179655e-01
-1.462184873949579633e-01 5.366376219500952338e-01 2.716818912426189475e-02 -4.286188005575095605e-01 3.675056795724254005e-02 -5.740866747741435461e-01 -9.559380042160288415e-02 -4.347981098620262164e-01 7.769298314412131749e-03 0.000000000000000000e+00 7.432323942652777245e-03 0.000000000000000000e+00 1.186366218947611934e-02 0.000000000000000000e+00 -8.718028413515580347e-03 1.028317758099952961e+00 5.377146231181882285e+00 2.361983466694654865e+00 4.037763663625241861e+00 7.794742946472252854e-01
-1.512605042016806622e-01 5.367177366522145610e-01 2.682088326220981658e-02 -4.284461253193894703e-01 3.642555957407712236e-02 -5.743091375912366958e-01 -9.549614710825148067e-02 -4.346795663085563088e-01 7.720934051316916472e-03 0.000000000000000000e+00 7.502546572018343844e-03 0.000000000000000000e+00 1.201422554741399945e-02 0.000000000000000000e+00 -8.558518426207953680e-03 1.030145571422131701e+00 5.377477105839172822e+00 2.362348261804430916e+00 4.036867848913924028e+00 7.792829938252818778e-01
-1.563025210084033334e-01 5.367970930143413089e-01 2.645634827502957656e-02 -4.282704720626158146e-01 3.610661614137377490e-02 -5.745400043425562542e-01 -9.538875979145919337e-02 -4.345577529119493132e-01 7.677092678081218723e-03 0.000000000000000000e+00 7.573542951941445757e-03 0.000000000000000000e+00 1.216659606559108292e-02 0.000000000000000000e+00 -8.393278871521104093e-03 1.032031963891352877e+00 5.377803705206039453e+00 2.362716115096143099e+00 4.035959806821773022e+00 7.791032786845423219e-01
-1.613445378151260323e-01 5.368755868752602689e-01 2.607326531459852256e-02 -4.280934671721431939e-01 3.579248753853318116e-02 -5.747789170643091694e-01 -9.526968141732888862e-02 -4.344321674358563312e-01 7.637693738977986528e-03 0.000000000000000000e+00 7.645549994704010748e-03 0.000000000000000000e+00 1.232045482595015180e-02 0.000000000000000000e+00 -8.221568968536268826e-03 1.033978500728026440e+00 5.378124277229187733e+00 2.363086216613283330e+00 4.035038544058831000e+00 7.789351089071290257e-01
-1.663865546218487312e-01 5.369529273112373380e-01 2.567202699033965807e-02 -4.279179144660558709e-01 3.548111803063209307e-02 -5.750249001875266108e-01 -9.513482160369035601e-02 -4.343025871065903654e-01 7.601139372715119864e-03 0.000000000000000000e+00 7.719771980232746807e-03 0.000000000000000000e+00 1.247271098359265147e-02 0.000000000000000000e+00 -8.042944157286837856e-03 1.035987001367586924e+00 5.378435429570240345e+00 2.363454875837814217e+00 4.034110546197666736e+00 7.787801453252377604e-01
-1.714285714285714024e-01 5.370285841302258056e-01 2.525350420851797673e-02 -4.277463475669766035e-01 3.517133179577470320e-02 -5.752771580087492342e-01 -9.497975444242773291e-02 -4.341690683514376481e-01 7.565958632674431306e-03 0.000000000000000000e+00 7.797754147362402286e-03 0.000000000000000000e+00 1.262022756029300245e-02 0.000000000000000000e+00 -7.857609989319672833e-03 1.038059426225024895e+00 5.378734642415944123e+00 2.363816813513301529e+00 4.033187567040590338e+00 7.786410425782426259e-01
-1.764705882352941013e-01 5.371017567965541417e-01 2.481639835709158887e-02 -4.275802081742057226e-01 3.486597627608736122e-02 -5.755368531054836367e-01 -9.480287744736159983e-02 -4.340293562972479258e-01 7.535167287890823760e-03 0.000000000000000000e+00 7.878845696107033766e-03 0.000000000000000000e+00 1.276741643220494736e-02 0.000000000000000000e+00 -7.666577446680204050e-03 1.040197771450933173e+00 5.379021846703547105e+00 2.364164965585213718e+00 4.032273555183218505e+00 7.785226433926195622e-01
-1.815126050420167725e-01 5.371719690770260236e-01 2.435767538239712315e-02 -4.274193985724359379e-01 3.456762956230184647e-02 -5.758054736420153974e-01 -9.460591945696636418e-02 -4.338816352905230378e-01 7.509874848525590653e-03 0.000000000000000000e+00 7.962978692331092526e-03 0.000000000000000000e+00 1.291704417365044724e-02 0.000000000000000000e+00 -7.470305017092468934e-03 1.042404054593156992e+00 5.379300400879365007e+00 2.364496205606073875e+00 4.031365390383103708e+00 7.784269718444699615e-01
-1.865546218487394714e-01 5.372389501487923047e-01 2.387050702812338818e-02 -4.272635547160842928e-01 3.427503631184922184e-02 -5.760845727663225224e-01 -9.439532726150175190e-02 -4.337241920159191078e-01 7.484355675719474126e-03 0.000000000000000000e+00 8.049763210932807389e-03 0.000000000000000000e+00 1.306834527876704621e-02 0.000000000000000000e+00 -7.268934981298222700e-03 1.044680692339264194e+00 5.379577746851056830e+00 2.364809284508944565e+00 4.030446192744589595e+00 7.783534869703873094e-01
-1.915966386554621703e-01 5.373043483956447819e-01 2.336270210941741518e-02 -4.271136027975987459e-01 3.398779894096587428e-02 -5.763719280042546300e-01 -9.416778836123956831e-02 -4.335578209594270760e-01 7.460568850562008733e-03 0.000000000000000000e+00 8.140996524474791024e-03 0.000000000000000000e+00 1.321849241102783686e-02 0.000000000000000000e+00 -7.060389373167620317e-03 1.047030080382316930e+00 5.379850941692700061e+00 2.365117488342644680e+00 4.029526062103329309e+00 7.782974901476084062e-01
-1.966386554621848415e-01 5.373678574497922078e-01 2.283154806154403388e-02 -4.269660449408362868e-01 3.370592798474250640e-02 -5.766703471928855684e-01 -9.392722916347572004e-02 -4.333816470000318999e-01 7.438888959336508074e-03 0.000000000000000000e+00 8.236827949731790124e-03 0.000000000000000000e+00 1.336902109898483598e-02 0.000000000000000000e+00 -6.846040799117723667e-03 1.049453999297829565e+00 5.380123384875621362e+00 2.365419170001837657e+00 4.028606205859989409e+00 7.782583787500383377e-01
-2.016806722689075404e-01 5.374295225771398288e-01 2.227592323091433582e-02 -4.268187102997119120e-01 3.343095821612979135e-02 -5.769820373322973595e-01 -9.367603788323926317e-02 -4.331938245867059667e-01 7.421741769307018191e-03 0.000000000000000000e+00 8.337054275135848125e-03 0.000000000000000000e+00 1.352358751067382105e-02 0.000000000000000000e+00 -6.626919276987204219e-03 1.051954620686696762e+00 5.380395890451153740e+00 2.365714185468462905e+00 4.027684816922850075e+00 7.782362842168161210e-01
-2.067226890756302393e-01 5.374894539712646857e-01 2.169534605464572621e-02 -4.266707152391934210e-01 3.316348658421293394e-02 -5.773084589862305105e-01 -9.341507607937382662e-02 -4.329924898127961996e-01 7.411103709739593967e-03 0.000000000000000000e+00 8.441654357774367248e-03 0.000000000000000000e+00 1.368526607250898988e-02 0.000000000000000000e+00 -6.403959470183588978e-03 1.054533961228138139e+00 5.380668144192147118e+00 2.366001132523689154e+00 4.026761137038937122e+00 7.782322262713951000e-01
-2.117647058823529105e-01 5.375485221167788374e-01 2.109115693554135251e-02 -4.265225669139731668e-01 3.289889459170226849e-02 -5.776496629695593299e-01 -9.314529070770591335e-02 -4.327767061540980231e-01 7.405689496163053373e-03 0.000000000000000000e+00 8.552405232432155890e-03 0.000000000000000000e+00 1.385096706939791325e-02 0.000000000000000000e+00 -6.175265428446604678e-03 1.057193222112840836e+00 5.380941836124563338e+00 2.366286770832939812e+00 4.025831388004716516e+00 7.782440838903816882e-01
-2.168067226890756094e-01 5.376074972865757529e-01 2.047313589962091937e-02 -4.263773073976808714e-01 3.263850401123213202e-02 -5.780059332234718239e-01 -9.286186378473482161e-02 -4.325420481093895098e-01 7.407044261460745196e-03 0.000000000000000000e+00 8.670323042737607469e-03 0.000000000000000000e+00 1.401663585800024849e-02 0.000000000000000000e+00 -5.940420686248880713e-03 1.059933633719371215e+00 5.381209295851956398e+00 2.366565925528228753e+00 4.024907922021784934e+00 7.782797148100736306e-01
-2.218487394957983083e-01 5.376673348574256828e-01 1.985035641058007644e-02 -4.262345823889254204e-01 3.238212782719115251e-02 -5.783824860125869050e-01 -9.256350890693282318e-02 -4.322797897910085618e-01 7.416051785510990348e-03 0.000000000000000000e+00 8.795285378354609704e-03 0.000000000000000000e+00 1.418278999115699449e-02 0.000000000000000000e+00 -5.699086424278681541e-03 1.062754466182236346e+00 5.381456003181216197e+00 2.366830749101989984e+00 4.024003334191043280e+00 7.783468536691355855e-01
-2.268907563025209795e-01 5.377302983630505295e-01 1.925562747828834381e-02 -4.260962726702263170e-01 3.213112915046605761e-02 -5.787871568254641108e-01 -9.224789184338526293e-02 -4.319720680389827483e-01 7.446335222686071079e-03 0.000000000000000000e+00 8.927059085250101458e-03 0.000000000000000000e+00 1.434676845667911746e-02 0.000000000000000000e+00 -5.450542164015061142e-03 1.065651155550763951e+00 5.381660831825702651e+00 2.367075116134909063e+00 4.023144519444454836e+00 7.784685109948704662e-01
-2.319327731092436784e-01 5.377966817334863814e-01 1.871808980135070133e-02 -4.259598107725068861e-01 3.188984561839933868e-02 -5.792237786597302929e-01 -9.191093448134794730e-02 -4.316139621577309016e-01 7.520945380118408338e-03 0.000000000000000000e+00 9.062212376938633129e-03 0.000000000000000000e+00 1.450583027761810119e-02 0.000000000000000000e+00 -5.192488590470153986e-03 1.068612157598466395e+00 5.381825773875251961e+00 2.367311374409663660e+00 4.022350395233835307e+00 7.786770052916571760e-01
-2.369747899159663496e-01 5.378572905555362160e-01 1.813700990161996873e-02 -4.258112874427228967e-01 3.166174210967994535e-02 -5.796692099568986345e-01 -9.155068411794753391e-02 -4.312710572166273959e-01 7.615804077819129068e-03 0.000000000000000000e+00 9.196805377087538882e-03 0.000000000000000000e+00 1.466833471629478899e-02 0.000000000000000000e+00 -4.922947430402153587e-03 1.071655271422075062e+00 5.382035409013347760e+00 2.367582965000594175e+00 4.021541599882379359e+00 7.789304726571264492e-01
-2.420168067226890485e-01 5.379097509293265800e-01 1.745480404956211221e-02 -4.256521585681568576e-01 3.144001966378277835e-02 -5.801130712918766141e-01 -9.117222263194325882e-02 -4.309631632543040047e-01 7.704194276671879997e-03 0.000000000000000000e+00 9.331900886661265854e-03 0.000000000000000000e+00 1.483898971883712038e-02 0.000000000000000000e+00 -4.641190579340469594e-03 1.074788873432243719e+00 5.382309899648145546e+00 2.367897471247767616e+00 4.020668186108993680e+00 7.791802621335663925e-01
-2.470588235294117474e-01 5.379588926544884853e-01 1.671124209142929931e-02 -4.254913663650243816e-01 3.121660604074044665e-02 -5.805653928519642903e-01 -9.078007282099148645e-02 -4.306575612044773460e-01 7.788616717646611350e-03 0.000000000000000000e+00 9.471885657784622978e-03 0.000000000000000000e+00 1.501223373021453623e-02 0.000000000000000000e+00 -4.348838923157948358e-03 1.078019725912090498e+00 5.382606154975948520e+00 2.368227453278203942e+00 4.019763126146020049e+00 7.794360893118683631e-01
-2.521008403361344463e-01 5.380047771265080714e-01 1.590450365195773819e-02 -4.253201896716509722e-01 3.099730120521530102e-02 -5.810305369116683938e-01 -9.038362383285906965e-02 -4.303551457480996323e-01 7.885002999169291038e-03 0.000000000000000000e+00 9.614834908529249283e-03 0.000000000000000000e+00 1.520076232840769648e-02 0.000000000000000000e+00 -4.050530000967192575e-03 1.081336608765296248e+00 5.382966772510233255e+00 2.368585799394309355e+00 4.018823830092599358e+00 7.797035590140318773e-01
-2.571428571428571175e-01 5.380493399577367386e-01 1.503581547837576360e-02 -4.251393638128557750e-01 3.077975701094752548e-02 -5.815094337344277609e-01 -8.998851548842440318e-02 -4.300513443708883776e-01 7.997496194448575069e-03 0.000000000000000000e+00 9.768146348556976805e-03 0.000000000000000000e+00 1.540368484223421201e-02 0.000000000000000000e+00 -3.751447378637581560e-03 1.084752887710684677e+00 5.383412485677231629e+00 2.368969914127076137e+00 4.017862024431677170e+00 7.799738694623630231e-01
-2.621848739495797886e-01 5.380934673075844499e-01 1.414711546548817409e-02 -4.249662207602741826e-01 3.055850997379348788e-02 -5.820019560238530731e-01 -8.957658972157964139e-02 -4.297255887028457733e-01 8.127986322225951021e-03 0.000000000000000000e+00 9.929376652874419631e-03 0.000000000000000000e+00 1.560642048144223089e-02 0.000000000000000000e+00 -3.443298028429864818e-03 1.088269402784137752e+00 5.383864163275470460e+00 2.369359024993978213e+00 4.016900586653748384e+00 7.802848783836057178e-01
-2.672268907563025153e-01 5.381376006289522174e-01 1.322436421979792179e-02 -4.248049922625234398e-01 3.033380349052059929e-02 -5.825004120251904283e-01 -8.914780620325835070e-02 -4.293854084466063870e-01 8.268245594057725342e-03 0.000000000000000000e+00 1.009758922666443605e-02 0.000000000000000000e+00 1.581197042157314256e-02 0.000000000000000000e+00 -3.123499887088635255e-03 1.091883577909761094e+00 5.384331746342095215e+00 2.369761147351635344e+00 4.015911881074489820e+00 7.806113747853938856e-01
-2.722689075630251865e-01 5.381820726478641070e-01 1.227703696593988869e-02 -4.246505042147116216e-01 3.010656569665818086e-02 -5.830122783349673821e-01 -8.870166222389742894e-02 -4.290240206370669607e-01 8.418010808911120454e-03 0.000000000000000000e+00 1.027356981341657864e-02 0.000000000000000000e+00 1.602000625141302564e-02 0.000000000000000000e+00 -2.793434534926799058e-03 1.095586651178804161e+00 5.384803081757735477e+00 2.370168282988244890e+00 4.014909310041307577e+00 7.809654093453959334e-01
-2.773109243697478576e-01 5.382270863440365982e-01 1.130585117883413197e-02 -4.245011879547480604e-01 2.987765887934325931e-02 -5.835387214974403491e-01 -8.823788539985434609e-02 -4.286409301024223240e-01 8.576974091736903894e-03 0.000000000000000000e+00 1.045788168538747641e-02 0.000000000000000000e+00 1.623068053455031801e-02 0.000000000000000000e+00 -2.453209020128639239e-03 1.099363872422760791e+00 5.385276657463994532e+00 2.370579204360867553e+00 4.013893837278527776e+00 7.813484592013330010e-01
-2.823529411764705843e-01 5.382721387173213801e-01 1.030965678875663503e-02 -4.243583886262622951e-01 2.964470295507212055e-02 -5.840772260636987179e-01 -8.774964797319186049e-02 -4.282400297383654464e-01 8.740136385589262688e-03 0.000000000000000000e+00 1.065119746510515518e-02 0.000000000000000000e+00 1.644388140175236795e-02 0.000000000000000000e+00 -2.104065142846982088e-03 1.103091666763638790e+00 5.385739777480301527e+00 2.370985554852620414e+00 4.012871674880993389e+00 7.817596901524619390e-01
-2.873949579831932555e-01 5.383197318032399981e-01 9.300221533437159904e-03 -4.242076951307979793e-01 2.942928087807186732e-02 -5.846434295668505587e-01 -8.728317855499914679e-02 -4.277986345861564677e-01 8.949312407898613389e-03 0.000000000000000000e+00 1.085929662118410507e-02 0.000000000000000000e+00 1.666929474004220230e-02 0.000000000000000000e+00 -1.749929119412315650e-03 1.107295549791986966e+00 5.386256593332038101e+00 2.371399278382814391e+00 4.011830411511922989e+00 7.822201067813416842e-01
-2.924369747899159266e-01 5.383675583604216053e-01 8.253119101562924470e-03 -4.240647584813324045e-01 2.920021766785202075e-02 -5.852181063856697341e-01 -8.678567142877237350e-02 -4.273463640308945988e-01 9.164286998474008988e-03 0.000000000000000000e+00 1.107627362321085378e-02 0.000000000000000000e+00 1.689734509774385232e-02 0.000000000000000000e+00 -1.386075579075726023e-03 1.111360312656896498e+00 5.386773800766489373e+00 2.371817167501566459e+00 4.010778859374286576e+00 7.827033181873866985e-01
-2.974789915966385978e-01 5.384184148675020820e-01 7.182860631686261571e-03 -4.239158654460286613e-01 2.897173436186770840e-02 -5.858095104719671653e-01 -8.627768278828111537e-02 -4.268757670855703457e-01 9.385205907667965725e-03 0.000000000000000000e+00 1.130030016713781151e-02 0.000000000000000000e+00 1.712785712987448944e-02 0.000000000000000000e+00 -1.010199088247033415e-03 1.115580671378872513e+00 5.387311729379320902e+00 2.372248624149457363e+00 4.009704242662983198e+00 7.832080079616390300e-01
-3.025210084033613245e-01 5.384724375249521078e-01 6.102648373306440895e-03 -4.237517969503650783e-01 2.874641984153399749e-02 -5.864243385812895060e-01 -8.574756754841296458e-02 -4.263873501519202525e-01 9.617075471954993418e-03 0.000000000000000000e+00 1.153628562815693648e-02 0.000000000000000000e+00 1.736460517092290948e-02 0.000000000000000000e+00 -6.278889654372528774e-04 1.119889525425337151e+00 5.387855799775757681e+00 2.372680506162832881e+00 4.008643584604370425e+00 7.837510669465930224e-01
-3.075630252100839956e-01 5.385285775925895413e-01 5.003226831553436726e-03 -4.235930485081698116e-01 2.851610875492320216e-02 -5.870531130492190330e-01 -8.519633367219690834e-02 -4.258753100319595530e-01 9.861660293206279959e-03 0.000000000000000000e+00 1.178264263252604138e-02 0.000000000000000000e+00 1.760282790202883849e-02 0.000000000000000000e+00 -2.356252415550308280e-04 1.124311022763751167e+00 5.388410119980514779e+00 2.373109008243089679e+00 4.007579468223319452e+00 7.843276419045224213e-01
-3.126050420168066668e-01 5.385864091963352696e-01 3.878361429667093879e-03 -4.234340717496018480e-01 2.828457802006368454e-02 -5.876966483677850128e-01 -8.462750074210900753e-02 -4.253437921873277072e-01 1.011945811500808250e-02 0.000000000000000000e+00 1.204062994057876826e-02 0.000000000000000000e+00 1.784411497991354040e-02 0.000000000000000000e+00 1.659562839686685748e-04 1.128847070724672275e+00 5.388987124933889206e+00 2.373539252914674602e+00 4.006502067414955626e+00 7.849371248794865252e-01
-3.176470588235293935e-01 5.386462178430189152e-01 2.731961053879062868e-03 -4.232760164739793884e-01 2.805211228059003095e-02 -5.883543363062690990e-01 -8.403941480453909485e-02 -4.247917718086147709e-01 1.039283510068705549e-02 0.000000000000000000e+00 1.231044619840531741e-02 0.000000000000000000e+00 1.808917578046983707e-02 0.000000000000000000e+00 5.746599868982748410e-04 1.133460826120996856e+00 5.389585398784510595e+00 2.373967728976955627e+00 4.005419282590341190e+00 7.855833407043373295e-01
-3.226890756302520646e-01 5.387086804711846977e-01 1.563277850504386389e-03 -4.231160189638139002e-01 2.781802571958216438e-02 -5.890276789895845244e-01 -8.342676106348605181e-02 -4.242233778983407477e-01 1.067817269170832049e-02 0.000000000000000000e+00 1.259360177318570410e-02 0.000000000000000000e+00 1.832784116437181920e-02 0.000000000000000000e+00 9.885851802216916780e-04 1.138141218033785984e+00 5.390242628959319937e+00 2.374402159522044808e+00 4.004334363236273120e+00 7.862695404188155823e-01
-3.277310924369747358e-01 5.387737085159148842e-01 3.723455902976239868e-04 -4.229536904559146326e-01 2.758281755112653236e-02 -5.897161491023320545e-01 -8.279919311103692281e-02 -4.236350176588119520e-01 1.097989780501549932e-02 0.000000000000000000e+00 1.288960539510810958e-02 0.000000000000000000e+00 1.856991806759066346e-02 0.000000000000000000e+00 1.408788998303535118e-03 1.142911063713760722e+00 5.390933824633765248e+00 2.374838333446666283e+00 4.003239186814958828e+00 7.869912549696097548e-01
-3.327731092436974625e-01 5.388407699314695654e-01 -8.413555342754570031e-04 -4.227867204195280282e-01 2.734805766163884294e-02 -5.904207735051731909e-01 -8.215553734251249129e-02 -4.230288124778473491e-01 1.129109030566106085e-02 0.000000000000000000e+00 1.319892151259864990e-02 0.000000000000000000e+00 1.881503624734329888e-02 0.000000000000000000e+00 1.829977631951934568e-03 1.147758421453880739e+00 5.391667010586113307e+00 2.375266057900732530e+00 4.002140233212029941e+00 7.877546090828149161e-01
-3.378151260504201336e-01 5.389124330079045899e-01 -2.055382915700344239e-03 -4.226229489141470896e-01 2.711091738968161163e-02 -5.911395109506355494e-01 -8.147842675471002327e-02 -4.223999269828872527e-01 1.162381887283500323e-02 0.000000000000000000e+00 1.351598610121310974e-02 0.000000000000000000e+00 1.907264952317175299e-02 0.000000000000000000e+00 2.254757078581753112e-03 1.152690987979521520e+00 5.392437093987424213e+00 2.375707050395409414e+00 4.001066259841230099e+00 7.885750117120239322e-01
-3.428571428571428048e-01 5.389901303390169929e-01 -3.230606487024500605e-03 -4.224747927896267963e-01 2.687238244852926602e-02 -5.918707177289329602e-01 -8.072377447747847157e-02 -4.217417115199656452e-01 1.198157952405619342e-02 0.000000000000000000e+00 1.382616257346849439e-02 0.000000000000000000e+00 1.935773781378594474e-02 0.000000000000000000e+00 2.686789092988468245e-03 1.157494034462949628e+00 5.393170966277497591e+00 2.376194765754274574e+00 4.000104935716872312e+00 7.895013227655345300e-01
-3.478991596638655315e-01 5.390739977621894496e-01 -4.416175217862834158e-03 -4.223156966037873161e-01 2.663494489001699481e-02 -5.926218437674823925e-01 -7.997441597908525046e-02 -4.210564107789335764e-01 1.236939080426519878e-02 0.000000000000000000e+00 1.414751258392671698e-02 0.000000000000000000e+00 1.964684448414091150e-02 0.000000000000000000e+00 3.129283240851312917e-03 1.162604769735176680e+00 5.393968427068727145e+00 2.376736038597890399e+00 3.999128444637687352e+00 7.904637547150112908e-01
-3.529411764705882026e-01 5.391609456640126252e-01 -5.610971088351374148e-03 -4.221504249521982888e-01 2.639495595511252152e-02 -5.933895459499366476e-01 -7.920105620127902701e-02 -4.203506994890341408e-01 1.276991454437975508e-02 0.000000000000000000e+00 1.448016387660311204e-02 0.000000000000000000e+00 1.993865436991776666e-02 0.000000000000000000e+00 3.575226100477874210e-03 1.167748631455667541e+00 5.394775286480517629e+00 2.377267046810633833e+00 3.998167474470624594e+00 7.914798657168055085e-01
-3.579831932773108738e-01 5.392535936724143220e-01 -6.795623513762831525e-03 -4.219826552187373458e-01 2.614576874809082865e-02 -5.941706285906734886e-01 -7.839985922764916570e-02 -4.196236384445415357e-01 1.319094295369213458e-02 0.000000000000000000e+00 1.482375346751430532e-02 0.000000000000000000e+00 2.023514457310386302e-02 0.000000000000000000e+00 4.022567644502371940e-03 1.172926487130106832e+00 5.395591391673732140e+00 2.377812067203158186e+00 3.997242633882650775e+00 7.925558084583571583e-01
-3.630252100840335450e-01 5.393559202914726125e-01 -7.952234269170769740e-03 -4.218143787829725100e-01 2.588854482745063176e-02 -5.949617406555012256e-01 -7.756976455201210208e-02 -4.188762848475785505e-01 1.364295901385340591e-02 0.000000000000000000e+00 1.517926774702033250e-02 0.000000000000000000e+00 2.052814046007701149e-02 0.000000000000000000e+00 4.477586488079735895e-03 1.178168822923405967e+00 5.396433691722165804e+00 2.378425268603901355e+00 3.996365059354919147e+00 7.936770696558729243e-01
-3.680672268907562716e-01 5.394645786637655149e-01 -9.098761909403408829e-03 -4.216256428925460042e-01 2.564171606658505534e-02 -5.957786023376958617e-01 -7.672566283658703579e-02 -4.181021465193407449e-01 1.409939604429862568e-02 0.000000000000000000e+00 1.554144689637639541e-02 0.000000000000000000e+00 2.082118028777622809e-02 0.000000000000000000e+00 4.941269316477823852e-03 1.183473841877823673e+00 5.397274484024439545e+00 2.379043385696443913e+00 3.995502478092307630e+00 7.948547282697093763e-01
-3.731092436974789428e-01 5.395848982106791203e-01 -1.017991274457037167e-02 -4.214342205728913715e-01 2.539757301044492932e-02 -5.966032697540191165e-01 -7.582738192325938487e-02 -4.173033250519814774e-01 1.461242196524172206e-02 0.000000000000000000e+00 1.590485896823986417e-02 0.000000000000000000e+00 2.113258455078411216e-02 0.000000000000000000e+00 5.421478846591755441e-03 1.188807209330645875e+00 5.398042239376579232e+00 2.379699462535424193e+00 3.994703569932843479e+00 7.960991309903502344e-01
-3.781512605042016140e-01 5.397083501394398519e-01 -1.128342044267894619e-02 -4.212112032114656013e-01 2.517480043204314843e-02 -5.974527685013746314e-01 -7.490627460572721330e-02 -4.164930560206757115e-01 1.511139137600325637e-02 0.000000000000000000e+00 1.627414012191456816e-02 0.000000000000000000e+00 2.145668284521480215e-02 0.000000000000000000e+00 5.913592333535781960e-03 1.194172419244034611e+00 5.398794207118833732e+00 2.380331162480634699e+00 3.993902617321011039e+00 7.974011828080365127e-01
-3.831932773109243406e-01 5.398390682024061249e-01 -1.235114991823165094e-02 -4.209783642841379847e-01 2.496156181976822222e-02 -5.983213582090608496e-01 -7.395746429311338133e-02 -4.156526354589338279e-01 1.561686341339245561e-02 0.000000000000000000e+00 1.664693614103804342e-02 0.000000000000000000e+00 2.178329147387778400e-02 0.000000000000000000e+00 6.416456081112278421e-03 1.199569321784484721e+00 5.399514256781989374e+00 2.380947272194235520e+00 3.993149978797990052e+00 7.987844633642768866e-01
-3.882352941176470118e-01 5.399135900706854008e-01 -1.397341836469068697e-02 -4.207079968033896611e-01 2.483170095566546859e-02 -5.991375546743613612e-01 -7.296439683332615889e-02 -4.150218578435671546e-01 1.603018684236669558e-02 0.000000000000000000e+00 1.712655561131819562e-02 0.000000000000000000e+00 2.209684004143549693e-02 0.000000000000000000e+00 6.955482111898144207e-03 1.204919777393807179e+00 5.400633100019495814e+00 2.381763590048390444e+00 3.992519399209244479e+00 8.001956336740899678e-01
-3.932773109243696830e-01 5.400071184572398098e-01 -1.545276310129289378e-02 -4.204636525444129802e-01 2.467724245871272259e-02 -5.999652092457385955e-01 -7.198877444600226827e-02 -4.143118077538579525e-01 1.649790325535133509e-02 0.000000000000000000e+00 1.761833001120550329e-02 0.000000000000000000e+00 2.240803499914777522e-02 0.000000000000000000e+00 7.491297842525017694e-03 1.210352099700166884e+00 5.401758261621891322e+00 2.382586768985560433e+00 3.991891442982964833e+00 8.016614983730048216e-01
-3.983193277310924096e-01 5.401167129701257563e-01 -1.682100920967290886e-02 -4.202354753062667037e-01 2.450346527360166421e-02 -6.008036483868045563e-01 -7.101538416249099372e-02 -4.135416007407504702e-01 1.701392748572629066e-02 0.000000000000000000e+00 1.812287882103710140e-02 0.000000000000000000e+00 2.271665008496770097e-02 0.000000000000000000e+00 8.027165535801296728e-03 1.215843941005450235e+00 5.402884277545526359e+00 2.383420715316280525e+00 3.991276777052224389e+00 8.031878278024310314e-01
-4.033613445378150808e-01 5.402400887206915137e-01 -1.810636084077851815e-02 -4.200105178880148560e-01 2.432489259939013201e-02 -6.016561230113933734e-01 -7.004348324856339569e-02 -4.127226085880567052e-01 1.756911705296730977e-02 0.000000000000000000e+00 1.863456474625436662e-02 0.000000000000000000e+00 2.302792015349586566e-02 0.000000000000000000e+00 8.565639868590881403e-03 1.221384286545148967e+00 5.404018191699318407e+00 2.384268931770385791e+00 3.990671494947258591e+00 8.047758152611813598e-01
-4.084033613445377520e-01 5.403753914996722862e-01 -1.933087133050776993e-02 -4.197830956368729383e-01 2.414196384938886719e-02 -6.025210459836787269e-01 -6.906529912143209715e-02 -4.118669266551080455e-01 1.815433569731681601e-02 0.000000000000000000e+00 1.915896564077303882e-02 0.000000000000000000e+00 2.333989477709251179e-02 0.000000000000000000e+00 9.105705929121160613e-03 1.226980059208638396e+00 5.405151210621411018e+00 2.385128923989567440e+00 3.990082156075918984e+00 8.064256573192343236e-01
-4.134453781512604786e-01 5.405193842061849496e-01 -2.055634583740586704e-02 -4.195415854537162814e-01 2.396944498181209637e-02 -6.033979773028068649e-01 -6.808893614610239675e-02 -4.109888792589625472e-01 1.873980317634411918e-02 0.000000000000000000e+00 1.969372962847902586e-02 0.000000000000000000e+00 2.365328505023132563e-02 0.000000000000000000e+00 9.656401521420129516e-03 1.232610992307474840e+00 5.406320543408470236e+00 2.385972791815977878e+00 3.989477071649659035e+00 8.081226107838603845e-01
-4.184873949579831498e-01 5.406751151746950201e-01 -2.173213653331563383e-02 -4.192992363880748696e-01 2.379184363998885360e-02 -6.042804586205745565e-01 -6.710094162722218813e-02 -4.100842974394896534e-01 1.934942295490092723e-02 0.000000000000000000e+00 2.023888339511365972e-02 0.000000000000000000e+00 2.397036599931913134e-02 0.000000000000000000e+00 1.020961174014389274e-02 1.238272326722608785e+00 5.407493584127703201e+00 2.386833108970178419e+00 3.988878219483261933e+00 8.098771536176394559e-01
-4.235294117647058210e-01 5.408408866561353889e-01 -2.287214295350939453e-02 -4.190504461780741874e-01 2.361397605426466401e-02 -6.051700899796760291e-01 -6.609950323267700656e-02 -4.091582824101627214e-01 1.997864958979371497e-02 0.000000000000000000e+00 2.079222268918011832e-02 0.000000000000000000e+00 2.429351154050803790e-02 0.000000000000000000e+00 1.076636807589332299e-02 1.243952762194471484e+00 5.408671237637457274e+00 2.387707437250029763e+00 3.988285400096369671e+00 8.116895204997275348e-01
-4.285714285714285476e-01 5.410166358632555461e-01 -2.397941427441384679e-02 -4.187920925024252172e-01 2.343791682842749635e-02 -6.060679413506707691e-01 -6.508480226465113150e-02 -4.082125939536161985e-01 2.062806001673622366e-02 0.000000000000000000e+00 2.135448269287710046e-02 0.000000000000000000e+00 2.462120034975336103e-02 0.000000000000000000e+00 1.132652205032931049e-02 1.249670562545268204e+00 5.409853765732111519e+00 2.388596748925798874e+00 3.987704666259736630e+00 8.135590896556188500e-01
-4.336134453781512188e-01 5.412016014577473166e-01 -2.505873789024113882e-02 -4.185256711265500362e-01 2.326340787931865939e-02 -6.069706061086197479e-01 -6.405334834148060374e-02 -4.072522284851680108e-01 2.129481533962895162e-02 0.000000000000000000e+00 2.192566694227458812e-02 0.000000000000000000e+00 2.495166008394383156e-02 0.000000000000000000e+00 1.189013117134220601e-02 1.255404415391553563e+00 5.411040489768911499e+00 2.389502571673847164e+00 3.987136808531844601e+00 8.154853218377268176e-01
-4.386554621848738900e-01 5.413949646155669093e-01 -2.611209572831894865e-02 -4.182521441073608903e-01 2.309082310690592499e-02 -6.078772813951953680e-01 -6.300211843296432690e-02 -4.062784990375535310e-01 2.197709160416423321e-02 0.000000000000000000e+00 2.250517249922149784e-02 0.000000000000000000e+00 2.528447283505553048e-02 0.000000000000000000e+00 1.245705669862545543e-02 1.261126646325411604e+00 5.412223792810662459e+00 2.390422087729636047e+00 3.986588354550996360e+00 8.174682932237712363e-01
-4.436974789915966166e-01 5.415963579334415190e-01 -2.714823201678234765e-02 -4.179602950718902532e-01 2.292652234149471918e-02 -6.087922975187325392e-01 -6.194524331831529479e-02 -4.052935365364729869e-01 2.267213467869928778e-02 0.000000000000000000e+00 2.309267849651997634e-02 0.000000000000000000e+00 2.562146497918338720e-02 0.000000000000000000e+00 1.302792520551157920e-02 1.266900650115452498e+00 5.413421662248437016e+00 2.391363869131872821e+00 3.986046662393880613e+00 8.195071945414311720e-01
-4.487394957983192878e-01 5.418052201773676524e-01 -2.816374380491025800e-02 -4.176543650931237583e-01 2.276843647099700829e-02 -6.097140255289086319e-01 -6.087538695408258732e-02 -4.042962829217117693e-01 2.338123224471027120e-02 0.000000000000000000e+00 2.368698535107931560e-02 0.000000000000000000e+00 2.596227892868938070e-02 0.000000000000000000e+00 1.360227937667049698e-02 1.272685025544875392e+00 5.414619301223435599e+00 2.392322659604001256e+00 3.985520665823484077e+00 8.216035329178268398e-01
-4.537815126050419590e-01 5.420215719082193129e-01 -2.916171813782936217e-02 -4.173340490123415014e-01 2.261557516295227901e-02 -6.106422459175685491e-01 -5.979238788968492535e-02 -4.032878250480993465e-01 2.410112120563530705e-02 0.000000000000000000e+00 2.428720404228502244e-02 0.000000000000000000e+00 2.630759584051977143e-02 0.000000000000000000e+00 1.418024525904837581e-02 1.278479120916060641e+00 5.415817993581320877e+00 2.393295900856460712e+00 3.985007433607173244e+00 8.237541065503458659e-01
-4.588235294117646301e-01 5.422451284099076840e-01 -3.014601647382620514e-02 -4.170070179221607165e-01 2.246406195865939884e-02 -6.115671419471866432e-01 -5.869227851037868426e-02 -4.022763325589954198e-01 2.483355423244017895e-02 0.000000000000000000e+00 2.489398236963530353e-02 0.000000000000000000e+00 2.665447743294315636e-02 0.000000000000000000e+00 1.476208979799225815e-02 1.284284078722362166e+00 5.417020470384642294e+00 2.394294924512605949e+00 3.984505747661822639e+00 8.259515358842247634e-01
-4.638655462184873568e-01 5.424750621964883335e-01 -3.111410477235441660e-02 -4.166646776679881481e-01 2.231768014659946467e-02 -6.124978038756540011e-01 -5.758266528302235371e-02 -4.012554852745142120e-01 2.558046074868792347e-02 0.000000000000000000e+00 2.550913235109609004e-02 0.000000000000000000e+00 2.700291739596150098e-02 0.000000000000000000e+00 1.534573099565227430e-02 1.290107829371024861e+00 5.418231340864511303e+00 2.395315038063965396e+00 3.984018286219546567e+00 8.282013336957985139e-01
-4.689075630252100280e-01 5.427104538054782212e-01 -3.206252400725931317e-02 -4.163010481411686392e-01 2.218361174433931826e-02 -6.134415789068977665e-01 -5.646321285660521605e-02 -4.002196956727546717e-01 2.633790159236860245e-02 0.000000000000000000e+00 2.612849848970864863e-02 0.000000000000000000e+00 2.735579222721332832e-02 0.000000000000000000e+00 1.593152334728137678e-02 1.295913187135831146e+00 5.419441631533232773e+00 2.396338918756356406e+00 3.983552639232534887e+00 8.305129559994055555e-01
-4.739495798319326991e-01 5.429521072794291081e-01 -3.299762315163426440e-02 -4.159199084865604634e-01 2.205763094841775920e-02 -6.143921115618942164e-01 -5.533456358674233855e-02 -3.991746062135201334e-01 2.710715247100076164e-02 0.000000000000000000e+00 2.675184254647043625e-02 0.000000000000000000e+00 2.771319236111472253e-02 0.000000000000000000e+00 1.652060299373709143e-02 1.301749005283068472e+00 5.420659826948564408e+00 2.397380131089064115e+00 3.983097758772441654e+00 8.328772787118884358e-01
-4.789915966386554258e-01 5.431998447690173926e-01 -3.391966220686425809e-02 -4.155229718823568175e-01 2.194052993679534297e-02 -6.153464374539855397e-01 -5.419512811293477478e-02 -3.981233547896222413e-01 2.789142763052468443e-02 0.000000000000000000e+00 2.737957159179792849e-02 0.000000000000000000e+00 2.807420629461348030e-02 0.000000000000000000e+00 1.711253042184289822e-02 1.307607044509887961e+00 5.421891136232847686e+00 2.398443338058189767e+00 3.982653394071543840e+00 8.352927283392336255e-01
-4.840336134453780970e-01 5.434520869169587876e-01 -3.482772131714117342e-02 -4.151032926886284447e-01 2.183464203882339721e-02 -6.163099370275941791e-01 -5.304777440187924409e-02 -3.970637999001693785e-01 2.868778127273677314e-02 0.000000000000000000e+00 2.800894953603040236e-02 0.000000000000000000e+00 2.843840067312315006e-02 0.000000000000000000e+00 1.771003989869425477e-02 1.313480180262971420e+00 5.423122448352047265e+00 2.399530863244384804e+00 3.982220628131692752e+00 8.377717173350438529e-01
-4.890756302521007681e-01 5.437107297734316003e-01 -3.570549624704580371e-02 -4.146718230392541504e-01 2.173390813972777419e-02 -6.172789792660107189e-01 -5.188628259444622026e-02 -3.959899812343844472e-01 2.949988481710875965e-02 0.000000000000000000e+00 2.864145440036883900e-02 0.000000000000000000e+00 2.879980149194271560e-02 0.000000000000000000e+00 1.831205109988828100e-02 1.319388792086943152e+00 5.424338915179020226e+00 2.400642477721026236e+00 3.981815738130655369e+00 8.403091670890762144e-01
-4.941176470588234948e-01 5.439723384786233629e-01 -3.657930650565881237e-02 -4.142271053257368107e-01 2.164395732105785577e-02 -6.182484251768469719e-01 -5.071295519716845918e-02 -3.949118502585953205e-01 3.032138394954820085e-02 0.000000000000000000e+00 2.927501914110139034e-02 0.000000000000000000e+00 2.916976995401166992e-02 0.000000000000000000e+00 1.891516518108539782e-02 1.325255294888410207e+00 5.425568245885870056e+00 2.401764283085807694e+00 3.981416658737834791e+00 8.429019123536901636e-01
-4.991596638655461660e-01 5.442398301350225287e-01 -3.739840095284075600e-02 -4.137731014532348151e-01 2.155675751273378876e-02 -6.192267058459927087e-01 -4.952396766516128923e-02 -3.938093354802114088e-01 3.115526858300076904e-02 0.000000000000000000e+00 2.991187405138593172e-02 0.000000000000000000e+00 2.953899832159381789e-02 0.000000000000000000e+00 1.952065690364523237e-02 1.331150860951373138e+00 5.426739966236438839e+00 2.402887191576906556e+00 3.981065176002005934e+00 8.455545543179924239e-01
-5.042016806722688926e-01 5.445119323176701442e-01 -3.816943522073756867e-02 -4.133108035596084195e-01 2.147444006863426236e-02 -6.202157337103979540e-01 -4.831583965351609472e-02 -3.926803654161989399e-01 3.199396060588004936e-02 0.000000000000000000e+00 3.055177051524965784e-02 0.000000000000000000e+00 2.990673292359245089e-02 0.000000000000000000e+00 2.012834902739145393e-02 1.337014045742477730e+00 5.427842809939744662e+00 2.404006020076695727e+00 3.980763681880873595e+00 8.482656521309177577e-01
-5.092436974789915638e-01 5.447856038326140959e-01 -3.892027496967533778e-02 -4.128307504682543483e-01 2.140319060335841433e-02 -6.212146271142426901e-01 -4.709064124325696571e-02 -3.915376599743157771e-01 3.283306199955392246e-02 0.000000000000000000e+00 3.119402380365727395e-02 0.000000000000000000e+00 3.027451367639453703e-02 0.000000000000000000e+00 2.073879522902601774e-02 1.342883856201207982e+00 5.428895306257795816e+00 2.405123382951495525e+00 3.980509903862239351e+00 8.510318797249830647e-01
-5.142857142857142350e-01 5.450598175487966213e-01 -3.964916085697709619e-02 -4.123337925249628277e-01 2.134286373118242722e-02 -6.222246917737386251e-01 -4.584659779324253004e-02 -3.903788241180279339e-01 3.366796785422626614e-02 0.000000000000000000e+00 3.183730331874742858e-02 0.000000000000000000e+00 3.064205617991100708e-02 0.000000000000000000e+00 2.135135188618889068e-02 1.348723440060158429e+00 5.429889193722166496e+00 2.406229732069583349e+00 3.980307914345228681e+00 8.538542648979177141e-01
-5.193277310924369061e-01 5.453121910816318696e-01 -4.047942757017195664e-02 -4.118871145866669359e-01 2.126370624988318039e-02 -6.232305279632415207e-01 -4.444351423186047173e-02 -3.891986489610241851e-01 3.451958235488207516e-02 0.000000000000000000e+00 3.247031064217709151e-02 0.000000000000000000e+00 3.099259104259467421e-02 0.000000000000000000e+00 2.199284707571490249e-02 1.354511295067508891e+00 5.430584102433500426e+00 2.407330572456423567e+00 3.980229967898039956e+00 8.567350618848028621e-01
-5.243697478991595773e-01 5.455647871267920168e-01 -4.126147934721941662e-02 -4.113971139368152730e-01 2.122455651896603193e-02 -6.242648720112371485e-01 -4.307471190963935159e-02 -3.879921488629847759e-01 3.538258310054802347e-02 0.000000000000000000e+00 3.309772298298347543e-02 0.000000000000000000e+00 3.134455310297165620e-02 0.000000000000000000e+00 2.263310104186839686e-02 1.360298522667474197e+00 5.431289414901708135e+00 2.408441062807369804e+00 3.980171594237178478e+00 8.596683294487579285e-01
-5.294117647058822484e-01 5.458162972286388914e-01 -4.206478789443150734e-02 -4.108612021930311275e-01 2.122418525079946758e-02 -6.253113199302023917e-01 -4.173256629048880534e-02 -3.867963684882891329e-01 3.625972346294237258e-02 0.000000000000000000e+00 3.371913117019411515e-02 0.000000000000000000e+00 3.169602521592092964e-02 0.000000000000000000e+00 2.327339083454630503e-02 1.366107053384544967e+00 5.432101358500485588e+00 2.409596850536753987e+00 3.980090921976488616e+00 8.626523447511386111e-01
-5.344537815126050306e-01 5.460711058267500029e-01 -4.303944311322547428e-02 -4.102456727622892374e-01 2.125361672007251845e-02 -6.263763221632678846e-01 -4.044597071536974037e-02 -3.856478180748482143e-01 3.709212520089773951e-02 0.000000000000000000e+00 3.435158051194028839e-02 0.000000000000000000e+00 3.206550114606802893e-02 0.000000000000000000e+00 2.389352012498796932e-02 1.371991838228025617e+00 5.433197558690102014e+00 2.410778703510473964e+00 3.979868875589521071e+00 8.656039514386660860e-01
-5.394957983193277018e-01 5.463489230977227606e-01 -4.368784289364987389e-02 -4.097078118617833997e-01 2.121799523153995726e-02 -6.274330813908544080e-01 -3.910620351796317840e-02 -3.843880072562395611e-01 3.793214097881792563e-02 0.000000000000000000e+00 3.499344826706984879e-02 0.000000000000000000e+00 3.243444313996522721e-02 0.000000000000000000e+00 2.450312256946070993e-02 1.377809566785576978e+00 5.433911711245645648e+00 2.411855505608166972e+00 3.979804298793613082e+00 8.685892837679597411e-01
-5.445378151260503730e-01 5.466234291351145247e-01 -4.429411400718720471e-02 -4.091507617937633623e-01 2.120633405186549483e-02 -6.284997789228814469e-01 -3.775061762154940936e-02 -3.831115482115355353e-01 3.877092960063786148e-02 0.000000000000000000e+00 3.563235170871001389e-02 0.000000000000000000e+00 3.280055541919638801e-02 0.000000000000000000e+00 2.511852314449915941e-02 1.383609386432508082e+00 5.434535686150320899e+00 2.412920697963107486e+00 3.979803805396084471e+00 8.716351813729327214e-01
-5.495798319327730441e-01 5.468935697124399642e-01 -4.490594234499887399e-02 -4.085657962374957264e-01 2.121842726083114986e-02 -6.295770331017298549e-01 -3.638154460637969129e-02 -3.818302975201912641e-01 3.959823888598220515e-02 0.000000000000000000e+00 3.626845347297351363e-02 0.000000000000000000e+00 3.316742481487444660e-02 0.000000000000000000e+00 2.573909663112732352e-02 1.389399018751991122e+00 5.435113954160628147e+00 2.413980983029595517e+00 3.979845331799248154e+00 8.747239706060425668e-01
-5.546218487394957153e-01 5.471603891003268272e-01 -4.550667124032050509e-02 -4.079562506131211297e-01 2.125230107868893506e-02 -6.306643569267827987e-01 -3.500226625396791330e-02 -3.805405779110846431e-01 4.041680699239617869e-02 0.000000000000000000e+00 3.690214263343558065e-02 0.000000000000000000e+00 3.353495586482879015e-02 0.000000000000000000e+00 2.636103464857822432e-02 1.395187683020088887e+00 5.435649107486938192e+00 2.415030641422370561e+00 3.979925366668047193e+00 8.778563372637374629e-01
-5.596638655462183864e-01 5.474255469523431339e-01 -4.606603584454457834e-02 -4.073204823281022513e-01 2.130188215668697010e-02 -6.317700723861323642e-01 -3.360986751169330045e-02 -3.792280004858827325e-01 4.122248818485714505e-02 0.000000000000000000e+00 3.753396762415862203e-02 0.000000000000000000e+00 3.390425132320884494e-02 0.000000000000000000e+00 2.698132962944833207e-02 1.400990139700570403e+00 5.436091628949617949e+00 2.416044507244503148e+00 3.980067290752238751e+00 8.810268128680199817e-01
-5.647058823529411686e-01 5.476892653498141028e-01 -4.649459536936579457e-02 -4.066950679533448687e-01 2.134579163240794483e-02 -6.328858908444545683e-01 -3.217776986596440625e-02 -3.778641229042079552e-01 4.203120963063666782e-02 0.000000000000000000e+00 3.815029901046107508e-02 0.000000000000000000e+00 3.425545334993485014e-02 0.000000000000000000e+00 2.761977383758820390e-02 1.406670455498616468e+00 5.436317595979256900e+00 2.417023238522131301e+00 3.980346044238775249e+00 8.842762880404383408e-01
-5.697478991596638398e-01 5.479377935355623785e-01 -4.700158116397883806e-02 -4.060229421623315904e-01 2.144010187071894447e-02 -6.340136984884297000e-01 -3.073026042170740046e-02 -3.765181784718155122e-01 4.281805772475606037e-02 0.000000000000000000e+00 3.875871578526059874e-02 0.000000000000000000e+00 3.460607912377156731e-02 0.000000000000000000e+00 2.826772566323483213e-02 1.412337427704194015e+00 5.436550689571300055e+00 2.418000742651763346e+00 3.980649860184401589e+00 8.875863910763353015e-01
-5.747899159663865110e-01 5.481772812316358934e-01 -4.755793211014003319e-02 -4.053310401460649692e-01 2.155944302312858690e-02 -6.351350659882976091e-01 -2.925741608732391336e-02 -3.751937825465012644e-01 4.358645462231133805e-02 0.000000000000000000e+00 3.936508789748507930e-02 0.000000000000000000e+00 3.496033094678491215e-02 0.000000000000000000e+00 2.891283911863497258e-02 1.417956372950103905e+00 5.436799151569959854e+00 2.418973265327158284e+00 3.980951156443185202e+00 8.909302523715025846e-01
-5.798319327731091821e-01 5.484168350499616373e-01 -4.810254582648354482e-02 -4.046135159234219847e-01 2.169278124848762757e-02 -6.362686918823016180e-01 -2.779542939608434932e-02 -3.738533536351738573e-01 4.434423865843458573e-02 0.000000000000000000e+00 3.997033211141536729e-02 0.000000000000000000e+00 3.531630293488367822e-02 0.000000000000000000e+00 2.955809813295863162e-02 1.423682400942805737e+00 5.437037401708238349e+00 2.419941337957785876e+00 3.981258801206847942e+00 8.943016175627270803e-01
-5.848739495798318533e-01 5.486547905230075850e-01 -4.860323887333686116e-02 -4.038945680702710761e-01 2.181981526991534290e-02 -6.374016121802777990e-01 -2.632205824823087570e-02 -3.724938792052039926e-01 4.509391361110732382e-02 0.000000000000000000e+00 4.056879111905824231e-02 0.000000000000000000e+00 3.567057585164897654e-02 0.000000000000000000e+00 3.020722152926063123e-02 1.429411852958272666e+00 5.437208182182648564e+00 2.420898691276604175e+00 3.981603556648784181e+00 8.977125003869085296e-01
-5.899159663865545244e-01 5.488866787692100457e-01 -4.911279264184822968e-02 -4.031535474231119354e-01 2.196408499135009407e-02 -6.385394212501248612e-01 -2.483829168525767545e-02 -3.711331724697186640e-01 4.582500519767036817e-02 0.000000000000000000e+00 4.116459870701886375e-02 0.000000000000000000e+00 3.602586872332952384e-02 0.000000000000000000e+00 3.085452893889559581e-02 1.435130007856557866e+00 5.437360430173341364e+00 2.421841236366170769e+00 3.981961582084105444e+00 9.011547212756648717e-01
-5.949579831932771956e-01 5.491149775780156395e-01 -4.961866345589110300e-02 -4.023938868231013988e-01 2.212478630997441811e-02 -6.396809236790206299e-01 -2.334393296297703618e-02 -3.697672953859894585e-01 4.654497633168669379e-02 0.000000000000000000e+00 4.175998816252009249e-02 0.000000000000000000e+00 3.638131298209041492e-02 0.000000000000000000e+00 3.150024358079123871e-02 1.440866891219971802e+00 5.437492711586937588e+00 2.422769887637501451e+00 3.982328330470637834e+00 9.046233179920638579e-01
-5.999999999999999778e-01 5.493399844342966576e-01 -5.011034644585619230e-02 -4.016218441847090870e-01 2.229727340741745334e-02 -6.408233405512406833e-01 -2.183563292437657594e-02 -3.683940831177682229e-01 4.725265966892509134e-02 0.000000000000000000e+00 4.235305499162612258e-02 0.000000000000000000e+00 3.673397049139376369e-02 0.000000000000000000e+00 3.214566650180458729e-02 1.446621087507385051e+00 5.437589343128470531e+00 2.423685985701600654e+00 3.982707270565626345e+00 9.081184561103418096e-01
