0.000000000000000000e+00 -3.316449787100276408e-02 -2.933562779334264112e-02 -4.528193717632873067e-02 -2.155641256813482509e-01
-5.042016806722688510e-03 -3.142569877794346850e-02 -2.938847060496398503e-02 -4.734773763903226546e-02 -2.163238208196751611e-01
-1.008403361344537702e-02 -3.046893580198320808e-02 -2.929094351268324986e-02 -4.853344648543390927e-02 -2.165867159823847699e-01
-1.512605042016806553e-02 -2.991635304682231655e-02 -2.920303638705952845e-02 -4.922790114734310052e-02 -2.166948036636137387e-01
-2.016806722689075404e-02 -2.959077783743400969e-02 -2.914530971477425486e-02 -4.963760778634423304e-02 -2.167479146913163790e-01
-2.521008403361344255e-02 -2.939516996733457579e-02 -2.911204952511636107e-02 -4.988228624550605783e-02 -2.167800183384685497e-01
-3.025210084033613106e-02 -2.927604053626103875e-02 -2.909394240729279435e-02 -5.003075901131013442e-02 -2.168031885810610404e-01
-3.529411764705882304e-02 -2.920104278841505197e-02 -2.908164592233297013e-02 -5.012707865400625046e-02 -2.168221795226187854e-01
-4.033613445378150808e-02 -2.915354983774819109e-02 -2.907514918494626469e-02 -5.018888496410889993e-02 -2.168390214991198772e-01
-4.537815126050419312e-02 -2.912384775365990663e-02 -2.907369753259912704e-02 -5.022764927272040103e-02 -2.168557430877547654e-01
-5.042016806722688510e-02 -2.910831663790357238e-02 -2.907614602151097419e-02 -5.024725416399881961e-02 -2.168706061823158504e-01
-5.546218487394957708e-02 -2.910086315119220571e-02 -2.908048818944444433e-02 -5.025646996216310419e-02 -2.168849706321393511e-01
-6.050420168067226212e-02 -2.909729361668051892e-02 -2.908469653146032383e-02 -5.026157402254728679e-02 -2.168989654728639138e-01
-6.554621848739494716e-02 -2.909643104902736449e-02 -2.908892991295446498e-02 -5.026359650938323764e-02 -2.169126321621773767e-01
-7.058823529411764608e-02 -2.909749737263852068e-02 -2.909333387699178028e-02 -5.026320637217449039e-02 -2.169260607190100221e-01
-7.563025210084033112e-02 -2.909982177276076304e-02 -2.909766093885544566e-02 -5.026133474573481891e-02 -2.169392924147019730e-01
-8.067226890756301616e-02 -2.910293119851230584e-02 -2.910179239991583094e-02 -5.025858434938032526e-02 -2.169523643839128269e-01
-8.571428571428570120e-02 -2.910646014893975009e-02 -2.910564385237496970e-02 -5.025541430554317929e-02 -2.169653099609537561e-01
-9.075630252100838624e-02 -2.911021800786450092e-02 -2.910916523685259591e-02 -5.025199779883142426e-02 -2.169780081598495780e-01
-9.579831932773108516e-02 -2.911434016852422479e-02 -2.911217165720213218e-02 -5.024848778747650208e-02 -2.169906705711075467e-01
-1.008403361344537702e-01 -2.911883215679738485e-02 -2.911488702888027913e-02 -5.024465878679399561e-02 -2.170033373509107077e-01
-1.058823529411764552e-01 -2.912327725590008881e-02 -2.911734405782638591e-02 -5.024107759923677335e-02 -2.170163851793437682e-01
-1.109243697478991542e-01 -2.912767162768434975e-02 -2.911968359837632109e-02 -5.023713341820777722e-02 -2.170288832260358902e-01
-1.159663865546218392e-01 -2.913179521923286303e-02 -2.912211255622307315e-02 -5.023326954466221517e-02 -2.170417096685711700e-01
-1.210084033613445242e-01 -2.913570428596409800e-02 -2.912384214786044312e-02 -5.023008291506571993e-02 -2.170546048030499442e-01
-1.260504201680672232e-01 -2.913943238600018651e-02 -2.912452355911065993e-02 -5.022787957813421023e-02 -2.170675628918855848e-01
-1.310924369747898943e-01 -2.914259178977098713e-02 -2.912705481328438373e-02 -5.022426006757884503e-02 -2.170808970850995057e-01
-1.361344537815125932e-01 -2.914436270744311455e-02 -2.913095509439324327e-02 -5.022071610191079089e-02 -2.170949955675362253e-01
-1.411764705882352922e-01 -2.914634782825559212e-02 -2.913261946402533747e-02 -5.021901503172651604e-02 -2.171093508044246445e-01
-1.462184873949579633e-01 -2.914854866314795651e-02 -2.913294690365739875e-02 -5.021814901711644380e-02 -2.171237489285086919e-01
-1.512605042016806622e-01 -2.915107069036753512e-02 -2.913265370133854421e-02 -5.021736693604091778e-02 -2.171383735866382891e-01
-1.563025210084033334e-01 -2.915395709282160228e-02 -2.913177099246070170e-02 -5.021660250387563473e-02 -2.171532625806660011e-01
-1.613445378151260323e-01 -2.915707588400765979e-02 -2.913055230012174049e-02 -5.021573962168293659e-02 -2.171684546563909246e-01
-1.663865546218487312e-01 -2.916046273371373024e-02 -2.912946382980862586e-02 -5.021428728958451243e-02 -2.171840106378307989e-01
-1.714285714285714024e-01 -2.916399122020817830e-02 -2.912837892432110568e-02 -5.021255460701923301e-02 -2.172000790770451661e-01
-1.764705882352941013e-01 -2.916904182103711995e-02 -2.913056300742454530e-02 -5.020993521631833545e-02 -2.172257992726138176e-01
-1.815126050420167725e-01 -2.917157276649110995e-02 -2.913771114734358542e-02 -5.020098968324769595e-02 -2.172442377321415208e-01
-1.865546218487394714e-01 -2.917456221068754491e-02 -2.914120084285449358e-02 -5.019500137830674308e-02 -2.172630012339533678e-01
-1.915966386554621703e-01 -2.917834623212184689e-02 -2.914169352149056924e-02 -5.019130020216895638e-02 -2.172827339017141812e-01
-1.966386554621848415e-01 -2.918178391016372497e-02 -2.914049542830122325e-02 -5.018910778432309622e-02 -2.173022640946964401e-01
-2.016806722689075404e-01 -2.918542786736894740e-02 -2.913794728348043789e-02 -5.018782762340384673e-02 -2.173221902304730835e-01
-2.067226890756302393e-01 -2.918940599068584746e-02 -2.913450166465554950e-02 -5.018685819030364870e-02 -2.173425051715838774e-01
-2.117647058823529105e-01 -2.919362933694231999e-02 -2.913030656338053137e-02 -5.018612849818011173e-02 -2.173632337243883439e-01
-2.168067226890756094e-01 -2.919894618080469406e-02 -2.912405046715131271e-02 -5.018606273302513021e-02 -2.173841964526034565e-01
-2.218487394957983083e-01 -2.920555967040729464e-02 -2.911509773647460303e-02 -5.018704759125479364e-02 -2.174052211197243234e-01
-2.268907563025209795e-01 -2.921158600718599258e-02 -2.910742013410014609e-02 -5.018692060850896142e-02 -2.174265796911397375e-01
-2.319327731092436784e-01 -2.921780935974973778e-02 -2.910155496627574515e-02 -5.018457079543744981e-02 -2.174486585053197196e-01
-2.369747899159663496e-01 -2.922477752125502218e-02 -2.909492337259878339e-02 -5.018197646267590767e-02 -2.174712068790430053e-01
-2.420168067226890485e-01 -2.923034582832011868e-02 -2.909048941000343808e-02 -5.017830076496793829e-02 -2.174946373684245315e-01
-2.470588235294117474e-01 -2.923494000013285299e-02 -2.908773075874174219e-02 -5.017358115100326726e-02 -2.175189845851696613e-01
-2.521008403361344463e-01 -2.923926725890822059e-02 -2.908263616093980514e-02 -5.017115490411151041e-02 -2.175438103702905246e-01
-2.571428571428571175e-01 -2.924191181301079648e-02 -2.907636747557045334e-02 -5.017087860790927362e-02 -2.175685955781170300e-01
-2.621848739495797886e-01 -2.924475211248619283e-02 -2.906921746773125093e-02 -5.017124530166607033e-02 -2.175947642374027879e-01
-2.672268907563025153e-01 -2.924762863303531982e-02 -2.906215596110080582e-02 -5.017108644722147182e-02 -2.176217663712879391e-01
-2.722689075630251865e-01 -2.925031070211164819e-02 -2.905531079420146934e-02 -5.017045812194467075e-02 -2.176496623580815859e-01
-2.773109243697478576e-01 -2.925288211009093725e-02 -2.904823894134263979e-02 -5.016973806855009460e-02 -2.176784955738893246e-01
-2.823529411764705843e-01 -2.925567701201395310e-02 -2.904075107317979909e-02 -5.016880923306827472e-02 -2.177083137238693400e-01
-2.873949579831932555e-01 -2.925733497072387571e-02 -2.903270027919494303e-02 -5.016658971226550107e-02 -2.177351851778864533e-01
-2.924369747899159266e-01 -2.925958428171457348e-02 -2.902619865174269065e-02 -5.016418567020745206e-02 -2.177667263111239537e-01
-2.974789915966385978e-01 -2.926171212675930666e-02 -2.901908176442440090e-02 -5.016197163868121173e-02 -2.177990166440691433e-01
-3.025210084033613245e-01 -2.926401107383318212e-02 -2.900955595643620044e-02 -5.016143936613293858e-02 -2.178318832254346749e-01
-3.075630252100839956e-01 -2.926657052055560773e-02 -2.899805566237642282e-02 -5.016196883643749688e-02 -2.178652590748865470e-01
-3.126050420168066668e-01 -2.926956317652638917e-02 -2.898390915558977238e-02 -5.016325501195655068e-02 -2.178978508970850492e-01
-3.176470588235293935e-01 -2.927141367923514342e-02 -2.896883350216343522e-02 -5.016631041472348340e-02 -2.179334893996014155e-01
-3.226890756302520646e-01 -2.927252902544492941e-02 -2.895098114925390848e-02 -5.017197015637676200e-02 -2.179687455275383934e-01
-3.277310924369747358e-01 -2.927452873248173604e-02 -2.892973794754731195e-02 -5.017955461487534630e-02 -2.180043128995560742e-01
-3.327731092436974625e-01 -2.927648382138405350e-02 -2.890380139335056719e-02 -5.019112769568946641e-02 -2.180391726199852609e-01
-3.378151260504201336e-01 -2.927696333246832677e-02 -2.887416240169775328e-02 -5.020697927195195281e-02 -2.180743900855548756e-01
-3.428571428571428048e-01 -2.927390862417961551e-02 -2.884383949974759359e-02 -5.022531398501001859e-02 -2.181100000602592404e-01
-3.478991596638655315e-01 -2.926734395280389950e-02 -2.881279060012858703e-02 -5.024703531561128950e-02 -2.181467461792259144e-01
-3.529411764705882026e-01 -2.925818257917271389e-02 -2.878056458458358446e-02 -5.027167544947565986e-02 -2.181822054743468575e-01
-3.579831932773108738e-01 -2.925341425649550728e-02 -2.873311487690468832e-02 -5.030884802879127815e-02 -2.182255871369707667e-01
-3.630252100840335450e-01 -2.925013335323553218e-02 -2.868060630154391569e-02 -5.034940894086492591e-02 -2.182691384543685442e-01
-3.680672268907562716e-01 -2.924816789825281094e-02 -2.863645030833182614e-02 -5.038015093447488491e-02 -2.183136669901594440e-01
-3.731092436974789428e-01 -2.924755439422846437e-02 -2.860233529241551845e-02 -5.039848271838848204e-02 -2.183598252168572063e-01
-3.781512605042016140e-01 -2.924902528815260735e-02 -2.857625409811832481e-02 -5.040548741272752459e-02 -2.184079905447072478e-01
-3.831932773109243406e-01 -2.925058939217347470e-02 -2.855518561110965622e-02 -5.040621710937147337e-02 -2.184582948224064181e-01
-3.882352941176470118e-01 -2.930462771608272066e-02 -2.863521180950327066e-02 -5.032584533627705581e-02 -2.186647986047173531e-01
-3.932773109243696830e-01 -2.930373962527034817e-02 -2.868208629156449724e-02 -5.025780005334623546e-02 -2.187247431370516471e-01
-3.983193277310924096e-01 -2.930247134024824285e-02 -2.869308051636799625e-02 -5.022731402164580528e-02 -2.187850987024643756e-01
-4.033613445378150808e-01 -2.930027781994548261e-02 -2.868772981792024057e-02 -5.021461708443011179e-02 -2.188464525631773627e-01
-4.084033613445377520e-01 -2.929800911421133469e-02 -2.867583649620307137e-02 -5.020831514986702493e-02 -2.189091875522314046e-01
-4.134453781512604786e-01 -2.929815687088846085e-02 -2.866720890917173054e-02 -5.019492518035030548e-02 -2.189735869551175662e-01
-4.184873949579831498e-01 -2.929646611979682888e-02 -2.865169976411306024e-02 -5.018988970495488755e-02 -2.190375853332278966e-01
-4.235294117647058210e-01 -2.929230626596705106e-02 -2.862379494070481714e-02 -5.020075705219045892e-02 -2.191048855722212696e-01
-4.285714285714285476e-01 -2.928900461925821458e-02 -2.859547553966603622e-02 -5.021060299446944430e-02 -2.191733531032158677e-01
-4.336134453781512188e-01 -2.928538995777072926e-02 -2.856683619197242230e-02 -5.022014695220326091e-02 -2.192439429694043040e-01
-4.386554621848738900e-01 -2.928157104661536364e-02 -2.853858431325036540e-02 -5.022866230370862800e-02 -2.193164010226387739e-01
-4.436974789915966166e-01 -2.927773979403648641e-02 -2.851051080485702757e-02 -5.023617970717695475e-02 -2.193907706462375484e-01
-4.487394957983192878e-01 -2.927415957935351060e-02 -2.848251794229936934e-02 -5.024260949917287722e-02 -2.194669397438962499e-01
-4.537815126050419590e-01 -2.926767369788919188e-02 -2.845467814611955804e-02 -5.025009159816427873e-02 -2.195468058641574793e-01
-4.588235294117646301e-01 -2.926335390162830563e-02 -2.842764530325278538e-02 -5.025427779783026710e-02 -2.196272646667595252e-01
-4.638655462184873568e-01 -2.925843412930101417e-02 -2.839938588436631203e-02 -5.025981277871617581e-02 -2.197111031072531140e-01
-4.689075630252100280e-01 -2.925191343142984068e-02 -2.837052626186282317e-02 -5.026587103312315369e-02 -2.197960401905851568e-01
-4.739495798319326991e-01 -2.924478243551581133e-02 -2.834108914865712120e-02 -5.027209428636716243e-02 -2.198837014160446857e-01
-4.789915966386554258e-01 -2.923750938017487255e-02 -2.831023268235219326e-02 -5.027877613943616125e-02 -2.199737368841910568e-01
-4.840336134453780970e-01 -2.923053742700121652e-02 -2.827827500813612921e-02 -5.028502146745691959e-02 -2.200645141787952730e-01
-4.890756302521007681e-01 -2.922168734444812593e-02 -2.825050654536281555e-02 -5.028719943480589732e-02 -2.201585287071922414e-01
-4.941176470588234948e-01 -2.921266966950514243e-02 -2.822347584056462619e-02 -5.028791325419320474e-02 -2.202549394619491008e-01
-4.991596638655461660e-01 -2.920346694717838171e-02 -2.819335106929416607e-02 -5.029149311299130343e-02 -2.203550216159633202e-01
-5.042016806722688926e-01 -2.919398480337683649e-02 -2.815810450790656033e-02 -5.030106917391492793e-02 -2.204555760577727175e-01
-5.092436974789915638e-01 -2.918400712947228498e-02 -2.812373504639815308e-02 -5.030885996571896751e-02 -2.205585089747130190e-01
-5.142857142857142350e-01 -2.917312897517645998e-02 -2.808947062078528956e-02 -5.031610883347658464e-02 -2.206638015488796567e-01
-5.193277310924369061e-01 -2.916104462945615095e-02 -2.805458936787422891e-02 -5.032401782548221597e-02 -2.207715373997148345e-01
-5.243697478991595773e-01 -2.914666792292402997e-02 -2.801859003536529003e-02 -5.033325878638472695e-02 -2.208789478759139724e-01
-5.294117647058822484e-01 -2.913121093501330403e-02 -2.798195996698767465e-02 -5.034370089269078058e-02 -2.209918429742837864e-01
-5.344537815126050306e-01 -2.911490094346096819e-02 -2.794641240373905294e-02 -5.035237201607378060e-02 -2.211071970676413423e-01
-5.394957983193277018e-01 -2.909838050273220317e-02 -2.791097517958914323e-02 -5.036012555341307095e-02 -2.212254745740627193e-01
-5.445378151260503730e-01 -2.908069792227110928e-02 -2.787459319776413799e-02 -5.036889035289782851e-02 -2.213459686227167433e-01
-5.495798319327730441e-01 -2.906216533945716121e-02 -2.783812957321198794e-02 -5.037720534665864058e-02 -2.214690340059446705e-01
-5.546218487394957153e-01 -2.904269453275781787e-02 -2.780121307324645574e-02 -5.038568749033512512e-02 -2.215946607409294833e-01
-5.596638655462183864e-01 -2.902239621313412038e-02 -2.776462839848982400e-02 -5.039316528792182892e-02 -2.217227814903487970e-01
-5.647058823529411686e-01 -2.900083833405769917e-02 -2.772820727572364655e-02 -5.040024143719088606e-02 -2.218535190879010743e-01
-5.697478991596638398e-01 -2.897804188743044809e-02 -2.769101002477063547e-02 -5.040803035193386350e-02 -2.219868172421516350e-01
-5.747899159663865110e-01 -2.895479179968508260e-02 -2.765343146069253535e-02 -5.041534591064453230e-02 -2.221224067369928223e-01
-5.798319327731091821e-01 -2.893017235858233449e-02 -2.761561899916840229e-02 -5.042283758939836852e-02 -2.222601800093383095e-01
-5.848739495798318533e-01 -2.890418600240587943e-02 -2.757774979557749834e-02 -5.043047140823701119e-02 -2.224006197195165513e-01
-5.899159663865545244e-01 -2.887680692209855515e-02 -2.753972682403271061e-02 -5.043815936407857609e-02 -2.225434797659479325e-01
-5.949579831932771956e-01 -2.884820578523195067e-02 -2.750146947779602558e-02 -5.044589183389109471e-02 -2.226886969244818992e-01
-5.999999999999999778e-01 -2.881845071539807651e-02 -2.746307188060953530e-02 -5.045347749138712201e-02 -2.228362232015747568e-01
