0.000000000000000000e+00 5.400372246310100044e-01 2.795761449741292941e-04 -4.781010011250782510e-01 8.461855155180726673e-03 -4.908784156031452683e-01 -4.690577305586788974e-03 -4.886945626254021180e-01 -1.474910555747552753e-04 0.000000000000000000e+00 -2.191230098784219948e-06 0.000000000000000000e+00 1.143564824812857679e-03 0.000000000000000000e+00 -6.587853550043440117e-04 1.000000000000017764e+00 5.331924166793816866e+00 2.358063953293049408e+00 4.092805710012548559e+00 7.838124886383497358e-01
-5.042016806722688510e-03 5.401827819159135124e-01 1.078717221757537550e-03 -4.739541889188135793e-01 1.314537024890435717e-02 -4.931811275136488981e-01 -7.472764115577134464e-03 -4.902698466452127812e-01 -2.458166571296904781e-05 0.000000000000000000e+00 -1.087996668755042401e-04 0.000000000000000000e+00 1.780205238751690275e-03 0.000000000000000000e+00 -1.071154146401472485e-03 1.000171479325157931e+00 5.334604373920423193e+00 2.359657466052057284e+00 4.089979533563655956e+00 7.822662013269098269e-01
-1.008403361344537702e-02 5.402709595509272988e-01 1.855757930201463362e-03 -4.716223320908681238e-01 1.601320594581015846e-02 -4.942148108523542471e-01 -9.250944253055354977e-03 -4.913975021136499088e-01 1.607442559743099361e-04 0.000000000000000000e+00 -2.824475575688870717e-04 0.000000000000000000e+00 2.141993612104566274e-03 0.000000000000000000e+00 -1.359730241865824644e-03 1.000506397143939186e+00 5.336613991282264102e+00 2.361122128308611234e+00 4.087823650659003327e+00 7.808462302179127734e-01
-1.512605042016806553e-02 5.402964074558381791e-01 2.528386645385431383e-03 -4.702953441616652408e-01 1.788607524157619089e-02 -4.945844988965855671e-01 -1.045558090931246638e-02 -4.922829404087162297e-01 3.648997252701002337e-04 0.000000000000000000e+00 -5.013886626169036928e-04 0.000000000000000000e+00 2.347451309980148719e-03 0.000000000000000000e+00 -1.580384702260970078e-03 1.000993033796099940e+00 5.338203598244578352e+00 2.362478461666641216e+00 4.086072500422519127e+00 7.795466164535129749e-01
-2.016806722689075404e-02 5.402696788281547979e-01 3.066988376127453061e-03 -4.695400360447088972e-01 1.919287235986154652e-02 -4.945979741028029286e-01 -1.133319994336953913e-02 -4.930306017971018417e-01 5.657582236225231409e-04 0.000000000000000000e+00 -7.474040618636411783e-04 0.000000000000000000e+00 2.464312637830587144e-03 0.000000000000000000e+00 -1.760321993302059115e-03 1.001619196730480610e+00 5.339565089602128722e+00 2.363764825840405592e+00 4.084556020617227112e+00 7.783203015844709638e-01
-2.521008403361344255e-02 5.402031900758517136e-01 3.511749997042069773e-03 -4.691143119892614011e-01 2.017848230238431309e-02 -4.944300637077134741e-01 -1.199509407285881749e-02 -4.936852665664598905e-01 7.722750408416784564e-04 0.000000000000000000e+00 -1.020131193723905916e-03 0.000000000000000000e+00 2.524284016627284088e-03 0.000000000000000000e+00 -1.908839765933197574e-03 1.002373342846191617e+00 5.340699676530973328e+00 2.365010526271204672e+00 4.083196662924361675e+00 7.771655460712354468e-01
-3.025210084033613106e-02 5.401084131656683773e-01 3.861080646618199764e-03 -4.689061863129978525e-01 2.095015197893906195e-02 -4.941614145430835436e-01 -1.253773600290987097e-02 -4.942642872496468831e-01 9.727734469699928291e-04 0.000000000000000000e+00 -1.305271075557452214e-03 0.000000000000000000e+00 2.550261513640641586e-03 0.000000000000000000e+00 -2.039535213357362032e-03 1.003244714261858128e+00 5.341717209912345332e+00 2.366202077711118346e+00 4.081942928843353968e+00 7.760686666294595026e-01
-3.529411764705882304e-02 5.399932119426841259e-01 4.128755295182429293e-03 -4.688384348378890620e-01 2.158380626469648053e-02 -4.938434721434610819e-01 -1.300398189720690031e-02 -4.947830555086863424e-01 1.164666211108502606e-03 0.000000000000000000e+00 -1.598413731576761110e-03 0.000000000000000000e+00 2.552903949078097392e-03 0.000000000000000000e+00 -2.157520922037763859e-03 1.004223664459526821e+00 5.342644990267483074e+00 2.367347509032883490e+00 4.080766890712726358e+00 7.750218233966513770e-01
-4.033613445378150808e-02 5.398632012153535831e-01 4.326798022260765902e-03 -4.688644283030839466e-01 2.212461090361346125e-02 -4.935063049203710639e-01 -1.341932830539254926e-02 -4.952509680221748867e-01 1.346440765080220495e-03 0.000000000000000000e+00 -1.896661981894226740e-03 0.000000000000000000e+00 2.538397951673314334e-03 0.000000000000000000e+00 -2.266331770991494073e-03 1.005301638969044786e+00 5.343500286027656365e+00 2.368452643732148921e+00 4.079651700909992407e+00 7.740189689362728664e-01
-4.537815126050419312e-02 5.397214850176047518e-01 4.473027991306017387e-03 -4.689573556631908557e-01 2.260232612130259888e-02 -4.931647621038016682e-01 -1.379925626249874082e-02 -4.956747849571127018e-01 1.527860685423837071e-03 0.000000000000000000e+00 -2.199655109779633747e-03 0.000000000000000000e+00 2.513493093380688489e-03 0.000000000000000000e+00 -2.367463654077786497e-03 1.006471126523312831e+00 5.344293979761389757e+00 2.369517455864656341e+00 4.078590609987837290e+00 7.730640534039953105e-01
-5.042016806722688510e-02 5.395707800928379871e-01 4.575059275467578679e-03 -4.691000446846799732e-01 2.303455298410133148e-02 -4.928285392967834411e-01 -1.415300749345590331e-02 -4.960583545912361503e-01 1.709392055350810857e-03 0.000000000000000000e+00 -2.506137301290793824e-03 0.000000000000000000e+00 2.480299035297667612e-03 0.000000000000000000e+00 -2.463125692052802254e-03 1.007724921108176463e+00 5.345027661281565479e+00 2.370546713989595933e+00 4.077576511237798407e+00 7.721557518008180798e-01
-5.546218487394957708e-02 5.394133574953725585e-01 4.627627722330014855e-03 -4.692811130929160357e-01 2.343183343091841814e-02 -4.925027537801034416e-01 -1.448814698306117449e-02 -4.964054868185095448e-01 1.887171968778454580e-03 0.000000000000000000e+00 -2.814113831381984121e-03 0.000000000000000000e+00 2.441293821243206014e-03 0.000000000000000000e+00 -2.553178803792397356e-03 1.009056607056161958e+00 5.345705934144881155e+00 2.371541201677918931e+00 4.076592946771655512e+00 7.712853991098875817e-01
-6.050420168067226212e-02 5.392516892652959859e-01 4.647566311002271355e-03 -4.694883263001001228e-01 2.380582680541083740e-02 -4.921909553785964175e-01 -1.480618180941591262e-02 -4.967214742707964370e-01 2.065100357171100257e-03 0.000000000000000000e+00 -3.124169966609347242e-03 0.000000000000000000e+00 2.399075306286299787e-03 0.000000000000000000e+00 -2.636149138961416116e-03 1.010461532217983294e+00 5.346331583098977269e+00 2.372501049530697514e+00 4.075641820413025584e+00 7.704549511521487926e-01
-6.554621848739494716e-02 5.390866906331238662e-01 4.637840562386572052e-03 -4.697158809767005838e-01 2.416394930639124972e-02 -4.918945776786202706e-01 -1.510706047976408291e-02 -4.970094004072781457e-01 2.241814888221625116e-03 0.000000000000000000e+00 -3.435767774791132888e-03 0.000000000000000000e+00 2.354698793631366041e-03 0.000000000000000000e+00 -2.712961730196064049e-03 1.011934854963461472e+00 5.346908732911782813e+00 2.373427507973113748e+00 4.074719443169846578e+00 7.696610720645690185e-01
-7.058823529411764608e-02 5.389193619015513192e-01 4.604742403998609949e-03 -4.699584343483633186e-01 2.450969384292222067e-02 -4.916156100349114433e-01 -1.539407879974772839e-02 -4.972708990152243658e-01 2.419840040254518827e-03 0.000000000000000000e+00 -3.748063217320735021e-03 0.000000000000000000e+00 2.308440883168980801e-03 0.000000000000000000e+00 -2.784147240183839234e-03 1.013472463678960711e+00 5.347437341895217244e+00 2.374321357260619436e+00 4.073829132489699134e+00 7.689050118510706300e-01
-7.563025210084033112e-02 5.387501482943036768e-01 4.549378556185373554e-03 -4.702124269577390159e-01 2.484595360743058548e-02 -4.913547541618231151e-01 -1.566833149912915182e-02 -4.975079626156403423e-01 2.598854320387205315e-03 0.000000000000000000e+00 -4.060706220401922271e-03 0.000000000000000000e+00 2.261198210774335339e-03 0.000000000000000000e+00 -2.849801119942927449e-03 1.015070590847838572e+00 5.347921386980147851e+00 2.375183348509502856e+00 4.072967379834435242e+00 7.681854431767909386e-01
-8.067226890756301616e-02 5.385794300012184399e-01 4.473312501536534647e-03 -4.704754153726516952e-01 2.517503949390942353e-02 -4.911117197855546235e-01 -1.592957698572884662e-02 -4.977226127877196760e-01 2.778913199081441479e-03 0.000000000000000000e+00 -4.373388383318417560e-03 0.000000000000000000e+00 2.213575294085883861e-03 0.000000000000000000e+00 -2.909876579466172137e-03 1.016725904640630729e+00 5.348362528938175764e+00 2.376014446768987209e+00 4.072133219852480224e+00 7.675012550141711021e-01
-8.571428571428570120e-02 5.384073396923089172e-01 4.376175791465942641e-03 -4.707451862811338761e-01 2.549826023608740833e-02 -4.908858172674033793e-01 -1.617840217233776356e-02 -4.979173505621652951e-01 2.959765372726203686e-03 0.000000000000000000e+00 -4.685747023522954073e-03 0.000000000000000000e+00 2.166257625133800185e-03 0.000000000000000000e+00 -2.964692671166906882e-03 1.018435467727307309e+00 5.348762199087476965e+00 2.376816368287013592e+00 4.071324051908923103e+00 7.668507204555615742e-01
-9.075630252100838624e-02 5.382341990011373367e-01 4.259481794481464849e-03 -4.710204008451395197e-01 2.581613684483629809e-02 -4.906769133355352586e-01 -1.641526612844253566e-02 -4.980931522805395750e-01 3.141979387434440038e-03 0.000000000000000000e+00 -4.997137207628973496e-03 0.000000000000000000e+00 2.119289434549173016e-03 0.000000000000000000e+00 -3.014340868822732410e-03 1.020196803383254025e+00 5.349124614170930769e+00 2.377590272479907174e+00 4.070539813790705175e+00 7.662323227338252440e-01
-9.579831932773108516e-02 5.380614184679058942e-01 4.133125943054192543e-03 -4.712996826645163839e-01 2.613164190841770970e-02 -4.904877995147799430e-01 -1.664142068296691618e-02 -4.982464621248036130e-01 3.327495576674303988e-03 0.000000000000000000e+00 -5.307312946984214796e-03 0.000000000000000000e+00 2.073276565423261796e-03 0.000000000000000000e+00 -3.058478507282617279e-03 1.022007559102511287e+00 5.349452474141452640e+00 2.378333499556559705e+00 4.069781118563028599e+00 7.656500927873033380e-01
-1.008403361344537702e-01 5.378887615763916497e-01 3.994446805849298336e-03 -4.715809336626711201e-01 2.644175750534990404e-02 -4.903170333271958947e-01 -1.685476859866742727e-02 -4.983812237461801575e-01 3.515697613958913576e-03 0.000000000000000000e+00 -5.614780120222855747e-03 0.000000000000000000e+00 2.029684058146010491e-03 0.000000000000000000e+00 -3.097125149050115184e-03 1.023865155342565947e+00 5.349750895251802696e+00 2.379049012096545290e+00 4.069060765287210835e+00 7.650981181981766355e-01
-1.058823529411764552e-01 5.377160891586848512e-01 3.839494995686945807e-03 -4.718640284273673546e-01 2.675130188259927655e-02 -4.901635059651985871e-01 -1.705748858275093691e-02 -4.984984120443725075e-01 3.703913317532162540e-03 0.000000000000000000e+00 -5.920322516262400449e-03 0.000000000000000000e+00 1.988809605601805051e-03 0.000000000000000000e+00 -3.130164887168037334e-03 1.025768046441071668e+00 5.350018660000918302e+00 2.379734124520933136e+00 4.068361139118747083e+00 7.645772992154712400e-01
-1.109243697478991542e-01 5.375438355170760740e-01 3.669540128312779020e-03 -4.721486747601445488e-01 2.706039036904140521e-02 -4.900271188134669442e-01 -1.724932254053662337e-02 -4.985977440880617895e-01 3.890828092221330220e-03 0.000000000000000000e+00 -6.223408878861388764e-03 0.000000000000000000e+00 1.951257461421042512e-03 0.000000000000000000e+00 -3.157786617429412818e-03 1.027714551646568442e+00 5.350254980072268296e+00 2.380386263165914951e+00 4.067683338637007928e+00 7.640871223193870243e-01
-1.159663865546218392e-01 5.373715193556287684e-01 3.483383401682352363e-03 -4.724352369529817852e-01 2.736825007150772010e-02 -4.899041234251635402e-01 -1.742972580567540494e-02 -4.986832574300541499e-01 4.080148471141627035e-03 0.000000000000000000e+00 -6.524173031195601088e-03 0.000000000000000000e+00 1.917219146361107433e-03 0.000000000000000000e+00 -3.179591221558982373e-03 1.029703878852920695e+00 5.350469893908699426e+00 2.381015559302040785e+00 4.067023268130728120e+00 7.636261816187887019e-01
-1.210084033613445242e-01 5.371992998087108395e-01 3.282000701161265094e-03 -4.727233974792081628e-01 2.767487568461768008e-02 -4.897943866944163838e-01 -1.759946941204420037e-02 -4.987550359081432960e-01 4.272225738205488212e-03 0.000000000000000000e+00 -6.822388761889564002e-03 0.000000000000000000e+00 1.887052095373261329e-03 0.000000000000000000e+00 -3.195633005422771414e-03 1.031735015768576291e+00 5.350665197718655008e+00 2.381622918600845296e+00 4.066380081411439029e+00 7.631941751138698882e-01
-1.260504201680672232e-01 5.370272537166527194e-01 3.066412137255934180e-03 -4.730124801777493837e-01 2.798172619704312331e-02 -4.896978889442190064e-01 -1.776004942435841991e-02 -4.988133725730527490e-01 4.464353617533816515e-03 0.000000000000000000e+00 -7.117376898806905550e-03 0.000000000000000000e+00 1.861546721851408889e-03 0.000000000000000000e+00 -3.206628012002996249e-03 1.033806992046972573e+00 5.350842018577735892e+00 2.382208459042928883e+00 4.065753465800726829e+00 7.627908002144466737e-01
-1.310924369747898943e-01 5.368554799891389617e-01 2.837590629885752575e-03 -4.733023527913761130e-01 2.829040017486014053e-02 -4.896140133307694819e-01 -1.791153095714494506e-02 -4.988586473708429558e-01 4.656973501833624150e-03 0.000000000000000000e+00 -7.408571832940699133e-03 0.000000000000000000e+00 1.841145263198395348e-03 0.000000000000000000e+00 -3.212363713100573580e-03 1.035919009840899463e+00 5.351000289100503515e+00 2.382772876604986934e+00 4.065143335962871696e+00 7.624162367017702779e-01
-1.361344537815125932e-01 5.366842564807372540e-01 2.595948931114444493e-03 -4.735941730815688144e-01 2.859745615876322158e-02 -4.895415817822014737e-01 -1.805278944776626468e-02 -4.988908091764990282e-01 4.852830155280939833e-03 0.000000000000000000e+00 -7.696812510954902445e-03 0.000000000000000000e+00 1.825762760262989153e-03 0.000000000000000000e+00 -3.212119477111255710e-03 1.038070660653099608e+00 5.351141696355012911e+00 2.383318533618364210e+00 4.064549064559044744e+00 7.620697238806700691e-01
-1.411764705882352922e-01 5.365131950538555294e-01 2.339841733961517053e-03 -4.738870320924478685e-01 2.890409124854026457e-02 -4.894800188777613248e-01 -1.818390174592565342e-02 -4.989116617695170119e-01 5.052343485522157139e-03 0.000000000000000000e+00 -7.981581645045617360e-03 0.000000000000000000e+00 1.816341797820146715e-03 0.000000000000000000e+00 -3.206694136062138070e-03 1.040261316951519577e+00 5.351274660870066313e+00 2.383846478995941265e+00 4.063972176499353495e+00 7.617513732040375185e-01
-1.462184873949579633e-01 5.363427384010738264e-01 2.068697022034598522e-03 -4.741812876599261761e-01 2.920984961937015886e-02 -4.894285777272759930e-01 -1.830485858957368872e-02 -4.989213839080927082e-01 5.256850445581500060e-03 0.000000000000000000e+00 -8.262671913908168839e-03 0.000000000000000000e+00 1.812934366346197071e-03 0.000000000000000000e+00 -3.194546706020168041e-03 1.042491010075762947e+00 5.351399973709952462e+00 2.384362164693988095e+00 4.063409872576396076e+00 7.614574628512603693e-01
-1.512605042016806622e-01 5.361721281213253087e-01 1.706351938725022459e-03 -4.744753246512330991e-01 2.949123369429700742e-02 -4.893868180544398427e-01 -1.846968273856629261e-02 -4.989327596303065882e-01 5.468041276244734426e-03 0.000000000000000000e+00 -8.534882152335575289e-03 0.000000000000000000e+00 1.834017838347629017e-03 0.000000000000000000e+00 -3.169327003517572513e-03 1.044763405928047284e+00 5.351704770216780815e+00 2.384975498538537408e+00 4.062784728456019678e+00 7.611007348053413502e-01
-1.563025210084033334e-01 5.360028966303708176e-01 1.339670773524015510e-03 -4.747765107583374888e-01 2.976327554465238098e-02 -4.893557104652427325e-01 -1.862693971357733819e-02 -4.989253553166042021e-01 5.688021790879399867e-03 0.000000000000000000e+00 -8.803940948602692607e-03 0.000000000000000000e+00 1.859416746096267687e-03 0.000000000000000000e+00 -3.136582737594083205e-03 1.047077084984940010e+00 5.351995633387384821e+00 2.385579522931807528e+00 4.062169669249160009e+00 7.607678885964637150e-01
-1.613445378151260323e-01 5.358356802507404648e-01 9.689076514042040946e-04 -4.750798888361869032e-01 3.002952641163016481e-02 -4.893368132846039886e-01 -1.877766659523098444e-02 -4.989021891807349784e-01 5.912343007230008718e-03 0.000000000000000000e+00 -9.068003963948849389e-03 0.000000000000000000e+00 1.888624178199357169e-03 0.000000000000000000e+00 -3.098192338580078951e-03 1.049431263860879815e+00 5.352284431151828059e+00 2.386177227239957066e+00 4.061565701290606789e+00 7.604602442125689699e-01
-1.663865546218487312e-01 5.356647124084251699e-01 5.549263186959539238e-04 -4.753909083144796099e-01 3.029115640129769610e-02 -4.893092507488395748e-01 -1.890701047916360303e-02 -4.988866337742356993e-01 6.139631320038208169e-03 0.000000000000000000e+00 -9.332007182270474557e-03 0.000000000000000000e+00 1.927283534735206539e-03 0.000000000000000000e+00 -3.050978368453631951e-03 1.051827363608425214e+00 5.352576576938403718e+00 2.386785127454222444e+00 4.060968161011576427e+00 7.601584965527371507e-01
-1.714285714285714024e-01 5.354847504932134239e-01 1.419152570816132258e-05 -4.757040870290989987e-01 3.054393870716883355e-02 -4.892749230978163388e-01 -1.904187454577465494e-02 -4.988961524551844828e-01 6.353293143432568214e-03 0.000000000000000000e+00 -9.589093150002942281e-03 0.000000000000000000e+00 1.996023182352711037e-03 0.000000000000000000e+00 -2.991739289155256800e-03 1.054271794929127815e+00 5.353067822889604699e+00 2.387438422066880062e+00 4.060270323237526569e+00 7.598047811531997153e-01
-1.764705882352941013e-01 5.352876572675658862e-01 -6.725464415261656666e-04 -4.760374672932978779e-01 3.078743494068406431e-02 -4.892087395763061730e-01 -1.915221448160707440e-02 -4.989477808710152118e-01 6.537888169051166674e-03 0.000000000000000000e+00 -9.851694850506886522e-03 0.000000000000000000e+00 2.085514463214081359e-03 0.000000000000000000e+00 -2.914520130310193496e-03 1.056780774714415783e+00 5.353768656231736145e+00 2.388129127808233942e+00 4.059463544324632522e+00 7.594023971101956372e-01
-1.815126050420167725e-01 5.351000252242332778e-01 -1.300160904245994779e-03 -4.763789812713872807e-01 3.102052726312239453e-02 -4.891784050870957024e-01 -1.927991294888706589e-02 -4.989446548012101967e-01 6.742660947350294712e-03 0.000000000000000000e+00 -1.010901052020746031e-02 0.000000000000000000e+00 2.173106951858083408e-03 0.000000000000000000e+00 -2.829933377538389194e-03 1.059338893500157086e+00 5.354459558212676384e+00 2.388796936836960150e+00 4.058656850102457803e+00 7.590400682504018226e-01
-1.865546218487394714e-01 5.349225611574643935e-01 -1.870895413022329902e-03 -4.767250893035602233e-01 3.125009413090217708e-02 -4.891818305741984507e-01 -1.941899009233838749e-02 -4.988912643918918532e-01 6.969570187342767620e-03 0.000000000000000000e+00 -1.036013388785329663e-02 0.000000000000000000e+00 2.265956614861090387e-03 0.000000000000000000e+00 -2.739987630783315923e-03 1.061938790962191348e+00 5.355139445578172896e+00 2.389436401330297333e+00 4.057854738936319983e+00 7.587252674717435141e-01
-1.915966386554621703e-01 5.347447415729668085e-01 -2.441002908199148540e-03 -4.771165179921303956e-01 3.142884030897334646e-02 -4.891878089175910604e-01 -1.951855635491645674e-02 -4.987974180241965816e-01 7.252169939867570206e-03 0.000000000000000000e+00 -1.060930899742979633e-02 0.000000000000000000e+00 2.354266933638106320e-03 0.000000000000000000e+00 -2.634400590042996950e-03 1.064588293221535586e+00 5.355758661360304096e+00 2.390165946237300165e+00 4.057139237852761759e+00 7.584323331286619840e-01
-1.966386554621848415e-01 5.345721048728039326e-01 -3.007890127319685653e-03 -4.774937251227795443e-01 3.162268449026867101e-02 -4.892168582089558293e-01 -1.961749188837457955e-02 -4.986882881613185492e-01 7.537671720910341967e-03 0.000000000000000000e+00 -1.085337427309674210e-02 0.000000000000000000e+00 2.453303386881418822e-03 0.000000000000000000e+00 -2.519951981913272354e-03 1.067271039676430222e+00 5.356363410029760352e+00 2.390875153476481163e+00 4.056412328123882638e+00 7.581661952572414931e-01
-2.016806722689075404e-01 5.344043447226551891e-01 -3.570675031040017062e-03 -4.778631335299011740e-01 3.182732344854188183e-02 -4.892603671903932860e-01 -1.970944516361138391e-02 -4.985667701543622932e-01 7.825434181477229981e-03 0.000000000000000000e+00 -1.109247305880910368e-02 0.000000000000000000e+00 2.561693499434983690e-03 0.000000000000000000e+00 -2.396331239947045548e-03 1.069977122021857685e+00 5.356953164987499072e+00 2.391562383317554108e+00 4.055678435348641031e+00 7.579293857455440264e-01
-2.067226890756302393e-01 5.342420379107898354e-01 -4.123673392061883401e-03 -4.782280377335611510e-01 3.203998078551756334e-02 -4.893153511153718882e-01 -1.979018825009479926e-02 -4.984320277550355338e-01 8.118295736835699425e-03 0.000000000000000000e+00 -1.132736595531742482e-02 0.000000000000000000e+00 2.679027128507147255e-03 0.000000000000000000e+00 -2.262138548075232243e-03 1.072734196140156859e+00 5.357525098243933748e+00 2.392228148994760328e+00 4.054941120290360246e+00 7.577252754337125973e-01
-2.117647058823529105e-01 5.340843848149785522e-01 -4.670195820865776642e-03 -4.785902193420807915e-01 3.226098933371797373e-02 -4.893788960291503010e-01 -1.985796421218725613e-02 -4.982860384774817075e-01 8.416798348406707639e-03 0.000000000000000000e+00 -1.155847968186357599e-02 0.000000000000000000e+00 2.805267100496015333e-03 0.000000000000000000e+00 -2.117132851189480747e-03 1.075525088978322774e+00 5.358082804969375168e+00 2.392874206321569552e+00 4.054201135963737102e+00 7.575567740547615170e-01
-2.168067226890756094e-01 5.339338356940467323e-01 -5.210489332455638979e-03 -4.789552298895817239e-01 3.247156566583583176e-02 -4.894494137374539866e-01 -1.992584752105405060e-02 -4.981245578048062450e-01 8.738385137344420114e-03 0.000000000000000000e+00 -1.178099086478176342e-02 0.000000000000000000e+00 2.941154870289573991e-03 0.000000000000000000e+00 -1.957182954427939044e-03 1.078342446512154718e+00 5.358634625428670972e+00 2.393534647676388794e+00 4.053450596966942321e+00 7.573975644221117021e-01
-2.218487394957983083e-01 5.337844896858380261e-01 -5.762023924923556813e-03 -4.793154159203409925e-01 3.269995043206515295e-02 -4.895233709821560364e-01 -1.997401561463159683e-02 -4.979625311556706291e-01 9.062878819143549772e-03 0.000000000000000000e+00 -1.200121118847590623e-02 0.000000000000000000e+00 3.087890124640194685e-03 0.000000000000000000e+00 -1.785554781021848501e-03 1.081193388359386720e+00 5.359198035441115948e+00 2.394176866615654209e+00 4.052702430636585973e+00 7.572802789614672125e-01
-2.268907563025209795e-01 5.336345146956926744e-01 -6.316940182022463997e-03 -4.796804164395176984e-01 3.294448789693091295e-02 -4.895972558973420430e-01 -1.998824443454342084e-02 -4.977953494915249855e-01 9.391296911976536321e-03 0.000000000000000000e+00 -1.221984055405987875e-02 0.000000000000000000e+00 3.243506050946340195e-03 0.000000000000000000e+00 -1.604045273571458362e-03 1.084077549169608634e+00 5.359767530124314838e+00 2.394783539506708081e+00 4.051991797528659234e+00 7.572252658209577270e-01
-2.319327731092436784e-01 5.334834669544584740e-01 -6.866176234698479278e-03 -4.800566147926739191e-01 3.319233780431982139e-02 -4.896752673878838613e-01 -1.996969867678696428e-02 -4.976121848795206914e-01 9.736352140313214373e-03 0.000000000000000000e+00 -1.243378814378212106e-02 0.000000000000000000e+00 3.405413645289870513e-03 0.000000000000000000e+00 -1.414579999792193706e-03 1.087002397723396685e+00 5.360317968914872999e+00 2.395354937448002985e+00 4.051346681281802198e+00 7.572346880997160579e-01
-2.369747899159663496e-01 5.333333113411430348e-01 -7.433689455092496075e-03 -4.804246246334530901e-01 3.346333466475805846e-02 -4.897638436687652974e-01 -1.993840346930069243e-02 -4.974246058259335079e-01 1.008686838663159190e-02 0.000000000000000000e+00 -1.264081179665984232e-02 0.000000000000000000e+00 3.578637174853367860e-03 0.000000000000000000e+00 -1.212434415874273034e-03 1.089952353323914602e+00 5.360871388611785804e+00 2.395921945642298212e+00 4.050702492202856497e+00 7.572800499689986697e-01
-2.420168067226890485e-01 5.331826241988160131e-01 -8.026643503090152842e-03 -4.807901052465134994e-01 3.374730425761075792e-02 -4.898567677896440986e-01 -1.989122635886027973e-02 -4.972357831920441451e-01 1.044521741714531972e-02 0.000000000000000000e+00 -1.284321563612088497e-02 0.000000000000000000e+00 3.763011537147203586e-03 0.000000000000000000e+00 -9.972048087697896537e-04 1.092937346334625248e+00 5.361442854483963849e+00 2.396487543137695297e+00 4.050065609364688513e+00 7.573594199929619686e-01
-2.470588235294117474e-01 5.330311663479773143e-01 -8.646544403724188560e-03 -4.811551465943490480e-01 3.404214850395274189e-02 -4.899533861638159515e-01 -1.982749352456887604e-02 -4.970448556007596164e-01 1.081130041691888595e-02 0.000000000000000000e+00 -1.304079243792753348e-02 0.000000000000000000e+00 3.958057337481714517e-03 0.000000000000000000e+00 -7.682265078238272602e-04 1.095961490549699935e+00 5.362032391822372013e+00 2.397055119195943274e+00 4.049435738074068425e+00 7.574708157619374216e-01
-2.521008403361344463e-01 5.328790158790760456e-01 -9.293968236708072955e-03 -4.815201839593085675e-01 3.434647304819534591e-02 -4.900541702915273135e-01 -1.974829402068184817e-02 -4.968508291436748436e-01 1.118626797999898795e-02 0.000000000000000000e+00 -1.323415184387279411e-02 0.000000000000000000e+00 4.164085474409325721e-03 0.000000000000000000e+00 -5.249830833620787668e-04 1.099040320140474147e+00 5.362631496693979649e+00 2.397629166491818786e+00 4.048813143740885856e+00 7.576112477495324793e-01
-2.571428571428571175e-01 5.327278105591841673e-01 -9.976069050126368937e-03 -4.818876782425240979e-01 3.465556703019831430e-02 -4.901569087102912170e-01 -1.965869219823251218e-02 -4.966529132406647395e-01 1.156209984695540614e-02 0.000000000000000000e+00 -1.342610717922803655e-02 0.000000000000000000e+00 4.380216945575246719e-03 0.000000000000000000e+00 -2.628818716324225627e-04 1.102148474929854904e+00 5.363228313074236198e+00 2.398223738648844972e+00 4.048158345133432867e+00 7.577673800963827810e-01
-2.621848739495797886e-01 5.325807971364118210e-01 -1.066691013286761615e-02 -4.822557700362703481e-01 3.497279629119165456e-02 -4.902650692753869333e-01 -1.955589184109905038e-02 -4.964451898228804394e-01 1.193494554340769273e-02 0.000000000000000000e+00 -1.361787281783580737e-02 0.000000000000000000e+00 4.603406688185761840e-03 0.000000000000000000e+00 1.844804830331692310e-05 1.105302184187644476e+00 5.363779543957091001e+00 2.398826770398540198e+00 4.047478286201792841e+00 7.579464057442353297e-01
-2.672268907563025153e-01 5.324191408268257319e-01 -1.139268025243791484e-02 -4.826227949051069555e-01 3.532833230297166560e-02 -4.903765517871160329e-01 -1.940560553702398716e-02 -4.962519427747351108e-01 1.234282848917980444e-02 0.000000000000000000e+00 -1.378823209091865377e-02 0.000000000000000000e+00 4.837481154819260956e-03 0.000000000000000000e+00 2.978673728978353851e-04 1.108520171304960167e+00 5.364517431939539449e+00 2.399376206120726440e+00 4.046974903176034921e+00 7.582162325524031132e-01
-2.722689075630251865e-01 5.322569723398278274e-01 -1.213673985797807282e-02 -4.829928373897552918e-01 3.569590235975970971e-02 -4.904953085549737524e-01 -1.924369326796899690e-02 -4.960498561969668985e-01 1.276907966610629774e-02 0.000000000000000000e+00 -1.395157679143384233e-02 0.000000000000000000e+00 5.081950854975914728e-03 0.000000000000000000e+00 5.916544565141534625e-04 1.111787981560886873e+00 5.365291999195177297e+00 2.399933766602967644e+00 4.046491207886977470e+00 7.585212844152821043e-01
-2.773109243697478576e-01 5.320944404765612923e-01 -1.290568028588769296e-02 -4.833683421222093601e-01 3.606902311130988359e-02 -4.906180440227926320e-01 -1.907107153863632845e-02 -4.958406250894607514e-01 1.321353706270740787e-02 0.000000000000000000e+00 -1.410907105928842740e-02 0.000000000000000000e+00 5.336724507888680052e-03 0.000000000000000000e+00 9.023108419018934954e-04 1.115130520889295207e+00 5.366098898925427463e+00 2.400514102114392756e+00 4.046017497524908357e+00 7.588512117047989669e-01
-2.823529411764705843e-01 5.319322361083945738e-01 -1.369827368517458066e-02 -4.837531634508600020e-01 3.644330295220734456e-02 -4.907441424657082440e-01 -1.888813942011019487e-02 -4.956213738762557663e-01 1.367593417787500189e-02 0.000000000000000000e+00 -1.426065386827882545e-02 0.000000000000000000e+00 5.601485420971403367e-03 0.000000000000000000e+00 1.230587775661524377e-03 1.118518883300565481e+00 5.366939747290203400e+00 2.401122204620059986e+00 4.045546677446714590e+00 7.592044322507758292e-01
-2.873949579831932555e-01 5.317712941990839770e-01 -1.449991785854179253e-02 -4.841458627973606044e-01 3.682052577835280560e-02 -4.908781428406497338e-01 -1.869472522924804994e-02 -4.953871461191788339e-01 1.415821873228257331e-02 0.000000000000000000e+00 -1.440550600633479401e-02 0.000000000000000000e+00 5.874280198152748503e-03 0.000000000000000000e+00 1.576585147620937315e-03 1.121941304040957821e+00 5.367809450327408527e+00 2.401749403972906816e+00 4.045089449718621388e+00 7.595908752049881363e-01
-2.924369747899159266e-01 5.316122867836613475e-01 -1.530461320594093781e-02 -4.845284314845108020e-01 3.722183414041436295e-02 -4.910270860351652611e-01 -1.849240477185967041e-02 -4.951460986979445145e-01 1.465598331984460309e-02 0.000000000000000000e+00 -1.454162499064372976e-02 0.000000000000000000e+00 6.155189904534803975e-03 0.000000000000000000e+00 1.941498503548607377e-03 1.125367473402204110e+00 5.368694650449935324e+00 2.402393308014157292e+00 4.044660413363647677e+00 7.600150951923780873e-01
-2.974789915966385978e-01 5.314557135897618467e-01 -1.608956967983422512e-02 -4.849088344163307029e-01 3.764416275508534332e-02 -4.911975758273464665e-01 -1.826908750767684483e-02 -4.948825636148527218e-01 1.516702654108193285e-02 0.000000000000000000e+00 -1.466742319401747978e-02 0.000000000000000000e+00 6.441285918999071873e-03 0.000000000000000000e+00 2.319796508689820572e-03 1.128828913290581104e+00 5.369564786550827584e+00 2.403020048545863929e+00 4.044300494938001478e+00 7.604989451637976794e-01
-3.025210084033613245e-01 5.313038642894621910e-01 -1.683961627815568768e-02 -4.852942898414065453e-01 3.807356065745071128e-02 -4.913836749204494314e-01 -1.802422596720197265e-02 -4.945913711791070644e-01 1.569566984222324491e-02 0.000000000000000000e+00 -1.478500352172293190e-02 0.000000000000000000e+00 6.731870692331169866e-03 0.000000000000000000e+00 2.712865893645746446e-03 1.132359933719739864e+00 5.370412273595562169e+00 2.403623945733320166e+00 4.044018190091960285e+00 7.610464326509168709e-01
-3.075630252100839956e-01 5.311554364592414590e-01 -1.755330649416192088e-02 -4.856832130718101714e-01 3.851490682257747988e-02 -4.915885945760702924e-01 -1.775583667275897753e-02 -4.942695105665256272e-01 1.623926211610266651e-02 0.000000000000000000e+00 -1.489230694024115502e-02 0.000000000000000000e+00 7.028530736967581426e-03 0.000000000000000000e+00 3.115746514164428448e-03 1.135902330606515687e+00 5.371225909717794345e+00 2.404179641872696394e+00 4.043816116572357622e+00 7.616730571978963527e-01
-3.126050420168066668e-01 5.310105334555618173e-01 -1.821203473781937698e-02 -4.860700328175662221e-01 3.897354253626432452e-02 -4.918225914759107309e-01 -1.745620437049826348e-02 -4.939082038664289742e-01 1.679393064497829158e-02 0.000000000000000000e+00 -1.498664924547879473e-02 0.000000000000000000e+00 7.329062426918484842e-03 0.000000000000000000e+00 3.524110665895172339e-03 1.139513639011052515e+00 5.371963327324971615e+00 2.404649546480100319e+00 4.043736238775422542e+00 7.623933658152352022e-01
-3.176470588235293935e-01 5.308705198871336295e-01 -1.867953105741412823e-02 -4.864457566508452735e-01 3.944811117742914874e-02 -4.921629039944241391e-01 -1.706781976225059394e-02 -4.934137912500466405e-01 1.733465927225737516e-02 0.000000000000000000e+00 -1.505769268140888864e-02 0.000000000000000000e+00 7.622215742667796078e-03 0.000000000000000000e+00 3.911504469626427699e-03 1.143217342848219964e+00 5.372259370936634859e+00 2.404764591761916925e+00 4.044005080104946082e+00 7.632784611658771645e-01
-3.226890756302520646e-01 5.307457093303135087e-01 -1.895210465807626796e-02 -4.867832109419021336e-01 3.994117951840597813e-02 -4.926269816271001689e-01 -1.656522147474202497e-02 -4.927782802549511287e-01 1.782522464288666814e-02 0.000000000000000000e+00 -1.510926441628656670e-02 0.000000000000000000e+00 7.922864899745384049e-03 0.000000000000000000e+00 4.286479610147332121e-03 1.147071222548456948e+00 5.371888895773586192e+00 2.404475591313851801e+00 4.044597913499162090e+00 7.642756614449486285e-01
-3.277310924369747358e-01 5.306246089135511212e-01 -1.955051064419912124e-02 -4.871128729151008585e-01 4.045441082754547280e-02 -4.929231600158227589e-01 -1.610051405557874973e-02 -4.923579063511459020e-01 1.831431975513584179e-02 0.000000000000000000e+00 -1.517582212394343565e-02 0.000000000000000000e+00 8.267564594191091978e-03 0.000000000000000000e+00 4.743006194385954513e-03 1.150858638861887995e+00 5.372093455940992079e+00 2.404704730778752797e+00 4.044767081985608748e+00 7.651566170718161475e-01
-3.327731092436974625e-01 5.305338933971616155e-01 -1.977925020235098141e-02 -4.874199568099563673e-01 4.094815483261775996e-02 -4.933949763759432061e-01 -1.555552116356156631e-02 -4.916933820724700421e-01 1.874976833610939378e-02 0.000000000000000000e+00 -1.524252340646712472e-02 0.000000000000000000e+00 8.607307564159512314e-03 0.000000000000000000e+00 5.176704633173735519e-03 1.154673826587753860e+00 5.371309368139225882e+00 2.404430700338072935e+00 4.045213318465576968e+00 7.662146776699669815e-01
-3.378151260504201336e-01 5.304446821436421544e-01 -2.015841927512477746e-02 -4.877086448975272992e-01 4.145802437812202285e-02 -4.938014012053701940e-01 -1.497765747136354554e-02 -4.911201122213715298e-01 1.917880784913896658e-02 0.000000000000000000e+00 -1.530707135327491822e-02 0.000000000000000000e+00 8.982366964248084465e-03 0.000000000000000000e+00 5.645593715648753765e-03 1.158579880994248246e+00 5.370648947782098226e+00 2.404311106345504268e+00 4.045561448796888726e+00 7.672518461590029926e-01
-3.428571428571428048e-01 5.303455742862208666e-01 -2.074370875827813085e-02 -4.879923759371991854e-01 4.200024577388244279e-02 -4.941207263710145625e-01 -1.440878489218334890e-02 -4.906710800799917727e-01 1.964000028016055222e-02 0.000000000000000000e+00 -1.535852857216666971e-02 0.000000000000000000e+00 9.389224243263501191e-03 0.000000000000000000e+00 6.148992336687263832e-03 1.162470556141105726e+00 5.370465178793392802e+00 2.404440281166862370e+00 4.045814773023475475e+00 7.682854013620205036e-01
-3.478991596638655315e-01 5.302611628120823539e-01 -2.107646837194866729e-02 -4.882545286165037024e-01 4.254016403132875740e-02 -4.945618227131552969e-01 -1.383760872503400803e-02 -4.900619188011812732e-01 2.012481883302655317e-02 0.000000000000000000e+00 -1.540169501842062957e-02 0.000000000000000000e+00 9.805243680469475850e-03 0.000000000000000000e+00 6.625178889579481922e-03 1.166395661134087991e+00 5.369850405504355884e+00 2.404281533331732668e+00 4.046308910556593474e+00 7.695014303008791412e-01
-3.529411764705882026e-01 5.301676280411535824e-01 -2.152858586205282435e-02 -4.885073190233107376e-01 4.311306179977924397e-02 -4.949621323122872507e-01 -1.323512534425583427e-02 -4.895172165694492983e-01 2.063872124641660463e-02 0.000000000000000000e+00 -1.542467715429434762e-02 0.000000000000000000e+00 1.024992382688218705e-02 0.000000000000000000e+00 7.118851943556824512e-03 1.170369216595312345e+00 5.369489844142499635e+00 2.404201862374763632e+00 4.046874044120543523e+00 7.707511186039823770e-01
-3.579831932773108738e-01 5.300610304334862910e-01 -2.225783244836482613e-02 -4.887883589146367891e-01 4.369300549473170009e-02 -4.952310609891054649e-01 -1.264987905840820638e-02 -4.891299560831967042e-01 2.118314258618803764e-02 0.000000000000000000e+00 -1.543575349807463186e-02 0.000000000000000000e+00 1.071999764366947383e-02 0.000000000000000000e+00 7.666664325190248978e-03 1.174371279204768914e+00 5.369790805244471166e+00 2.404493568473662801e+00 4.047242454065111517e+00 7.719467964816740801e-01
-3.630252100840335450e-01 5.299556779264763540e-01 -2.259037552512459246e-02 -4.890470689118183722e-01 4.428646166068313933e-02 -4.957059503465185424e-01 -1.206686508688293614e-02 -4.884852418493979553e-01 2.183264798608729532e-02 0.000000000000000000e+00 -1.541018403784317342e-02 0.000000000000000000e+00 1.118359351475146229e-02 0.000000000000000000e+00 8.136543476022802326e-03 1.178438140431641523e+00 5.369656843398531443e+00 2.404250705515004860e+00 4.048244477546148801e+00 7.734667561973070926e-01
-3.680672268907562716e-01 5.298466930882198556e-01 -2.305325272907686115e-02 -4.892929023603572181e-01 4.491744364192875455e-02 -4.961365549186331214e-01 -1.142597042422572803e-02 -4.879091325552934455e-01 2.245585575036747675e-02 0.000000000000000000e+00 -1.537164676115013347e-02 0.000000000000000000e+00 1.167060393834873193e-02 0.000000000000000000e+00 8.643194897185754386e-03 1.182593983818319483e+00 5.369680401426097482e+00 2.404067278074144998e+00 4.049251464362944475e+00 7.749859156062445242e-01
-3.731092436974789428e-01 5.297609871347880306e-01 -2.373584349259371187e-02 -4.895008774002340135e-01 4.554968330577049973e-02 -4.964654190038245152e-01 -1.075209021026623905e-02 -4.874842177879625260e-01 2.302306259852607978e-02 0.000000000000000000e+00 -1.531893853556817384e-02 0.000000000000000000e+00 1.221259159494303068e-02 0.000000000000000000e+00 9.243907522012010866e-03 1.186893236940054441e+00 5.369822909057976545e+00 2.404257139724335968e+00 4.049955611384839393e+00 7.762702079301836422e-01
-3.781512605042016140e-01 5.297095806399700901e-01 -2.477510603621172966e-02 -4.896520896256695843e-01 4.614855297775336679e-02 -4.966395416844143762e-01 -1.008729208194405168e-02 -4.873153533325590425e-01 2.356426371978236761e-02 0.000000000000000000e+00 -1.523797999545144569e-02 0.000000000000000000e+00 1.284182928249277475e-02 0.000000000000000000e+00 9.981641935833056312e-03 1.191417322539978230e+00 5.370367166472896692e+00 2.405200935154365727e+00 4.050153537768562018e+00 7.770655303671649694e-01
-3.831932773109243406e-01 5.296545983445886119e-01 -2.565612357141592789e-02 -4.898544529442578344e-01 4.671274959862180970e-02 -4.969029733492325573e-01 -9.535716165375495920e-03 -4.869739107759603058e-01 2.418625793757418069e-02 0.000000000000000000e+00 -1.515221391792861277e-02 0.000000000000000000e+00 1.348004287761996392e-02 0.000000000000000000e+00 1.069132074437266662e-02 1.195972694740585540e+00 5.370874682988834081e+00 2.405967102859980056e+00 4.050271986094252874e+00 7.780640861059467950e-01
-3.882352941176470118e-01 5.296019681485965025e-01 -2.647923605345953862e-02 -4.900959357591682108e-01 4.727472207162880524e-02 -4.971903770205045592e-01 -8.986341711434083640e-03 -4.865536745986406286e-01 2.481864865716615701e-02 0.000000000000000000e+00 -1.506426618828082993e-02 0.000000000000000000e+00 1.413200350418001607e-02 0.000000000000000000e+00 1.140666457359141954e-02 1.200546057570724301e+00 5.371337528387607030e+00 2.406652593927589567e+00 4.050403931043796923e+00 7.791813018961549764e-01
-3.932773109243696830e-01 5.295526982531952864e-01 -2.726404857750265934e-02 -4.903687733200204901e-01 4.784114859558932786e-02 -4.974912452993103251e-01 -8.411589442929018681e-03 -4.860781934494786682e-01 2.545361136843455815e-02 0.000000000000000000e+00 -1.497202090019664027e-02 0.000000000000000000e+00 1.479613564024129246e-02 0.000000000000000000e+00 1.213371888179887344e-02 1.205020395646226872e+00 5.371751396281752022e+00 2.407283773467127297e+00 4.050583032209865486e+00 7.804027726904565476e-01
-3.983193277310924096e-01 5.295100994202521782e-01 -2.804179823127287557e-02 -4.906462875447767935e-01 4.840653779549446839e-02 -4.978107092181824345e-01 -7.847109941654698342e-03 -4.855693668454382217e-01 2.609358660269356367e-02 0.000000000000000000e+00 -1.486813809032150498e-02 0.000000000000000000e+00 1.548134832297572497e-02 0.000000000000000000e+00 1.287876413553923523e-02 1.209583264584537687e+00 5.372168073742798811e+00 2.407908491175304366e+00 4.050755077748861233e+00 7.816636382496627844e-01
-4.033613445378150808e-01 5.294759308901642036e-01 -2.878462218931090652e-02 -4.909358256163591228e-01 4.896420526724549332e-02 -4.981478239002574138e-01 -7.284760203288900837e-03 -4.850157851101355444e-01 2.673772114880366632e-02 0.000000000000000000e+00 -1.475204344499107291e-02 0.000000000000000000e+00 1.618523076519072165e-02 0.000000000000000000e+00 1.364167480729563606e-02 1.214188197586961948e+00 5.372526925177392165e+00 2.408499646416039752e+00 4.050942004748289804e+00 7.829827215158039477e-01
-4.084033613445377520e-01 5.294499055076917760e-01 -2.944059397910086043e-02 -4.912271828690304432e-01 4.953091463487204610e-02 -4.985134200429222617e-01 -6.714989022446004457e-03 -4.844093664389262921e-01 2.741303028718439921e-02 0.000000000000000000e+00 -1.462850020705523668e-02 0.000000000000000000e+00 1.690438360033408305e-02 0.000000000000000000e+00 1.441789037271497785e-02 1.218783945699403404e+00 5.372807975029680883e+00 2.409044108447073285e+00 4.051169930310571488e+00 7.844302235656011035e-01
-4.134453781512604786e-01 5.294155176087167458e-01 -3.017161952571780284e-02 -4.915081339195198629e-01 5.012288366855290056e-02 -4.988708499587298228e-01 -6.111188423241246774e-03 -4.838221364860219031e-01 2.812445486158766245e-02 0.000000000000000000e+00 -1.450346743888291171e-02 0.000000000000000000e+00 1.764848923625030735e-02 0.000000000000000000e+00 1.521417620042490697e-02 1.223415365804781718e+00 5.373161832176671204e+00 2.409656406548962515e+00 4.051419641980943176e+00 7.859417102278429823e-01
-4.184873949579831498e-01 5.293765157989280823e-01 -3.095613485829682571e-02 -4.917871043015976107e-01 5.072260053946449354e-02 -4.992273736854186406e-01 -5.482044503765065406e-03 -4.832359766201005380e-01 2.884585715071492917e-02 0.000000000000000000e+00 -1.437006474886910225e-02 0.000000000000000000e+00 1.841379594940110651e-02 0.000000000000000000e+00 1.602618784839097282e-02 1.228079006336589174e+00 5.373552649691440308e+00 2.410282348097323002e+00 4.051707777196025262e+00 7.875001803995725913e-01
-4.235294117647058210e-01 5.293341337829713389e-01 -3.180581907734571223e-02 -4.920743781237091885e-01 5.132273994991313343e-02 -4.995757697679738540e-01 -4.835242835932710218e-03 -4.826498168302612579e-01 2.956267059606828077e-02 0.000000000000000000e+00 -1.422496670186408456e-02 0.000000000000000000e+00 1.920133060261575153e-02 0.000000000000000000e+00 1.685458225895895834e-02 1.232787679373156475e+00 5.373983266167560835e+00 2.410918356274496688e+00 4.052013136190462106e+00 7.890780286744022431e-01
-4.285714285714285476e-01 5.292972561070603543e-01 -3.259447835780011210e-02 -4.923756772835805040e-01 5.192323565368362620e-02 -4.999422153555453385e-01 -4.191693642225998752e-03 -4.820112761000134860e-01 3.029883009891853538e-02 0.000000000000000000e+00 -1.406795657727862373e-02 0.000000000000000000e+00 2.000476708338115583e-02 0.000000000000000000e+00 1.769095461223415058e-02 1.237509577991592558e+00 5.374362334497330806e+00 2.411490364586985624e+00 4.052338121684458727e+00 7.907604914926801287e-01
-4.336134453781512188e-01 5.292650968571755987e-01 -3.332648605753159993e-02 -4.926746988535088967e-01 5.253300741246260536e-02 -5.003327523550150646e-01 -3.540291491714435759e-03 -4.813308885063548592e-01 3.105502907714515273e-02 0.000000000000000000e+00 -1.389902926049119310e-02 0.000000000000000000e+00 2.082627666143559153e-02 0.000000000000000000e+00 1.853492364101035419e-02 1.242250389643616115e+00 5.374708113078830785e+00 2.412010117464274739e+00 4.052735036255593393e+00 7.925546025533306560e-01
-4.386554621848738900e-01 5.292408219493237587e-01 -3.390498261226869425e-02 -4.929494617508516363e-01 5.317489280900510734e-02 -5.007813097391115020e-01 -2.873730416524715447e-03 -4.805747977158716377e-01 3.181713586994953935e-02 0.000000000000000000e+00 -1.372646165463295258e-02 0.000000000000000000e+00 2.165248360284337606e-02 0.000000000000000000e+00 1.938467756138374104e-02 1.246996246933892438e+00 5.374865471965629027e+00 2.412344952342802884e+00 4.053248449723722224e+00 7.945553177364191866e-01
-4.436974789915966166e-01 5.292134462440777343e-01 -3.454582009471214576e-02 -4.932220612608921861e-01 5.382445283218580123e-02 -5.012095448579459989e-01 -2.162709408826128405e-03 -4.798354699852179772e-01 3.256933400860700933e-02 0.000000000000000000e+00 -1.354250837171514475e-02 0.000000000000000000e+00 2.250148401401232123e-02 0.000000000000000000e+00 2.025503528281974441e-02 1.251782035366786561e+00 5.375015404139857012e+00 2.412688994415784105e+00 4.053801792726228648e+00 7.966079155398251288e-01
-4.487394957983192878e-01 5.291854312081870626e-01 -3.521072876567426374e-02 -4.934918633005382915e-01 5.447859610333331826e-02 -5.016311567291260598e-01 -1.419736040091931512e-03 -4.790953242455132099e-01 3.332401372392692490e-02 0.000000000000000000e+00 -1.334770692544602448e-02 0.000000000000000000e+00 2.337119582648055152e-02 0.000000000000000000e+00 2.114296211269342876e-02 1.256605395164038574e+00 5.375147759500098488e+00 2.413036858678362151e+00 4.054404412499119204e+00 7.987236942142179608e-01
-4.537815126050419590e-01 5.291580241427248366e-01 -3.587668300580736797e-02 -4.937541886906400834e-01 5.514001019376528478e-02 -5.020557777038074931e-01 -6.542264360132733856e-04 -4.783454064297890662e-01 3.408623101051238419e-02 0.000000000000000000e+00 -1.314334291707618986e-02 0.000000000000000000e+00 2.426007122241443867e-02 0.000000000000000000e+00 2.204737189061931057e-02 1.261428570103388713e+00 5.375253362179561734e+00 2.413382332837231026e+00 4.055065126014715915e+00 8.009138814147694907e-01
-4.588235294117646301e-01 5.291285351931445113e-01 -3.656423522356367500e-02 -4.940124003415686804e-01 5.580723990542699881e-02 -5.024766202564698858e-01 1.372387381837842572e-04 -4.775923035452295240e-01 3.485548220346163656e-02 0.000000000000000000e+00 -1.292963625723088719e-02 0.000000000000000000e+00 2.516998937911483006e-02 0.000000000000000000e+00 2.296771614519064336e-02 1.266242654909267351e+00 5.375347213461864726e+00 2.413730861549120199e+00 4.055781160601853230e+00 8.031657317869442814e-01
-4.638655462184873568e-01 5.291000278625545006e-01 -3.726993121062401743e-02 -4.942754389575041984e-01 5.647792864777854277e-02 -5.028924965074528242e-01 9.429605412889116535e-04 -4.768261480603807612e-01 3.562687112093743114e-02 0.000000000000000000e+00 -1.270758065728780535e-02 0.000000000000000000e+00 2.610327680290891114e-02 0.000000000000000000e+00 2.391011314927028036e-02 1.271083934006065341e+00 5.375435948764653027e+00 2.414068951257327456e+00 4.056513764477228889e+00 8.054778246325691171e-01
-4.689075630252100280e-01 5.290733871107804465e-01 -3.801386444209472332e-02 -4.945430387539465622e-01 5.714956267459615769e-02 -5.032997082880430462e-01 1.752454339591706396e-03 -4.760518251899145126e-01 3.639867985262158073e-02 0.000000000000000000e+00 -1.247475405021140037e-02 0.000000000000000000e+00 2.706304092755790550e-02 0.000000000000000000e+00 2.487807175480198640e-02 1.276044837457184000e+00 5.375540888303379283e+00 2.414432385778257917e+00 4.057234162458324356e+00 8.078303647053557413e-01
-4.739495798319326991e-01 5.290521571416617608e-01 -3.872700029118776588e-02 -4.948032495102811512e-01 5.782068100023974450e-02 -5.037231600204673532e-01 2.564311326278004722e-03 -4.752492860523205298e-01 3.717984865737401778e-02 0.000000000000000000e+00 -1.223155624038866837e-02 0.000000000000000000e+00 2.804162132742446870e-02 0.000000000000000000e+00 2.586417230371556783e-02 1.281049574371330158e+00 5.375608673216130562e+00 2.414785595850231115e+00 4.057998817922179313e+00 8.102463298842824679e-01
-4.789915966386554258e-01 5.290342157870199236e-01 -3.942442103160787026e-02 -4.950572384516923052e-01 5.849310025824498022e-02 -5.041549519403625279e-01 3.386803186229736789e-03 -4.744266492346956854e-01 3.796627901719384912e-02 0.000000000000000000e+00 -1.197787000068826525e-02 0.000000000000000000e+00 2.904036082175673675e-02 0.000000000000000000e+00 2.686779178984473326e-02 1.286079747674230056e+00 5.375640055124311090e+00 2.415130496482398303e+00 4.058809534206695879e+00 8.127266654590998840e-01
-4.840336134453780970e-01 5.290193108150530454e-01 -4.011339494626656871e-02 -4.953029749704441764e-01 5.916728579111093372e-02 -5.045940277341481872e-01 4.219076462355863220e-03 -4.735868859553558075e-01 3.875625239606482475e-02 0.000000000000000000e+00 -1.171315857116948800e-02 0.000000000000000000e+00 3.005990915471913258e-02 0.000000000000000000e+00 2.788972820469369854e-02 1.291158818688443732e+00 5.375640136649566969e+00 2.415471645392787803e+00 4.059660503805533338e+00 8.152694235889906826e-01
-4.890756302521007681e-01 5.290058103978864112e-01 -4.080428433401377813e-02 -4.955436068426810614e-01 5.984352178499897923e-02 -5.050353375270278944e-01 5.063513531990694941e-03 -4.727332689412245825e-01 3.954523809490416431e-02 0.000000000000000000e+00 -1.143740765844842439e-02 0.000000000000000000e+00 3.109929469953093967e-02 0.000000000000000000e+00 2.892995493389032349e-02 1.296275842228067354e+00 5.375609917664479376e+00 2.415806581207453618e+00 4.060543730385396621e+00 8.178769257284036476e-01
-4.941176470588234948e-01 5.289955328923348077e-01 -4.147903488366345287e-02 -4.957732347112411841e-01 6.052111944091929929e-02 -5.054873468560590055e-01 5.916479187215942931e-03 -4.718600975497566630e-01 4.033898025666578929e-02 0.000000000000000000e+00 -1.115068823463534996e-02 0.000000000000000000e+00 3.215980726330231604e-02 0.000000000000000000e+00 2.998756638983191003e-02 1.301461660396040942e+00 5.375541133284305495e+00 2.416136654724038824e+00 4.061479859502698631e+00 8.205467698595811932e-01
-4.991596638655461660e-01 5.289850825462169004e-01 -4.215349400738854779e-02 -4.959966497411313346e-01 6.119871537954387625e-02 -5.059411129777600102e-01 6.786975218853858426e-03 -4.709736740224341744e-01 4.113276752470855502e-02 0.000000000000000000e+00 -1.085324827522159141e-02 0.000000000000000000e+00 3.323975573832321784e-02 0.000000000000000000e+00 3.106234170230346564e-02 1.306626995911462918e+00 5.375426362691083426e+00 2.416456403692569310e+00 4.062472813725057641e+00 8.232807739699108396e-01
-5.042016806722688926e-01 5.289760387152872001e-01 -4.282450679905783208e-02 -4.962083926337456652e-01 6.187597389566657641e-02 -5.064015388048676014e-01 7.664798850222910749e-03 -4.700732143408034580e-01 4.192583266991502244e-02 0.000000000000000000e+00 -1.054417547679224049e-02 0.000000000000000000e+00 3.433908407630634901e-02 0.000000000000000000e+00 3.215500243549656439e-02 1.311823290152476673e+00 5.375273407263514436e+00 2.416771186523813952e+00 4.063512138860279954e+00 8.260741258799615405e-01
-5.092436974789915638e-01 5.289691548038669699e-01 -4.348190816474024889e-02 -4.964077660156495653e-01 6.255054226576226006e-02 -5.068703093793152092e-01 8.553431079906774134e-03 -4.691562285273942479e-01 4.271712295753329197e-02 0.000000000000000000e+00 -1.022439465107676318e-02 0.000000000000000000e+00 3.545686467030213090e-02 0.000000000000000000e+00 3.326671019924953843e-02 1.317047702103647300e+00 5.375066864100273456e+00 2.417078401665019971e+00 4.064617122954903294e+00 8.289261859684238232e-01
-5.142857142857142350e-01 5.289627655115340943e-01 -4.413932705828851888e-02 -4.966017472818822776e-01 6.322497728579898335e-02 -5.073365014822884822e-01 9.465960542213876922e-03 -4.682279790628439131e-01 4.350506807893889799e-02 0.000000000000000000e+00 -9.894933068500489856e-03 0.000000000000000000e+00 3.659346963842322747e-02 0.000000000000000000e+00 3.439916865695347159e-02 1.322283659652089938e+00 5.374800365098124644e+00 2.417375885002687408e+00 4.065782067809203149e+00 8.318366359559329348e-01
-5.193277310924369061e-01 5.289574063533243331e-01 -4.479264909854423909e-02 -4.967820841935944864e-01 6.389863469320868072e-02 -5.078096553993404205e-01 1.038499856218989652e-02 -4.672858481945429965e-01 4.429087949163890842e-02 0.000000000000000000e+00 -9.553857635924180303e-03 0.000000000000000000e+00 3.774997958333091430e-02 0.000000000000000000e+00 3.554960882744141043e-02 1.327545869627983155e+00 5.374489767194384982e+00 2.417669213538698791e+00 4.066999160150916559e+00 8.348005578203074872e-01
-5.243697478991595773e-01 5.289533495206257818e-01 -4.544473322150448941e-02 -4.969477108224277795e-01 6.456879897139389257e-02 -5.082897397609804635e-01 1.130925038611097812e-02 -4.663308275146755277e-01 4.507284897802112111e-02 0.000000000000000000e+00 -9.200569650143418723e-03 0.000000000000000000e+00 3.892659518940659591e-02 0.000000000000000000e+00 3.671817269021299818e-02 1.332857046820211666e+00 5.374136866384255029e+00 2.417962873672177437e+00 4.068266483477893658e+00 8.378123335394173088e-01
-5.294117647058822484e-01 5.289472894444796625e-01 -4.610515237602586663e-02 -4.971046780328889358e-01 6.523627021920083702e-02 -5.087666017878802460e-01 1.224788069724821148e-02 -4.653690645020022165e-01 4.584861454984169582e-02 0.000000000000000000e+00 -8.835996399705389054e-03 0.000000000000000000e+00 4.012391006979266345e-02 0.000000000000000000e+00 3.790263714129965544e-02 1.338133970140920503e+00 5.373746913878008513e+00 2.418245387970017646e+00 4.069577927655579686e+00 8.408876296100118442e-01
-5.344537815126050306e-01 5.289449699845218955e-01 -4.671767418507119518e-02 -4.972411321509779270e-01 6.591044328675435549e-02 -5.092609756343057237e-01 1.318210715131267960e-02 -4.643856910078099087e-01 4.663751953410667783e-02 0.000000000000000000e+00 -8.459616551066400508e-03 0.000000000000000000e+00 4.133530510939601582e-02 0.000000000000000000e+00 3.910085540254716607e-02 1.343537162055301160e+00 5.373311038165899056e+00 2.418521336083217843e+00 4.070947271976710802e+00 8.440275375066540464e-01
-5.394957983193277018e-01 5.289411781749513430e-01 -4.734394693201335325e-02 -4.973679817907279976e-01 6.657654803622557738e-02 -5.097517832879377986e-01 1.413146189846339017e-02 -4.633955930565005765e-01 4.741527085202917879e-02 0.000000000000000000e+00 -8.070937888471163210e-03 0.000000000000000000e+00 4.256599911267782560e-02 0.000000000000000000e+00 4.031825539362153543e-02 1.348936865875490332e+00 5.372819623991276217e+00 2.418791864126097035e+00 4.072373620403164196e+00 8.472104823335472323e-01
-5.445378151260503730e-01 5.289373153272742822e-01 -4.797726365170920659e-02 -4.974789130756629429e-01 6.723384932458621732e-02 -5.102497301419891551e-01 1.507417635888469790e-02 -4.623939582623914912e-01 4.818511951503504781e-02 0.000000000000000000e+00 -7.667209066963025753e-03 0.000000000000000000e+00 4.381670669962307862e-02 0.000000000000000000e+00 4.155147822182449213e-02 1.354373404535796910e+00 5.372311684830925138e+00 2.419064774021820075e+00 4.073831853565607730e+00 8.504388269501375053e-01
-5.495798319327730441e-01 5.289335128241662298e-01 -4.861866004378617712e-02 -4.975844934529107255e-01 6.787907056428671426e-02 -5.107415835764419487e-01 1.602980281877088367e-02 -4.613837530387151498e-01 4.894571809586550221e-02 0.000000000000000000e+00 -7.250370862872120882e-03 0.000000000000000000e+00 4.508625594118995800e-02 0.000000000000000000e+00 4.280457036152866823e-02 1.359836305571030080e+00 5.371759767217315407e+00 2.419339061146242198e+00 4.075334461939691622e+00 8.537052007622140115e-01
-5.546218487394957153e-01 5.289308010256208448e-01 -4.926112408516545443e-02 -4.976819393927650048e-01 6.851435014019509329e-02 -5.112323089017384303e-01 1.699377900941332481e-02 -4.603619869054684788e-01 4.969462807536640520e-02 0.000000000000000000e+00 -6.820726676031647374e-03 0.000000000000000000e+00 4.637447163937141736e-02 0.000000000000000000e+00 4.407742125220032170e-02 1.365331158287751201e+00 5.371165249271443010e+00 2.419614622676307558e+00 4.076878326270530373e+00 8.570070403906787648e-01
-5.596638655462183864e-01 5.289271238832317090e-01 -4.990924797443361399e-02 -4.977681608803413149e-01 6.913495116649021055e-02 -5.117202948911072635e-01 1.795821080009383716e-02 -4.593344040962523134e-01 5.043705092671854628e-02 0.000000000000000000e+00 -6.378473429733254145e-03 0.000000000000000000e+00 4.768097911895275570e-02 0.000000000000000000e+00 4.536883988750736035e-02 1.370859727322303989e+00 5.370533749144967395e+00 2.419897760768579875e+00 4.078462407008352386e+00 8.603407894089805108e-01
-5.647058823529411686e-01 5.289238008763220700e-01 -5.055176887775737760e-02 -4.978459469497681367e-01 6.974201506159492803e-02 -5.122072173609446555e-01 1.892183886421282962e-02 -4.582947311189681794e-01 5.117313648289631423e-02 0.000000000000000000e+00 -5.922986643680349349e-03 0.000000000000000000e+00 4.900484603070864864e-02 0.000000000000000000e+00 4.667882335267876243e-02 1.376397187292902169e+00 5.369861338139634732e+00 2.420180286462090713e+00 4.080087886948201792e+00 8.637095094855921085e-01
-5.697478991596638398e-01 5.289327725600542207e-01 -5.109665230981457612e-02 -4.978864255699823049e-01 7.034752000822898366e-02 -5.127376303876962638e-01 1.987113570763969148e-02 -4.572106397097692176e-01 5.192132080496789093e-02 0.000000000000000000e+00 -5.450881257100525200e-03 0.000000000000000000e+00 5.034715828774494889e-02 0.000000000000000000e+00 4.800411804554698125e-02 1.382013436754876423e+00 5.369083517710781628e+00 2.420434355993783093e+00 4.081842192753468268e+00 8.670861764160776586e-01
-5.747899159663865110e-01 5.289347882844315230e-01 -5.169839366699487820e-02 -4.979208400941871893e-01 7.093914306745144338e-02 -5.132476597439554755e-01 2.083519582069167514e-02 -4.561367773029516015e-01 5.264406905391993269e-02 0.000000000000000000e+00 -4.965604381164321658e-03 0.000000000000000000e+00 5.170692914322706779e-02 0.000000000000000000e+00 4.935109719075332635e-02 1.387609691757802244e+00 5.368275493588934744e+00 2.420689674022111326e+00 4.083618406350670860e+00 8.705000780492772039e-01
-5.798319327731091821e-01 5.289362229740892651e-01 -5.232423468055552584e-02 -4.979503418885442012e-01 7.151133830861951257e-02 -5.137460792980027557e-01 2.179735268890952218e-02 -4.550602786983744541e-01 5.335190203240793710e-02 0.000000000000000000e+00 -4.464792346673425623e-03 0.000000000000000000e+00 5.308441912523691186e-02 0.000000000000000000e+00 5.072002480890398096e-02 1.393246755259068381e+00 5.367448888078220293e+00 2.420959945727957585e+00 4.085411310522283124e+00 8.739319629449239235e-01
-5.848739495798318533e-01 5.289352866405718778e-01 -5.296101889269436841e-02 -4.979769938409308594e-01 7.206799922422398030e-02 -5.142296534650278028e-01 2.275816081660813825e-02 -4.539827190061238027e-01 5.404432904580559749e-02 0.000000000000000000e+00 -3.951514150884637838e-03 0.000000000000000000e+00 5.447687609984178808e-02 0.000000000000000000e+00 5.210775823274538254e-02 1.398860181109128131e+00 5.366595741322186974e+00 2.421229893450961956e+00 4.087212357980867239e+00 8.773947858817252587e-01
-5.899159663865545244e-01 5.289347673712238018e-01 -5.360132924357079859e-02 -4.979967820980391036e-01 7.260915000750391146e-02 -5.147040835689254967e-01 2.370964188310237947e-02 -4.529011373339335012e-01 5.472484884941052757e-02 0.000000000000000000e+00 -3.424236808436724889e-03 0.000000000000000000e+00 5.588548583820470567e-02 0.000000000000000000e+00 5.351511512193157794e-02 1.404491129759723123e+00 5.365726847446739889e+00 2.421510436029591151e+00 4.089016025645752173e+00 8.808791041120321852e-01
-5.949579831932771956e-01 5.289348505122694055e-01 -5.424967093843108268e-02 -4.980091576617692861e-01 7.313272107026190516e-02 -5.151686458145554592e-01 2.464642258925407378e-02 -4.518180136829076377e-01 5.539149832617076830e-02 0.000000000000000000e+00 -2.881835998534630974e-03 0.000000000000000000e+00 5.731003351369298726e-02 0.000000000000000000e+00 5.494144680280755449e-02 1.410163111156814253e+00 5.364851253097194572e+00 2.421807100979413097e+00 4.090814650597991431e+00 8.843774563960459245e-01
-5.999999999999999778e-01 5.289353330476839199e-01 -5.489972552610310197e-02 -4.980175908736812485e-01 7.363587185535253044e-02 -5.156219638512746783e-01 2.556762681737824450e-02 -4.507312607398296089e-01 5.604617767084191238e-02 0.000000000000000000e+00 -2.324022464327067487e-03 0.000000000000000000e+00 5.874950497540157995e-02 0.000000000000000000e+00 5.638585741260018769e-02 1.415824349178584463e+00 5.363963389074132948e+00 2.422116693886305239e+00 4.092605106303214946e+00 8.878892713275464699e-01
