0.000000000000000000e+00 -3.361954369805347786e-02 -2.951495527403728142e-02 -3.767217581990302266e-02 -2.016133495839875778e-01
-5.042016806722688510e-03 -3.289532493936948854e-02 -3.017974844970537640e-02 -3.788580385576791748e-02 -2.019217619066676350e-01
-1.008403361344537702e-02 -3.247581314968618627e-02 -3.060482663692765462e-02 -3.794523786792797226e-02 -2.020518285931519331e-01
-1.512605042016806553e-02 -3.221657679297273980e-02 -3.089093837154164787e-02 -3.795153986045635836e-02 -2.021183701549994216e-01
-2.016806722689075404e-02 -3.204937034430441201e-02 -3.108951938188400654e-02 -3.794045164485951999e-02 -2.021593039562259997e-01
-2.521008403361344255e-02 -3.193639358440765463e-02 -3.123217687287258015e-02 -3.792475347435882854e-02 -2.021878479543132712e-01
-3.025210084033613106e-02 -3.185793624168981042e-02 -3.133735312602897727e-02 -3.790896622986889702e-02 -2.022105429862146586e-01
-3.529411764705882304e-02 -3.180182618576210540e-02 -3.141669800912114119e-02 -3.789490104911239637e-02 -2.022299952489090558e-01
-4.033613445378150808e-02 -3.176068364854602033e-02 -3.147804283636498890e-02 -3.788273256368036856e-02 -2.022474802042905084e-01
-4.537815126050419312e-02 -3.172955138234591355e-02 -3.152672823598541563e-02 -3.787233602870768850e-02 -2.022635361505715212e-01
-5.042016806722688510e-02 -3.170565462671752488e-02 -3.156621966785315425e-02 -3.786321192747509057e-02 -2.022785631405425444e-01
-5.546218487394957708e-02 -3.168711881579096279e-02 -3.159810780677344000e-02 -3.785544650566366465e-02 -2.022921739897625693e-01
-6.050420168067226212e-02 -3.167286101951175686e-02 -3.162393401602284215e-02 -3.784923914603545436e-02 -2.023057115800983019e-01
-6.554621848739494716e-02 -3.166139019584979231e-02 -3.164547592744809679e-02 -3.784409933189286646e-02 -2.023187774258025096e-01
-7.058823529411764608e-02 -3.165213803117012531e-02 -3.166365390114975892e-02 -3.783968656744018944e-02 -2.023314074424086006e-01
-7.563025210084033112e-02 -3.164470592533591420e-02 -3.167897935841279544e-02 -3.783593818932186326e-02 -2.023437149082916164e-01
-8.067226890756301616e-02 -3.163875676147800270e-02 -3.169184252139957414e-02 -3.783282646877812044e-02 -2.023557629465159435e-01
-8.571428571428570120e-02 -3.163403318309077755e-02 -3.170256812604013708e-02 -3.783030437533804052e-02 -2.023676044110392924e-01
-9.075630252100838624e-02 -3.163032339424202977e-02 -3.171142574476389780e-02 -3.782833075437429249e-02 -2.023792846414274316e-01
-9.579831932773108516e-02 -3.162740379712260241e-02 -3.171808965398920793e-02 -3.782724954460216921e-02 -2.023904318654322354e-01
-1.008403361344537702e-01 -3.162498577038041353e-02 -3.172399380431656368e-02 -3.782637449139510805e-02 -2.024019345653075008e-01
-1.058823529411764552e-01 -3.162312752473758065e-02 -3.172872677830657767e-02 -3.782585118158476867e-02 -2.024134100646726719e-01
-1.109243697478991542e-01 -3.162168555119758417e-02 -3.173242442932490415e-02 -3.782567856168683046e-02 -2.024248496141534959e-01
-1.159663865546218392e-01 -3.162110564819135827e-02 -3.173510706967216932e-02 -3.782542057475201530e-02 -2.024363333332689641e-01
-1.210084033613445242e-01 -3.162071998687824431e-02 -3.173688121260610784e-02 -3.782563881326710120e-02 -2.024478742820312871e-01
-1.260504201680672232e-01 -3.162054099868868984e-02 -3.173783986851280714e-02 -3.782623371687991037e-02 -2.024594996941053715e-01
-1.310924369747898943e-01 -3.162057795285468792e-02 -3.173809665368102634e-02 -3.782708774094510618e-02 -2.024712370479935519e-01
-1.361344537815125932e-01 -3.162078861007205921e-02 -3.173773990605256029e-02 -3.782815801096596486e-02 -2.024831101616374196e-01
-1.411764705882352922e-01 -3.162123283433251886e-02 -3.173678522639793859e-02 -3.782937299764605604e-02 -2.024951445478962997e-01
-1.462184873949579633e-01 -3.162187371335747899e-02 -3.173531214893920982e-02 -3.783069402833380557e-02 -2.025073674810747015e-01
-1.512605042016806622e-01 -3.162166522624997034e-02 -3.173365476912079486e-02 -3.783254370584417797e-02 -2.025192159300857608e-01
-1.563025210084033334e-01 -3.162070740588777962e-02 -3.173213956349442422e-02 -3.783511462913885515e-02 -2.025319887712259403e-01
-1.613445378151260323e-01 -3.162053306112662387e-02 -3.172973026401193497e-02 -3.783758099401583752e-02 -2.025450074689870983e-01
-1.663865546218487312e-01 -3.162089371165943685e-02 -3.172659080381481922e-02 -3.784002478510607725e-02 -2.025582900425626498e-01
-1.714285714285714024e-01 -3.162162489663873643e-02 -3.172290742497231586e-02 -3.784242550708176445e-02 -2.025718650224537787e-01
-1.764705882352941013e-01 -3.162296131336381211e-02 -3.171836226231458666e-02 -3.784503764223292460e-02 -2.025861335449952727e-01
-1.815126050420167725e-01 -3.162095556113633799e-02 -3.171646362096662564e-02 -3.784811338173840051e-02 -2.026008116466380682e-01
-1.865546218487394714e-01 -3.161803373471411965e-02 -3.171472579344403186e-02 -3.785188221444257817e-02 -2.026163011842891937e-01
-1.915966386554621703e-01 -3.161515937321367209e-02 -3.171195978882683508e-02 -3.785662210237018821e-02 -2.026325500774895927e-01
-1.966386554621848415e-01 -3.161454602549075565e-02 -3.170649210689020780e-02 -3.786131662190632408e-02 -2.026485566968743157e-01
-2.016806722689075404e-01 -3.161517738844958625e-02 -3.169954924171580757e-02 -3.786601018631079868e-02 -2.026649183251771069e-01
-2.067226890756302393e-01 -3.161678686883772488e-02 -3.169290200494138954e-02 -3.786919226473550032e-02 -2.026817938109976291e-01
-2.117647058823529105e-01 -3.162150075293598123e-02 -3.169032864754871281e-02 -3.787082625897149335e-02 -2.027135137946548260e-01
-2.168067226890756094e-01 -3.161727824523409558e-02 -3.169190393618418616e-02 -3.787176981659539504e-02 -2.027337652006805380e-01
-2.218487394957983083e-01 -3.161456022570002800e-02 -3.169013189572204847e-02 -3.787406209351051184e-02 -2.027539167056791325e-01
-2.268907563025209795e-01 -3.161276456689371406e-02 -3.168620234877156383e-02 -3.787737905150936890e-02 -2.027746251670281274e-01
-2.319327731092436784e-01 -3.161185317723663735e-02 -3.168050386975390653e-02 -3.788167929781136728e-02 -2.027965343901536599e-01
-2.369747899159663496e-01 -3.161128921424967431e-02 -3.167403144526352576e-02 -3.788574346746910460e-02 -2.028182890686861528e-01
-2.420168067226890485e-01 -3.161101618161579752e-02 -3.166719785745671090e-02 -3.788956660133743076e-02 -2.028405508033013782e-01
-2.470588235294117474e-01 -3.161094313337228096e-02 -3.166025548363937681e-02 -3.789271781415556872e-02 -2.028626675314521288e-01
-2.521008403361344463e-01 -3.161049404274168806e-02 -3.165289683654248787e-02 -3.789672559082505471e-02 -2.028862275845599861e-01
-2.571428571428571175e-01 -3.161185941043569841e-02 -3.164262681827890306e-02 -3.790147945706245913e-02 -2.029101320056947988e-01
-2.621848739495797886e-01 -3.161515348759996041e-02 -3.163073985203361527e-02 -3.790572251047743396e-02 -2.029349671343827766e-01
-2.672268907563025153e-01 -3.161705052877993027e-02 -3.161866985580724654e-02 -3.791125013920808307e-02 -2.029604831474793036e-01
-2.722689075630251865e-01 -3.161874780925715001e-02 -3.160625205147508249e-02 -3.791704972512301153e-02 -2.029867264870187926e-01
-2.773109243697478576e-01 -3.162081341063976980e-02 -3.159374132329974272e-02 -3.792227579920902369e-02 -2.030137547665489262e-01
-2.823529411764705843e-01 -3.162345653045464666e-02 -3.158102042651314556e-02 -3.792645205671366093e-02 -2.030408036468289157e-01
-2.873949579831932555e-01 -3.162569865549880177e-02 -3.156858709981306965e-02 -3.793049767826101037e-02 -2.030692304828900507e-01
-2.924369747899159266e-01 -3.162576791376625618e-02 -3.155352541925620508e-02 -3.793699032756765038e-02 -2.030922528023542672e-01
-2.974789915966385978e-01 -3.162805152797813768e-02 -3.153576361817572032e-02 -3.794531089580728545e-02 -2.031216329998446757e-01
-3.025210084033613245e-01 -3.162907780458956708e-02 -3.151904702610947018e-02 -3.795336556103472841e-02 -2.031519994147953367e-01
-3.075630252100839956e-01 -3.162902402288689241e-02 -3.150356404568732671e-02 -3.796078090905911223e-02 -2.031833613077242973e-01
-3.126050420168066668e-01 -3.162842245910033045e-02 -3.148868442422729508e-02 -3.796770044117289689e-02 -2.032157276201093932e-01
-3.176470588235293935e-01 -3.162712472777417377e-02 -3.147395446310476130e-02 -3.797465623914453303e-02 -2.032493081745276042e-01
-3.226890756302520646e-01 -3.162561708103524966e-02 -3.145842882334111412e-02 -3.798193658571778070e-02 -2.032842917542770078e-01
-3.277310924369747358e-01 -3.162492886100166239e-02 -3.144302666892753728e-02 -3.798810736365984542e-02 -2.033197286225199851e-01
-3.327731092436974625e-01 -3.162536981893893095e-02 -3.142822802839045221e-02 -3.799201168190916716e-02 -2.033566875297554422e-01
-3.378151260504201336e-01 -3.162568716607594421e-02 -3.141195817918389366e-02 -3.799744595239835931e-02 -2.033949359429674530e-01
-3.428571428571428048e-01 -3.162605716456479144e-02 -3.139474554438295012e-02 -3.800346765678331434e-02 -2.034347035766409240e-01
-3.478991596638655315e-01 -3.162543959712708908e-02 -3.137819735203253163e-02 -3.800878979738494395e-02 -2.034750550948223602e-01
-3.529411764705882026e-01 -3.162486564098589137e-02 -3.136119142317684433e-02 -3.801386440342024997e-02 -2.035159989568497141e-01
-3.579831932773108738e-01 -3.162445855306120213e-02 -3.134262204158215492e-02 -3.801972258745959371e-02 -2.035575245547949774e-01
-3.630252100840335450e-01 -3.162440613531819489e-02 -3.132044208603121382e-02 -3.802833474173726580e-02 -2.036000238993171674e-01
-3.680672268907562716e-01 -3.162972641215988645e-02 -3.128282352756580481e-02 -3.804741207302617112e-02 -2.036444085467641607e-01
-3.731092436974789428e-01 -3.163682783612142835e-02 -3.123927134338396264e-02 -3.807044706362164993e-02 -2.036908211224676690e-01
-3.781512605042016140e-01 -3.162477020071252642e-02 -3.121839089873239270e-02 -3.807388715669490775e-02 -2.037054949145822580e-01
-3.831932773109243406e-01 -3.165372784542672818e-02 -3.127526316082490654e-02 -3.805422760922842068e-02 -2.039327616366363172e-01
-3.882352941176470118e-01 -3.163691183231709392e-02 -3.127990060948664802e-02 -3.804998663381323198e-02 -2.039879084445047619e-01
-3.932773109243696830e-01 -3.162723193547147676e-02 -3.127757992172728457e-02 -3.804495063762605711e-02 -2.040443916994033324e-01
-3.983193277310924096e-01 -3.162562959714056848e-02 -3.127192208222771136e-02 -3.803432061883513932e-02 -2.041017094717215152e-01
-4.033613445378150808e-01 -3.162247853358459565e-02 -3.126375637843538391e-02 -3.802715107858430088e-02 -2.041606805884809694e-01
-4.084033613445377520e-01 -3.161848650972859387e-02 -3.125112709266374134e-02 -3.802421285850805105e-02 -2.042214324112786583e-01
-4.134453781512604786e-01 -3.161514906359420146e-02 -3.123511343440512483e-02 -3.802332795926235270e-02 -2.042838553818334124e-01
-4.184873949579831498e-01 -3.161461617669226315e-02 -3.121499741677918535e-02 -3.802425698621614975e-02 -2.043494575939761582e-01
-4.235294117647058210e-01 -3.161437293853332914e-02 -3.119341355420131648e-02 -3.802499573762191387e-02 -2.044154915027232566e-01
-4.285714285714285476e-01 -3.161363295216743086e-02 -3.117057752801703774e-02 -3.802687689369470964e-02 -2.044834595156684587e-01
-4.336134453781512188e-01 -3.161314089542007627e-02 -3.114605187453000149e-02 -3.802966696641112837e-02 -2.045534255279016500e-01
-4.386554621848738900e-01 -3.161259964273645945e-02 -3.112008240344289745e-02 -3.803318370373640067e-02 -2.046252325413671913e-01
-4.436974789915966166e-01 -3.161187135240228763e-02 -3.109342026594900249e-02 -3.803686649282434634e-02 -2.046995082638030372e-01
-4.487394957983192878e-01 -3.161106037088182164e-02 -3.106654495445842004e-02 -3.803990599872783540e-02 -2.047757982843445290e-01
-4.537815126050419590e-01 -3.160940161752101574e-02 -3.103733439984226669e-02 -3.804455848918004979e-02 -2.048528551141102494e-01
-4.588235294117646301e-01 -3.160794155093618607e-02 -3.100554304024192437e-02 -3.805186807690219553e-02 -2.049341529372512016e-01
-4.638655462184873568e-01 -3.160627662852701775e-02 -3.097538888342957555e-02 -3.805635713505790829e-02 -2.050176724212809665e-01
-4.689075630252100280e-01 -3.160459872947347926e-02 -3.094582760437592991e-02 -3.805923023814601625e-02 -2.051034808171317558e-01
-4.739495798319326991e-01 -3.160326037265862031e-02 -3.091700793776026163e-02 -3.806070997252963828e-02 -2.051930697458065056e-01
-4.789915966386554258e-01 -3.160001585496540616e-02 -3.088841939890964866e-02 -3.806025461835753354e-02 -2.052825749979236836e-01
-4.840336134453780970e-01 -3.159615996738956989e-02 -3.086036749480512015e-02 -3.805967866109080666e-02 -2.053760684293444994e-01
-4.890756302521007681e-01 -3.159191593118811786e-02 -3.082890410377783774e-02 -3.806280783036788962e-02 -2.054711438538532886e-01
-4.941176470588234948e-01 -3.158729118121306190e-02 -3.079344280245687598e-02 -3.806997978532684901e-02 -2.055695485855811577e-01
-4.991596638655461660e-01 -3.158219029037201420e-02 -3.076146723947522157e-02 -3.807271943288529498e-02 -2.056722781667927880e-01
-5.042016806722688926e-01 -3.157666556426480531e-02 -3.073052517720899907e-02 -3.807270786332093288e-02 -2.057786110194420037e-01
-5.092436974789915638e-01 -3.157072913218416516e-02 -3.070036544518710622e-02 -3.807073380474813168e-02 -2.058863559259623832e-01
-5.142857142857142350e-01 -3.156452671342124816e-02 -3.067051613963101345e-02 -3.806721750837952639e-02 -2.059968179044261438e-01
-5.193277310924369061e-01 -3.155795434388936060e-02 -3.064038915296063773e-02 -3.806298400658718328e-02 -2.061100812070210120e-01
-5.243697478991595773e-01 -3.155087784016117475e-02 -3.060999534430772218e-02 -3.805820002967891941e-02 -2.062263594377796994e-01
-5.294117647058822484e-01 -3.154312718042475566e-02 -3.057964815138112039e-02 -3.805242933488190565e-02 -2.063451851500975875e-01
-5.344537815126050306e-01 -3.153466857074258001e-02 -3.054913498951898621e-02 -3.804599898412856090e-02 -2.064668366975786484e-01
-5.394957983193277018e-01 -3.152549615606534128e-02 -3.051843446149524186e-02 -3.803893308553688707e-02 -2.065912655834604705e-01
-5.445378151260503730e-01 -3.151558695222025919e-02 -3.048756578862282449e-02 -3.803120405363628193e-02 -2.067184378590991578e-01
-5.495798319327730441e-01 -3.150501481088890943e-02 -3.045654113057843018e-02 -3.802274846185044882e-02 -2.068482540918242241e-01
-5.546218487394957153e-01 -3.149350591325800197e-02 -3.042540369671808964e-02 -3.801369917219123151e-02 -2.069807249361126089e-01
-5.596638655462183864e-01 -3.148126181866545831e-02 -3.039414169080753569e-02 -3.800389881572770884e-02 -2.071158636869517289e-01
-5.647058823529411686e-01 -3.146814903352480181e-02 -3.036263592320152457e-02 -3.799350396595194135e-02 -2.072535156109954479e-01
-5.697478991596638398e-01 -3.144844442012111746e-02 -3.033104596774591211e-02 -3.798605156212599837e-02 -2.074014980427152099e-01
-5.747899159663865110e-01 -3.143190749350330271e-02 -3.029974944800714609e-02 -3.797568322210242292e-02 -2.075450269381428348e-01
-5.798319327731091821e-01 -3.141488197225960483e-02 -3.026815937991730182e-02 -3.796401174418854302e-02 -2.076903553483786524e-01
-5.848739495798318533e-01 -3.139702682504349335e-02 -3.023679426503144557e-02 -3.795133743568262358e-02 -2.078385390723782034e-01
-5.899159663865545244e-01 -3.137845052352780661e-02 -3.020545246191097544e-02 -3.793765159576677898e-02 -2.079889284842787456e-01
-5.949579831932771956e-01 -3.135926490850632353e-02 -3.017383849586165179e-02 -3.792316991118980379e-02 -2.081414665518413754e-01
-5.999999999999999778e-01 -3.133948510760248968e-02 -3.014184803324996068e-02 -3.790794220486642940e-02 -2.082959081190022266e-01
