0.000000000000000000e+00 5.372084891960093866e-01 2.177206648866163510e-02 -4.129956698904301282e-01 6.553198020756474673e-02 -5.719151982867075601e-01 -9.735139768540666816e-02 -4.486867524545835040e-01 9.552805358646601283e-03 0.000000000000000000e+00 5.738569342432752731e-04 0.000000000000000000e+00 9.473456528493408649e-03 0.000000000000000000e+00 -1.111649755157094813e-02 1.000000000000007105e+00 5.359452638867670871e+00 2.351487063517201381e+00 4.064695327794046520e+00 7.910902146441798344e-01
-5.042016806722688510e-03 5.374616407586630951e-01 2.340850901404703879e-02 -4.197590497928441744e-01 5.943236394663711092e-02 -5.671262097475278097e-01 -9.235635644060716243e-02 -4.495855480658442760e-01 9.626787525994827052e-03 0.000000000000000000e+00 1.121419949398428165e-03 0.000000000000000000e+00 8.868559743190701505e-03 0.000000000000000000e+00 -1.072291664974475700e-02 1.000110932143971176e+00 5.359176880362468864e+00 2.352577063959342407e+00 4.064895436062601952e+00 7.898274676577130560e-01
-1.008403361344537702e-02 5.377057988267319733e-01 2.463034321972574353e-02 -4.248726638066467332e-01 5.479347918504973852e-02 -5.636132703878453665e-01 -8.886446863650120098e-02 -4.499107879644736463e-01 9.736223468526275515e-03 0.000000000000000000e+00 1.527101310619806895e-03 0.000000000000000000e+00 8.448455856479178058e-03 0.000000000000000000e+00 -1.039721369964963574e-02 1.000320944014785551e+00 5.359247651632616183e+00 2.353550325293763734e+00 4.064806010179706774e+00 7.887358586306950636e-01
-1.512605042016806553e-02 5.379162587283585761e-01 2.542751600849788712e-02 -4.285937157796894659e-01 5.134968143856067507e-02 -5.611664107106798527e-01 -8.658255403140079076e-02 -4.498831656199230311e-01 9.804826695563860842e-03 0.000000000000000000e+00 1.817067744370565738e-03 0.000000000000000000e+00 8.186242707219766948e-03 0.000000000000000000e+00 -1.012045740518716964e-02 1.000619395717027071e+00 5.359559260832624794e+00 2.354447612026819847e+00 4.064340038324591120e+00 7.877581177231652854e-01
-2.016806722689075404e-02 5.380858036528014532e-01 2.587500530136614338e-02 -4.312451963279261835e-01 4.880408574207906885e-02 -5.595365399154129671e-01 -8.519206494499906301e-02 -4.496485114406919559e-01 9.830894382322017538e-03 0.000000000000000000e+00 2.022422478838683396e-03 0.000000000000000000e+00 8.044630996400894615e-03 0.000000000000000000e+00 -9.887152379943817473e-03 1.000998412165561735e+00 5.360035110969070260e+00 2.355270229361984935e+00 4.063611835107363568e+00 7.868720171644228989e-01
-2.521008403361344255e-02 5.382190866315389455e-01 2.606420622917574384e-02 -4.331110888907833689e-01 4.691020100065355913e-02 -5.584946735699952702e-01 -8.441978207668678069e-02 -4.493079151840211893e-01 9.825215486606116502e-03 0.000000000000000000e+00 2.165870589690789116e-03 0.000000000000000000e+00 7.992894914559886543e-03 0.000000000000000000e+00 -9.688116815074745633e-03 1.001452939137007947e+00 5.360614810014594056e+00 2.356030690484077983e+00 4.062705723968854876e+00 7.860598852525265690e-01
-3.025210084033613106e-02 5.383229333184573751e-01 2.607645301456486958e-02 -4.344375366946020556e-01 4.545957010202731491e-02 -5.578489118968111837e-01 -8.404797860533770593e-02 -4.489217976165252866e-01 9.796907990493366677e-03 0.000000000000000000e+00 2.268600018585334617e-03 0.000000000000000000e+00 8.000173654817189367e-03 0.000000000000000000e+00 -9.518945570914398233e-03 1.001979998649249692e+00 5.361262727992329502e+00 2.356748938477844835e+00 4.061708902191845105e+00 7.853086846412519195e-01
-3.529411764705882304e-02 5.384056849452157900e-01 2.596316639047635891e-02 -4.353725628366101885e-01 4.431893710581347873e-02 -5.574719399149506982e-01 -8.393614143300175134e-02 -4.485351365006815527e-01 9.745988187956217130e-03 0.000000000000000000e+00 2.341667716861261291e-03 0.000000000000000000e+00 8.045791911082041462e-03 0.000000000000000000e+00 -9.371163111754156338e-03 1.002577092266126568e+00 5.361939100126630109e+00 2.357431641587053317e+00 4.060660460343170186e+00 7.845967722037235914e-01
-4.033613445378150808e-02 5.384737135290381671e-01 2.576102416018028265e-02 -4.360307061683826313e-01 4.339771930102429010e-02 -5.572693370476321517e-01 -8.398559222160180415e-02 -4.481724281751151562e-01 9.677847277148902624e-03 0.000000000000000000e+00 2.391821943117984454e-03 0.000000000000000000e+00 8.119682447002438130e-03 0.000000000000000000e+00 -9.234720574392301165e-03 1.003242607726182456e+00 5.362624966174279528e+00 2.358092094554284479e+00 4.059563877502719187e+00 7.839129278626106867e-01
-4.537815126050419312e-02 5.385320209289083948e-01 2.549306068078811480e-02 -4.364913123966170927e-01 4.262656916298121490e-02 -5.571775522759780941e-01 -8.413732913195831609e-02 -4.478464526705422388e-01 9.590693899618451743e-03 0.000000000000000000e+00 2.425118222308325806e-03 0.000000000000000000e+00 8.210935593438814517e-03 0.000000000000000000e+00 -9.104522233730283701e-03 1.003975256350846168e+00 5.363309844697068840e+00 2.358740963740321828e+00 4.058419553451906303e+00 7.832439168486139414e-01
-5.042016806722688510e-02 5.385820501018098172e-01 2.518241831443437245e-02 -4.368262489467565346e-01 4.195283287792864885e-02 -5.571499535662592928e-01 -8.433945486026880878e-02 -4.475578047863529862e-01 9.503365868642994069e-03 0.000000000000000000e+00 2.446956354198883462e-03 0.000000000000000000e+00 8.319146296026709575e-03 0.000000000000000000e+00 -8.982622743768153839e-03 1.004774156135277874e+00 5.364013013884669334e+00 2.359385650007351565e+00 4.057259488136780945e+00 7.825813439913964498e-01
-5.546218487394957708e-02 5.386257784255633618e-01 2.483917023644519398e-02 -4.370750869378292602e-01 4.134564284371825688e-02 -5.571589884354523070e-01 -8.456236521498666781e-02 -4.473078461752577062e-01 9.415777611858891852e-03 0.000000000000000000e+00 2.459745072154061966e-03 0.000000000000000000e+00 8.438294287206514477e-03 0.000000000000000000e+00 -8.866093834955455708e-03 1.005638406801274476e+00 5.364723732963362579e+00 2.360032356665163977e+00 4.056076931082690074e+00 7.819180571391799450e-01
-6.050420168067226212e-02 5.386659793608262747e-01 2.447462914376262108e-02 -4.372602713827112297e-01 4.078827748599407610e-02 -5.571902663333101469e-01 -8.479358498952017931e-02 -4.470924723042798976e-01 9.328321712574449628e-03 0.000000000000000000e+00 2.463597515930626442e-03 0.000000000000000000e+00 8.564095271738144874e-03 0.000000000000000000e+00 -8.751230896862992326e-03 1.006567054424078123e+00 5.365425833323259397e+00 2.360686884337288571e+00 4.054856161111726642e+00 7.812508046850367149e-01
-6.554621848739494716e-02 5.387052601191710810e-01 2.409962866161713055e-02 -4.373954562016329484e-01 4.027060441791088102e-02 -5.572367856982873846e-01 -8.502816293619133714e-02 -4.469050170590390114e-01 9.242051329781486232e-03 0.000000000000000000e+00 2.458411880592272034e-03 0.000000000000000000e+00 8.694061703394016100e-03 0.000000000000000000e+00 -8.635255704112013153e-03 1.007558932979182531e+00 5.366103889101388802e+00 2.361351174946235698e+00 4.053587768247210121e+00 7.805797022266744989e-01
-7.058823529411764608e-02 5.387457555858023994e-01 2.372777443961788038e-02 -4.374910228075182261e-01 3.978521934717801217e-02 -5.572956311438157506e-01 -8.526054378406970613e-02 -4.467368657526222808e-01 9.159228071601967572e-03 0.000000000000000000e+00 2.445062502702309917e-03 0.000000000000000000e+00 8.826074181736425980e-03 0.000000000000000000e+00 -8.516956908951638788e-03 1.008612664132046755e+00 5.366741634978248854e+00 2.362019356122313951e+00 4.052281641030753612e+00 7.799098594582754007e-01
-7.563025210084033112e-02 5.387886922223954489e-01 2.337507336687558515e-02 -4.375568471144163918e-01 3.932636827236171001e-02 -5.573651864216655483e-01 -8.548112283443706771e-02 -4.465796287214283677e-01 9.083988007914170493e-03 0.000000000000000000e+00 2.425505487507039620e-03 0.000000000000000000e+00 8.957721018200984209e-03 0.000000000000000000e+00 -8.396510570640723300e-03 1.009726564258717429e+00 5.367325965160501866e+00 2.362677647341642651e+00 4.050971520251581026e+00 7.792513549171353748e-01
-8.067226890756301616e-02 5.388335918294916427e-01 2.304838138572692582e-02 -4.376002458040161303e-01 3.889088952797135207e-02 -5.574442096430533011e-01 -8.567852450599439118e-02 -4.464298515435518588e-01 9.018419677228538614e-03 0.000000000000000000e+00 2.402378594768431273e-03 0.000000000000000000e+00 9.087972342377691887e-03 0.000000000000000000e+00 -8.275382366565872672e-03 1.010898661765710305e+00 5.367853560779062505e+00 2.363311611353716035e+00 4.049698759090396116e+00 7.786150538045906178e-01
-8.571428571428570120e-02 5.388789701994531889e-01 2.274503825541435847e-02 -4.376247532537846929e-01 3.847962746697543290e-02 -5.575317866653598520e-01 -8.584532888162511866e-02 -4.462886815982553546e-01 8.961683774062647115e-03 0.000000000000000000e+00 2.379256713239419948e-03 0.000000000000000000e+00 9.217020094567880684e-03 0.000000000000000000e+00 -8.155961021788641838e-03 1.012127094857683929e+00 5.368332296985887986e+00 2.363910279552548843e+00 4.048492212000001977e+00 7.780063700189069342e-01
-9.075630252100838624e-02 5.389233425901517327e-01 2.245468296438113756e-02 -4.376329195859901544e-01 3.809043821883247027e-02 -5.576271120131116588e-01 -8.598243121515253273e-02 -4.461575952378709631e-01 8.912624136951628057e-03 0.000000000000000000e+00 2.355872221859274616e-03 0.000000000000000000e+00 9.345556640590845648e-03 0.000000000000000000e+00 -8.038094016353145368e-03 1.013410359559549834e+00 5.368777958991553412e+00 2.364477002592254795e+00 4.047347852307942695e+00 7.774257105953625846e-01
-9.579831932773108516e-02 5.389662426680102980e-01 2.217077394564994156e-02 -4.376248357404432521e-01 3.772083026155642616e-02 -5.577315379991689692e-01 -8.609269137853910181e-02 -4.460357682939053992e-01 8.873657061389775280e-03 0.000000000000000000e+00 2.332027111647821602e-03 0.000000000000000000e+00 9.474404524308798273e-03 0.000000000000000000e+00 -7.920928888913134763e-03 1.014747454409082872e+00 5.369198823413819710e+00 2.365019114152918878e+00 4.046256588812584098e+00 7.768698088941309310e-01
-1.008403361344537702e-01 5.390072957723194280e-01 2.188598252687489268e-02 -4.376009756996105393e-01 3.737266301775589439e-02 -5.578450381902561039e-01 -8.618138224846053075e-02 -4.459229360558582544e-01 8.840822154989148168e-03 0.000000000000000000e+00 2.307759961222945796e-03 0.000000000000000000e+00 9.604424264183680435e-03 0.000000000000000000e+00 -7.803961063907343711e-03 1.016137711163523694e+00 5.369603526482332079e+00 2.365541758547600626e+00 4.045202831879392669e+00 7.763366317792371740e-01
-1.058823529411764552e-01 5.390464369995663363e-01 2.159437448239104676e-02 -4.375629911919657888e-01 3.704340559935411642e-02 -5.579669044951929280e-01 -8.625312220788187989e-02 -4.458184530936842860e-01 8.813024706520818444e-03 0.000000000000000000e+00 2.282700490447263884e-03 0.000000000000000000e+00 9.736275543380887992e-03 0.000000000000000000e+00 -7.686046809167384336e-03 1.017580854794900347e+00 5.369998813275556948e+00 2.366051742509181377e+00 4.044169563581226257e+00 7.758217558447091378e-01
-1.109243697478991542e-01 5.390837885339040403e-01 2.129264547829731735e-02 -4.375129831677928016e-01 3.673049332963745917e-02 -5.580961775880756148e-01 -8.631018881963813116e-02 -4.457213943527487121e-01 8.789756411596459304e-03 0.000000000000000000e+00 2.256524131247965824e-03 0.000000000000000000e+00 9.870147497016831459e-03 0.000000000000000000e+00 -7.565963790123862373e-03 1.019076832480519501e+00 5.370387189366945258e+00 2.366553124025170263e+00 4.043145343217063648e+00 7.753223303609625416e-01
-1.159663865546218392e-01 5.391195351628478294e-01 2.097890130255160648e-02 -4.374529460581081386e-01 3.643143543790984540e-02 -5.582323180733612666e-01 -8.635425559199182144e-02 -4.456302829153416245e-01 8.771267611127689379e-03 0.000000000000000000e+00 2.228950810510372301e-03 0.000000000000000000e+00 1.000625316182639918e-02 0.000000000000000000e+00 -7.442672255383635249e-03 1.020625775917964217e+00 5.370770404467698711e+00 2.367049116129581687e+00 4.042119881403949400e+00 7.748362908065058452e-01
-1.210084033613445242e-01 5.391537983377049370e-01 2.065199213963507183e-02 -4.373857271938528801e-01 3.614385257452066430e-02 -5.583744270818791211e-01 -8.638481665485189809e-02 -4.455436444121707584e-01 8.757527611817450194e-03 0.000000000000000000e+00 2.200565851440764494e-03 0.000000000000000000e+00 1.014391079484194824e-02 0.000000000000000000e+00 -7.315177264724586834e-03 1.022227968379475493e+00 5.371147936821810021e+00 2.367540559655534338e+00 4.041089265692369814e+00 7.743616347522880305e-01
-1.260504201680672232e-01 5.391863753978306528e-01 2.031133409169303544e-02 -4.373148064857957373e-01 3.586564394376490911e-02 -5.585215028459910025e-01 -8.639921030899426480e-02 -4.454601629733035972e-01 8.748345240789984559e-03 0.000000000000000000e+00 2.172187124746484746e-03 0.000000000000000000e+00 1.028236911613779336e-02 0.000000000000000000e+00 -7.183061811742624640e-03 1.023883919433450806e+00 5.371518784799770074e+00 2.368024240407424319e+00 4.040054521863532422e+00 7.738982422668114758e-01
-1.310924369747898943e-01 5.392170834969700621e-01 1.995816077464182547e-02 -4.372445433630048339e-01 3.559461360548200892e-02 -5.586725896939039870e-01 -8.639312669824160407e-02 -4.453778437811225510e-01 8.742171055025515364e-03 0.000000000000000000e+00 2.145887048043288500e-03 0.000000000000000000e+00 1.041944794072080516e-02 0.000000000000000000e+00 -7.046176932926857643e-03 1.025594389561981901e+00 5.371879431360522261e+00 2.368494688192309017e+00 4.039022809713085138e+00 7.734469347513537318e-01
-1.361344537815125932e-01 5.392462428991995349e-01 1.962198348728781336e-02 -4.371831809179985151e-01 3.534400462791756348e-02 -5.588286936409500028e-01 -8.634745047902459003e-02 -4.452842683467392870e-01 8.730557868228138590e-03 0.000000000000000000e+00 2.119414953876905434e-03 0.000000000000000000e+00 1.055200625442684510e-02 0.000000000000000000e+00 -6.907278272571562745e-03 1.027358435950607385e+00 5.372169857536834847e+00 2.368895245033387997e+00 4.038026226320829082e+00 7.730580011694435649e-01
-1.411764705882352922e-01 5.392755224428561478e-01 1.935512769187509169e-02 -4.371291168409625061e-01 3.511783084091901069e-02 -5.590009097637521629e-01 -8.626119373982707450e-02 -4.451597533624294667e-01 8.741383858435251841e-03 0.000000000000000000e+00 2.091511440257605003e-03 0.000000000000000000e+00 1.067184205332269605e-02 0.000000000000000000e+00 -6.767525466297641054e-03 1.029173781039889324e+00 5.372370576810054033e+00 2.369219214985549549e+00 4.037094597678406060e+00 7.727878145252963238e-01
-1.462184873949579633e-01 5.392981375222549723e-01 1.902250094695647972e-02 -4.370653477482304150e-01 3.490768498825076033e-02 -5.591710934348245177e-01 -8.615623312775951004e-02 -4.450642835688520815e-01 8.744150855318801041e-03 0.000000000000000000e+00 2.066359011387115894e-03 0.000000000000000000e+00 1.079550910579812895e-02 0.000000000000000000e+00 -6.623697473107394845e-03 1.031040570692629998e+00 5.372599255415221542e+00 2.369546538960155768e+00 4.036142000770465366e+00 7.725071618915606564e-01
-1.512605042016806622e-01 5.393168142032174206e-01 1.864583341954768186e-02 -4.369967442572583183e-01 3.470797819021098629e-02 -5.593469432008086883e-01 -8.603863761814550815e-02 -4.449772208070046919e-01 8.740706485323644984e-03 0.000000000000000000e+00 2.045075010805192609e-03 0.000000000000000000e+00 1.092209384006060692e-02 0.000000000000000000e+00 -6.475952953254811122e-03 1.032963089102678644e+00 5.372836122984884888e+00 2.369868033310408517e+00 4.035178650658497013e+00 7.722234405653181089e-01
-1.563025210084033334e-01 5.393328096411724726e-01 1.824373499597371079e-02 -4.369214888940403663e-01 3.451525569041132696e-02 -5.595392333398343521e-01 -8.592136478244005726e-02 -4.448801480928621932e-01 8.730892609830025533e-03 0.000000000000000000e+00 2.030815672700038519e-03 0.000000000000000000e+00 1.104941426513923221e-02 0.000000000000000000e+00 -6.331305882738507036e-03 1.034943695734324765e+00 5.373064984937120592e+00 2.370157744729459726e+00 4.034221589260560847e+00 7.719517641800982544e-01
-1.613445378151260323e-01 5.393477340334087433e-01 1.782678059332345327e-02 -4.368465376734039785e-01 3.432881044303136980e-02 -5.597414729136717115e-01 -8.579386446649966969e-02 -4.447751441325901722e-01 8.723768852035795884e-03 0.000000000000000000e+00 2.020758613014077970e-03 0.000000000000000000e+00 1.117645847182473055e-02 0.000000000000000000e+00 -6.181437931998385281e-03 1.036983775225243543e+00 5.373294677082503412e+00 2.370439087534395028e+00 4.033266633254448230e+00 7.716924397565655402e-01
-1.663865546218487312e-01 5.393610332910061533e-01 1.739149616013259750e-02 -4.367722722670924762e-01 3.414766365073058224e-02 -5.599528211713835635e-01 -8.565741339671534282e-02 -4.446631894167378807e-01 8.721110132588569264e-03 0.000000000000000000e+00 2.014234778839420204e-03 0.000000000000000000e+00 1.130547090792879614e-02 0.000000000000000000e+00 -6.027122470284455684e-03 1.039084830070903465e+00 5.373526722925801913e+00 2.370715362135767279e+00 4.032309276044614421e+00 7.714448428785654066e-01
-1.714285714285714024e-01 5.393727790006570544e-01 1.693632143535991202e-02 -4.366990640376262611e-01 3.397105539005750019e-02 -5.601735532327836165e-01 -8.551273539988864247e-02 -4.445434739846513272e-01 8.722201449213923610e-03 0.000000000000000000e+00 2.011654023364211480e-03 0.000000000000000000e+00 1.143661812679624447e-02 0.000000000000000000e+00 -5.868230594670445152e-03 1.041248091772665862e+00 5.373761520749052778e+00 2.370987493323907902e+00 4.031347109736231005e+00 7.712077324159962721e-01
-1.764705882352941013e-01 5.393830401073437253e-01 1.646021158733856557e-02 -4.366272428500037606e-01 3.379825095393874240e-02 -5.604038679418181790e-01 -8.536042170622325231e-02 -4.444153097580512135e-01 8.727050221376684430e-03 0.000000000000000000e+00 2.013341126389503119e-03 0.000000000000000000e+00 1.157015031783858137e-02 0.000000000000000000e+00 -5.704592793095033740e-03 1.043474830983066592e+00 5.374000148149542078e+00 2.371256653373411627e+00 4.030378299361114358e+00 7.709802891708701367e-01
-1.815126050420167725e-01 5.393927233317319381e-01 1.596824467583921742e-02 -4.365577007909733354e-01 3.362640644100992754e-02 -5.606474800196695751e-01 -8.520143693598884738e-02 -4.442715901471492868e-01 8.733839308913067187e-03 0.000000000000000000e+00 2.018493105802437234e-03 0.000000000000000000e+00 1.170762043669405436e-02 0.000000000000000000e+00 -5.536582688189578202e-03 1.045765376033276350e+00 5.374232794384825596e+00 2.371517671767427338e+00 4.029407908161102725e+00 7.707652948277626814e-01
-1.865546218487394714e-01 5.394008965750033413e-01 1.545153379919293052e-02 -4.364892157649424842e-01 3.345726701010418025e-02 -5.609008130923560653e-01 -8.503511623224506433e-02 -4.441198342736271676e-01 8.744396633095015414e-03 0.000000000000000000e+00 2.028547540062525852e-03 0.000000000000000000e+00 1.184808317978229900e-02 0.000000000000000000e+00 -5.363310359171188056e-03 1.048121742600175210e+00 5.374472652488427649e+00 2.371778176699200102e+00 4.028427899603126860e+00 7.705577845852377150e-01
-1.915966386554621703e-01 5.394076292348869428e-01 1.490922297520027445e-02 -4.364217915003080761e-01 3.329006465717280344e-02 -5.611641781563980746e-01 -8.486219658241213326e-02 -4.439595008149695432e-01 8.759254703407009027e-03 0.000000000000000000e+00 2.043938361489356162e-03 0.000000000000000000e+00 1.199183617352532309e-02 0.000000000000000000e+00 -5.184667639244634231e-03 1.050545512420695937e+00 5.374722011501359198e+00 2.372039243913500517e+00 4.027437182973544694e+00 7.703567660985864984e-01
-1.966386554621848415e-01 5.394124907569225469e-01 1.433216751546633090e-02 -4.363579148560913779e-01 3.312464887790554646e-02 -5.614329407923507320e-01 -8.468673081294962601e-02 -4.437946008164915801e-01 8.780750596053562770e-03 0.000000000000000000e+00 2.064273569539420115e-03 0.000000000000000000e+00 1.214049114284939702e-02 0.000000000000000000e+00 -4.999538070391452635e-03 1.053038254078922931e+00 5.374996846905220949e+00 2.372307440991797023e+00 4.026421532922668689e+00 7.701542711473028380e-01
-2.016806722689075404e-01 5.394159950943175907e-01 1.372688861147755048e-02 -4.362955791228761426e-01 3.295910821182363587e-02 -5.617115846401532497e-01 -8.450709407514858662e-02 -4.436205940150479421e-01 8.807800754318265146e-03 0.000000000000000000e+00 2.090984652814534359e-03 0.000000000000000000e+00 1.229298824034346684e-02 0.000000000000000000e+00 -4.808972926581970772e-03 1.055601993235953939e+00 5.375289573107634666e+00 2.372579487934332931e+00 4.025391311066695010e+00 7.699544571386210956e-01
-2.067226890756302393e-01 5.394181680360594644e-01 1.309148378585868119e-02 -4.362347048412284489e-01 3.279254966082614103e-02 -5.619999727540276879e-01 -8.432429785638950737e-02 -4.434377715384150154e-01 8.840845538239237855e-03 0.000000000000000000e+00 2.124651100563399592e-03 0.000000000000000000e+00 1.244965189316973690e-02 0.000000000000000000e+00 -4.613002263172631852e-03 1.058238192805133426e+00 5.375605183129110287e+00 2.372857012655064768e+00 4.024344876820423522e+00 7.697553205057102721e-01
-2.117647058823529105e-01 5.394186665296758498e-01 1.241960898494562718e-02 -4.361802254367619369e-01 3.261977212505959289e-02 -5.622940407660715900e-01 -8.414012980521586027e-02 -4.432474202298428145e-01 8.876329976000130184e-03 0.000000000000000000e+00 2.167691618553442643e-03 0.000000000000000000e+00 1.260660910249841379e-02 0.000000000000000000e+00 -4.411307206390549344e-03 1.060947428267189574e+00 5.375947837455053779e+00 2.373143318915436506e+00 4.023272577072979139e+00 7.695494407032836826e-01
-2.168067226890756094e-01 5.394182959921485221e-01 1.171922991317022461e-02 -4.361191192021784957e-01 3.244986594110071260e-02 -5.626034237479247135e-01 -8.395825513398905149e-02 -4.430471868560734716e-01 8.923146757617090447e-03 0.000000000000000000e+00 2.218511820629175124e-03 0.000000000000000000e+00 1.277161139834990904e-02 0.000000000000000000e+00 -4.205752752491245632e-03 1.063732419901826098e+00 5.376328085186766970e+00 2.373436013854348658e+00 4.022186084029319098e+00 7.693458629187536202e-01
-2.218487394957983083e-01 5.394164002745402975e-01 1.098295838476703347e-02 -4.360609347093046817e-01 3.227688936238472944e-02 -5.629198147169730548e-01 -8.377232235957066120e-02 -4.428408841750066660e-01 8.988398227591272091e-03 0.000000000000000000e+00 2.280123023461837727e-03 0.000000000000000000e+00 1.294626810091288084e-02 0.000000000000000000e+00 -3.996794439535877874e-03 1.066593045537174378e+00 5.376747929755553379e+00 2.373743117154156756e+00 4.021090764674004170e+00 7.691397301818971854e-01
-2.268907563025209795e-01 5.394168076601818518e-01 1.024046707335922110e-02 -4.359936409742525831e-01 3.210439975406387952e-02 -5.632520746923161958e-01 -8.359010375393455261e-02 -4.426217618929652597e-01 9.087187795382726738e-03 0.000000000000000000e+00 2.351161971122047410e-03 0.000000000000000000e+00 1.312841523612312891e-02 0.000000000000000000e+00 -3.784269398175864937e-03 1.069521589602428380e+00 5.377206739248563849e+00 2.374083169996063170e+00 4.020004042358448437e+00 7.689465742641048429e-01
-2.319327731092436784e-01 5.394205494285130298e-01 9.480312766145701855e-03 -4.359094521468982464e-01 3.193578769021764019e-02 -5.636039273708474129e-01 -8.341319059601888519e-02 -4.423922114698182750e-01 9.212845666096394076e-03 0.000000000000000000e+00 2.424833287451234626e-03 0.000000000000000000e+00 1.332207409643032872e-02 0.000000000000000000e+00 -3.563303061390618153e-03 1.072537867112569598e+00 5.377713770594612974e+00 2.374456194138943932e+00 4.018880828430186014e+00 7.687541337961999455e-01
-2.369747899159663496e-01 5.394237913267520002e-01 8.667045071945437412e-03 -4.358097534477474166e-01 3.177410097762427277e-02 -5.639791824042003077e-01 -8.324158822278453218e-02 -4.421537274933182715e-01 9.351219349975840867e-03 0.000000000000000000e+00 2.507801976206155449e-03 0.000000000000000000e+00 1.353629368531008952e-02 0.000000000000000000e+00 -3.341700514459391286e-03 1.075653150595718310e+00 5.378329762251929047e+00 2.374854557411114175e+00 4.017755791787067210e+00 7.685646116766946534e-01
-2.420168067226890485e-01 5.394274987010827527e-01 7.818659067303897203e-03 -4.357115631459798633e-01 3.159935116059463950e-02 -5.643630459234041385e-01 -8.305852040582951956e-02 -4.419079681744005339e-01 9.503384822106464638e-03 0.000000000000000000e+00 2.594233997692057918e-03 0.000000000000000000e+00 1.376354578451308500e-02 0.000000000000000000e+00 -3.113006552879048292e-03 1.078821660971522212e+00 5.378987014807201206e+00 2.375269048921190507e+00 4.016616550234617833e+00 7.683836144895714870e-01
-2.470588235294117474e-01 5.394318969576954448e-01 6.930864975779106076e-03 -4.356195565742154163e-01 3.141481124221236904e-02 -5.647503823016425395e-01 -8.287190691132208242e-02 -4.416559297453404587e-01 9.674521753620326028e-03 0.000000000000000000e+00 2.689978757114238478e-03 0.000000000000000000e+00 1.400270415594359087e-02 0.000000000000000000e+00 -2.877887809737493183e-03 1.082070972763216954e+00 5.379711461051228660e+00 2.375706238955011429e+00 4.015447856220989209e+00 7.681997543730613165e-01
-2.521008403361344463e-01 5.394571883062678763e-01 6.286226602005599677e-03 -4.355108177173128148e-01 3.128846497622045364e-02 -5.652351138651521278e-01 -8.262579265278420515e-02 -4.412512441248194750e-01 9.915016232642525490e-03 0.000000000000000000e+00 2.774372201758472552e-03 0.000000000000000000e+00 1.421351280101399057e-02 0.000000000000000000e+00 -2.631513123913894591e-03 1.085394034701603116e+00 5.380195087029862933e+00 2.375998989705736530e+00 4.014455795985313991e+00 7.683887983722362813e-01
-2.571428571428571175e-01 5.394878506671750840e-01 5.608542091866394047e-03 -4.353907203770064349e-01 3.115310502864706774e-02 -5.657271214943149218e-01 -8.234111225042292648e-02 -4.408523424652443512e-01 1.014034089620847144e-02 0.000000000000000000e+00 2.859659668632548273e-03 0.000000000000000000e+00 1.442491807894208215e-02 0.000000000000000000e+00 -2.362722969073182203e-03 1.088783060170043449e+00 5.380639534661939116e+00 2.376316800076860414e+00 4.013430229830565743e+00 7.685967908235545876e-01
-2.621848739495797886e-01 5.395194578496409488e-01 4.887214488176490519e-03 -4.352741369061835508e-01 3.101419491716042240e-02 -5.662189705710624077e-01 -8.201387334579664234e-02 -4.404597910220567347e-01 1.036731516979205216e-02 0.000000000000000000e+00 2.950252638314502813e-03 0.000000000000000000e+00 1.464316464608742679e-02 0.000000000000000000e+00 -2.078509281858393482e-03 1.092236754030345258e+00 5.381081432833060063e+00 2.376652117116224705e+00 4.012389240933075918e+00 7.688255179139480422e-01
-2.672268907563025153e-01 5.395528223266179424e-01 4.133075966832191507e-03 -4.351587250836615461e-01 3.087101218290331725e-02 -5.667174072848131239e-01 -8.164856792333026470e-02 -4.400643371797072767e-01 1.059849219183833444e-02 0.000000000000000000e+00 3.045761580621938244e-03 0.000000000000000000e+00 1.486675366973688218e-02 0.000000000000000000e+00 -1.779280915927580363e-03 1.095752459414736535e+00 5.381511750623627854e+00 2.377004232351871416e+00 4.011337624414917258e+00 7.690789891856472105e-01
-2.722689075630251865e-01 5.395893941681544348e-01 3.361633021115384336e-03 -4.350361920849709074e-01 3.072906036728479534e-02 -5.672321459203802929e-01 -8.124876473969473711e-02 -4.396568474999023590e-01 1.083342555915961514e-02 0.000000000000000000e+00 3.143631002918262449e-03 0.000000000000000000e+00 1.509379069749512171e-02 0.000000000000000000e+00 -1.463558092204195887e-03 1.099331770718733337e+00 5.381908202288867571e+00 2.377370057016062965e+00 4.010275812401459028e+00 7.693709386196182498e-01
-2.773109243697478576e-01 5.396331103442196797e-01 2.610701445272827284e-03 -4.348910131699361137e-01 3.058772442732685462e-02 -5.677791007518742106e-01 -8.080170662518802727e-02 -4.392241907043518134e-01 1.106638203898664859e-02 0.000000000000000000e+00 3.236826885378742916e-03 0.000000000000000000e+00 1.531511809828321746e-02 0.000000000000000000e+00 -1.126256123777964182e-03 1.102800250158702422e+00 5.382166436356468076e+00 2.377733332161384272e+00 4.009216074482384151e+00 7.697272220353538197e-01
-2.823529411764705843e-01 5.396806951889190351e-01 1.831124671419976854e-03 -4.347274695941115707e-01 3.045026737308198506e-02 -5.683458124300100334e-01 -8.032855425308996211e-02 -4.387831671764978458e-01 1.128995693517382583e-02 0.000000000000000000e+00 3.332650473317455911e-03 0.000000000000000000e+00 1.554122589589763612e-02 0.000000000000000000e+00 -7.698147775926970048e-04 1.106321346388309701e+00 5.382380586321998450e+00 2.378107202937211451e+00 4.008112363711928694e+00 7.701101084234275307e-01
-2.873949579831932555e-01 5.397240547456607640e-01 9.849029486109295642e-04 -4.345859967422255332e-01 3.030474006684909238e-02 -5.689024960545850940e-01 -7.982876644573626279e-02 -4.383498075709600927e-01 1.154221701494547239e-02 0.000000000000000000e+00 3.442572491055771646e-03 0.000000000000000000e+00 1.577432173478699948e-02 0.000000000000000000e+00 -4.037686036526549221e-04 1.110220076189786909e+00 5.382719859114375893e+00 2.378529226800416119e+00 4.007013874660343866e+00 7.705144607486728026e-01
-2.924369747899159266e-01 5.397702246779830793e-01 1.050345538531151693e-04 -4.344304918015445272e-01 3.016209680964157189e-02 -5.694780673117503245e-01 -7.930614734195948201e-02 -4.379054026695724522e-01 1.178321603881102297e-02 0.000000000000000000e+00 3.554538508047155876e-03 0.000000000000000000e+00 1.601367839726918971e-02 0.000000000000000000e+00 -1.937705139944002000e-05 1.114142063765628743e+00 5.383021692547235837e+00 2.378966148579629625e+00 4.005870697577627482e+00 7.709438365024365858e-01
-2.974789915966385978e-01 5.398194038925561156e-01 -8.067684887485587937e-04 -4.342635449225977773e-01 3.001993969422087766e-02 -5.700712402159823222e-01 -7.876665312452051093e-02 -4.374484507945558542e-01 1.202114593010171484e-02 0.000000000000000000e+00 3.673430681203319111e-03 0.000000000000000000e+00 1.626093335812268947e-02 0.000000000000000000e+00 3.799969813608672559e-04 1.118158019009752868e+00 5.383315387767568794e+00 2.379416217421637558e+00 4.004699308882043063e+00 7.713975422650274361e-01
-3.025210084033613245e-01 5.398750960926366194e-01 -1.717919894246977292e-03 -4.340691652267277267e-01 2.988738388770108972e-02 -5.706945413631894226e-01 -7.819964216217691055e-02 -4.369726101003922336e-01 1.224556049386148725e-02 0.000000000000000000e+00 3.793792234839533494e-03 0.000000000000000000e+00 1.652044158299255383e-02 0.000000000000000000e+00 7.943352636853792670e-04 1.122227092310446706e+00 5.383543648722024066e+00 2.379867303706471926e+00 4.003492988914135076e+00 7.718846849465500481e-01
-3.075630252100839956e-01 5.399355563211146736e-01 -2.649546107759445917e-03 -4.338681322855332811e-01 2.974895623178362355e-02 -5.713359945330626077e-01 -7.761272960569390311e-02 -4.364768397202051786e-01 1.247013625566106843e-02 0.000000000000000000e+00 3.923568522624134615e-03 0.000000000000000000e+00 1.678693337679229222e-02 0.000000000000000000e+00 1.223658179553883127e-03 1.126385344113186360e+00 5.383756050539595606e+00 2.380327235258801633e+00 4.002259968960698799e+00 7.724004760462304109e-01
-3.126050420168066668e-01 5.400007867278365792e-01 -3.597705914444798616e-03 -4.336589154422283987e-01 2.960590791778021369e-02 -5.719966891097301165e-01 -7.700378570288272939e-02 -4.359609406311260038e-01 1.269187412314790216e-02 0.000000000000000000e+00 4.060729786395802544e-03 0.000000000000000000e+00 1.706036353094936980e-02 0.000000000000000000e+00 1.667593478112734283e-03 1.130599247352291004e+00 5.383948176941951935e+00 2.380788961260232206e+00 4.001004637201127423e+00 7.729489530176831824e-01
-3.176470588235293935e-01 5.400715478924618118e-01 -4.555394515846988325e-03 -4.334377266919325344e-01 2.945896969347775590e-02 -5.726802549160245892e-01 -7.637612230414871084e-02 -4.354219567828510606e-01 1.291328741185865034e-02 0.000000000000000000e+00 4.205637890317343204e-03 0.000000000000000000e+00 1.734231227627045652e-02 0.000000000000000000e+00 2.124607324644065681e-03 1.134912547731329546e+00 5.384120864289063668e+00 2.381249936590161376e+00 3.999730796159153279e+00 7.735332792829212600e-01
-3.226890756302520646e-01 5.401479510591263855e-01 -5.517694808088836368e-03 -4.332073466205866863e-01 2.930697415500394670e-02 -5.733856842931945863e-01 -7.572486768796446444e-02 -4.348585989545390440e-01 1.313757918735972488e-02 0.000000000000000000e+00 4.357985073975340594e-03 0.000000000000000000e+00 1.763234840544635612e-02 0.000000000000000000e+00 2.594733256516106208e-03 1.139295032909731331e+00 5.384269348762140694e+00 2.381709162167542804e+00 3.998446311925905938e+00 7.741589832173209063e-01
-3.277310924369747358e-01 5.402264596310223377e-01 -6.495429960133869592e-03 -4.329836700492462054e-01 2.914606145833463849e-02 -5.740989660153712482e-01 -7.504024747038445797e-02 -4.342811132165794175e-01 1.338169673585778464e-02 0.000000000000000000e+00 4.521906940217455990e-03 0.000000000000000000e+00 1.792865781388602864e-02 0.000000000000000000e+00 3.073211100057912214e-03 1.143739286503768104e+00 5.384438467962471719e+00 2.382181380871003729e+00 3.997177314067177356e+00 7.748350520160338650e-01
-3.327731092436974625e-01 5.403084437310691213e-01 -7.483679696825738629e-03 -4.327604306935564638e-01 2.898153142374282690e-02 -5.748248755322565851e-01 -7.432950961907522358e-02 -4.336849199573572511e-01 1.363979572377445153e-02 0.000000000000000000e+00 4.694767705393998285e-03 0.000000000000000000e+00 1.823273560424930329e-02 0.000000000000000000e+00 3.561919350046423034e-03 1.148244405486895658e+00 5.384613785962294230e+00 2.382661561606824741e+00 3.995912224591930073e+00 7.755592709136167606e-01
-3.378151260504201336e-01 5.403766529077819181e-01 -8.551850810679386197e-03 -4.326050476726611693e-01 2.881201925537940287e-02 -5.755337395881422458e-01 -7.354356056116748142e-02 -4.330709549421649651e-01 1.390334488584921320e-02 0.000000000000000000e+00 4.886510570634302122e-03 0.000000000000000000e+00 1.853359914852183155e-02 0.000000000000000000e+00 4.056067660981649628e-03 1.152958738861455723e+00 5.384857028540883661e+00 2.383111651991619784e+00 3.994711363225631473e+00 7.763819952606908492e-01
-3.428571428571428048e-01 5.404442854367957905e-01 -9.664260456004103439e-03 -4.324494312953069963e-01 2.865733990014233956e-02 -5.762466795295178024e-01 -7.273006852990110405e-02 -4.324568936106744643e-01 1.416270421399530056e-02 0.000000000000000000e+00 5.108691295721664444e-03 0.000000000000000000e+00 1.885084685174849214e-02 0.000000000000000000e+00 4.546971097595935152e-03 1.157582474792716587e+00 5.385173563673185448e+00 2.383479052831349421e+00 3.993572117311965375e+00 7.772305758834674450e-01
-3.478991596638655315e-01 5.405373642951627478e-01 -1.049873608200166050e-02 -4.323339524189075411e-01 2.850351901927930878e-02 -5.769948283065258199e-01 -7.188539921896469620e-02 -4.317188073749199106e-01 1.447258916754005746e-02 0.000000000000000000e+00 5.344285183641220988e-03 0.000000000000000000e+00 1.913587354467445947e-02 0.000000000000000000e+00 5.033978968701903131e-03 1.162359897343560933e+00 5.385347323702488254e+00 2.383689101835234414e+00 3.992717737041698189e+00 7.782165560155529516e-01
-3.529411764705882026e-01 5.406316346539157269e-01 -1.117501399070000567e-02 -4.322471491444705438e-01 2.834586476748375550e-02 -5.777707072586092396e-01 -7.102429155354422763e-02 -4.309091798585564792e-01 1.496702999779531314e-02 0.000000000000000000e+00 5.548899650489862861e-03 0.000000000000000000e+00 1.938850250646346682e-02 0.000000000000000000e+00 5.531044787978767890e-03 1.166922280291194713e+00 5.385544504663457133e+00 2.384116759653098327e+00 3.992064392123485295e+00 7.794234988321661062e-01
-3.579831932773108738e-01 5.407000164704428569e-01 -1.225755609138536907e-02 -4.320489420894790822e-01 2.823094071367937552e-02 -5.785784485293515855e-01 -7.018187986533558353e-02 -4.302007577455458365e-01 1.535030490040513104e-02 0.000000000000000000e+00 5.768162323709051173e-03 0.000000000000000000e+00 1.970669513982203219e-02 0.000000000000000000e+00 6.047925892944813579e-03 1.171638667164494052e+00 5.385911863524437848e+00 2.384650950463604868e+00 3.991085990910051340e+00 7.805229842547499741e-01
-3.630252100840335450e-01 5.407680490288152564e-01 -1.347250384536799808e-02 -4.318141215759515594e-01 2.810821106901549571e-02 -5.793987025913209798e-01 -6.933531868276393562e-02 -4.295120550787362990e-01 1.568326324834427854e-02 0.000000000000000000e+00 5.999785054678440262e-03 0.000000000000000000e+00 2.006196173686807319e-02 0.000000000000000000e+00 6.576577405857556881e-03 1.176462436556968694e+00 5.386317036027200800e+00 2.385215921473930134e+00 3.989943305256401285e+00 7.815944964971346387e-01
-3.680672268907562716e-01 5.408562555411065009e-01 -1.462273714878669154e-02 -4.315641376220346603e-01 2.796425040641154630e-02 -5.802409198123965606e-01 -6.848057595436168876e-02 -4.287799840452621303e-01 1.601255817699680575e-02 0.000000000000000000e+00 6.236000182447756779e-03 0.000000000000000000e+00 2.042891550022604696e-02 0.000000000000000000e+00 7.122830283059608004e-03 1.181391132005013000e+00 5.386628867108074203e+00 2.385826557511482982e+00 3.988718266066730411e+00 7.826859103850162258e-01
-3.731092436974789428e-01 5.409567720405850100e-01 -1.573964774722421203e-02 -4.313150730985524373e-01 2.780313888436730316e-02 -5.810943248728739352e-01 -6.760485826413421828e-02 -4.280164107201741563e-01 1.636127370546592436e-02 0.000000000000000000e+00 6.485323249436019018e-03 0.000000000000000000e+00 2.080396709611784245e-02 0.000000000000000000e+00 7.678361871528867170e-03 1.186397792244106464e+00 5.386920301763381325e+00 2.386462711535206616e+00 3.987475205843992399e+00 7.838242697033753759e-01
-3.781512605042016140e-01 5.410687628504481372e-01 -1.682687343454076015e-02 -4.310492704904367867e-01 2.763724497642681618e-02 -5.819666595327693814e-01 -6.671338046911852449e-02 -4.272257453229513779e-01 1.671656812639964879e-02 0.000000000000000000e+00 6.744100858407376699e-03 0.000000000000000000e+00 2.118889894147792108e-02 0.000000000000000000e+00 8.245772854468206431e-03 1.191420697533786655e+00 5.387169926708118339e+00 2.387109330469190382e+00 3.986208633576711957e+00 7.850158317258548735e-01
-3.831932773109243406e-01 5.411875836870256862e-01 -1.790852601810647565e-02 -4.307802021384044000e-01 2.746557529155163255e-02 -5.828476943777994856e-01 -6.580132386837912739e-02 -4.264174241847245583e-01 1.708861471453231723e-02 0.000000000000000000e+00 7.017318474006484924e-03 0.000000000000000000e+00 2.158290359470730474e-02 0.000000000000000000e+00 8.819722694224185408e-03 1.196489439668859678e+00 5.387435984629867392e+00 2.387764684773301838e+00 3.984945775941056034e+00 7.862671985160446519e-01
-3.882352941176470118e-01 5.413128545569043659e-01 -1.898951558242646664e-02 -4.305077137102957807e-01 2.729131761786674631e-02 -5.837359844218910077e-01 -6.487248848857235517e-02 -4.255934542912243046e-01 1.747632030347734053e-02 0.000000000000000000e+00 7.305211212873932713e-03 0.000000000000000000e+00 2.198550594911358527e-02 0.000000000000000000e+00 9.400316395634093769e-03 1.201607907167129508e+00 5.387729201031428161e+00 2.388432522004963587e+00 3.983682010662836781e+00 7.875747978877563060e-01
-3.932773109243696830e-01 5.413976228473830199e-01 -2.024021651522172824e-02 -4.304179816945421511e-01 2.709111072259480155e-02 -5.845159098297708633e-01 -6.380527505936350874e-02 -4.248247590425191511e-01 1.797702683248803002e-02 0.000000000000000000e+00 7.654852014355002614e-03 0.000000000000000000e+00 2.237005890532356087e-02 0.000000000000000000e+00 9.939463220270257707e-03 1.206760478219697896e+00 5.388529330368143633e+00 2.389026457633320444e+00 3.982848874700345210e+00 7.890257236431245103e-01
-3.983193277310924096e-01 5.414093376811824898e-01 -2.205809813978727371e-02 -4.303477683349113958e-01 2.700835953845703852e-02 -5.851987974258414660e-01 -6.269207560701170467e-02 -4.242699174358707248e-01 1.842272824000367251e-02 0.000000000000000000e+00 8.127526001320458868e-03 0.000000000000000000e+00 2.273329240205469379e-02 0.000000000000000000e+00 1.050345118851958061e-02 1.211931064206621445e+00 5.389891071172097092e+00 2.389751358900301881e+00 3.982213774710583021e+00 7.905069299638984859e-01
-4.033613445378150808e-01 5.414438963112738756e-01 -2.368390796768369763e-02 -4.302658044111622448e-01 2.693148437138021337e-02 -5.859379242259938891e-01 -6.166996686361937707e-02 -4.235964368220607179e-01 1.893555134094892026e-02 0.000000000000000000e+00 8.607909461609684898e-03 0.000000000000000000e+00 2.309973457656067444e-02 0.000000000000000000e+00 1.106078577589024274e-02 1.217187169330224084e+00 5.391273207618238139e+00 2.390484370359309718e+00 3.981556456257276722e+00 7.920381179648708914e-01
-4.084033613445377520e-01 5.414996157044051905e-01 -2.515894427123996011e-02 -4.301663020700152162e-01 2.685871270320542431e-02 -5.867236672466830116e-01 -6.070444128188835081e-02 -4.228333244144764635e-01 1.949614590487783530e-02 0.000000000000000000e+00 9.098431831794349250e-03 0.000000000000000000e+00 2.346998601845789317e-02 0.000000000000000000e+00 1.161404630114577265e-02 1.222506355791824095e+00 5.392667517462481186e+00 2.391219763305809654e+00 3.980898424510864064e+00 7.936265837801442791e-01
-4.134453781512604786e-01 5.415700005632460012e-01 -2.654306152721035150e-02 -4.300566593811726568e-01 2.678824366185652769e-02 -5.875429132205123306e-01 -5.976892212342162225e-02 -4.220039158230921017e-01 2.010625890234162688e-02 0.000000000000000000e+00 9.600800389589624062e-03 0.000000000000000000e+00 2.384950238964270164e-02 0.000000000000000000e+00 1.216141472011827811e-02 1.227892407616861359e+00 5.394099154974987265e+00 2.391963860040923429e+00 3.980251206454613833e+00 7.952869995244906676e-01
-4.184873949579831498e-01 5.416580110351945088e-01 -2.784220527874430723e-02 -4.299410671808254203e-01 2.671519560515194652e-02 -5.883753535279202529e-01 -5.884491370661829035e-02 -4.211341921380715170e-01 2.075150502245400388e-02 0.000000000000000000e+00 1.011268899613683957e-02 0.000000000000000000e+00 2.423674807932875777e-02 0.000000000000000000e+00 1.270948822464548246e-02 1.233333726042053158e+00 5.395548879937911657e+00 2.392730349189568173e+00 3.979592696307344912e+00 7.969992324547905405e-01
-4.235294117647058210e-01 5.417610684170675039e-01 -2.907516287362432034e-02 -4.298278868529134544e-01 2.663422982413430479e-02 -5.892155896960084016e-01 -5.791539773711971983e-02 -4.202303799422251740e-01 2.143231877441577338e-02 0.000000000000000000e+00 1.063710515371207865e-02 0.000000000000000000e+00 2.462611424064038365e-02 0.000000000000000000e+00 1.325677562554985686e-02 1.238817340081681762e+00 5.397027015004553618e+00 2.393519487853651206e+00 3.978954039681365629e+00 7.987731547233412055e-01
-4.285714285714285476e-01 5.418791521615257123e-01 -3.024666774605033401e-02 -4.297026333403386467e-01 2.654989000527068974e-02 -5.900651656360297315e-01 -5.698364267032370034e-02 -4.193032989850536962e-01 2.213381260815191348e-02 0.000000000000000000e+00 1.117186720047910059e-02 0.000000000000000000e+00 2.501846374145213700e-02 0.000000000000000000e+00 1.380707124361971530e-02 1.244336901903720705e+00 5.398512816343163045e+00 2.394331203932425378e+00 3.978319353882672882e+00 8.006023881661568087e-01
-4.336134453781512188e-01 5.420116845160599661e-01 -3.136565167217247874e-02 -4.295567114284968846e-01 2.646605250263924999e-02 -5.909273532212810931e-01 -5.605095757499412717e-02 -4.183568577855487636e-01 2.285055208074805722e-02 0.000000000000000000e+00 1.171596327124575440e-02 0.000000000000000000e+00 2.541507410268676465e-02 0.000000000000000000e+00 1.436225309485782142e-02 1.249911408393863388e+00 5.400001949939182033e+00 2.395162451339424070e+00 3.977685996134611823e+00 8.024859297995352581e-01
-4.386554621848738900e-01 5.421569660872788132e-01 -3.244234488725068755e-02 -4.293932909309131629e-01 2.638137147489381593e-02 -5.917977749667985288e-01 -5.510873854863460736e-02 -4.173966256374391226e-01 2.357941164197924558e-02 0.000000000000000000e+00 1.226858065604629830e-02 0.000000000000000000e+00 2.581643403650437513e-02 0.000000000000000000e+00 1.492242924921085429e-02 1.255500947870181516e+00 5.401487425111540119e+00 2.396010877779374049e+00 3.977059428633114013e+00 8.044265248657090916e-01
-4.436974789915966166e-01 5.423137607376506963e-01 -3.348562669537945291e-02 -4.292112990343713852e-01 2.629690959467206185e-02 -5.926765051722040489e-01 -5.415531490150320842e-02 -4.164248724154747117e-01 2.431961227664357697e-02 0.000000000000000000e+00 1.282979379864339874e-02 0.000000000000000000e+00 2.622282669782259948e-02 0.000000000000000000e+00 1.548723099169396072e-02 1.261105295089541833e+00 5.402972072832205264e+00 2.396876327215034852e+00 3.976443158942125855e+00 8.064254030237992810e-01
-4.487394957983192878e-01 5.424813382333318890e-01 -3.450503437586122102e-02 -4.290193559136133983e-01 2.620946777762893018e-02 -5.935554723199985006e-01 -5.318753417136477118e-02 -4.154465921870631462e-01 2.507294096781550671e-02 0.000000000000000000e+00 1.340086676506673652e-02 0.000000000000000000e+00 2.663237764822237036e-02 0.000000000000000000e+00 1.605616336014699733e-02 1.266718642245419302e+00 5.404468022206077471e+00 2.397769228880445525e+00 3.975835695200785835e+00 8.084757124447342624e-01
-4.537815126050419590e-01 5.426584394656660537e-01 -3.550768146897421290e-02 -4.288021523020847381e-01 2.612813317046869602e-02 -5.944458736908687646e-01 -5.221359293217383429e-02 -4.144596104569489015e-01 2.583479247202674633e-02 0.000000000000000000e+00 1.398015410458430634e-02 0.000000000000000000e+00 2.704934448383203294e-02 0.000000000000000000e+00 1.662923962332762615e-02 1.272359870578325447e+00 5.405975443543820091e+00 2.398680989146802389e+00 3.975234251635763272e+00 8.105820838818520446e-01
-4.588235294117646301e-01 5.428444480070391265e-01 -3.649258272740934367e-02 -4.285590794310599749e-01 2.605110064389412269e-02 -5.953490451347186463e-01 -5.123491577054960222e-02 -4.134624590413811251e-01 2.660741311730412118e-02 0.000000000000000000e+00 1.456699538747758572e-02 0.000000000000000000e+00 2.747180158534416605e-02 0.000000000000000000e+00 1.720569545675769418e-02 1.278027039213697202e+00 5.407494833315830363e+00 2.399613668420364831e+00 3.974642169532798697e+00 8.127523882286299406e-01
-4.638655462184873568e-01 5.430397998534107762e-01 -3.746989458003692486e-02 -4.282975355334103784e-01 2.597339017200816016e-02 -5.962555620646514676e-01 -5.024889613275588390e-02 -4.124621186567034581e-01 2.739071700970583875e-02 0.000000000000000000e+00 1.516119394121302061e-02 0.000000000000000000e+00 2.790057418492779967e-02 0.000000000000000000e+00 1.778650714579758235e-02 1.283734022928831431e+00 5.409037837650175540e+00 2.400574127488449783e+00 3.974050824642211044e+00 8.149730860951953648e-01
-4.689075630252100280e-01 5.432418202044237976e-01 -3.843541307906513105e-02 -4.280213264379079119e-01 2.589985315266234156e-02 -5.971616666842348708e-01 -4.924758845161071596e-02 -4.114612484500649314e-01 2.819078401876060069e-02 0.000000000000000000e+00 1.576128751702332922e-02 0.000000000000000000e+00 2.833270092357863604e-02 0.000000000000000000e+00 1.837015347994204462e-02 1.289432041533994155e+00 5.410599913578192144e+00 2.401561627141321154e+00 3.973478103845570875e+00 8.172619350801949567e-01
-4.739495798319326991e-01 5.434526771410458368e-01 -3.936661547260716237e-02 -4.277273332957216567e-01 2.582608953565166537e-02 -5.980759679355743819e-01 -4.823714253277482100e-02 -4.104478174185348660e-01 2.901014957296518815e-02 0.000000000000000000e+00 1.636683788206334464e-02 0.000000000000000000e+00 2.876700641554185561e-02 0.000000000000000000e+00 1.895637055306403224e-02 1.295163015031751019e+00 5.412162612975259357e+00 2.402574423058638775e+00 3.972928475820212579e+00 8.196182982542857820e-01
-4.789915966386554258e-01 5.436723863169385940e-01 -4.026760506429193087e-02 -4.274166355548570939e-01 2.575127889823174837e-02 -5.990016262505766242e-01 -4.722300764226021463e-02 -4.094155066354551731e-01 2.984829290269205848e-02 0.000000000000000000e+00 1.697872164960743946e-02 0.000000000000000000e+00 2.920491417212590923e-02 0.000000000000000000e+00 1.954618264466152777e-02 1.300965972265193171e+00 5.413721369999318966e+00 2.403614727595752676e+00 3.972401129011338128e+00 8.220366038536304210e-01
-4.840336134453780970e-01 5.438958646468272651e-01 -4.112717279060350978e-02 -4.270940847582254118e-01 2.568041401325571113e-02 -5.999316908046093966e-01 -4.616890132364758620e-02 -4.083727990657874396e-01 3.069229044328998512e-02 0.000000000000000000e+00 1.759462508009370513e-02 0.000000000000000000e+00 2.964222093538882580e-02 0.000000000000000000e+00 2.013969395092219186e-02 1.306647423580648670e+00 5.415204312855733448e+00 2.404644251658422327e+00 3.971940839779230625e+00 8.245392077697442090e-01
-4.890756302521007681e-01 5.441258212899022784e-01 -4.195910843680726587e-02 -4.267471598280177525e-01 2.561552789528006441e-02 -6.008795983084572745e-01 -4.510785690787921104e-02 -4.073096237968775735e-01 3.153968838986902223e-02 0.000000000000000000e+00 1.821743483717932349e-02 0.000000000000000000e+00 3.008309158898950925e-02 0.000000000000000000e+00 2.073671075798784111e-02 1.312352392698358239e+00 5.416648116114743949e+00 2.405678012567047386e+00 3.971515295555014813e+00 8.271084268379601534e-01
-4.941176470588234948e-01 5.443619916029497352e-01 -4.277260486120564725e-02 -4.263759557506655029e-01 2.555744099643273912e-02 -6.018430618452484948e-01 -4.403541744807924763e-02 -4.062302941206991092e-01 3.239470189891198448e-02 0.000000000000000000e+00 1.884490745574955370e-02 0.000000000000000000e+00 3.052434989991785128e-02 0.000000000000000000e+00 2.134173783163455587e-02 1.318088443817261535e+00 5.418076520472598467e+00 2.406723015090316053e+00 3.971124217421012847e+00 8.297465188393998714e-01
-4.991596638655461660e-01 5.446037879775487145e-01 -4.355205002647016127e-02 -4.259904454299776044e-01 2.549883325450842675e-02 -6.028183025505520209e-01 -4.294313516392627567e-02 -4.051306386840854978e-01 3.324845051343320451e-02 0.000000000000000000e+00 1.947835331015742785e-02 0.000000000000000000e+00 3.096698080024529870e-02 0.000000000000000000e+00 2.194925344151861177e-02 1.323811962638466566e+00 5.419441791720858603e+00 2.407758703874795625e+00 3.970786219399595751e+00 8.324465303696853002e-01
-5.042016806722688926e-01 5.448498372643709731e-01 -4.430651598539217528e-02 -4.255843139269107067e-01 2.544553224955107065e-02 -6.038082066504708578e-01 -4.183377087493385382e-02 -4.040131070843324679e-01 3.409728159609618642e-02 0.000000000000000000e+00 2.011624302033638775e-02 0.000000000000000000e+00 3.141228131813547653e-02 0.000000000000000000e+00 2.255923699838432994e-02 1.329521383775502219e+00 5.420751406572284381e+00 2.408780971280245264e+00 3.970498437603361186e+00 8.352071248050838559e-01
-5.092436974789915638e-01 5.450997129461232493e-01 -4.503556769486808525e-02 -4.251561762696166591e-01 2.539851531857574909e-02 -6.048126024892231944e-01 -4.071015233280764894e-02 -4.028794267064065293e-01 3.494176667801823094e-02 0.000000000000000000e+00 2.075780110031979347e-02 0.000000000000000000e+00 3.185922615620236098e-02 0.000000000000000000e+00 2.317149098886617936e-02 1.335235974756987964e+00 5.422010838257344645e+00 2.409792960967569009e+00 3.970259792400764098e+00 8.380269772390370742e-01
-5.142857142857142350e-01 5.453516702124900917e-01 -4.575168119552957408e-02 -4.247107468519300544e-01 2.535733971631066661e-02 -6.058249615235640206e-01 -3.956578345602810437e-02 -4.017362223641410268e-01 3.577884002844978345e-02 0.000000000000000000e+00 2.140376283241090041e-02 0.000000000000000000e+00 3.230778510080434957e-02 0.000000000000000000e+00 2.378520185850143548e-02 1.340923034148296722e+00 5.423222363301921867e+00 2.410796232908411607e+00 3.970068950515046602e+00 8.409029322896688363e-01
-5.193277310924369061e-01 5.456070404513831962e-01 -4.645039559907135351e-02 -4.242361177773521508e-01 2.532576011295724350e-02 -6.068566348853862147e-01 -3.841206327941511234e-02 -4.005764775085378093e-01 3.661291580591959083e-02 0.000000000000000000e+00 2.205691818691855183e-02 0.000000000000000000e+00 3.275883812224687774e-02 0.000000000000000000e+00 2.439823987838569269e-02 1.346678882906469532e+00 5.424397299797352190e+00 2.411797616729033145e+00 3.969924439907502212e+00 8.438339779264837359e-01
-5.243697478991595773e-01 5.458651331956788644e-01 -4.713175659423344405e-02 -4.237510989641902759e-01 2.529365331197441780e-02 -6.078951902781452032e-01 -3.723597508832367925e-02 -3.994018010141561770e-01 3.744306483027091265e-02 0.000000000000000000e+00 2.271319442262659249e-02 0.000000000000000000e+00 3.321232935265869268e-02 0.000000000000000000e+00 2.501117825862716332e-02 1.352411686580513805e+00 5.425522996332855286e+00 2.412797690502250791e+00 3.969821677591222286e+00 8.468130660163941670e-01
-5.294117647058822484e-01 5.461237676036097000e-01 -4.780028974713462775e-02 -4.232418338085697229e-01 2.527273219563253362e-02 -6.089475108091995104e-01 -3.604291064880432022e-02 -3.982151054422275460e-01 3.826453604314411505e-02 0.000000000000000000e+00 2.337237824855269153e-02 0.000000000000000000e+00 3.366767295924022463e-02 0.000000000000000000e+00 2.562498255674635142e-02 1.358134454893131116e+00 5.426602326389165398e+00 2.413787193430548150e+00 3.969765166139330947e+00 8.498480914393276020e-01
-5.344537815126050306e-01 5.463603462055576232e-01 -4.858079556937514726e-02 -4.227413503383228854e-01 2.524704480694781733e-02 -6.100306833839460596e-01 -3.473911009457986143e-02 -3.969816143832566868e-01 3.907946424047563372e-02 0.000000000000000000e+00 2.401932342051426444e-02 0.000000000000000000e+00 3.412151093665248547e-02 0.000000000000000000e+00 2.626656186864212775e-02 1.363832344768297844e+00 5.427414057283702853e+00 2.414733911461617755e+00 3.969814855400627618e+00 8.529562384017169707e-01
-5.394957983193277018e-01 5.466045583087649762e-01 -4.927412261827082696e-02 -4.222280160791297976e-01 2.522737824890283059e-02 -6.111266762518332563e-01 -3.343866057615921955e-02 -3.957184619408687376e-01 3.988853812927945636e-02 0.000000000000000000e+00 2.466861301459831804e-02 0.000000000000000000e+00 3.457507833133722369e-02 0.000000000000000000e+00 2.690388541335900219e-02 1.369480176581829856e+00 5.428160770085436404e+00 2.415660137725887058e+00 3.969906942706449726e+00 8.561019862577902151e-01
-5.445378151260503730e-01 5.468540390545499896e-01 -4.984540202877165566e-02 -4.217087552952617502e-01 2.520783106247074384e-02 -6.122350352700121068e-01 -3.212325286519044504e-02 -3.944177471082768172e-01 4.071041085710054575e-02 0.000000000000000000e+00 2.531393461332742678e-02 0.000000000000000000e+00 3.501681572759208355e-02 0.000000000000000000e+00 2.754842125917500786e-02 1.375097673763544082e+00 5.428769704450953526e+00 2.416576773186124516e+00 3.970098681880799951e+00 8.593224038897517847e-01
-5.495798319327730441e-01 5.470949712159027811e-01 -5.050185819368551571e-02 -4.211309321462686217e-01 2.523552480335422218e-02 -6.133537390329554251e-01 -3.081232763722092233e-02 -3.931482146818203738e-01 4.151654717839730474e-02 0.000000000000000000e+00 2.595610270184155535e-02 0.000000000000000000e+00 3.546813254911943686e-02 0.000000000000000000e+00 2.819512171298291930e-02 1.380750088023077193e+00 5.429467169783325886e+00 2.417525216931671217e+00 3.970270113888433094e+00 8.625899246127097797e-01
-5.546218487394957153e-01 5.473379491666253704e-01 -5.114190152265647715e-02 -4.205333364617082070e-01 2.527216655435233356e-02 -6.144757428684201050e-01 -2.949583936580449720e-02 -3.918750720959197631e-01 4.231786598121414777e-02 0.000000000000000000e+00 2.659895521765361093e-02 0.000000000000000000e+00 3.592289217582417954e-02 0.000000000000000000e+00 2.883964097127490050e-02 1.386426824186177242e+00 5.430160632020960776e+00 2.418478961986048503e+00 3.970454760018822693e+00 8.658949912665888649e-01
-5.596638655462183864e-01 5.475828395990787190e-01 -5.175875745174938342e-02 -4.199175128019254633e-01 2.531689463038922297e-02 -6.156019942995353267e-01 -2.817280096229148392e-02 -3.905944881242580102e-01 4.311616509801288744e-02 0.000000000000000000e+00 2.724366595042052377e-02 0.000000000000000000e+00 3.637878876639709380e-02 0.000000000000000000e+00 2.948306117026770409e-02 1.392137018220155564e+00 5.430836549204756558e+00 2.419434169485112029e+00 3.970660137195968442e+00 8.692381820418590976e-01
-5.647058823529411686e-01 5.478278347253329184e-01 -5.235051536263710809e-02 -4.192833872170005916e-01 2.536827109180668158e-02 -6.167365856864945872e-01 -2.683433598561913921e-02 -3.893000150096635470e-01 4.390514233304494696e-02 0.000000000000000000e+00 2.788757444425591162e-02 0.000000000000000000e+00 3.683468980758554390e-02 0.000000000000000000e+00 3.012730590186712271e-02 1.397798007298445278e+00 5.431466465918648012e+00 2.420378488122000515e+00 3.970899538041346322e+00 8.726236913832802200e-01
-5.697478991596638398e-01 5.480731367608572269e-01 -5.291685627163371375e-02 -4.186337598889026124e-01 2.542736443471545899e-02 -6.178755530535425811e-01 -2.548363769167918610e-02 -3.879954649001461919e-01 4.468801115224509818e-02 0.000000000000000000e+00 2.853178384078936675e-02 0.000000000000000000e+00 3.728973555278256025e-02 0.000000000000000000e+00 3.077154373783738683e-02 1.403472751201473745e+00 5.432058985931567108e+00 2.421316118031702214e+00 3.971169202753627392e+00 8.760493007229561702e-01
-5.747899159663865110e-01 5.483174020585460662e-01 -5.346235078748058644e-02 -4.179675211430141091e-01 2.549435567815000123e-02 -6.190201372131339808e-01 -2.412018887682037746e-02 -3.866809018113546159e-01 4.546147396710107508e-02 0.000000000000000000e+00 2.917514469545685191e-02 0.000000000000000000e+00 3.774411170716896607e-02 0.000000000000000000e+00 3.141592958743914116e-02 1.409159756574388966e+00 5.432608231170213742e+00 2.422244826112863514e+00 3.971469737506467812e+00 8.795148768343157286e-01
-5.798319327731091821e-01 5.485598372210634954e-01 -5.399723413053604537e-02 -4.172841321765018985e-01 2.556954949122201143e-02 -6.201698996325211155e-01 -2.274417559998657273e-02 -3.853573398851463661e-01 4.622411806605281753e-02 0.000000000000000000e+00 2.981764351324198842e-02 0.000000000000000000e+00 3.819755657436190582e-02 0.000000000000000000e+00 3.206224883964325229e-02 1.414863116370685070e+00 5.433119602772220169e+00 2.423168045689090278e+00 3.971797870804584907e+00 8.830156259638959337e-01
-5.848739495798318533e-01 5.487995935386955626e-01 -5.451577582745604361e-02 -4.165852271686309449e-01 2.565313632375646608e-02 -6.213251535565067485e-01 -2.135331358087743173e-02 -3.840229546102112423e-01 4.697435535022278369e-02 0.000000000000000000e+00 3.045838699406086536e-02 0.000000000000000000e+00 3.864920435725583553e-02 0.000000000000000000e+00 3.270907227184728649e-02 1.420572833644829558e+00 5.433583749148342079e+00 2.424080034137547912e+00 3.972158131883086085e+00 8.865528696076375725e-01
-5.899159663865545244e-01 5.490369440007819568e-01 -5.502449321466409971e-02 -4.158694309953795964e-01 2.574561206875027389e-02 -6.224855938157074497e-01 -1.995130700465301207e-02 -3.826789117169404064e-01 4.771302823254598702e-02 0.000000000000000000e+00 3.109791820351459971e-02 0.000000000000000000e+00 3.909902592536762533e-02 0.000000000000000000e+00 3.335821976645362424e-02 1.426324316889913568e+00 5.434009730731228061e+00 2.424986240800363735e+00 3.972542860076266891e+00 8.901210382862420056e-01
-5.949579831932771956e-01 5.492703076701015430e-01 -5.551268856716008726e-02 -4.151392659456710765e-01 2.584684469196833756e-02 -6.236516692936032724e-01 -1.853171390842811225e-02 -3.813223891507126484e-01 4.843935186425765010e-02 0.000000000000000000e+00 3.173487069231320512e-02 0.000000000000000000e+00 3.954605366279879963e-02 0.000000000000000000e+00 3.400746552554267943e-02 1.432047375290714575e+00 5.434381156735462959e+00 2.425873616474615968e+00 3.972964107851239213e+00 8.937262479307324092e-01
-5.999999999999999778e-01 5.494997011289004529e-01 -5.599044680509666916e-02 -4.143930726430753997e-01 2.595780223621440425e-02 -6.248230066783669878e-01 -1.709777026364947897e-02 -3.799555479155132254e-01 4.915183265401880386e-02 0.000000000000000000e+00 3.236970737097050882e-02 0.000000000000000000e+00 3.999061211779374181e-02 0.000000000000000000e+00 3.465844263495428818e-02 1.437778357031858079e+00 5.434705607144460160e+00 2.426747942405259817e+00 3.973413998738381192e+00 8.973634367206931861e-01
