0.000000000000000000e+00 -3.339243756190291013e-02 -2.942795823738707239e-02 -4.144658495963542827e-02 -2.085339615178508077e-01
-5.042016806722688510e-03 -3.217735957716070377e-02 -2.981503876110068799e-02 -4.249419732399984523e-02 -2.089731984290809086e-01
-1.008403361344537702e-02 -3.151294730385732074e-02 -3.001192611802229460e-02 -4.304133044094465149e-02 -2.091324767984877042e-01
-1.512605042016806553e-02 -3.112783949126424199e-02 -3.013442070541040574e-02 -4.333993174166492213e-02 -2.092046265705833352e-01
-2.016806722689075404e-02 -3.089694127218011593e-02 -3.021882595470860161e-02 -4.350641989840770690e-02 -2.092449512385718968e-01
-2.521008403361344255e-02 -3.075360102718590477e-02 -3.028110535702427039e-02 -4.360169296946312528e-02 -2.092739122150104603e-01
-3.025210084033613106e-02 -3.066153977135951253e-02 -3.032839649901634960e-02 -4.365689717836025024e-02 -2.092955540875629517e-01
-3.529411764705882304e-02 -3.060118948871173167e-02 -3.036525250112334651e-02 -4.368921508948787891e-02 -2.093142421521586583e-01
-4.033613445378150808e-02 -3.056058017148318914e-02 -3.039513175702567363e-02 -4.370779729187295598e-02 -2.093312806621571709e-01
-4.537815126050419312e-02 -3.053276485051357667e-02 -3.041946000524367588e-02 -4.371843655653880056e-02 -2.093472354778573574e-01
-5.042016806722688510e-02 -3.051341887635087430e-02 -3.043909058909510454e-02 -4.372446716197873895e-02 -2.093618475755375241e-01
-5.546218487394957708e-02 -3.050040019309487038e-02 -3.045508657625748197e-02 -4.372763110948583998e-02 -2.093764692731334143e-01
-6.050420168067226212e-02 -3.049151721061475404e-02 -3.046839093357543021e-02 -4.372894089713673382e-02 -2.093906408598837920e-01
-6.554621848739494716e-02 -3.048551067385569385e-02 -3.047975703415500837e-02 -4.372889400982860053e-02 -2.094043636894446503e-01
-7.058823529411764608e-02 -3.048163403338269989e-02 -3.048952044714738074e-02 -4.372799803644041028e-02 -2.094178445264904820e-01
-7.563025210084033112e-02 -3.047925516591211414e-02 -3.049779184333049550e-02 -4.372675512817152804e-02 -2.094310588992889799e-01
-8.067226890756301616e-02 -3.047797800168108168e-02 -3.050478427272235865e-02 -4.372536625069974731e-02 -2.094440566465622100e-01
-8.571428571428570120e-02 -3.047755370038704448e-02 -3.051079628788984366e-02 -4.372379666170700396e-02 -2.094568821430328742e-01
-9.075630252100838624e-02 -3.047777886490507168e-02 -3.051588703643789979e-02 -4.372220608872507547e-02 -2.094695799993572249e-01
-9.579831932773108516e-02 -3.047846656959926279e-02 -3.052003466898107684e-02 -4.372081056458978349e-02 -2.094821778622769082e-01
-1.008403361344537702e-01 -3.047943206333886268e-02 -3.052313364022086334e-02 -4.371991585194932861e-02 -2.094947134391207111e-01
-1.058823529411764552e-01 -3.048072802043407664e-02 -3.052542601450731335e-02 -4.371921583014388296e-02 -2.095071867931215248e-01
-1.109243697478991542e-01 -3.048194932038064686e-02 -3.052684769416476665e-02 -4.371919276293988188e-02 -2.095196361972819221e-01
-1.159663865546218392e-01 -3.048321536064707571e-02 -3.052773034534472796e-02 -4.371941243712048480e-02 -2.095321123043070166e-01
-1.210084033613445242e-01 -3.048457475738644215e-02 -3.052826109668271143e-02 -4.371965242027447268e-02 -2.095446588916054509e-01
-1.260504201680672232e-01 -3.048599658354189668e-02 -3.052837490686562821e-02 -4.372001278201507329e-02 -2.095573000903218353e-01
-1.310924369747898943e-01 -3.048718138522662005e-02 -3.052805730604412487e-02 -4.372080774940870912e-02 -2.095700529352755304e-01
-1.361344537815125932e-01 -3.048838373907541976e-02 -3.052729886933747833e-02 -4.372179550187104552e-02 -2.095829412604031106e-01
-1.411764705882352922e-01 -3.048964054483745828e-02 -3.052613666812241389e-02 -4.372300174614774521e-02 -2.095961908699797982e-01
-1.462184873949579633e-01 -3.049095645123925044e-02 -3.052480346148915211e-02 -4.372400361839310495e-02 -2.096094401958289444e-01
-1.512605042016806622e-01 -3.049125900344470605e-02 -3.052433966475489452e-02 -4.372497934011139453e-02 -2.096231041115529381e-01
-1.563025210084033334e-01 -3.048987888704124405e-02 -3.052487406367478118e-02 -4.372669224901886559e-02 -2.096375809696825465e-01
-1.613445378151260323e-01 -3.048941744880221197e-02 -3.052371257762651752e-02 -4.372903818310104607e-02 -2.096524855631430040e-01
-1.663865546218487312e-01 -3.048973407938967983e-02 -3.052231215077737259e-02 -4.373056766342040685e-02 -2.096675471826452974e-01
-1.714285714285714024e-01 -3.049235068913273491e-02 -3.052257977704008265e-02 -4.373170011781299382e-02 -2.096913199611520895e-01
-1.764705882352941013e-01 -3.049176509717240607e-02 -3.052994053200607655e-02 -4.372647503267267782e-02 -2.097109928041147875e-01
-1.815126050420167725e-01 -3.049135551324157548e-02 -3.053745053249963884e-02 -4.371979606379903377e-02 -2.097292108105479613e-01
-1.865546218487394714e-01 -3.049094912956552134e-02 -3.053747110500204531e-02 -4.372012330150489706e-02 -2.097471585038100383e-01
-1.915966386554621703e-01 -3.049327972951595273e-02 -3.053284138802416642e-02 -4.372226655957717201e-02 -2.097656552359767612e-01
-1.966386554621848415e-01 -3.050005102313287086e-02 -3.052608719959301262e-02 -4.372195401901898815e-02 -2.097847077925669435e-01
-2.016806722689075404e-01 -3.050469884189375286e-02 -3.051846218344071021e-02 -4.372437340438683345e-02 -2.098040839191557816e-01
-2.067226890756302393e-01 -3.050823875242057726e-02 -3.051022160639708936e-02 -4.372824236725413038e-02 -2.098238158934561948e-01
-2.117647058823529105e-01 -3.051116308977634001e-02 -3.050144215725864028e-02 -4.373298949879397823e-02 -2.098439348530582449e-01
-2.168067226890756094e-01 -3.051410643459878669e-02 -3.049203032550843601e-02 -4.373868833703561942e-02 -2.098655017137281142e-01
-2.218487394957983083e-01 -3.051657062511711760e-02 -3.048236128934045733e-02 -4.374424912158424855e-02 -2.098863952541978328e-01
-2.268907563025209795e-01 -3.051816450631491401e-02 -3.047396292690160435e-02 -4.374919481552370232e-02 -2.099079380906746783e-01
-2.319327731092436784e-01 -3.052198008423376643e-02 -3.046474892795644068e-02 -4.375238908214005434e-02 -2.099298537424963973e-01
-2.369747899159663496e-01 -3.052580324585470531e-02 -3.045533307468835382e-02 -4.375545949682338454e-02 -2.099522574130873731e-01
-2.420168067226890485e-01 -3.052821575092353606e-02 -3.044654503233032439e-02 -4.375899945720432976e-02 -2.099752562553799662e-01
-2.470588235294117474e-01 -3.053000518587394019e-02 -3.043849214793052649e-02 -4.376209623099069218e-02 -2.099989063904965092e-01
-2.521008403361344463e-01 -3.053146535670081888e-02 -3.043097209529744759e-02 -4.376463213981991035e-02 -2.100232521360442528e-01
-2.571428571428571175e-01 -3.053254568367721675e-02 -3.042387429241387095e-02 -4.376658655629373645e-02 -2.100477392359760276e-01
-2.621848739495797886e-01 -3.053399041417184656e-02 -3.041705328724055024e-02 -4.376772759031712784e-02 -2.100734626555034734e-01
-2.672268907563025153e-01 -3.053487857475972733e-02 -3.041041440341129762e-02 -4.376865437370226763e-02 -2.100995846404725143e-01
-2.722689075630251865e-01 -3.053458740788158807e-02 -3.040434101553264254e-02 -4.376981394149337401e-02 -2.101269051282061151e-01
-2.773109243697478576e-01 -3.053399486302893137e-02 -3.039783665418736500e-02 -4.377126208964769727e-02 -2.101550793128640071e-01
-2.823529411764705843e-01 -3.053355853099767869e-02 -3.039095964650431747e-02 -4.377247911108198691e-02 -2.101842065970652151e-01
-2.873949579831932555e-01 -3.053352200711650227e-02 -3.038333969017199127e-02 -4.377367606002456613e-02 -2.102143166412541175e-01
-2.924369747899159266e-01 -3.053105090985935854e-02 -3.037437722368425963e-02 -4.377717906291529737e-02 -2.102434263484671273e-01
-2.974789915966385978e-01 -3.052918955371036747e-02 -3.036502211645817489e-02 -4.378116797256751541e-02 -2.102747537649787557e-01
-3.025210084033613245e-01 -3.052785673741740397e-02 -3.035314544764104727e-02 -4.378662283257154370e-02 -2.103067274654582264e-01
-3.075630252100839956e-01 -3.052729316995419009e-02 -3.033865294347527081e-02 -4.379328636186313045e-02 -2.103390414777266126e-01
-3.126050420168066668e-01 -3.052727043244388844e-02 -3.032110547148840138e-02 -4.380172141972456246e-02 -2.103713315117535509e-01
-3.176470588235293935e-01 -3.051325592066568906e-02 -3.029828456354103500e-02 -4.381377845906540142e-02 -2.103700019691110701e-01
-3.226890756302520646e-01 -3.052512844893560950e-02 -3.025219394415300592e-02 -4.383867905535032000e-02 -2.104042124670108815e-01
-3.277310924369747358e-01 -3.053232303209048315e-02 -3.021973958287507006e-02 -4.385345450280780238e-02 -2.104397058365044815e-01
-3.327731092436974625e-01 -3.053968350842952567e-02 -3.018871156527209998e-02 -4.386631157292874422e-02 -2.104759536064420289e-01
-3.378151260504201336e-01 -3.055314718129270579e-02 -3.014902887212154298e-02 -4.388165379438737496e-02 -2.105123884226546283e-01
-3.428571428571428048e-01 -3.057651054661308584e-02 -3.012158969462123623e-02 -4.388803018850457455e-02 -2.105851638883760035e-01
-3.478991596638655315e-01 -3.056352031186031215e-02 -3.010668398427730763e-02 -4.388875623502664497e-02 -2.105900820496744152e-01
-3.529411764705882026e-01 -3.056781927412435818e-02 -3.007671752120114061e-02 -4.390167167151187710e-02 -2.106304880844004357e-01
-3.579831932773108738e-01 -3.056566296777271652e-02 -3.006663882823513642e-02 -4.389961564019998624e-02 -2.106732659079411374e-01
-3.630252100840335450e-01 -3.056370136888087591e-02 -3.004450299983633596e-02 -4.390949534059866016e-02 -2.107172728966064390e-01
-3.680672268907562716e-01 -3.056195841325598517e-02 -3.000784074689961944e-02 -4.393339290970114941e-02 -2.107622955053010116e-01
-3.731092436974789428e-01 -3.060300641128887306e-02 -3.005136051874134767e-02 -4.391058694628120068e-02 -2.109737546840195765e-01
-3.781512605042016140e-01 -3.059177821148007653e-02 -3.006948128735558931e-02 -4.388653023036136885e-02 -2.110258527928564054e-01
-3.831932773109243406e-01 -3.057839549848795010e-02 -3.009410072536763264e-02 -4.385767095500097551e-02 -2.110812237372689248e-01
-3.882352941176470118e-01 -3.057005219939743293e-02 -3.009461562731763351e-02 -4.384809997418133432e-02 -2.111356569353154689e-01
-3.932773109243696830e-01 -3.056577032739840605e-02 -3.008673726015799813e-02 -4.384274377612246837e-02 -2.111908337950179626e-01
-3.983193277310924096e-01 -3.056333716967073524e-02 -3.007435670390174245e-02 -4.383981582414950978e-02 -2.112474062743156522e-01
-4.033613445378150808e-01 -3.056089006937180719e-02 -3.005844911634815084e-02 -4.383988392464911038e-02 -2.113059194112432981e-01
-4.084033613445377520e-01 -3.055962518268079409e-02 -3.003820545023599964e-02 -4.384297090765770094e-02 -2.113661975252396630e-01
-4.134453781512604786e-01 -3.055844055223848332e-02 -3.001617025221748475e-02 -4.384773613909477563e-02 -2.114289706977883210e-01
-4.184873949579831498e-01 -3.055554021657604091e-02 -2.999665295349160030e-02 -4.385010578485195459e-02 -2.114925345124865352e-01
-4.235294117647058210e-01 -3.055193859089131228e-02 -2.997831944651941846e-02 -4.385073536358506663e-02 -2.115577436519535948e-01
-4.285714285714285476e-01 -3.054898121938137007e-02 -2.995832141196930198e-02 -4.385142096716174165e-02 -2.116244448116756938e-01
-4.336134453781512188e-01 -3.054643533307242059e-02 -2.993400237057936703e-02 -4.385600405327211987e-02 -2.116940060490209441e-01
-4.386554621848738900e-01 -3.054463341563989909e-02 -2.990339679652533056e-02 -4.386514872874248266e-02 -2.117622999688605068e-01
-4.436974789915966166e-01 -3.054236571672637457e-02 -2.987021064790468250e-02 -4.387768142080330364e-02 -2.118350877672291188e-01
-4.487394957983192878e-01 -3.053984811264324334e-02 -2.984049993475638984e-02 -4.388555138818027446e-02 -2.119100167703083515e-01
-4.537815126050419590e-01 -3.053735322199736466e-02 -2.981197036796747954e-02 -4.389122589308090683e-02 -2.119871177570262499e-01
-4.588235294117646301e-01 -3.053449341037606929e-02 -2.978422390834383968e-02 -4.389555141511366360e-02 -2.120662626620941071e-01
-4.638655462184873568e-01 -3.053193286355581834e-02 -2.975614304718631961e-02 -4.389934888344874941e-02 -2.121492856609419608e-01
-4.689075630252100280e-01 -3.052854073809593144e-02 -2.973008596647457036e-02 -4.390003544808097902e-02 -2.122332944796148646e-01
-4.739495798319326991e-01 -3.052463819177226451e-02 -2.970349087706239399e-02 -4.390039657679707663e-02 -2.123185444620171447e-01
-4.789915966386554258e-01 -3.052061110081797507e-02 -2.967508260261976852e-02 -4.390231168947250628e-02 -2.124067706234827879e-01
-4.840336134453780970e-01 -3.051632858091056499e-02 -2.964589611656060289e-02 -4.390445022622473797e-02 -2.124973708484359236e-01
-4.890756302521007681e-01 -3.051141853305242707e-02 -2.961633756696334038e-02 -4.390650087936116830e-02 -2.125903913308315185e-01
-4.941176470588234948e-01 -3.050620589781173966e-02 -2.958599274825369357e-02 -4.390851903096588266e-02 -2.126869817513437066e-01
-4.991596638655461660e-01 -3.050047610004251800e-02 -2.955533042310786590e-02 -4.391046430349682811e-02 -2.127850212062843693e-01
-5.042016806722688926e-01 -3.049403161981947136e-02 -2.952468782287639634e-02 -4.391188779488007510e-02 -2.128860618932507109e-01
-5.092436974789915638e-01 -3.048714587516501012e-02 -2.949310455124803942e-02 -4.391383874336998033e-02 -2.129890580559837265e-01
-5.142857142857142350e-01 -3.048039374499385626e-02 -2.946186838674940550e-02 -4.391414666711990211e-02 -2.130946464768243009e-01
-5.193277310924369061e-01 -3.047330522427397353e-02 -2.943062850032768241e-02 -4.391363511215881643e-02 -2.132026821960446572e-01
-5.243697478991595773e-01 -3.046516558616193387e-02 -2.939920779016906571e-02 -4.391305877832968330e-02 -2.133132320454830533e-01
-5.294117647058822484e-01 -3.045613905046235664e-02 -2.936783125710971942e-02 -4.391201744109540783e-02 -2.134266294942809561e-01
-5.344537815126050306e-01 -3.044246707180848013e-02 -2.933555494213737486e-02 -4.391413195181698842e-02 -2.135463929973017150e-01
-5.394957983193277018e-01 -3.043086351149580648e-02 -2.930298190131392505e-02 -4.391459595071178085e-02 -2.136657665471547729e-01
-5.445378151260503730e-01 -3.041823471694894004e-02 -2.927072503968090531e-02 -4.391422250042006231e-02 -2.137881057073063307e-01
-5.495798319327730441e-01 -3.040437585617643962e-02 -2.923842736770372597e-02 -4.391352180251239384e-02 -2.139127613171600550e-01
-5.546218487394957153e-01 -3.039007047275880599e-02 -2.920660091982235640e-02 -4.391115392057710898e-02 -2.140400552876846607e-01
-5.596638655462183864e-01 -3.037515276912311490e-02 -2.917509752985764787e-02 -4.390750008122092096e-02 -2.141701188459033955e-01
-5.647058823529411686e-01 -3.035961998925369026e-02 -2.914347016335130242e-02 -4.390314488455230452e-02 -2.143027831135208838e-01
-5.697478991596638398e-01 -3.034304471837116074e-02 -2.911035632735132356e-02 -4.390009317521587073e-02 -2.144351171221983432e-01
-5.747899159663865110e-01 -3.032469094723367828e-02 -2.907638322112631596e-02 -4.389903427697877669e-02 -2.145732636197896226e-01
-5.798319327731091821e-01 -3.030531128374654853e-02 -2.904398188856413543e-02 -4.389478844716176303e-02 -2.147135433073215360e-01
-5.848739495798318533e-01 -3.028543581519988273e-02 -2.901234137045282518e-02 -4.388835598608129690e-02 -2.148565479155116198e-01
-5.899159663865545244e-01 -3.026507227467232358e-02 -2.898103310477294359e-02 -4.388037920629223043e-02 -2.150018911281823264e-01
-5.949579831932771956e-01 -3.024350975265135619e-02 -2.895018160105745919e-02 -4.387137162676078145e-02 -2.151495793710800353e-01
-5.999999999999999778e-01 -3.022088070441177055e-02 -2.891962719129925058e-02 -4.386144516785796255e-02 -2.152994790970368666e-01
