0.000000000000000000e+00 -2.132685961465476815e-02 -2.266667597632394254e-02 -8.178903013652782938e-02 -2.515651314550130802e-01
-5.042016806722688510e-03 -1.855805138901991599e-02 -2.038452008197444432e-02 -8.666004801194304719e-02 -2.512052419225870858e-01
-1.008403361344537702e-02 -1.942498740532868501e-02 -2.089151029264461196e-02 -8.544576597555381126e-02 -2.515245545334281463e-01
-1.512605042016806553e-02 -2.009168389612813604e-02 -2.123821940560643648e-02 -8.451615322850489220e-02 -2.516922053748989474e-01
-2.016806722689075404e-02 -2.057962914806724802e-02 -2.146251028878541633e-02 -8.384630287627101164e-02 -2.517771006982064130e-01
-2.521008403361344255e-02 -2.092445916064485795e-02 -2.159962348204658850e-02 -8.338597334755255830e-02 -2.518205276455081076e-01
-3.025210084033613106e-02 -2.116362852778402165e-02 -2.167792772230203030e-02 -8.308043282610561020e-02 -2.518446863694352444e-01
-3.529411764705882304e-02 -2.132883313653059776e-02 -2.171858262149615332e-02 -8.288196277588988359e-02 -2.518598668468123303e-01
-4.033613445378150808e-02 -2.144277429937904364e-02 -2.173601670449587867e-02 -8.275590798021814631e-02 -2.518710348182728320e-01
-4.537815126050419312e-02 -2.152127343143626914e-02 -2.174007204034110463e-02 -8.267769564552958361e-02 -2.518803880728902600e-01
-5.042016806722688510e-02 -2.157677120627733702e-02 -2.173689209499445746e-02 -8.262921740133190307e-02 -2.518888948795208749e-01
-5.546218487394957708e-02 -2.161804045064639329e-02 -2.173057162777802115e-02 -8.259779235119520113e-02 -2.518969459957972057e-01
-6.050420168067226212e-02 -2.165013811763143170e-02 -2.172337618494978723e-02 -8.257619694407583588e-02 -2.519047562758150449e-01
-6.554621848739494716e-02 -2.167565684240279136e-02 -2.171613677136893794e-02 -8.256106389833679782e-02 -2.519124543176101683e-01
-7.058823529411764608e-02 -2.169609398339389719e-02 -2.170904781436850534e-02 -8.255072003113426982e-02 -2.519200921595703413e-01
-7.563025210084033112e-02 -2.171272900650959847e-02 -2.170193614211217772e-02 -8.254404360254177786e-02 -2.519276514164732195e-01
-8.067226890756301616e-02 -2.172695720080637660e-02 -2.169499949888176876e-02 -8.253940480987616291e-02 -2.519350710252946102e-01
-8.571428571428570120e-02 -2.173979081805793231e-02 -2.168867279840749202e-02 -8.253533686400482683e-02 -2.519423264905270021e-01
-9.075630252100838624e-02 -2.175167533917477664e-02 -2.168341853616280804e-02 -8.253091405533403979e-02 -2.519493997966914534e-01
-9.579831932773108516e-02 -2.176271476679734335e-02 -2.167936234315957084e-02 -8.252594518310590876e-02 -2.519563874619583643e-01
-1.008403361344537702e-01 -2.177270555671698485e-02 -2.167634890629492259e-02 -8.252081524825458092e-02 -2.519633614832114121e-01
-1.058823529411764552e-01 -2.178140030313318459e-02 -2.167426839461452162e-02 -8.251590920208821955e-02 -2.519703993373075823e-01
-1.109243697478991542e-01 -2.178884089040172833e-02 -2.167303961576974580e-02 -8.251129039279614386e-02 -2.519775719803762914e-01
-1.159663865546218392e-01 -2.179516874386025829e-02 -2.167258206124013376e-02 -8.250691652507544105e-02 -2.519849400794054173e-01
-1.210084033613445242e-01 -2.180060306002667980e-02 -2.167282610582177416e-02 -8.250265677083896965e-02 -2.519925655983744628e-01
-1.260504201680672232e-01 -2.180554782526944457e-02 -2.167381480997420187e-02 -8.249807868691175217e-02 -2.520005043245272525e-01
-1.310924369747898943e-01 -2.181055723130131963e-02 -2.167563682932719532e-02 -8.249253555449846675e-02 -2.520087765797068280e-01
-1.361344537815125932e-01 -2.181611634344378381e-02 -2.167867134293558623e-02 -8.248536000223609388e-02 -2.520178031720789469e-01
-1.411764705882352922e-01 -2.182289124939920666e-02 -2.167921595052216960e-02 -8.247889415011327996e-02 -2.520261232389167660e-01
-1.462184873949579633e-01 -2.182959088648613391e-02 -2.168015877201528649e-02 -8.247191461687715386e-02 -2.520345759782646744e-01
-1.512605042016806622e-01 -2.183596374693781011e-02 -2.168388981053724629e-02 -8.246235928358254530e-02 -2.520434466673908691e-01
-1.563025210084033334e-01 -2.184168650200785100e-02 -2.168908334823114320e-02 -8.245186427774932325e-02 -2.520527488105666070e-01
-1.613445378151260323e-01 -2.184625790743754264e-02 -2.169364398188339954e-02 -8.244299348092738733e-02 -2.520624187143638562e-01
-1.663865546218487312e-01 -2.185052435688287706e-02 -2.169831036446709382e-02 -8.243417544945072506e-02 -2.520725235270285247e-01
-1.714285714285714024e-01 -2.185450762945987530e-02 -2.170307908322973572e-02 -8.242538977737624839e-02 -2.520831097181084335e-01
-1.764705882352941013e-01 -2.185821452266690709e-02 -2.170788286481110246e-02 -8.241669113863878127e-02 -2.520942170461235587e-01
-1.815126050420167725e-01 -2.186163108374745978e-02 -2.171246949508864182e-02 -8.240833630540765620e-02 -2.521058745812294055e-01
-1.865546218487394714e-01 -2.186474619342764283e-02 -2.171669353155283866e-02 -8.240047159618646422e-02 -2.521181150185394793e-01
-1.915966386554621703e-01 -2.186759168131394149e-02 -2.172096267583620635e-02 -8.239265212399984883e-02 -2.521310039210002407e-01
-1.966386554621848415e-01 -2.187017476597449134e-02 -2.172537966564400819e-02 -8.238476100554109616e-02 -2.521446008449636511e-01
-2.016806722689075404e-01 -2.187250952698095025e-02 -2.173003185303229098e-02 -8.237668890582587611e-02 -2.521589685345613230e-01
-2.067226890756302393e-01 -2.187451502074178392e-02 -2.173459576430501056e-02 -8.236882213997401281e-02 -2.521741341808800274e-01
-2.117647058823529105e-01 -2.187653460837014896e-02 -2.173931330927041800e-02 -8.236055906547358474e-02 -2.521901511209648228e-01
-2.168067226890756094e-01 -2.187789101258268143e-02 -2.174378397079591851e-02 -8.235296909321355996e-02 -2.522070809695245996e-01
-2.218487394957983083e-01 -2.187820901680988597e-02 -2.174791349839895471e-02 -8.234649480816948197e-02 -2.522249613898325249e-01
-2.268907563025209795e-01 -2.187815568944629849e-02 -2.175195374410116012e-02 -8.234018626095471194e-02 -2.522438696775107791e-01
-2.319327731092436784e-01 -2.187507581652297500e-02 -2.175415834176335286e-02 -8.233854548763663850e-02 -2.522637929297038006e-01
-2.369747899159663496e-01 -2.186727957533700015e-02 -2.175490692349693611e-02 -8.234215568236891158e-02 -2.522832196040302177e-01
-2.420168067226890485e-01 -2.185969042599660017e-02 -2.175585822043375750e-02 -8.234563380919024400e-02 -2.523056281668089040e-01
-2.470588235294117474e-01 -2.185234418530458342e-02 -2.175686735733289162e-02 -8.234845849550603836e-02 -2.523292319299268449e-01
-2.521008403361344463e-01 -2.184256726827066980e-02 -2.175125921449607563e-02 -8.235855143841772086e-02 -2.523508828343258292e-01
-2.571428571428571175e-01 -2.183005841770694483e-02 -2.173462787232645008e-02 -8.238343171945801402e-02 -2.523753308728847178e-01
-2.621848739495797886e-01 -2.181964830394224689e-02 -2.172151713552258889e-02 -8.240264062228744302e-02 -2.524017253367392688e-01
-2.672268907563025153e-01 -2.181135787510380536e-02 -2.171157343404315002e-02 -8.241603653582606215e-02 -2.524293972552367760e-01
-2.722689075630251865e-01 -2.180435061710305628e-02 -2.170319091962997354e-02 -8.242617079241029709e-02 -2.524584636695105799e-01
-2.773109243697478576e-01 -2.179791083254670192e-02 -2.169447502182937984e-02 -8.243571044790798386e-02 -2.524885100667230153e-01
-2.823529411764705843e-01 -2.179106524599468131e-02 -2.168494322785446612e-02 -8.244611630160933458e-02 -2.525197224953810715e-01
-2.873949579831932555e-01 -2.178491162319333430e-02 -2.167680903714780047e-02 -8.245384649079433304e-02 -2.525526454212602689e-01
-2.924369747899159266e-01 -2.178028025910039994e-02 -2.167116241252326284e-02 -8.245675923230881554e-02 -2.525879053690759379e-01
-2.974789915966385978e-01 -2.177496413809415846e-02 -2.166505712579564619e-02 -8.246024655377892643e-02 -2.526247766070111034e-01
-3.025210084033613245e-01 -2.176870401434233965e-02 -2.165815247740546928e-02 -8.246482365440897799e-02 -2.526632579327665051e-01
-3.075630252100839956e-01 -2.176123899330477049e-02 -2.164949029651070875e-02 -8.247188767626460748e-02 -2.527034254935756619e-01
-3.126050420168066668e-01 -2.175377630905759446e-02 -2.164023919113954031e-02 -8.247889284055157089e-02 -2.527453947220548169e-01
-3.176470588235293935e-01 -2.174588118868922212e-02 -2.162996282744315130e-02 -8.248668567632830295e-02 -2.527892162861112291e-01
-3.226890756302520646e-01 -2.173742087496393499e-02 -2.161816532326951701e-02 -8.249589879660729208e-02 -2.528349189518976359e-01
-3.277310924369747358e-01 -2.172931228678568610e-02 -2.160570206800291326e-02 -8.250473679862496690e-02 -2.528825586786266899e-01
-3.327731092436974625e-01 -2.172238079283284051e-02 -2.159350549599737060e-02 -8.251139219917416612e-02 -2.529322385141671847e-01
-3.378151260504201336e-01 -2.171848935144704562e-02 -2.158245167017892180e-02 -8.251051387022637074e-02 -2.529801791026146662e-01
-3.428571428571428048e-01 -2.171812530664086333e-02 -2.157281446576737871e-02 -8.250581290321948313e-02 -2.530350070811921981e-01
-3.478991596638655315e-01 -2.172025278403856563e-02 -2.156514170745271741e-02 -8.249546434116344917e-02 -2.530913373958517676e-01
-3.529411764705882026e-01 -2.172365156741212777e-02 -2.154639252546407951e-02 -8.249630968767650285e-02 -2.531484742268569343e-01
-3.579831932773108738e-01 -2.172128329849672829e-02 -2.152558301535598129e-02 -8.250250533032345290e-02 -2.532067653709106914e-01
-3.630252100840335450e-01 -2.171369779059087457e-02 -2.150773695512904829e-02 -8.250970282693215196e-02 -2.532701426299720504e-01
-3.680672268907562716e-01 -2.170474615311532990e-02 -2.148830588345904472e-02 -8.251866064280245772e-02 -2.533360605359784024e-01
-3.731092436974789428e-01 -2.169626149742270860e-02 -2.146595755602885916e-02 -8.252967607961350649e-02 -2.534039995025734737e-01
-3.781512605042016140e-01 -2.168779406086669692e-02 -2.144160907676581629e-02 -8.254210740268440316e-02 -2.534740317051314418e-01
-3.831932773109243406e-01 -2.167893850020856383e-02 -2.141589769308267083e-02 -8.255550901059920121e-02 -2.535462457053057617e-01
-3.882352941176470118e-01 -2.167016000942151993e-02 -2.138984537369825745e-02 -8.256817200878102669e-02 -2.536208699123031485e-01
-3.932773109243696830e-01 -2.166735343546952186e-02 -2.136997361466811546e-02 -8.256691246525851846e-02 -2.536989501437791339e-01
-3.983193277310924096e-01 -2.167352621900341461e-02 -2.137540281298113548e-02 -8.256700899878269273e-02 -2.538328927295878668e-01
-4.033613445378150808e-01 -2.168123045070624241e-02 -2.138446175413032807e-02 -8.251660020262574502e-02 -2.539212731867180883e-01
-4.084033613445377520e-01 -2.168216958620767382e-02 -2.137590096203396961e-02 -8.249123547007310153e-02 -2.540104961677364659e-01
-4.134453781512604786e-01 -2.167785524732112126e-02 -2.135451774981515088e-02 -8.248424595359728217e-02 -2.541020199337892249e-01
-4.184873949579831498e-01 -2.167048478522327210e-02 -2.132508986265500839e-02 -8.248816721188913237e-02 -2.541960793726221191e-01
-4.235294117647058210e-01 -2.166214645046326409e-02 -2.129139266905998029e-02 -8.249695882057241081e-02 -2.542925055778603172e-01
-4.285714285714285476e-01 -2.165337932301143742e-02 -2.125495840021555949e-02 -8.250840110483084744e-02 -2.543913183520138399e-01
-4.336134453781512188e-01 -2.164322906226495008e-02 -2.121574581796496078e-02 -8.252344028412236798e-02 -2.544925167389815446e-01
-4.386554621848738900e-01 -2.163177015946023130e-02 -2.117439445444045318e-02 -8.254124472804340307e-02 -2.545960826975309788e-01
-4.436974789915966166e-01 -2.161936801179403095e-02 -2.113164440116646267e-02 -8.256058547887083765e-02 -2.547019837040077617e-01
-4.487394957983192878e-01 -2.160647814677012224e-02 -2.108828004957430391e-02 -8.258011346771748640e-02 -2.548102220125560979e-01
-4.537815126050419590e-01 -2.159283419534447496e-02 -2.104434484290381574e-02 -8.259994669164770487e-02 -2.549209876903968386e-01
-4.588235294117646301e-01 -2.157734723525172801e-02 -2.099886357388294073e-02 -8.262193265535054676e-02 -2.550341278938605960e-01
-4.638655462184873568e-01 -2.156031950009184434e-02 -2.095223054002059299e-02 -8.264538075159627573e-02 -2.551498660149152942e-01
-4.689075630252100280e-01 -2.154237541136968387e-02 -2.090548559884587015e-02 -8.266846307470854249e-02 -2.552680136519354659e-01
-4.739495798319326991e-01 -2.152409819982344791e-02 -2.085856528668469587e-02 -8.269092409879223726e-02 -2.553886668964564510e-01
-4.789915966386554258e-01 -2.150467532089760797e-02 -2.081072666954741912e-02 -8.271460039794956143e-02 -2.555118583603155913e-01
-4.840336134453780970e-01 -2.148470662684569266e-02 -2.076226522892342385e-02 -8.273853185914963049e-02 -2.556374094696776678e-01
-4.890756302521007681e-01 -2.146512055786730863e-02 -2.071362934129983985e-02 -8.276155087880447681e-02 -2.557649747707704257e-01
-4.941176470588234948e-01 -2.144385726665160030e-02 -2.066301390011770350e-02 -8.278659523978125490e-02 -2.558929849595158457e-01
-4.991596638655461660e-01 -2.142133202896382912e-02 -2.061221213572771854e-02 -8.281242246601934476e-02 -2.560255814361437343e-01
-5.042016806722688926e-01 -2.139828356334998877e-02 -2.056085969154174131e-02 -8.283839237699222591e-02 -2.561604150662005752e-01
-5.092436974789915638e-01 -2.137396182018610688e-02 -2.050852582398156321e-02 -8.286553747200581244e-02 -2.562977095689202844e-01
-5.142857142857142350e-01 -2.134906502576266324e-02 -2.045611808027882755e-02 -8.289215622556059260e-02 -2.564371405396904113e-01
-5.193277310924369061e-01 -2.132278803249600813e-02 -2.040321182536734834e-02 -8.291927885433246492e-02 -2.565790612625190592e-01
-5.243697478991595773e-01 -2.129488728733327368e-02 -2.034959608004510007e-02 -8.294739307957366137e-02 -2.567234175110466587e-01
-5.294117647058822484e-01 -2.126631331852352202e-02 -2.029573169960553064e-02 -8.297524093009803203e-02 -2.568701550389571597e-01
-5.344537815126050306e-01 -2.123726367749029231e-02 -2.024191259681986862e-02 -8.303373184580604971e-02 -2.571078221515436524e-01
-5.394957983193277018e-01 -2.121077184534926607e-02 -2.018855009703997630e-02 -8.305306061593328848e-02 -2.572599658191632166e-01
-5.445378151260503730e-01 -2.118394961605410409e-02 -2.013382978335382517e-02 -8.307581388480131390e-02 -2.574140599262714213e-01
-5.495798319327730441e-01 -2.115511781869856139e-02 -2.007858623549525767e-02 -8.310043222883417569e-02 -2.575706363630442808e-01
-5.546218487394957153e-01 -2.112258630096540760e-02 -2.002221584293427045e-02 -8.312657262679713777e-02 -2.577299200623765496e-01
-5.596638655462183864e-01 -2.108840741239447272e-02 -1.996572672456804753e-02 -8.315334622161708877e-02 -2.578916935290770374e-01
-5.647058823529411686e-01 -2.105278809334463000e-02 -1.990913838757495113e-02 -8.318066495169311458e-02 -2.580558966340218419e-01
-5.697478991596638398e-01 -2.101603388515493193e-02 -1.985240739139713245e-02 -8.320847141217538323e-02 -2.582223875603610885e-01
-5.747899159663865110e-01 -2.097804959924995383e-02 -1.979586859951122657e-02 -8.323634618257293172e-02 -2.583913399281102530e-01
-5.798319327731091821e-01 -2.093872489460318551e-02 -1.973945147066474490e-02 -8.326419831811797401e-02 -2.585627774180001559e-01
-5.848739495798318533e-01 -2.089819106695681855e-02 -1.968311482000338619e-02 -8.329188724697285384e-02 -2.587366844342320893e-01
-5.899159663865545244e-01 -2.085644023136063591e-02 -1.962682683923927529e-02 -8.331939436252511211e-02 -2.589131115124372884e-01
-5.949579831932771956e-01 -2.081348356266729885e-02 -1.957042221392465975e-02 -8.334700239368544872e-02 -2.590920226803124504e-01
-5.999999999999999778e-01 -2.076951849332461103e-02 -1.951396674344348450e-02 -8.337456172299766155e-02 -2.592732742543473745e-01
