0.000000000000000000e+00 -2.075672079311734325e-15 2.868183210290955282e-16 -2.498001805406602216e-15 2.111191884891864872e-15 3.490230295305128305e-16 2.664535259100375697e-15 -2.062792774976516431e-15 2.822818563001295317e-16 -2.414735078559715475e-15 2.065688890457211996e-15 3.837770410357113452e-16 7.700158098357945948e-19 2.442490654175344389e-15
-5.042016806722688510e-03 -1.235460108737429928e-05 2.316175924404740999e-06 -2.248791676823236330e-05 1.242161365727075206e-05 2.567088336036656614e-06 2.264434236487478103e-05 -1.228087043447945424e-05 2.335635250218881675e-06 -2.260522175237533737e-05 1.228895588218377507e-05 2.596866212299687783e-06 -1.076445272718204918e-10 2.272571891481778295e-05
-1.008403361344537702e-02 -5.253938201461260369e-05 1.103402657212562344e-05 -1.171991992866827648e-04 5.286276995229959984e-05 1.162474407130378852e-05 1.177870155164573163e-04 -5.227191343055957186e-05 1.112155507621777857e-05 -1.176253026679008329e-04 5.229757764465047334e-05 1.179148932830415675e-05 -2.249937550280210568e-09 1.180625994521289357e-04
-1.512605042016806553e-02 -1.140387654256086187e-04 2.536921362821791958e-05 -2.835864830085799149e-04 1.148021302974076862e-04 2.569214342180960246e-05 2.846904322399979037e-04 -1.135411332282380554e-04 2.561725340993583271e-05 -2.844030306635714211e-04 1.136159461371041986e-04 2.608331345133103359e-05 -1.134073145255833401e-08 2.851584988341482330e-04
-2.016806722689075404e-02 -1.952692999321096697e-04 4.451556068318513186e-05 -5.146162046344993080e-04 1.967875543742336644e-04 4.413031731523116481e-05 5.162841961580122430e-04 -1.945138139079081649e-04 4.503159727639190858e-05 -5.159045490301661374e-04 1.948170741100037394e-04 4.480786247125957830e-05 -3.415012644315869638e-08 5.169190725812233822e-04
-2.521008403361344255e-02 -2.956049494527126695e-04 6.777996279269392116e-05 -8.035842759722133799e-04 2.983398532738057831e-04 6.673692999980197391e-05 8.058876835081441037e-04 -2.945617906628325566e-04 6.867673750982371044e-05 -8.054471439941091049e-04 2.954249140086641335e-04 6.775071901546630016e-05 -7.875572320241122325e-08 8.066585846511209468e-04
-3.025210084033613106e-02 -4.142116921119862617e-04 9.454637877933701000e-05 -1.145135599986968344e-03 4.187141249900614218e-04 9.350311506634112848e-05 1.148190476038757346e-03 -4.128511600017959870e-04 9.594128817242333755e-05 -1.147695035831647337e-03 4.147002457498282532e-04 9.489383974635708725e-05 -1.542241545386614389e-07 1.149061054661781878e-03
-3.529411764705882304e-02 -5.500956723363070820e-04 1.242645656975337263e-04 -1.535016860292143237e-03 5.569212914975638692e-04 1.243858293033146009e-04 1.538982727257387495e-03 -5.483918464434011167e-04 1.263380345223624897e-04 -1.538407503045347013e-03 5.516838952843157277e-04 1.261974205914702190e-04 -2.703646637272678034e-07 1.539914898541661081e-03
-4.033613445378150808e-02 -7.020477689596515102e-04 1.563746777818126937e-04 -1.969330943238145615e-03 7.117466148518765238e-04 1.591901642181696875e-04 1.974403262948565274e-03 -7.001072883260083023e-04 1.594936429839518611e-04 -1.973678499070763426e-03 7.053251384069660372e-04 1.615902156964366533e-04 -4.376184199875465607e-07 1.975366446117066133e-03
-4.537815126050419312e-02 -8.686794301606305538e-04 1.907595858170024457e-04 -2.444715317896889450e-03 8.819210248729766454e-04 1.981503618601354079e-04 2.451136947623888673e-03 -8.663951194621496467e-04 1.948226390201777416e-04 -2.450175285167194295e-03 8.740583448804818516e-04 2.010475399705101331e-04 -6.666586923681387122e-07 2.452066274267417079e-03
-5.042016806722688510e-02 -1.048909056621289033e-03 2.270178422327436018e-04 -2.958986051975837084e-03 1.066283621254073694e-03 2.410752153942180510e-04 2.967023637545918024e-03 -1.046274049146394235e-03 2.321480089080234081e-04 -2.965700308818264297e-03 1.056875281827111650e-03 2.444796961231187043e-04 -9.684129449641376473e-07 2.967861759317236281e-03
-5.546218487394957708e-02 -1.241761474706117811e-03 2.649191259162523757e-04 -3.509649679328430416e-03 1.263852691997232290e-03 2.877510129144283599e-04 3.519583858241137619e-03 -1.238771748538943559e-03 2.712344759649728100e-04 -3.517760331772756821e-03 1.252803998792875696e-03 2.916689970476619076e-04 -1.354094682535809604e-06 3.520271044701317464e-03
-6.050420168067226212e-02 -1.446145825745779722e-03 3.042480343268885723e-04 -4.094241013197469359e-03 1.473524929894341360e-03 3.379583099179942277e-04 4.106368338906540849e-03 -1.442802500636892809e-03 3.118615384543478152e-04 -4.103887032241099186e-03 1.460753836012696968e-03 3.423917781866154023e-04 -1.834581355084890488e-06 4.106842235873098268e-03
-6.554621848739494716e-02 -1.660913302347885416e-03 3.449140572733703299e-04 -4.710675756685211990e-03 1.694073377116132959e-03 3.912188698820400780e-04 4.725273994529377575e-03 -1.657224873917451102e-03 3.539294601673693302e-04 -4.721980461895591841e-03 1.679517664947729853e-03 3.961725378561508672e-04 -2.419595330889884649e-06 4.725477353327511842e-03
-7.058823529411764608e-02 -1.885270539725114949e-03 3.867733760961690513e-04 -5.356172038006257186e-03 1.924783772455508635e-03 4.474464274216625147e-04 5.373539938370974767e-03 -1.881251794451875179e-03 3.972904819080876667e-04 -5.369263408274344007e-03 1.908391095336197437e-03 4.529274808104252151e-04 -3.119504554309718183e-06 5.373419820881630837e-03
-7.563025210084033112e-02 -2.118377034778191458e-03 4.295955257126010110e-04 -6.027948818257050645e-03 2.164958819263558716e-03 5.069465357159348099e-04 6.048445325404383510e-03 -2.114035999054573664e-03 4.417130966925330400e-04 -6.042960458039176030e-03 2.146671198311053512e-03 5.129506304898953997e-04 -3.945042320482577241e-06 6.047940868412760018e-03
-8.067226890756301616e-02 -2.360036373840901629e-03 4.740281231521498639e-04 -6.723821402930568736e-03 2.414244214717614634e-03 5.704903196611405426e-04 6.747430592899283930e-03 -2.355038538169505757e-03 4.875840389115460223e-04 -6.740459271732696100e-03 2.393873896510733193e-03 5.770606532012245628e-04 -4.908508890679784970e-06 6.746528052279876508e-03
-8.571428571428570120e-02 -2.609280247338915254e-03 5.186831659539489683e-04 -7.442789634971053170e-03 2.671717617296208609e-03 6.372108932921156585e-04 7.470210822979717058e-03 -2.603894447061116252e-03 5.339275725980703168e-04 -7.461587981436146322e-03 2.649283706056213168e-03 6.442275909261727237e-04 -6.017809376982428125e-06 7.468862782684104751e-03
-9.075630252100838624e-02 -2.865189686146009558e-03 5.643192585590401473e-04 -8.184504003676901229e-03 2.936206241692256719e-03 7.068513842502721026e-04 8.216055765901009167e-03 -2.859407841205399183e-03 5.813228899819737529e-04 -8.205620022454840345e-03 2.911640720036193057e-03 7.142849599790885521e-04 -7.282497122192352380e-06 8.214222601124365752e-03
-9.579831932773108516e-02 -3.126633823015922096e-03 6.106311622027702467e-04 -8.947393244898599329e-03 3.206933687987018403e-03 7.796339435987814214e-04 8.983430392682012489e-03 -3.120462606482428576e-03 6.294654060802116168e-04 -8.970947061216871798e-03 3.180187970228880862e-03 7.874583673702036969e-04 -8.712751552497292461e-06 8.981038234204319348e-03
-1.008403361344537702e-01 -3.393318718726648711e-03 6.574957706183010703e-04 -9.730046198817066117e-03 3.483586171211770343e-03 8.555517302119804764e-04 9.770921882621519394e-03 -3.386673607199578145e-03 6.782625276903076882e-04 -9.756143865237709711e-03 3.454597587340920914e-03 8.637723252922989122e-04 -1.031833035977676613e-05 9.767879296088577412e-03
-1.058823529411764552e-01 -3.664742695815380487e-03 7.049100380327943602e-04 -1.053105555322902953e-02 3.765771753632451372e-03 9.347025096563707459e-04 1.057713899955003978e-02 -3.657730388955418750e-03 7.276337470938473891e-04 -1.055983912030061811e-02 3.734520565741230192e-03 9.432576941313970805e-04 -1.210826867309163451e-05 1.057340331067690986e-02
-1.109243697478991542e-01 -3.940570045457130258e-03 7.528403918927316536e-04 -1.134949668559565028e-02 4.053135710172503514e-03 1.016995652287756499e-03 1.140116607941310534e-02 -3.933203333437280090e-03 7.775729941838565792e-04 -1.138109695940195398e-02 4.019558216788525831e-03 1.025823909600574258e-03 -1.409121763496858057e-05 1.139663995504036631e-02
-1.159663865546218392e-01 -4.220045502773451737e-03 8.006910455460166873e-04 -1.218407945668256720e-02 4.345517865663019695e-03 1.103210032641012157e-03 1.224208561591699773e-02 -4.212461523344875058e-03 8.272016879235794939e-04 -1.221882528668291612e-02 4.308997980667030395e-03 1.112272692893609112e-03 -1.627752413433033871e-05 1.223656154993402190e-02
-1.210084033613445242e-01 -4.503177896464893339e-03 8.478094998855699362e-04 -1.303446164145299901e-02 4.643010893894064170e-03 1.194325644210900324e-03 1.309901150682213355e-02 -4.495289969597733234e-03 8.764152264170981411e-04 -1.307218241895577449e-02 4.604051783726808775e-03 1.203571521522024202e-03 -1.868591631883026276e-05 1.309247743332830893e-02
-1.260504201680672232e-01 -4.789933271659579071e-03 8.952951876173289528e-04 -1.390115305373890164e-02 4.944937680186494745e-03 1.288556993676154543e-03 1.397267207840391379e-02 -4.781835580699719986e-03 9.260981436761716364e-04 -1.394198885034211854e-02 4.903606583578979869e-03 1.297949600708302176e-03 -2.131571294727825240e-05 1.396499480188106990e-02
-1.310924369747898943e-01 -5.079572323912392648e-03 9.422794471204603076e-04 -1.478268919763978118e-02 5.250790582609884787e-03 1.386146254299473832e-03 1.486203292994048297e-02 -5.071357284869221389e-03 9.761557888725186675e-04 -1.482713805534668916e-02 5.206899613631995119e-03 1.395418019805029844e-03 -2.417329468699784702e-05 1.485320430365932864e-02
-1.361344537815125932e-01 -5.371957702714305269e-03 9.903414554353316430e-04 -1.567833377528940475e-02 5.560158140646248061e-03 1.486826831151155832e-03 1.576552861180857690e-02 -5.363498001818942096e-03 1.026509215279478374e-03 -1.572609732521509929e-02 5.513714748324240536e-03 1.496015034081444326e-03 -2.726574645822417518e-05 1.575541507461680757e-02
-1.411764705882352922e-01 -5.666816121249163354e-03 1.039009020784262792e-03 -1.658679003863491874e-02 5.872838228676668763e-03 1.590491397846413666e-03 1.668224570190579570e-02 -5.658127307009739454e-03 1.077518520755047556e-03 -1.663793215220479849e-02 5.823871203294825848e-03 1.599675572098331437e-03 -3.060061735623489790e-05 1.667081937295178395e-02
-1.462184873949579633e-01 -5.963355759164431016e-03 1.087980128756586666e-03 -1.750748934193319117e-02 6.188191873270115946e-03 1.697553597695344906e-03 1.761167176960676262e-02 -5.954457561908611460e-03 1.128875212038420129e-03 -1.756209042975920287e-02 6.136693346285417364e-03 1.706690954824592946e-03 -3.418375552334724805e-05 1.759885945565048404e-02
-1.512605042016806622e-01 -6.261122272298975076e-03 1.137082814817209128e-03 -1.843990791303737331e-02 6.505760240610922000e-03 1.807929133580804190e-03 1.855319197886495797e-02 -6.252127573129684021e-03 1.180519162261138870e-03 -1.849792190681795456e-02 6.451863403668671795e-03 1.817145218922113555e-03 -3.802163154210748994e-05 1.853890471478697455e-02
-1.563025210084033334e-01 -6.559885626786925855e-03 1.186612121184275372e-03 -1.938295951843832521e-02 6.825428838863131439e-03 1.921993437018030149e-03 1.950594292750773562e-02 -6.550755808843676184e-03 1.232512847190522006e-03 -1.944458531059814477e-02 6.769020043633390896e-03 1.931075612024990128e-03 -4.211912015588592702e-05 1.949012061293486919e-02
-1.613445378151260323e-01 -6.859264943063903344e-03 1.236369172649816502e-03 -2.033634534206976707e-02 7.146886364244132983e-03 2.039856276676663398e-03 2.046955203485989472e-02 -6.850046310634344895e-03 1.284757526431717966e-03 -2.040165518753958573e-02 7.087983736385116904e-03 2.048756399644933567e-03 -4.648444549930665895e-05 2.045211908645727661e-02
-1.663865546218487312e-01 -7.159005492681208734e-03 1.286309499948705285e-03 -2.129935894979836930e-02 7.469974233053986584e-03 2.161721425495759415e-03 2.144335262183966195e-02 -7.149749823134977228e-03 1.337201870896215922e-03 -2.136842235309818760e-02 7.408600260684767604e-03 2.170387970550716368e-03 -5.112578956069065497e-05 2.142423225428380373e-02
-1.714285714285714024e-01 -7.458738800165542679e-03 1.336421638148857938e-03 -2.227183463760462612e-02 7.794384070250916750e-03 2.287695381878424895e-03 2.242718975800445103e-02 -7.449505878087339314e-03 1.389824619127298481e-03 -2.234470971268195938e-02 7.730569979188118244e-03 2.296074814359895869e-03 -5.604905035327609197e-05 2.240630561426165679e-02
-1.764705882352941013e-01 -7.758078683185390921e-03 1.386569497475426127e-03 -2.325360651024638292e-02 8.119857028665293519e-03 2.417963636570926583e-03 2.342090434683474776e-02 -7.748939573233810940e-03 1.442479119073477407e-03 -2.333033269851705893e-02 8.053642157578097885e-03 2.425996495874645741e-03 -6.126121587253129856e-05 2.339817325708226647e-02
-1.815126050420167725e-01 -8.056770900021627962e-03 1.436510986244792865e-03 -2.424422060827050029e-02 8.446338860248901043e-03 2.552884869265737138e-03 2.442406236748567716e-02 -8.047811920017838155e-03 1.494904667034282651e-03 -2.432481068047984141e-02 8.377764941317995123e-03 2.560493151993208441e-03 -6.677255816022703940e-05 2.439938914559569572e-02
-1.865546218487394714e-01 -8.353145389364970141e-03 1.483680982289873381e-03 -2.524108949997280749e-02 8.772298450122090197e-03 2.692945668048360962e-03 2.543487431642976748e-02 -8.345743932512686078e-03 1.545555209041363318e-03 -2.532615346066285911e-02 8.702364646155379829e-03 2.699776301490529242e-03 -7.259383067375432439e-05 2.540850834557512039e-02
-1.915966386554621703e-01 -8.646426979160912532e-03 1.538397718182904148e-03 -2.623687667766200216e-02 9.098103912177191166e-03 2.844439537724308478e-03 2.645160477868591098e-02 -8.638888898324452101e-03 1.594593380294273555e-03 -2.633001423924963280e-02 9.024463385689537528e-03 2.850997562012342126e-03 -7.870786452911893811e-05 2.642382448139996010e-02
-1.966386554621848415e-01 -8.933241197901207326e-03 1.582435913335252572e-03 -2.725229388306171785e-02 9.420285514311069891e-03 3.006890795675937374e-03 2.748315332840828296e-02 -8.926102410290938372e-03 1.640810415406120451e-03 -2.734973272925680932e-02 9.344363743772048786e-03 3.013139235546274941e-03 -8.512870245259778704e-05 2.745314163089285220e-02
-2.016806722689075404e-01 -9.219735114842232682e-03 1.626932078009948749e-03 -2.828143610663619301e-02 9.743455580100814431e-03 3.172597638865410317e-03 2.852892609356438847e-02 -9.213122077162599899e-03 1.687499269282905726e-03 -2.838295891967435036e-02 9.665332682344339454e-03 3.178353769923361258e-03 -9.187776226708937576e-05 2.849662233109423459e-02
-2.067226890756302393e-01 -9.503207234458977901e-03 1.671912496162114223e-03 -2.931818057481169748e-02 1.006495166750487683e-02 3.341351154495440963e-03 2.958270427929576840e-02 -9.497490013869354375e-03 1.734570955521733734e-03 -2.942355073913421881e-02 9.984714474209189713e-03 3.346779738586152554e-03 -9.891085254562536396e-05 2.954823830887853831e-02
-2.117647058823529105e-01 -9.784939922731657885e-03 1.718416562410102384e-03 -3.036537059316407605e-02 1.038559170685978382e-02 3.512322713570768026e-03 3.064725706549870088e-02 -9.780636254067489807e-03 1.783069205350160677e-03 -3.047442081803605762e-02 1.030297441261250092e-02 3.517656595645072843e-03 -1.062349276254392981e-04 3.061109416050278309e-02
-2.168067226890756094e-01 -1.006637768488059109e-02 1.766982700749054978e-03 -3.142365831519966513e-02 1.070591826150883545e-02 3.683398234411085215e-03 3.172346354007471447e-02 -1.006272775353013460e-02 1.833803333912298154e-03 -3.153684021568564644e-02 1.062122991176446020e-02 3.688165807686967848e-03 -1.138591260234364327e-04 3.168512461249856083e-02
-2.218487394957983083e-01 -1.034547491645002731e-02 1.817709894968747367e-03 -3.248512944973477867e-02 1.102595351474062665e-02 3.859270552633432220e-03 3.280353507780253697e-02 -1.034221386306344130e-02 1.885880413888168898e-03 -3.260209781320896893e-02 1.093888113358867931e-02 3.863294965257794457e-03 -1.217910979254400956e-04 3.276270984632112526e-02
-2.268907563025209795e-01 -1.062666996895569177e-02 1.869385394840277111e-03 -3.354844710458565471e-02 1.135037374720400914e-02 4.035634948234537514e-03 3.388609549797605425e-02 -1.062408625174553548e-02 1.939754239503096089e-03 -3.366941145932489388e-02 1.126127206574762014e-02 4.039104263333479980e-03 -1.300622715502248680e-04 3.384295600562636785e-02
-2.319327731092436784e-01 -1.090267932625159537e-02 1.922370260882537429e-03 -3.461703603178023503e-02 1.167225616112720944e-02 4.216134959692490261e-03 3.497468123666142015e-02 -1.090083618764503375e-02 1.994944660475428053e-03 -3.474176822350338867e-02 1.158119043780158133e-02 4.219082204887817517e-03 -1.386137931668866580e-04 3.492909339488337039e-02
-2.369747899159663496e-01 -1.116859264945596966e-02 1.975073542591069663e-03 -3.568860161586678847e-02 1.198885617883045825e-02 4.407258003795117701e-03 3.606783039330924145e-02 -1.116852928818106924e-02 2.049802985938679531e-03 -3.581721354000594326e-02 1.189649432643430371e-02 4.410255348302079097e-03 -1.474624222064025488e-04 3.601947807797634127e-02
-2.420168067226890485e-01 -1.143792702984921042e-02 2.031097323024603097e-03 -3.676087963057067531e-02 1.231283364567967165e-02 4.601659280949781800e-03 3.716230246018642491e-02 -1.143879265698426184e-02 2.108154911024629104e-03 -3.689247935404763035e-02 1.221858106160695658e-02 4.604343554097202473e-03 -1.566972933973151991e-04 3.711100512717335764e-02
-2.470588235294117474e-01 -1.170625346303706335e-02 2.090383320714067194e-03 -3.784460955951379768e-02 1.263925740284677773e-02 4.800528851350745196e-03 3.826931452717508009e-02 -1.170807119998272354e-02 2.169907512598114995e-03 -3.797893546883093774e-02 1.254308190325185285e-02 4.802949991586485598e-03 -1.663207941982273314e-04 3.821480124838272374e-02
-2.521008403361344463e-01 -1.196566343310509831e-02 2.151531310708251158e-03 -3.893994481034462884e-02 1.295837848042256241e-02 5.006486701959047408e-03 3.938916477799819793e-02 -1.196675219579219039e-02 2.234230912791197472e-03 -3.907656828106231828e-02 1.285942266138683822e-02 5.006930542273245119e-03 -1.762105863090843670e-04 3.933129905408300209e-02
-2.571428571428571175e-01 -1.221216109184623116e-02 2.214571879685389884e-03 -4.004370945093840839e-02 1.326619201936745512e-02 5.215834620720132334e-03 4.051880920409894893e-02 -1.221416056248809945e-02 2.299699009885814924e-03 -4.018302134520659874e-02 1.316535872349434803e-02 5.215949234128276768e-03 -1.862973905540546817e-04 4.045752967698046376e-02
-2.621848739495797886e-01 -1.244670285632711905e-02 2.279211954016193038e-03 -4.115542478973002738e-02 1.356339106258100738e-02 5.430871316631886818e-03 4.165782452333333108e-02 -1.244970313615630444e-02 2.366723358436700723e-03 -4.129756420856911525e-02 1.346072508795045398e-02 5.430683905603020910e-03 -1.966061114509889485e-04 4.159311276846866523e-02
-2.672268907563025153e-01 -1.267132583771404461e-02 2.345637111719994176e-03 -4.227371840047725038e-02 1.385264662126493330e-02 5.651982558738071274e-03 4.280494140666846192e-02 -1.267540584746544574e-02 2.435570113073220241e-03 -4.241887257384449605e-02 1.374815165677796200e-02 5.651495736124889646e-03 -2.071876914505397355e-04 4.273673861538973551e-02
-2.722689075630251865e-01 -1.288744113024025209e-02 2.414134782257688384e-03 -4.339757120041221050e-02 1.413572609169062161e-02 5.878834715709923067e-03 4.395920576066025820e-02 -1.289262534372933797e-02 2.506640099701568699e-03 -4.354601193521628888e-02 1.402933626471071678e-02 5.878024697626596171e-03 -2.180656312607609829e-04 4.388737215685861726e-02
-2.773109243697478576e-01 -1.309657944374647588e-02 2.484882832249167475e-03 -4.452842254926867027e-02 1.441453959451472963e-02 6.111172047869488540e-03 4.512223551633687268e-02 -1.310284789728437781e-02 2.580270737423150714e-03 -4.468058208692862743e-02 1.430611287069417058e-02 6.110006435196916122e-03 -2.292797889668299490e-04 4.504648035943803475e-02
-2.823529411764705843e-01 -1.329999586769506706e-02 2.557354892870939908e-03 -4.567312579016230556e-02 1.469077743153566692e-02 6.349236941063583252e-03 4.629799691848290877e-02 -1.330872603922279677e-02 2.656629415567777867e-03 -4.582549442538033646e-02 1.458110302207945436e-02 6.346226120883733529e-03 -2.408157061484919657e-04 4.621885140326387198e-02
-2.873949579831932555e-01 -1.349425888067346500e-02 2.632068316504191340e-03 -4.682398985089866739e-02 1.495993216445876128e-02 6.589962798586831635e-03 4.748413104387350092e-02 -1.350490310881395650e-02 2.735486384317615573e-03 -4.698047303248817363e-02 1.484879143446197688e-02 6.586700857746912580e-03 -2.526650498533784860e-04 4.739976407573187611e-02
-2.924369747899159266e-01 -1.367533123190201386e-02 2.708892725130838258e-03 -4.797912889623870414e-02 1.521659110296508244e-02 6.832398349681540611e-03 4.867447267291952206e-02 -1.368832694640367137e-02 2.816260782294354413e-03 -4.813888730470894384e-02 1.510466387334958790e-02 6.829117739283335937e-03 -2.645914789836896269e-04 4.858470871163650395e-02
-2.974789915966385978e-01 -1.383868905297979540e-02 2.786754020041452232e-03 -4.914134460706173768e-02 1.545238555023797922e-02 7.072657486599982085e-03 4.987042853954781751e-02 -1.385405336790178181e-02 2.897274816181425426e-03 -4.930336530749407364e-02 1.534007343291160681e-02 7.069911892703199460e-03 -2.763215648568679303e-04 4.977560706653250122e-02
-3.025210084033613245e-01 -1.399055902252723492e-02 2.864900233423034025e-03 -5.031804145619514501e-02 1.567042239585567792e-02 7.307415141381109341e-03 5.108787011478838069e-02 -1.400787334051225609e-02 2.977916751891959875e-03 -5.049073912798215935e-02 1.555651639570441482e-02 7.304995779520841864e-03 -2.878918279376419193e-04 5.098892018866990616e-02
-3.075630252100839956e-01 -1.414003042081645074e-02 2.944919741733081041e-03 -5.150373298479904438e-02 1.588563939956499915e-02 7.541651289423120796e-03 5.230851117341284162e-02 -1.415908136151913625e-02 3.059895775879648266e-03 -5.168157952125534971e-02 1.577123809347540095e-02 7.538970206158471243e-03 -2.996975491129677972e-04 5.220651300972156683e-02
-3.126050420168066668e-01 -1.429881813020118450e-02 3.031710876802463060e-03 -5.264563550026749028e-02 1.612326114834296970e-02 7.800634105753295744e-03 5.350230497174585098e-02 -1.430418586108375689e-02 3.131485140678224102e-03 -5.283605353587045306e-02 1.599443345890581847e-02 7.794092989069556152e-03 -3.122084782818741917e-04 5.340110091662442215e-02
-3.176470588235293935e-01 -1.444221146011124765e-02 3.119612963111580411e-03 -5.378202552267208336e-02 1.635378961332693490e-02 8.069613786017743734e-03 5.467979720772864205e-02 -1.444859854191709973e-02 3.221829874079421095e-03 -5.397749333368090374e-02 1.622346494454028273e-02 8.063420173999920337e-03 -3.253180077751034825e-04 5.457529108446740329e-02
-3.226890756302520646e-01 -1.457214592502898386e-02 3.210714853822800152e-03 -5.493536358173445322e-02 1.657350770750131569e-02 8.342370701244772313e-03 5.587379576469364562e-02 -1.457966695639155950e-02 3.315184432122281200e-03 -5.513450142130785214e-02 1.644236448507638976e-02 8.336038336807152088e-03 -3.385085066601121995e-04 5.576531654045135955e-02
-3.277310924369747358e-01 -1.469261413518196252e-02 3.305835119155377429e-03 -5.608407196515904913e-02 1.678527136273166853e-02 8.615155049954220656e-03 5.706408582970690091e-02 -1.470181005793455044e-02 3.412887688376698390e-03 -5.628713386735412216e-02 1.665369730509959345e-02 8.608098768247985852e-03 -3.516335803778918630e-04 5.695083519957855334e-02
-3.327731092436974625e-01 -1.481019656479983307e-02 3.402545992237467412e-03 -5.721681956634327992e-02 1.699800566360462617e-02 8.888556388277873976e-03 5.823861614217051841e-02 -1.482048815407314979e-02 3.512715455168503604e-03 -5.742417838811264552e-02 1.686585867432618957e-02 8.880715453303380039e-03 -3.648378156294558106e-04 5.812050048246669709e-02
-3.378151260504201336e-01 -1.492437561679301611e-02 3.505478029728909244e-03 -5.832776098997685676e-02 1.721718531381553202e-02 9.172208738988371635e-03 5.939325624281299731e-02 -1.493548833213256127e-02 3.620194606793526206e-03 -5.853910671095349794e-02 1.708502305563670831e-02 9.163008534389654319e-03 -3.784606933887121752e-04 5.926833263204434044e-02
-3.428571428571428048e-01 -1.504821764480791628e-02 3.618646828264788454e-03 -5.943013315167747224e-02 1.746416016601181481e-02 9.472822019480714451e-03 6.053655191809492742e-02 -1.505621165260632305e-02 3.748233748180818635e-03 -5.963869662045875875e-02 1.733642510038248263e-02 9.455167645893417308e-03 -3.932602349074336597e-04 6.039545679318125693e-02
-3.478991596638655315e-01 -1.514836604757445991e-02 3.772354263227342599e-03 -6.059532947510951062e-02 1.770996485444212634e-02 9.789680970618674233e-03 6.174338048903271758e-02 -1.515791451097975653e-02 3.904593419393532529e-03 -6.079837867841136889e-02 1.757264238846137361e-02 9.748811578907404241e-03 -4.083452727595929146e-04 6.158151656536503538e-02
-3.529411764705882026e-01 -1.521634823190437524e-02 3.947904416403118059e-03 -6.183335108165105565e-02 1.791471021435764310e-02 1.009161735432161783e-02 6.303032266739472256e-02 -1.522858608719362961e-02 4.083134676977935064e-03 -6.203550637521632050e-02 1.777680231730702221e-02 1.004943900190025108e-02 -4.228512437259371857e-04 6.285698853983612278e-02
-3.579831932773108738e-01 -1.528717214793666630e-02 4.121366023163804647e-03 -6.310128510247636768e-02 1.811206042016121065e-02 1.037347703632270773e-02 6.434499273543675679e-02 -1.530204671321741886e-02 4.260941797755689493e-03 -6.330201636609419924e-02 1.797535643659057755e-02 1.033595791294885172e-02 -4.372361499631745004e-04 6.416622011041495099e-02
-3.630252100840335450e-01 -1.536054378838878388e-02 4.289267975684765005e-03 -6.441449697073342584e-02 1.829937528605672312e-02 1.063171319431540675e-02 6.570463848515850636e-02 -1.537764558305903737e-02 4.431184412889082637e-03 -6.461777756062070388e-02 1.816301496753384287e-02 1.059285439924312691e-02 -4.512957527371361808e-04 6.551827083669753415e-02
-3.680672268907562716e-01 -1.543495698137520994e-02 4.456116375210384013e-03 -6.569514858679026403e-02 1.848790540125874043e-02 1.088795162164185246e-02 6.703247122291638993e-02 -1.545423203072257556e-02 4.600181559886167004e-03 -6.590181094868369227e-02 1.835184543657044504e-02 1.084801448570509551e-02 -4.654354569494955404e-04 6.683911049249141589e-02
-3.731092436974789428e-01 -1.550759976412177665e-02 4.624559259188234552e-03 -6.692202710366335072e-02 1.868312895431726434e-02 1.115839141227941561e-02 6.830937538053355462e-02 -1.552865251903770387e-02 4.770851209942720758e-03 -6.713187810764104091e-02 1.854708149481032811e-02 1.111711623357568984e-02 -4.801231263970035380e-04 6.810895972295305523e-02
-3.781512605042016140e-01 -1.557127805116294283e-02 4.793863915568395175e-03 -6.809874578689653624e-02 1.887917840352832874e-02 1.144523211582260634e-02 6.953944157137914583e-02 -1.559407457296058119e-02 4.942541710102069108e-03 -6.831150181221082307e-02 1.874314141194264455e-02 1.140256404001947083e-02 -4.952928631266475612e-04 6.933165788438000465e-02
-3.831932773109243406e-01 -1.562127330369638550e-02 4.964703779692541431e-03 -6.924777845841839641e-02 1.906928787329441322e-02 1.174322404917212473e-02 7.074440506027140918e-02 -1.564584572837547302e-02 5.115697444919773546e-03 -6.946314189922914162e-02 1.893326160535788172e-02 1.169919748411971452e-02 -5.106806956902953118e-04 7.052892858406573096e-02
-3.882352941176470118e-01 -1.565750954512177412e-02 5.137829097145530342e-03 -7.040280332071735536e-02 1.925258823811071274e-02 1.205058786702439128e-02 7.195776007349363734e-02 -1.568388838047077641e-02 5.291133631290809505e-03 -7.062063067281226791e-02 1.911658925877939008e-02 1.200510277470930726e-02 -5.264367861049709663e-04 7.173428336329917832e-02
-3.932773109243696830e-01 -1.567991816309642975e-02 5.312805200068004136e-03 -7.156635898031651899e-02 1.942831120955941168e-02 1.236497790909689420e-02 7.318175577281527122e-02 -1.570812900853680444e-02 5.468450660020230010e-03 -7.178656388195464588e-02 1.929236415280098649e-02 1.231789162190292768e-02 -5.424887045922261852e-04 7.295003369159069884e-02
-3.983193277310924096e-01 -1.568594597210407060e-02 5.513684296673594144e-03 -7.271283028012853755e-02 1.959333581510429995e-02 1.269083065824147712e-02 7.440480104323216048e-02 -1.571745043462117325e-02 5.648862087828578765e-03 -7.294212636375280168e-02 1.945132811502795281e-02 1.265837315580057437e-02 -5.586154425454866292e-04 7.417299548182215707e-02
-4.033613445378150808e-01 -1.567673965909225156e-02 5.669987490927164836e-03 -7.374879093114691808e-02 1.975588071758008213e-02 1.304729521834723308e-02 7.551080242662416842e-02 -1.570998659770561634e-02 5.806717914374670900e-03 -7.398091130802947335e-02 1.961287612980907452e-02 1.301338177085623049e-02 -5.754422410556953808e-04 7.527123203463703671e-02
-4.084033613445377520e-01 -1.564051916203418324e-02 5.823104924299039170e-03 -7.477095261859087461e-02 1.989819264304038687e-02 1.341351218412532506e-02 7.660603912695151951e-02 -1.567536757319329052e-02 5.961283352367034369e-03 -7.500639403520509285e-02 1.975421399552977977e-02 1.337767975848149458e-02 -5.920300522447394676e-04 7.635942089839353741e-02
-4.134453781512604786e-01 -1.557867625844245284e-02 5.980908962188803517e-03 -7.584924953573898843e-02 2.001751856637935811e-02 1.377010482699874555e-02 7.775857728033613858e-02 -1.561526408690491752e-02 6.121875363638467141e-03 -7.609013662425376245e-02 1.987317970626464175e-02 1.373123137356943579e-02 -6.079311694963061277e-04 7.750307649876808647e-02
-4.184873949579831498e-01 -1.549671588038482178e-02 6.146011075736423045e-03 -7.694335892746093086e-02 2.012161871438750138e-02 1.411902202375362597e-02 7.892442676580802008e-02 -1.553512588143044632e-02 6.289085391499068221e-03 -7.718674633718694555e-02 1.997712863094588606e-02 1.407758569953176421e-02 -6.231390787869370285e-04 7.865933042388095764e-02
-4.235294117647058210e-01 -1.539631131838432344e-02 6.316319190571742341e-03 -7.806424985595813992e-02 2.021322458502079755e-02 1.446642452129302814e-02 8.011764647576802290e-02 -1.543670824645725428e-02 6.461515896103187453e-03 -7.830997330056249650e-02 2.006877868569562420e-02 1.442222313436669970e-02 -6.380425839836295892e-04 7.984389233131078401e-02
-4.285714285714285476e-01 -1.527943650195510809e-02 6.491678862291118575e-03 -7.920654913990152202e-02 2.029501774512702111e-02 1.481380249788930362e-02 8.133318534061917404e-02 -1.532187167512691524e-02 6.639057095886440572e-03 -7.945447987979067928e-02 2.015076268346976951e-02 1.476659271843687102e-02 -6.527343611239752076e-04 8.105062090393777563e-02
-4.336134453781512188e-01 -1.512760216380289353e-02 6.656845851821706697e-03 -8.039790269528254707e-02 2.035766304500205570e-02 1.516279934601061537e-02 8.256460961386902220e-02 -1.518434855205872541e-02 6.807445177530876794e-03 -8.061480392969957998e-02 2.023282055048872263e-02 1.509418473088854594e-02 -6.672771064121812328e-04 8.227564822638488984e-02
-4.386554621848738900e-01 -1.498788358742581331e-02 6.850696455443912487e-03 -8.167302942392673515e-02 2.043048725780874028e-02 1.547793431598455671e-02 8.391055526100721362e-02 -1.504990286167251674e-02 7.005325618307644414e-03 -8.189342349959874423e-02 2.030679019923752049e-02 1.540392837494433675e-02 -6.814064493183474630e-04 8.361608725066027592e-02
-4.436974789915966166e-01 -1.485624540384013897e-02 7.055066177833190476e-03 -8.296290459136004825e-02 2.051430422798656075e-02 1.578946547339979758e-02 8.527321317938224565e-02 -1.492023036406159298e-02 7.212087584018429809e-03 -8.318514616554895102e-02 2.039087722607062919e-02 1.571181843728597372e-02 -6.960057710002793283e-04 8.496799653565567656e-02
-4.487394957983192878e-01 -1.471350477014377565e-02 7.260816675070356184e-03 -8.419615790523851673e-02 2.059642169153800759e-02 1.611678997005016462e-02 8.658301807020873930e-02 -1.477946787919533211e-02 7.420130767438809158e-03 -8.442025493388669033e-02 2.047314861018516285e-02 1.603551778147816603e-02 -7.108216451261177181e-04 8.626710520265556958e-02
-4.537815126050419590e-01 -1.455698452170081127e-02 7.468963595678868549e-03 -8.539524847940779817e-02 2.067342267803808781e-02 1.645544731546795189e-02 8.786176498670617008e-02 -1.462492763547912182e-02 7.630493219872845102e-03 -8.562123519180464548e-02 2.055022369633186657e-02 1.637051126745605809e-02 -7.256770468237858270e-04 8.753513315927974325e-02
-4.588235294117646301e-01 -1.438630739628627558e-02 7.679936051706620810e-03 -8.657085521528651295e-02 2.074455091974142934e-02 1.680231348478249467e-02 8.911969576793099534e-02 -1.445621187873869298e-02 7.843634022356204064e-03 -8.679880936536135683e-02 2.062134599518884379e-02 1.671362414973684429e-02 -7.404557600041009914e-04 8.878229042587909570e-02
-4.638655462184873568e-01 -1.479426951171541361e-02 8.478315650814638449e-03 -8.777124529611524117e-02 2.120013473068980969e-02 1.701338982607068090e-02 9.001395484885849063e-02 -1.483197464440650509e-02 8.247870075652172922e-03 -8.761957088430755158e-02 2.118481244235445246e-02 1.714152906316281436e-02 -7.323814851984325859e-04 9.010268953989286622e-02
-4.689075630252100280e-01 -1.458281393298122702e-02 8.679573615367664266e-03 -8.854520792175335497e-02 2.126783328720873931e-02 1.745566675625340874e-02 9.088566395995567593e-02 -1.462251281762375413e-02 8.448582187891989781e-03 -8.839083252133159152e-02 2.125373783591983506e-02 1.758497234419867383e-02 -7.480910908291140771e-04 9.097351888672494669e-02
-4.739495798319326991e-01 -1.433107950326011418e-02 8.882938920309828290e-03 -8.928671399026666400e-02 2.130523003426237211e-02 1.790473569297179601e-02 9.173011655889018456e-02 -1.437277553949189296e-02 8.651822583339735875e-03 -8.912984484455949152e-02 2.129221650157013881e-02 1.803522445697450238e-02 -7.627495164673843333e-04 9.181686847538211849e-02
-4.789915966386554258e-01 -1.404924632247241470e-02 9.096220161137709426e-03 -9.019917153333259496e-02 2.131117052994182040e-02 1.831428584537875617e-02 9.274106819678529234e-02 -1.409245333598106373e-02 8.865070946891409967e-03 -9.003947441549778330e-02 2.129899746266293581e-02 1.844532601539636968e-02 -7.753535965155637253e-04 9.282672455361373753e-02
-4.840336134453780970e-01 -1.375077831984185261e-02 9.316109710180597858e-03 -9.120220296210856947e-02 2.130438270397232159e-02 1.870201687406279970e-02 9.384052563210110165e-02 -1.379509103146190317e-02 9.084766314028717288e-03 -9.103954194368168995e-02 2.129288916982597507e-02 1.883324654780346719e-02 -7.868361531710646581e-04 9.392501927642005199e-02
-4.890756302521007681e-01 -1.344275422840840103e-02 9.537140582614232406e-03 -9.226176712351361053e-02 2.129614033393941244e-02 1.907832035556346686e-02 9.498828679447368639e-02 -1.348811904934065810e-02 9.308337957999547607e-03 -9.209091505574629188e-02 2.128685618001510682e-02 1.920905726836359684e-02 -7.978898680041619047e-04 9.506876027720528866e-02
-4.941176470588234948e-01 -1.311698488610475721e-02 9.760451195706594876e-03 -9.333856317981398254e-02 2.127525688082224434e-02 1.945062503558118300e-02 9.616199336307895695e-02 -1.316422278977666914e-02 9.536673608126922802e-03 -9.316652635870723009e-02 2.126967066190243311e-02 1.958188065926834767e-02 -8.083234513650820350e-04 9.623947614745942403e-02
-4.991596638655461660e-01 -1.277877938661748508e-02 9.990265567437312325e-03 -9.443431165487520262e-02 2.125243563069000030e-02 1.982357895143380122e-02 9.735416764134124934e-02 -1.282578116021420613e-02 9.767175660915058261e-03 -9.425838025766716810e-02 2.124594975790831258e-02 1.995460035682017005e-02 -8.182586979301356526e-04 9.743040211152409480e-02
-5.042016806722688926e-01 -1.243116508869245886e-02 1.022414414738809230e-02 -9.554705162611784597e-02 2.122776255873700182e-02 2.019391306002353906e-02 9.856273644065138839e-02 -1.248068699885441710e-02 1.000151115908850911e-02 -9.536790311354620409e-02 2.122457457005139103e-02 2.032437614504692056e-02 -8.276472697107918261e-04 9.863724357171554935e-02
-5.092436974789915638e-01 -1.207090796811637577e-02 1.045819114956010251e-02 -9.665134558140184295e-02 2.120100584228624963e-02 2.056849899119057856e-02 9.976407297205325264e-02 -1.212241803631442134e-02 1.023667389963694302e-02 -9.646884637138744556e-02 2.120015978838052373e-02 2.069815464696542900e-02 -8.367084788876375792e-04 9.983745193557397313e-02
-5.142857142857142350e-01 -1.169765467600927811e-02 1.069281772464153284e-02 -9.774633709596550202e-02 2.117110802024691971e-02 2.094640925586482502e-02 1.009571349997741563e-01 -1.175116007867310457e-02 1.047246955405977016e-02 -9.756044627185692097e-02 2.117263827263156373e-02 2.107518215804668471e-02 -8.452931228447542250e-04 1.010293708585854322e-01
-5.193277310924369061e-01 -1.131611531548634524e-02 1.092839087560202975e-02 -9.884300134198564791e-02 2.114420567677960383e-02 2.132521097825399933e-02 1.021569904525568839e-01 -1.137163935098518819e-02 1.070848666598343477e-02 -9.865720462758142961e-02 2.114729127606873593e-02 2.145220213866252251e-02 -8.539332893513831022e-04 1.022274321898774541e-01
-5.243697478991595773e-01 -1.092410921890627634e-02 1.116237242027423408e-02 -9.994546099788040316e-02 2.111607867204677927e-02 2.170733402985459970e-02 1.033629693328071419e-01 -1.098021768767068820e-02 1.094256560649902073e-02 -9.975755900593019643e-02 2.112201467677947420e-02 2.183084992871463237e-02 -8.623257468187375428e-04 1.034340369596131737e-01
-5.294117647058822484e-01 -1.051281343896741903e-02 1.140190813161981800e-02 -1.010665737776614559e-01 2.107744312267445866e-02 2.209268714526030353e-02 1.045851760284058907e-01 -1.057065942589655548e-02 1.118327430881670137e-02 -1.008756219373135032e-01 2.108586414291957825e-02 2.221483610514182402e-02 -8.698299614838301847e-04 1.046554394244522124e-01
-5.344537815126050306e-01 -1.012223464688652430e-02 1.165008052873816105e-02 -1.021845913184546983e-01 2.104452493608322330e-02 2.248920456915268554e-02 1.057906703202813326e-01 -1.014470093054301372e-02 1.141656826497492241e-02 -1.019765785227850774e-01 2.104459561226550146e-02 2.260469237663323416e-02 -8.771044374737245334e-04 1.058660831346025510e-01
-5.394957983193277018e-01 -9.652611201348847494e-03 1.188740071238868559e-02 -1.033037707781013226e-01 2.097373048059206907e-02 2.290195136725848082e-02 1.070130252920287739e-01 -9.677021598223346788e-03 1.165533028808547408e-02 -1.030916757446398713e-01 2.097636120059306886e-02 2.301610606787990454e-02 -8.837200523222733068e-04 1.070876146991810440e-01
-5.445378151260503730e-01 -9.162978557645903854e-03 1.212228853623488825e-02 -1.044202350509976784e-01 2.089460997332866221e-02 2.332287935072441948e-02 1.082349717937815536e-01 -9.189758694099863651e-03 1.189256892662235790e-02 -1.042053993781393018e-01 2.090024441443607411e-02 2.343513825983438437e-02 -8.898456800599230908e-04 1.083076366499107213e-01
-5.495798319327730441e-01 -8.674375694354391486e-03 1.235709939502800669e-02 -1.055333248273770397e-01 2.082591403563029131e-02 2.374079943197765843e-02 1.094522266740570737e-01 -8.703319598481855379e-03 1.212879956278209784e-02 -1.053144455300858706e-01 2.083423866274458636e-02 2.385202469509130341e-02 -8.955754174830187668e-04 1.095239928061882972e-01
-5.546218487394957153e-01 -8.180648378761670031e-03 1.259817301291305848e-02 -1.066454741729200018e-01 2.076528175720332783e-02 2.415549543736156962e-02 1.106687462920904474e-01 -8.217119787308043571e-03 1.236835465398388248e-02 -1.064230450655367644e-01 2.077866897853962100e-02 2.427741187186669564e-02 -9.009971591460708400e-04 1.107331660126536499e-01
-5.596638655462183864e-01 -7.694246953810855889e-03 1.283155926213647852e-02 -1.077417083807787612e-01 2.071844107080550446e-02 2.457476582001867638e-02 1.118701644998171263e-01 -7.731693931862415776e-03 1.260266139142907776e-02 -1.075157567604687059e-01 2.073379614588539283e-02 2.469499490606735098e-02 -9.063041735774927943e-04 1.119347328187868529e-01
-5.647058823529411686e-01 -7.185156095423413797e-03 1.306306657543302580e-02 -1.088302552933991252e-01 2.066119565562913457e-02 2.500641330401304555e-02 1.130650020380019050e-01 -7.223774504531821350e-03 1.283525041105543912e-02 -1.086006572768024869e-01 2.067873529773150976e-02 2.512509016041341442e-02 -9.110928903984925236e-04 1.131297848248847826e-01
-5.697478991596638398e-01 -6.656294253494691483e-03 1.329213690569780275e-02 -1.099199881049963967e-01 2.059644244865369012e-02 2.544817358830978732e-02 1.142619015057038667e-01 -6.696079675536117243e-03 1.306547515598093130e-02 -1.096868132649809757e-01 2.061617553901157890e-02 2.556530221895436661e-02 -9.154080764176559908e-04 1.143270353357058178e-01
-5.747899159663865110e-01 -6.112624427652865039e-03 1.352164424334933134e-02 -1.109991468149773286e-01 2.052576089414751351e-02 2.589947359786578390e-02 1.154564298242506393e-01 -6.148927033640137763e-03 1.329268068371346201e-02 -1.107680438019080504e-01 2.054320076250025495e-02 2.601559278583395404e-02 -9.191432886199408592e-04 1.155230479529126830e-01
-5.798319327731091821e-01 -5.549395557089456532e-03 1.374531138046413553e-02 -1.120935171900898364e-01 2.045094634612040080e-02 2.635778728441413171e-02 1.166581742711291225e-01 -5.586422998861101212e-03 1.351714192548833862e-02 -1.118586868130709566e-01 2.047113780650577572e-02 2.647341251028542328e-02 -9.222958134558377962e-04 1.167268699758658990e-01
-5.848739495798318533e-01 -4.967951158178674984e-03 1.396576178908785076e-02 -1.131862466231160214e-01 2.037019893609132160e-02 2.682480936895166937e-02 1.178590786983969574e-01 -5.006116150900930331e-03 1.373898170529527958e-02 -1.129481283874204378e-01 2.039257194228277434e-02 2.693892961753793433e-02 -9.248055144661588081e-04 1.179283268869824042e-01
-5.899159663865545244e-01 -4.368315887704633978e-03 1.418266241712228676e-02 -1.142779623733114758e-01 2.028343133366062104e-02 2.730211887490021500e-02 1.190569312083755715e-01 -4.405722942866481008e-03 1.395771303821252002e-02 -1.140278494321055602e-01 2.030426165168458530e-02 2.741632182075170662e-02 -9.267456325172020041e-04 1.191231470487499888e-01
-5.949579831932771956e-01 -3.755460669472535963e-03 1.439455310474744253e-02 -1.153704540892082075e-01 2.019602304546021937e-02 2.778672145210402816e-02 1.202581148403480960e-01 -3.794500199349328841e-03 1.417070864645170528e-02 -1.151166386408247755e-01 2.021995173531435791e-02 2.789997502749083300e-02 -9.283223993835711162e-04 1.203280268330887970e-01
-5.999999999999999778e-01 -3.126049399415476923e-03 1.460205937706432477e-02 -1.164689381236484467e-01 2.010447457173497599e-02 2.827917116451076490e-02 1.214650343036903224e-01 -3.166191014015388300e-03 1.437962321612972112e-02 -1.162114564329812805e-01 2.013035725034790016e-02 2.839120927445765857e-02 -9.292965640035444168e-04 1.215360125204147934e-01
