#kx=8.0, ky=0.0, Jx=1.0, Jy=1.0, Jz=2.5, h=0.04
-0.1959441518655458 0.0006886715657228046
0.03678032843092627 0.00635305123390142
0.05682011597786785 0.0017657850497038562
0.06422233665760713 0.00029439059164699643
0.07082250206375518 0.0015923869427842882
0.08272556365364192 0.0003973371396016924
0.09492434087153567 0.007726471053438481
0.10640686440262925 0.0010170183633235667
0.25658795392433253 0.0005691503525821729
0.39562534019384765 0.00020391216948113062
0.5181330714063246 0.0004362529427931491
0.5244520077348054 0.00017906981223348158
0.5291851001403467 0.0006829651745480717
0.5350383545026594 0.0006359962953711982
0.5533238643621892 0.0005015369254661215
0.5547666848852835 0.0006915600853894087
0.5711945492500119 0.00014296213920584713
0.5795331977223444 0.0016301705526914534
0.5861642344717746 0.002546913194302039
0.5943791793433739 0.0008638096150559273
0.6512523216838928 0.0005071971761232998
0.6985237711381149 2.1876274704139518e-07
0.7548684126294609 0.00010514268095846432
0.7701837958995164 0.000708871719786749
0.7752133797454013 0.00016627891132862518
0.7818883980793543 4.230974979555022e-05
0.7963804710974309 0.00010386338976521253
0.8035719865135227 0.0013024319420090573
0.8124578897894414 0.0003396080415894912
0.822341626976252 0.0005098342881354974
0.8289876654234853 0.00022150665550656998
0.8348116711080493 0.0006115728936223213
0.8442673012966133 0.0020468209958284344
0.8725602447547378 0.0005021374872055813
1.114310886986996 0.00019386071899350288
1.2424072286184047 0.0007119845425500323
1.246341087253144 0.00015140715232816662
1.2515361312220192 0.00024007185001976517
1.2642949362040397 0.0005137702989039267
1.2678644444469596 0.002296093353961192
1.279649311204765 0.0005534110649739798
1.2830352801864677 0.00047050990892948363
1.2918770741470582 0.00047941338721009795
1.2967438880371756 0.00010927496907003775
1.3115528919970596 0.00121895120194427
1.3164334040702448 0.0006679419237764476
1.333053877389406 0.0013430694789754126
1.335217838037023 0.00018942854900202524
1.3445851377617486 3.245220601086533e-05
1.3612557482188001 0.0005852392073181438
1.4491985071988913 0.00026834589679031667
1.8920950886812964 0.00017074052321166693
2.910899181739061 9.375537726275933e-05
3.0988229508510003 9.250008159777464e-06
3.320965582913263 4.290728578895938e-05
3.8023251301033434 3.277975748916782e-05
4.01385013683238 0.0004928768644910916
7.914153189586202 3.8968564596731025e-05
8.68574340057295 3.0941935223857827e-07
9.293743761815334 1.956852441004601e-05
#kx=4.0, ky=0.0, Jx=1.0, Jy=1.0, Jz=2.5, h=0.04
-0.30740256599141125 0.0007362567834541888
0.03762359872493404 0.0019758686144836102
0.05444794429044908 0.0018986030851913837
0.06620966224279501 0.0005903531228615951
0.07156173217252038 0.000947334456430993
0.08009145822691854 0.002870305938678449
0.09541368309596754 0.0033925612912951526
0.10387698712754645 0.0015026762715448579
0.20554277940045207 0.0001388587347086533
0.45823939180800943 0.0004546048577851631
0.5172269519667441 0.00042491436342299437
0.5250064439225146 8.722226550652407e-05
0.5306896167801405 0.0014238375502986884
0.5437596733314938 0.00029333703507557993
0.5534676390105147 6.429491401980055e-05
0.5629279879991844 0.0005636789698830073
0.575567136612257 0.00112840227771608
0.5844835115525449 0.003972304773288846
0.5921500145880954 0.0007824026153239041
0.603402685550678 0.0009618468982643602
0.6369992618865692 0.0004679047589891642
0.6937325454630225 0.0003066457878468052
0.7497289760895627 0.000924997017663205
0.7689077051147533 0.0022835643963793617
0.7751514045049159 0.0009737522500198266
0.7816038106027765 0.00019323837220299947
0.7835722744476521 0.00032425786713360455
0.8030086981253888 0.0019403617871740556
0.8095566147108517 0.00016608964099575963
0.8179809622772898 0.0023986677784769905
0.8274585185159622 5.3352069787348514e-05
0.8368677395865043 0.0014135552434427095
0.8436202510386859 0.00179002245598642
0.8688788960326077 0.000530628683093767
1.086498561304627 0.000237674328058937
1.2452543898204147 2.9148347221711828e-05
1.2468165076913924 0.0005244121079788578
1.2500136049819353 0.00018126301315012083
1.2625506489681406 0.000608478677390552
1.2681171852941575 0.000674234440455758
1.2799036057475552 0.00034408654499740784
1.2832063921349968 0.0005955092108467918
1.2949415022608894 0.0003386319072919927
1.2964912363171042 4.10135091032974e-06
1.3108767033343 0.0013339015502504075
1.3156282743843035 0.0004546348191683155
1.3314724685791952 0.0018103165782455406
1.3339632643029193 0.00014299654223354783
1.3409341091579479 0.00032493309846993654
1.3630786814788487 8.518718344786016e-06
1.4694954245725569 8.632403721923688e-05
1.8648477248532167 5.8380456671164e-06
2.253134827127482 4.322093020680606e-05
2.977418017727401 6.728995141757398e-05
3.194796957244827 0.00028828722547760444
3.8056438733003937 0.000278608653750894
3.971140219059112 0.000452100739381975
7.92302393153846 8.149157445812183e-05
8.683652481411118 7.053848956955268e-08
9.685986244882837 3.685204728411385e-06
#kx=0.0, ky=0.0, Jx=1.0, Jy=1.0, Jz=2.5, h=0.04
-0.9189951019786315 4.684830199129953e-05
0.032612638947870476 0.000909248493959087
0.03901460569954951 0.0017701349822494036
0.05440698684029499 0.002029426798778855
0.06342038415169338 0.00035386869981959146
0.07257445685993291 0.000818657213267288
0.0755001404439426 0.003945897165203053
0.08764880384336404 0.004039550178507702
0.10240011601559207 0.0007967463014791452
0.17213412431163277 5.589821703229005e-06
0.4217177617996053 0.00010541634115747093
0.5109611736070057 0.00032725856941155066
0.5216854270372182 0.0003028817759539751
0.5260684507394986 0.0001756073976967425
0.5328961203347022 0.0007448622447008105
0.5530292943502668 0.000731535440378364
0.5558013388017491 0.00013139820094396998
0.5666541292516021 0.00046581996125385567
0.5775056145963662 0.0011688756538033706
0.5852264441137556 0.002039688693808354
0.5944348320748296 0.001302462050167801
0.6294452177388732 0.00035214883071985493
0.6909086673730815 0.0006695615565143773
0.7420493034787703 4.803241703764057e-05
0.7692431591657458 0.0002923323705928287
0.7745167705057066 0.0005568652282243149
0.7778545705364581 0.00027183982360818774
0.7847927764949847 0.000767896621667888
0.7997993586185679 0.001094852021283235
0.8038358751075321 0.0016638905744040355
0.8145527184195069 0.003921908813741845
0.8249456565749425 0.002145187162925599
0.8345914414563969 0.0006691676421467862
0.8399814353357464 0.0027323716384533444
0.8462770565833595 0.0015744325773533398
0.979158494460338 2.2184802744134057e-05
1.217828927306282 9.656021941894262e-05
1.2459954854642161 3.901758565471038e-05
1.2476559475325133 0.00021819127815149415
1.25427599527382 0.0005319823329703295
1.2642123209022165 0.0013368818312922603
1.2771265286935511 0.00012203561058930749
1.280206880032547 1.366184498547974e-05
1.2871096460262974 0.00018454420831522973
1.2950443230735176 3.78161585690717e-05
1.3106710223095943 0.0004639997827461986
1.315197461256436 1.530101605273318e-05
1.3175136439684874 0.0004140210926975463
1.3330122448402335 0.0016928482964207105
1.3358063679735634 0.0005128297774487538
1.3427705677978308 0.00038837544526432074
1.3737906485637947 0.0010311628800762202
1.5540005394980958 0.0006102933187635697
1.9438926805471688 0.0001287444795339547
2.975602766853168 0.00022417482014133017
3.2136790090357756 0.00021527693944246035
3.79432358329201 0.0005477737481911975
3.9739038406927727 0.000485258772657292
7.590031732790526 8.534654172283955e-05
8.6735607675812 7.256101118476042e-08
9.40569299909036 1.903697791381686e-05
#kx=4.0, ky=8.0, Jx=1.0, Jy=1.0, Jz=2.5, h=0.04
-0.35645316519717385 0.00010292667597457823
0.03909923417911054 0.0013213576476118402
0.057157548727035046 0.007006302077228994
0.06469016852724163 0.001116917586735251
0.06891003429829334 7.629064577247402e-05
0.07112303242294038 0.0016470119275315957
0.08953921881682758 0.0022395319917078577
0.10090721489028098 0.0012518988047482789
0.21114905861885136 0.0007285652923006917
0.5125159507073911 0.00046719418973577184
0.5204816137128869 0.0009745901910925337
0.5269878486210637 0.0036259846713221355
0.5369437318626122 0.001468935142068217
0.5465741975213412 4.6553408564155624e-05
0.5547131088510779 6.0221447879154294e-06
0.5627535977710321 4.245953988555842e-05
0.5777314215291249 1.9249230512975e-05
0.5855000301428439 0.0019644099916221163
0.5926666015164539 0.0004773583762592547
0.6175412569453722 0.001004046404125632
0.6643566797600107 0.00022084810987862635
0.693507233232646 6.769297127955624e-05
0.7521884917435986 0.0004571802651798512
0.766928765634106 0.0005877290435001495
0.7754207041878911 0.000645141988202222
0.7816547305398109 8.923315421425132e-05
0.7947489641598655 0.000527218180832715
0.8034190786449247 0.00032099244245928013
0.8137951154973573 0.0007327702058916757
0.8238527205595503 0.001636025853757899
0.8289405635158444 0.0010209617624523269
0.8374942814683992 0.003287361918371035
0.848452851805491 0.0007188378874510087
0.8928289631259059 0.002581400542451527
1.1071487534331141 0.0004329675175562255
1.2445609208166015 0.001507739781017486
1.246684767794613 0.0006348172009862333
1.2511749017191933 0.00015724773339009486
1.261726601800775 0.000661399728780586
1.2652226208584554 0.0005109707344519814
1.2781319397104238 3.177335284658715e-05
1.2814512741547048 0.00010070371490550718
1.2890535028841033 0.00018867879701844529
1.2953533275867746 6.688593599541191e-05
1.312103053329885 0.0007976818938254338
1.3156965705651724 1.8032910133889958e-05
1.3304816808374271 0.00036934371475043235
1.333285472936447 0.0005383612172604569
1.3389698685983942 0.0006289962478607433
1.3540766559969915 0.001356385693112366
1.3705726287047821 0.0002055714242777036
1.8355685371813082 0.00017105397076649318
2.4737980245893367 2.0632159256552537e-05
3.1539384666194654 8.973642713580338e-05
3.365310792020959 1.849769841589974e-05
3.918803190364569 0.0008130861219111665
4.356263246441474 4.1002949411586585e-05
7.864934498198944 1.7916891584441082e-05
8.51375984092677 6.466400523725727e-07
8.956784013106327 3.8197330066354345e-06
#kx=8.0, ky=16.0, Jx=1.0, Jy=1.0, Jz=2.5, h=0.04
-0.19594414317993403 0.0006886716044615019
0.03678032783199692 0.006353051195977653
0.056820116100608775 0.0017657851098408942
0.06422233666771326 0.00029439060088520943
0.07082250216741848 0.00159238709282099
0.08272556420714805 0.0003973370808795903
0.0949243420655459 0.007726470635605878
0.10640686573045333 0.0010170186004943669
0.25658795859012296 0.0005691503500340753
0.39562533361609464 0.00020391219168363448
0.5181330709041263 0.00043625293215412807
0.5244520072926346 0.0001790698013205363
0.5291850997175116 0.0006829651647085665
0.5350383545519124 0.0006359963318798285
0.5533238643021399 0.0005015369616727168
0.5547666849180546 0.0006915600589747791
0.5711945495135611 0.00014296214567935877
0.5795331979806959 0.0016301704808252822
0.5861642350320482 0.0025469131979189742
0.5943791800446858 0.0008638096471786349
0.6512523213865964 0.0005071971861513371
0.6985237708000769 2.1876253497761013e-07
0.7548684114403126 0.00010514267080512933
0.7701837953178368 0.0007088717265941248
0.7752133793831999 0.0001662789091667097
0.7818883977306785 4.230974970899061e-05
0.7963804710013185 0.0001038634175317971
0.8035719857959589 0.001302431817656117
0.8124578900017076 0.00033960805000152373
0.8223416262999241 0.0005098344097022317
0.8289876656393296 0.00022150660748750843
0.8348116716059297 0.0006115729163782903
0.8442673020957412 0.0020468209789793993
0.8725602459972364 0.0005021375038650618
1.1143108881439638 0.000193860725616814
1.242407227903651 0.0007119845344985541
1.2463410865677202 0.00015140714741069598
1.251536130539903 0.00024007184741818967
1.2642949359847946 0.0005137702702819977
1.2678644441156206 0.0022960934338116003
1.2796493111664482 0.0005534110693883029
1.2830352801535256 0.00047050988756128025
1.2918770744046295 0.0004794133762679735
1.2967438882718985 0.00010927497667993929
1.3115528922813837 0.0012189511918099113
1.3164334044435595 0.0006679419211806458
1.3330538782998849 0.0013430694464613277
1.3352178388417837 0.0001894285667003189
1.3445851385189163 3.24522075347861e-05
1.3612557480873893 0.0005852392083922082
1.4491985119402835 0.00026834590217458804
1.892095089953417 0.0001707405190740993
2.9108991903710333 9.37553768472795e-05
3.0988229620131786 9.250012047187129e-06
3.3209656027359014 4.290728203335506e-05
3.8023251317964806 3.277976399553422e-05
4.013850135031081 0.0004928768574785939
7.914153234083241 3.896856706242304e-05
8.685743408641802 3.0941946866918197e-07
9.293743846912072 1.9568522532170446e-05
#kx=8.0, ky=12.0, Jx=1.0, Jy=1.0, Jz=2.5, h=0.04
-0.3117835113939331 0.00036119519235013595
0.038235157311352186 0.0027460910107062653
0.0599224857452505 0.0014078163228654413
0.06536303122080822 0.0004659266823212068
0.06836351770684734 0.0012671566785963533
0.07780812021282868 0.00022916804701530926
0.09293665816748176 0.0005218372232661571
0.10367272676774286 0.0010773754753295138
0.2582396560786857 0.001120325423840235
0.4786332727497964 0.0005339952226405034
0.5183239528715737 0.002192553400786519
0.5252664391130684 0.00206163936001327
0.5298841611904241 0.0002486358447346379
0.5442462324183839 0.0008387834293671653
0.5513134751376434 0.0011202855864148652
0.5563677188462735 0.0009426977123493244
0.5752225625579399 0.0038255992314098594
0.5835731794215424 0.0011438219187025259
0.5863755080925919 0.0003530884487017175
0.5958233715782941 0.0008742777523115871
0.6502793620490248 0.000241641070354045
0.7083036310156827 0.0005066791213890114
0.7672766262363222 0.0022573096401453645
0.7724012608472584 0.0006873828874476034
0.7759638316846531 7.487841568890085e-05
0.7813069416114891 0.0002914431101726036
0.7995562500037003 0.00044258752739018896
0.8088176076623119 0.0018395691792677373
0.8173407438861542 0.00019931557827517163
0.8257772948083102 0.0002612571949591345
0.8322014877245625 0.001092427081334296
0.8412586815135663 0.006319645446580981
0.8457513892287465 0.000691160992528368
0.8644932777439065 0.0002461465348167538
1.1870569118457288 8.083658839682432e-05
1.2433569077964073 0.0011894043078755252
1.248122924341287 0.000378686732647433
1.249273124329486 2.185717929837008e-05
1.2617516570286882 4.6460089174697024e-05
1.2733673128207608 0.0012245465705759942
1.2812047802905497 0.00018283260653219265
1.2861647532445848 0.0001782616749403977
1.294326131481312 7.197127529693518e-05
1.3022958144822305 6.193759656318542e-05
1.3081413585816062 0.001258734829443845
1.3152836996467916 0.0010873120411941525
1.3293707868362294 0.0006806817578898237
1.3334326176770475 0.0004603316217956288
1.344097396658746 2.923638974601964e-05
1.3583436687153876 0.0007105977375451932
1.389304139141585 1.0281912818312359e-05
1.8795135987894165 0.0003715636866422498
2.9416901067370635 0.00039398668600561405
3.0871662870574728 7.000112539785589e-05
3.3306780994612537 1.9591596452460104e-06
3.7883588230238243 0.00023966195342408765
4.1758316750577515 0.00033452542119756257
7.788316900991218 7.446873220661963e-06
8.69850828676691 2.3110065648553526e-06
9.062126134794044 1.3578947708356142e-05
#kx=8.0, ky=8.0, Jx=1.0, Jy=1.0, Jz=2.5, h=0.04
-0.31289314324909645 0.0004256112379306304
0.0390399018620613 0.0012682293522604051
0.061288070093219904 0.0013383972483508905
0.063267653359242 0.0022074157326993074
0.07169154309487924 0.000651693527549482
0.07428660372430684 0.0009131404444247696
0.0895978226913412 0.0038156312012664916
0.10324077918407282 0.001068611271156774
0.25705574796323516 0.0004596260126406921
0.5030437378456107 0.0012425229774218173
0.5185012403927631 0.0012509266028507989
0.5249139650221117 0.0007594789450163244
0.5311043192270555 0.0027906467965409
0.5475355525287635 0.00018445709630525152
0.5512080829053603 0.000722176041622305
0.5582325888241808 0.0006533416804772063
0.5772306869759092 0.0018004483704104357
0.5845634887897928 0.0012035869627835365
0.5924819837720827 0.00010593794965120063
0.600999834225814 0.000352096626374442
0.661684868255501 5.437514582714178e-05
0.7063890991859108 0.0003491372175943189
0.7580021797114433 0.0004753346707369515
0.7716789036245308 0.0005286204712456977
0.7757015956117796 0.0020656608447052194
0.782549276534477 0.0008958583615282918
0.7995220476037499 9.560841902711225e-05
0.8038368977822099 0.0019418412083228153
0.8112034765691902 0.00106684484529011
0.8241463366925568 0.0002694721235978687
0.8328414605022871 0.0011436985950694046
0.8396661993631991 0.004226763721216699
0.844109047181981 0.002516144634300656
0.8636362814347813 0.0003315935450264959
1.122337317710091 1.3929701482607635e-07
1.2439242567850934 0.0003497299213563668
1.2467711200499627 0.000660945340666468
1.2516926991994475 0.00015711034189713844
1.264181132029607 0.00032766565551306867
1.270587435507328 0.00041684323072447817
1.2823771651291742 0.0003468837501403041
1.2845890892018903 5.774462013687179e-05
1.294990263030166 4.2955739829689385e-05
1.2976157024254373 0.00012332049715500518
1.3122758274212742 0.0009792165640508546
1.317194222791386 0.0002469037294678838
1.332202984321091 0.0008364037316170006
1.3361200007520497 9.988540378321834e-05
1.3434088644474724 0.001475682591478088
1.360109311519785 0.00044428133530334454
1.4010993761861825 0.000168258862396103
1.866913329850897 1.4847702285669892e-05
2.844679500673553 4.596441099669724e-06
3.1161487971657524 4.609433999521316e-05
3.354952309354648 4.998324794428643e-05
3.9579714228586615 0.0008628956542525283
4.329680970388223 0.00032062695170837353
7.854161477221847 8.191771980091927e-06
8.639940741777059 1.0402729747843597e-06
9.011665907508814 1.7516954660671284e-06
#kx=8.0, ky=4.0, Jx=1.0, Jy=1.0, Jz=2.5, h=0.04
-0.26252945856086063 7.475062602090295e-05
0.03965776307387969 0.0002759624365211664
0.05251550635732283 0.0039037758101775374
0.06300862316407008 0.001582784497729135
0.07067781536466633 0.0016160679707166578
0.0789263906043507 0.0007837935602224879
0.09051670666980671 0.0030473849233084538
0.1002182296747347 3.447838997940469e-05
0.25647803928448587 0.00034106280120898484
0.4984921455727269 0.0006755517946098212
0.5206101038213946 0.0010015351794227137
0.5237157033689379 0.001161746864284325
0.5292965503807747 0.0014663668462129677
0.5328495569706262 0.0024306244414017803
0.552271068816796 0.0011784771715181018
0.558149938374406 0.00031095711721242667
0.5755843935987901 0.0009583150752648245
0.5848617584477007 0.0005505146367557765
0.5921469417398155 0.0020835067473513685
0.5950798070323393 7.475198263358204e-05
0.6599308461231455 0.0002459561494855364
0.6956122379218415 0.0015094701319659637
0.7583153477282765 0.0002067281596877575
0.7693043275371134 0.00288645649653472
0.7769148652509879 0.0027840243002715784
0.7828583438602643 0.0005498549482305799
0.7946630514245454 0.0010578936250724318
0.8054480664264076 6.348210806075495e-05
0.8132451138443932 0.00024035873704974313
0.8283474661106589 0.0009755246280283869
0.8353454399990561 0.0008968391850357059
0.8409585225181271 0.00434286148063376
0.849909536467504 0.0007509353237757636
0.8962027482858992 0.0006402961912830762
1.0982864740517617 0.0001718068262671737
1.2433694306988627 0.00017952197178860063
1.2463144298182325 0.00023753808416871958
1.2516812849143215 0.0002658044168631216
1.2624033651440132 0.000500634732084741
1.2650993306294578 0.0015255642602279634
1.272840261386333 0.00024960629823572066
1.2816836683289208 4.51766581074821e-05
1.285774760313311 0.00019187729944072953
1.296349113615158 4.5430530901592535e-05
1.3115287647760718 4.4781855358328184e-05
1.314528430305705 0.000559758764100967
1.32778713958889 0.00010475027405171342
1.3332719897641137 0.001252127310907433
1.335392859570915 8.137927852503078e-05
1.3503270295460164 1.943556730197416e-05
1.3637288835010848 1.939095802054671e-05
1.8730527887240975 9.528726607666166e-05
2.7820531354261653 0.0001488396560007611
3.0325940868968337 0.00010023577255914962
3.3690050914395133 2.5078873188106266e-05
3.8253984388597058 0.0006887430349162731
4.286509365797412 0.00016393361203682872
8.036724738053737 4.03786248807272e-05
8.637745216734851 4.855584618668025e-06
9.162363954126835 9.448792077346363e-06
#kx=8.0, ky=0.0, Jx=1.0, Jy=1.0, Jz=2.5, h=0.04
-0.19594415186552716 0.0006886715657228046
0.03678032843094492 0.00635305123390142
0.0568201159778865 0.0017657850497038562
0.06422233665762578 0.00029439059164699643
0.07082250206377383 0.0015923869427842882
0.08272556365366057 0.0003973371396016924
0.09492434087155432 0.007726471053438481
0.1064068644026479 0.0010170183633235667
0.2565879539243512 0.0005691503525821729
0.3956253401938663 0.00020391216948113062
0.5181330714063432 0.0004362529427931491
0.524452007734824 0.00017906981223348158
0.5291851001403653 0.0006829651745480717
0.535038354502678 0.0006359962953711982
0.5533238643622078 0.0005015369254661215
0.5547666848853021 0.0006915600853894087
0.5711945492500305 0.00014296213920584713
0.579533197722363 0.0016301705526914534
0.5861642344717932 0.002546913194302039
0.5943791793433926 0.0008638096150559273
0.6512523216839115 0.0005071971761232998
0.6985237711381336 2.1876274704139518e-07
0.7548684126294796 0.00010514268095846432
0.770183795899535 0.000708871719786749
0.7752133797454199 0.00016627891132862518
0.7818883980793729 4.230974979555022e-05
0.7963804710974496 0.00010386338976521253
0.8035719865135413 0.0013024319420090573
0.8124578897894601 0.0003396080415894912
0.8223416269762707 0.0005098342881354974
0.828987665423504 0.00022150665550656998
0.834811671108068 0.0006115728936223213
0.844267301296632 0.0020468209958284344
0.8725602447547565 0.0005021374872055813
1.1143108869870146 0.00019386071899350288
1.2424072286184233 0.0007119845425500323
1.2463410872531626 0.00015140715232816662
1.2515361312220379 0.00024007185001976517
1.2642949362040583 0.0005137702989039267
1.2678644444469782 0.002296093353961192
1.2796493112047838 0.0005534110649739798
1.2830352801864864 0.00047050990892948363
1.2918770741470769 0.00047941338721009795
1.2967438880371942 0.00010927496907003775
1.3115528919970783 0.00121895120194427
1.3164334040702634 0.0006679419237764476
1.3330538773894247 0.0013430694789754126
1.3352178380370416 0.00018942854900202524
1.3445851377617672 3.245220601086533e-05
1.3612557482188188 0.0005852392073181438
1.44919850719891 0.00026834589679031667
1.892095088681315 0.00017074052321166693
2.9108991817390795 9.375537726275933e-05
3.098822950851019 9.250008159777464e-06
3.320965582913282 4.290728578895938e-05
3.802325130103362 3.277975748916782e-05
4.013850136832399 0.0004928768644910916
7.91415318958622 3.8968564596731025e-05
8.685743400572967 3.0941935223857827e-07
9.293743761815351 1.956852441004601e-05
