#kx=0.0, ky=8.0, Jx=1.0, Jy=1.0, Jz=2.1, h=0.0
-0.1297682270486385 0.07003924683112908
0.013176474340912736 0.3707509896955184
0.04435273276615556 1.397922705530877
0.05519928413574418 1.2993010839441788
0.10308837763905693 2.415403228922233
0.19649463212366663 0.9284732802661103
0.2232551597441789 1.580773553290832
0.26780968977287434 0.24446233412027868
0.29108191741078837 0.938337866969629
0.3362424661764189 0.3994321150857676
0.37715014162093696 2.586200827275276
0.4338613040238437 1.5654897097323617
0.5145813373090671 2.204588783949311
0.5513802138584012 0.4181569362736557
0.5580064109409159 0.3506474849005339
0.7188373196949167 0.19206810931813864
#kx=0.0, ky=6.0, Jx=1.0, Jy=1.0, Jz=2.1, h=0.0
-0.129654381261062 0.06870250595361074
0.01035879852457644 0.12941600125877517
0.032997584642299016 1.599913781182987
0.06523195375545884 2.3663089851666137
0.08977400682830519 0.8756737556671732
0.1947185940314488 1.0821788760721347
0.24595927311041926 1.6753942765298393
0.2794881898527021 1.1123723725118333
0.3030200449154733 1.3890396817088664
0.3360524865445937 0.24668354835610343
0.36969555213342387 2.6824011141030333
0.45546693297600926 1.2975969216407017
0.5269706983965828 2.2657353689691164
0.5494133049071055 0.18972808804609578
0.5580952709081807 0.25129497042292515
0.5945636752908365 0.2751677436892997
#kx=0.0, ky=4.0, Jx=1.0, Jy=1.0, Jz=2.1, h=0.0
-0.12880037673241151 0.06957464613507489
0.008945165954316436 0.4129149624299049
0.03261323977256103 1.2596025993175102
0.06582762262359795 2.163617304036491
0.09634123088782759 0.5577386346252332
0.18269505936534575 0.6182611034268191
0.25310262096143393 1.2247823378583058
0.28766379854035756 1.1885825075263026
0.3016747936559241 1.311319083254683
0.3165949252139071 2.886607826165414
0.3371386223390266 0.28576512886588257
0.4047584536889429 2.040494492888535
0.47870322363755224 1.3982602163408446
0.5244715354974675 1.9580271000264808
0.5467785719981644 0.1899824622682335
0.5583435132714979 0.2630674843268459
#kx=0.0, ky=2.0, Jx=1.0, Jy=1.0, Jz=2.1, h=0.0
-0.12903086665614777 0.06996047609471877
-0.0124083443860466 0.05983354963679763
0.006765960892127776 0.7688008664204847
0.03435233126631049 1.1169295584849432
0.07829958915214796 1.611772703210697
0.11143800698638423 0.6420068937621356
0.17422313728035882 0.377385249077944
0.2481499241675312 0.9694914997549984
0.28319562217232613 2.5192928600384548
0.334567609303984 0.24864575371525524
0.35442242564933585 2.4409029195869785
0.41399350028089166 2.1077830217430105
0.48342357500508476 1.1883762373168543
0.5155940210529804 1.7946776901545445
0.5410391260230152 0.20806307274390817
0.5577051169482544 0.41724718989658627
#kx=0.0, ky=0.0, Jx=1.0, Jy=1.0, Jz=2.1, h=0.0
-0.19575392845376105 0.09835684102318619
-0.13119989957862666 0.07720365740970148
-0.0012734376299190497 0.8670758361941775
0.034646935673300905 1.7274299679184248
0.05074530905450622 0.1657122916544312
0.11938302790145183 0.7375704152363975
0.21766633769515192 0.9982312789765229
0.2695215687379448 1.572597444783859
0.27342925495169734 0.4432551199214366
0.33190021805225345 0.25347357168883045
0.3577199125306247 1.064464827287074
0.37606957261923823 1.629590566358797
0.4733243963772292 0.5633029778934653
0.5001056798556629 0.25071428127130013
0.5464848099282917 1.2931774591732368
0.5752482384366082 0.4444888991632753
#kx=4.0, ky=2.0, Jx=1.0, Jy=1.0, Jz=2.1, h=0.0
-0.011451661036398497 0.17215828172719694
0.0063351779684950316 1.1427782592663596
0.033092359212622435 1.2937384584477312
0.06813605659747166 1.3609247863504585
0.10833124074010836 1.528772235862622
0.15544959304897285 0.6747156188369089
0.2161614415537187 2.379048620842749
0.2787791718632923 3.206949919835446
0.2929528178609844 8.46235350284143
0.3295702226728068 2.079801532100455
0.34858710377180596 2.7618277177488366
0.4086528690068067 1.760448435072226
0.5031808688439818 1.4240746517659129
0.5151854465089178 2.468892555584591
0.5498669373496836 0.28792609283510967
0.5576627959089521 1.2172292306783228
#kx=8.0, ky=4.0, Jx=1.0, Jy=1.0, Jz=2.1, h=0.0
0.0038862809507091423 2.0651675572064323
0.030802860441228985 1.3783536045836238
0.0510204486965492 1.012902737444367
0.11067931743806414 0.9991255649687356
0.1401350790339983 0.8602890787824365
0.21711861297912632 1.6846873006248984
0.27702380702897134 3.105761958676852
0.29696301742245107 0.5822186686333275
0.3064463254205838 3.3831790716147037
0.3270387903884078 5.5433307622815295
0.3932698189872443 3.789599657779311
0.5043929480594131 2.0437569389915096
0.5347280357275183 1.541871704201257
0.5481266110196447 0.19350054796233293
0.5628921423545282 6.329014169890423
0.7142487474099817 9.51627170199656
#kx=12.0, ky=6.0, Jx=1.0, Jy=1.0, Jz=2.1, h=0.0
0.003391206880312303 1.0943254802689735
0.03343055559524194 1.5825667927510423
0.0547154626764334 1.65254002189616
0.09977620907441995 1.117551030096594
0.18156345150960224 1.0837860053429358
0.23956657476603074 2.0555329154443935
0.25850358794463985 1.2529329111847276
0.2964169648214374 5.332332826720867
0.3019574358311722 3.9562384643512183
0.33379250891762663 3.943209853551218
0.3758719068440646 2.9665376100743868
0.4646910272455663 1.6382607631352095
0.5347557685042444 1.614920388618917
0.5477343561184186 0.3613707010550676
0.561024820683465 3.030657521898089
0.5949568820305939 0.23756337912104022
#kx=16.0, ky=8.0, Jx=1.0, Jy=1.0, Jz=2.1, h=0.0
-0.12976822704864 0.07003924683112997
0.013176474340915845 0.37075098969554093
0.04435273276615556 1.3979227055306833
0.05519928413574565 1.2993010839448464
0.10308837763907464 2.4154032289211353
0.19649463212366453 0.9284732802657055
0.22325515974415477 1.5807735532914653
0.26780968977286823 0.24446233412027407
0.29108191741078343 0.9383378669699167
0.33624246617641584 0.3994321150860004
0.37715014162095456 2.586200827275241
0.4338613040238274 1.5654897097323845
0.5145813373090657 2.2045887839486324
0.5513802138584021 0.41815693627375056
0.5580064109409157 0.35064748490071646
0.7188373196949149 0.19206810931813234
#kx=14.0, ky=8.0, Jx=1.0, Jy=1.0, Jz=2.1, h=0.0
-0.005165500276775592 3.469491763595157
0.010631452802748798 0.7077339296462566
0.038994074980782 1.639344124250688
0.06037938316550884 0.9613009287745669
0.11183783979365075 2.305062097357545
0.18239272113790522 0.8652480602330428
0.22193363248106995 1.3513990893573893
0.2556974552998962 0.3351453496374248
0.2936295136385898 1.2076344932715888
0.33695882354843415 1.8687173191992246
0.3777557659073766 2.513167056211272
0.43860699434570793 1.2072453082032715
0.5224658743705526 3.059200062552462
0.5512927034670294 0.18537407622631896
0.5593659616484962 1.0064442992492597
0.7187946657929583 0.1792928876609343
#kx=12.0, ky=8.0, Jx=1.0, Jy=1.0, Jz=2.1, h=0.0
0.00517119175353431 0.9979539567567927
0.03468910164082073 1.8189454232025353
0.0673983018863353 0.9350146748500026
0.1143330496844964 1.9398612435164357
0.17131206320790796 1.1704229483969968
0.21839107684679177 1.4706856287676282
0.24033706716388706 0.7048848711818334
0.2931004758131716 3.5796980826710696
0.3001850067305535 4.816429176505136
0.33403410421988855 4.862712817989081
0.3772130138328878 2.5514003201550275
0.44875292437353453 1.2699488024342687
0.531284678643979 2.7634008009439563
0.5496408617924344 0.14878378390804753
0.5628726258721028 3.4088564267074593
0.718790492210734 0.18375524600688573
#kx=10.0, ky=8.0, Jx=1.0, Jy=1.0, Jz=2.1, h=0.0
0.0007793743643890738 1.2874521115602255
0.031246959523804463 1.9833128482409166
0.07089032118749641 0.9810790845921434
0.10793272559735037 1.6977993450819235
0.17378574469650832 1.5258938086515648
0.2161151476284495 1.0921377471403197
0.22941106143798246 1.2022157762259797
0.29344636523008705 1.5506121111616866
0.32964419036107695 6.699325077072064
0.3765205852848317 2.4521721176286073
0.4558874340253352 2.0981559697288157
0.5335831260567838 0.9627458779812045
0.547125072658476 0.124593423786466
0.5674280491868791 6.528144836920546
0.5940485735081629 11.06737482617849
0.7185868426051603 0.20422192020008
#kx=8.0, ky=8.0, Jx=1.0, Jy=1.0, Jz=2.1, h=0.0
0.0019975823796345993 1.3796905517999951
0.02935927354169804 2.3116626850194995
0.07314212582070115 1.187864877824564
0.10399046758030839 1.3256631913463934
0.1686605887681558 1.3750646461371097
0.2154430210609035 1.400583682093672
0.22788905118285513 2.0842447161659434
0.2902454611470549 1.264432219885134
0.3273031131044843 7.055401089180119
0.3771516247735812 2.934694578897118
0.45500201965133324 2.323320550747635
0.5340273926449656 1.1545318704058252
0.5447958730005513 0.2064037019579957
0.5679601788834979 8.33072972270775
0.71435876836601 9.081406525847996
0.7190075482554517 1.0804022572568486
#kx=6.0, ky=8.0, Jx=1.0, Jy=1.0, Jz=2.1, h=0.0
0.007244645786557258 0.9101752568461748
0.03269276467106119 2.9566988287293086
0.07253594347736561 1.1375104306212143
0.09849166516609559 0.9655886458827173
0.1649472077626359 1.5811374753408296
0.21927145523682184 1.7418556025914667
0.23537466843828653 2.3166783102935984
0.2874563447025154 0.9611070642716761
0.32770196370161786 4.740144480573699
0.37565179388348674 3.173712851973672
0.44911318467862726 2.06150202413423
0.5334166350199702 2.110877528168202
0.5439641579808177 0.4710423666472797
0.5629860527590704 5.079832838392937
0.5926168220948693 9.756964132561864
0.7182427891161163 0.23019217388362093
#kx=4.0, ky=8.0, Jx=1.0, Jy=1.0, Jz=2.1, h=0.0
0.010784111204749258 0.4788285687879065
0.04234971617568506 3.308780258106803
0.0679979818701022 1.104292712431609
0.0869051031063924 0.9789599106350597
0.18089043372583058 1.279839758928925
0.2196546326911939 2.2216098164145857
0.2496878316658627 2.7906080869022842
0.286109078130109 0.8321414632359142
0.2985236777457503 7.277594971476827
0.33024479829305503 1.9919724279003121
0.3753498067022813 2.7329492236060533
0.44175248299003245 2.191117504912419
0.5289429816501849 2.6466580843753826
0.5453232903122732 0.48016872677146316
0.5581295806007998 1.2596899851694114
0.7183041817251613 0.22167626698742426
#kx=2.0, ky=8.0, Jx=1.0, Jy=1.0, Jz=2.1, h=0.0
-0.006392921759602099 3.2306241342420123
0.012992192366446387 0.2898528778458428
0.047661507109206774 2.263067538859674
0.059286270556554055 1.2664305596413654
0.0913239924076763 1.6647826463124118
0.19485376950858885 1.1216246709414959
0.22518748844638004 1.9063392993486818
0.26896575274206747 0.668367752165921
0.28729025536247865 0.841277562931467
0.3331614763557958 1.1753694415118274
0.3769864583068444 2.6318060926730165
0.436216557340789 1.9655487484905965
0.5184990707941199 1.9972851505826519
0.5491049615697094 0.4873268470285486
0.5573264580696635 0.2864420311316682
0.7184845097077139 0.2092354205022673
#kx=0.0, ky=8.0, Jx=1.0, Jy=1.0, Jz=2.1, h=0.0
-0.12976822704863838 0.07003924683112908
0.013176474340912847 0.3707509896955184
0.04435273276615567 1.397922705530877
0.05519928413574429 1.2993010839441788
0.10308837763905704 2.415403228922233
0.19649463212366675 0.9284732802661103
0.223255159744179 1.580773553290832
0.26780968977287445 0.24446233412027868
0.2910819174107885 0.938337866969629
0.336242466176419 0.3994321150857676
0.3771501416209371 2.586200827275276
0.4338613040238438 1.5654897097323617
0.5145813373090671 2.204588783949311
0.5513802138584012 0.4181569362736557
0.558006410940916 0.3506474849005339
0.7188373196949169 0.19206810931813864
