0.000000000000000000e+00 -3.374970964598093814e-02 -2.993899010484469408e-02 -3.373318561480066757e-02 -1.948437707312525857e-01
-5.042016806722688510e-03 -3.358865657619723027e-02 -3.042935378536615679e-02 -3.346752623338689059e-02 -1.949710948028754998e-01
-1.008403361344537702e-02 -3.345539910842269815e-02 -3.078559498182379534e-02 -3.328536876090126828e-02 -1.950528549436503223e-01
-1.512605042016806553e-02 -3.334506398814884864e-02 -3.105453606865219221e-02 -3.315498965472915560e-02 -1.951095594782451259e-01
-2.016806722689075404e-02 -3.325994954172899198e-02 -3.133189588491576416e-02 -3.302958012460784076e-02 -1.952437065209950695e-01
-2.521008403361344255e-02 -3.318249130249702195e-02 -3.149906090551059246e-02 -3.295523043115627937e-02 -1.952751178074194904e-01
-3.025210084033613106e-02 -3.311757738485798797e-02 -3.163553367702647001e-02 -3.289573356617986333e-02 -1.953002067994992486e-01
-3.529411764705882304e-02 -3.306274058951171740e-02 -3.174941569264445873e-02 -3.284637810875369601e-02 -1.953208433026387969e-01
-4.033613445378150808e-02 -3.301602164095605862e-02 -3.184536606950146009e-02 -3.280502871935801756e-02 -1.953381760638738807e-01
-4.537815126050419312e-02 -3.297585391894224810e-02 -3.192728401694445300e-02 -3.276976377427096021e-02 -1.953530447736838149e-01
-5.042016806722688510e-02 -3.294109168910506341e-02 -3.199801020356331238e-02 -3.273921135571048607e-02 -1.953661097409823688e-01
-5.546218487394957708e-02 -3.291041477459649700e-02 -3.205846652311621081e-02 -3.271387925682284203e-02 -1.953776049855504571e-01
-6.050420168067226212e-02 -3.288302604592831940e-02 -3.211244313493085561e-02 -3.269105559341581313e-02 -1.953881107839700870e-01
-6.554621848739494716e-02 -3.285826969960903982e-02 -3.216314188134068719e-02 -3.266833620085983492e-02 -1.953979377382082105e-01
-7.058823529411764608e-02 -3.283754751175345377e-02 -3.220185569269182202e-02 -3.265298433253322613e-02 -1.954069698767632868e-01
-7.563025210084033112e-02 -3.281914671230644343e-02 -3.223601492141657532e-02 -3.263944173645788593e-02 -1.954155600690981875e-01
-8.067226890756301616e-02 -3.280280579829600307e-02 -3.226624474615146648e-02 -3.262739616928846120e-02 -1.954238236816434882e-01
-8.571428571428570120e-02 -3.278670721686889611e-02 -3.229339047163653359e-02 -3.261788116844051288e-02 -1.954318986688205473e-01
-9.075630252100838624e-02 -3.277284120473112489e-02 -3.231727296880625155e-02 -3.260909464599984903e-02 -1.954398127698321053e-01
-9.579831932773108516e-02 -3.276071664847875209e-02 -3.233827851114684515e-02 -3.260116885672519060e-02 -1.954476327164744454e-01
-1.008403361344537702e-01 -3.274999265288425915e-02 -3.235682454352988013e-02 -3.259405122916721187e-02 -1.954554207211247341e-01
-1.058823529411764552e-01 -3.274040304058213613e-02 -3.237318370216709512e-02 -3.258775442322875415e-02 -1.954632309690634562e-01
-1.109243697478991542e-01 -3.273188274427440980e-02 -3.238743681990543383e-02 -3.258227036184788150e-02 -1.954710887772304062e-01
-1.159663865546218392e-01 -3.272427846210584218e-02 -3.239982643554904784e-02 -3.257751989091506317e-02 -1.954790273167040515e-01
-1.210084033613445242e-01 -3.271746924712707477e-02 -3.241056949721514424e-02 -3.257341512843107967e-02 -1.954870771194460732e-01
-1.260504201680672232e-01 -3.271184471479347822e-02 -3.241960963482488911e-02 -3.256962519114922627e-02 -1.954952512348858973e-01
-1.310924369747898943e-01 -3.270660924860234464e-02 -3.242747432446367595e-02 -3.256642791740271825e-02 -1.955035932352204020e-01
-1.361344537815125932e-01 -3.270192579257822502e-02 -3.243414912751808876e-02 -3.256367299205888827e-02 -1.955121128010784137e-01
-1.411764705882352922e-01 -3.269748361048509244e-02 -3.243998810954623613e-02 -3.256132227804089951e-02 -1.955208443721424272e-01
-1.462184873949579633e-01 -3.269326373680332687e-02 -3.244528610537732172e-02 -3.255910136800680560e-02 -1.955298182669843177e-01
-1.512605042016806622e-01 -3.268944794078178229e-02 -3.244965403939555071e-02 -3.255721779821878908e-02 -1.955390392774325192e-01
-1.563025210084033334e-01 -3.268592649896454039e-02 -3.245315827227104877e-02 -3.255571450365142561e-02 -1.955485251936036062e-01
-1.613445378151260323e-01 -3.268266181673455673e-02 -3.245587794906247547e-02 -3.255454969817230676e-02 -1.955582956681823914e-01
-1.663865546218487312e-01 -3.267958183722603771e-02 -3.245788764430371232e-02 -3.255372095639484653e-02 -1.955683720810650894e-01
-1.714285714285714024e-01 -3.267693540437145716e-02 -3.245925340163251932e-02 -3.255291399051614409e-02 -1.955787755275383011e-01
-1.764705882352941013e-01 -3.267449022397561631e-02 -3.245993945975325645e-02 -3.255239206724241940e-02 -1.955895197964740706e-01
-1.815126050420167725e-01 -3.267233110467764046e-02 -3.245992358051975890e-02 -3.255206831369387988e-02 -1.956006832905159698e-01
-1.865546218487394714e-01 -3.267018287821241151e-02 -3.245948351575669855e-02 -3.255197727931131296e-02 -1.956121601187647552e-01
-1.915966386554621703e-01 -3.266801423703137586e-02 -3.245912322302234310e-02 -3.255160838972742665e-02 -1.956240511762006029e-01
-1.966386554621848415e-01 -3.266602787959710374e-02 -3.245771811537213891e-02 -3.255190170538872774e-02 -1.956363499419681851e-01
-2.016806722689075404e-01 -3.266445992929248310e-02 -3.245529023125870438e-02 -3.255259954260548982e-02 -1.956490765426780465e-01
-2.067226890756302393e-01 -3.266313744786872308e-02 -3.245261172807141492e-02 -3.255307044854849341e-02 -1.956623101688732824e-01
-2.117647058823529105e-01 -3.266197881682742638e-02 -3.244992776581397814e-02 -3.255312020882491358e-02 -1.956761241642524518e-01
-2.168067226890756094e-01 -3.266070659228442058e-02 -3.244712087070988904e-02 -3.255321524470479455e-02 -1.956903602774500150e-01
-2.218487394957983083e-01 -3.265951168106213248e-02 -3.244402380223838228e-02 -3.255329228379397893e-02 -1.957051160655134125e-01
-2.268907563025209795e-01 -3.265844770065513825e-02 -3.244055593460255793e-02 -3.255336527543564729e-02 -1.957204269325114043e-01
-2.319327731092436784e-01 -3.265742400364447795e-02 -3.243667288552284922e-02 -3.255354110215025187e-02 -1.957363541445389654e-01
-2.369747899159663496e-01 -3.265510073347499542e-02 -3.243264719886401748e-02 -3.255486414214522201e-02 -1.957529182668161505e-01
-2.420168067226890485e-01 -3.265244190758356813e-02 -3.242845298463542525e-02 -3.255641785498485791e-02 -1.957701012873225288e-01
-2.470588235294117474e-01 -3.263851436534834227e-02 -3.243396064589335048e-02 -3.255897817836189007e-02 -1.957897153850759742e-01
-2.521008403361344463e-01 -3.262419787988903030e-02 -3.243937406085495995e-02 -3.256169853790666369e-02 -1.958100680499699764e-01
-2.571428571428571175e-01 -3.261324757082598169e-02 -3.244328726700650145e-02 -3.256223764533319742e-02 -1.958311027567585794e-01
-2.621848739495797886e-01 -3.260456789824550672e-02 -3.244553820992424065e-02 -3.256185505035129324e-02 -1.958528981863171814e-01
-2.672268907563025153e-01 -3.259756318517999241e-02 -3.244601556627051131e-02 -3.256123079688848232e-02 -1.958752949667857957e-01
-2.722689075630251865e-01 -3.259172959294694139e-02 -3.244496384454782084e-02 -3.256063581020715580e-02 -1.958984094032266143e-01
-2.773109243697478576e-01 -3.258714684599396672e-02 -3.244236601704068856e-02 -3.256002554362130708e-02 -1.959223103986404702e-01
-2.823529411764705843e-01 -3.258291254667652209e-02 -3.243793181148282856e-02 -3.256072165638326799e-02 -1.959470414385069970e-01
-2.873949579831932555e-01 -3.258221964168125928e-02 -3.243205104374893150e-02 -3.255891470773105562e-02 -1.959725781042784276e-01
-2.924369747899159266e-01 -3.258080360425930078e-02 -3.242581331465892863e-02 -3.255776431738163779e-02 -1.959989673314729008e-01
-2.974789915966385978e-01 -3.257906192404322332e-02 -3.241905318804619296e-02 -3.255705925230312214e-02 -1.960262540848038415e-01
-3.025210084033613245e-01 -3.257723484365120104e-02 -3.241152023372843860e-02 -3.255677885508023034e-02 -1.960543965040333902e-01
-3.075630252100839956e-01 -3.257522601718663285e-02 -3.240351273258748610e-02 -3.255660700359928883e-02 -1.960835911480174609e-01
-3.126050420168066668e-01 -3.257346850135225264e-02 -3.239418292591013382e-02 -3.255717962309413738e-02 -1.961137727775489614e-01
-3.176470588235293935e-01 -3.257119766282659534e-02 -3.238679945806693938e-02 -3.255561172486756694e-02 -1.961450228346111602e-01
-3.226890756302520646e-01 -3.256904286988316494e-02 -3.237868493554159344e-02 -3.255420893690716411e-02 -1.961773532280286225e-01
-3.277310924369747358e-01 -3.256701664153834053e-02 -3.236986074793733736e-02 -3.255290527764367198e-02 -1.962108300467991784e-01
-3.327731092436974625e-01 -3.256552780971052469e-02 -3.235925745548753202e-02 -3.255252092554746651e-02 -1.962454076322573127e-01
-3.378151260504201336e-01 -3.256411228842900213e-02 -3.234744991361995781e-02 -3.255282123553797369e-02 -1.962808312694033497e-01
-3.428571428571428048e-01 -3.257156566908024631e-02 -3.236013122419234556e-02 -3.253999984623165420e-02 -1.963349360258433152e-01
-3.478991596638655315e-01 -3.256986065826686372e-02 -3.234758437045174434e-02 -3.254088812973637140e-02 -1.963731108940033609e-01
-3.529411764705882026e-01 -3.256845503509103734e-02 -3.233455529296298814e-02 -3.254146273840184678e-02 -1.964127173399737580e-01
-3.579831932773108738e-01 -3.256579259398119375e-02 -3.231973478472161682e-02 -3.254454253906208933e-02 -1.964542200566617713e-01
-3.630252100840335450e-01 -3.256364356603778237e-02 -3.230475623724532452e-02 -3.254664686735705970e-02 -1.964970176215469211e-01
-3.680672268907562716e-01 -3.256223838973322515e-02 -3.228971847873824547e-02 -3.254748293191610936e-02 -1.965407082986373177e-01
-3.731092436974789428e-01 -3.256035839005376464e-02 -3.227485372126726038e-02 -3.254788841553386824e-02 -1.965862011720078684e-01
-3.781512605042016140e-01 -3.255877511847876660e-02 -3.225903147340568322e-02 -3.254853956190463526e-02 -1.966332373784963894e-01
-3.831932773109243406e-01 -3.255744059341858510e-02 -3.224258941906810172e-02 -3.254905549679861648e-02 -1.966818549927738802e-01
-3.882352941176470118e-01 -3.255804616458025241e-02 -3.222423809871605843e-02 -3.254916913777282372e-02 -1.967319942281920142e-01
-3.932773109243696830e-01 -3.255800043670349642e-02 -3.220581192995913833e-02 -3.254923860594557961e-02 -1.967839772213959837e-01
-3.983193277310924096e-01 -3.255773858066703108e-02 -3.218711781739681810e-02 -3.254927041386748710e-02 -1.968375797550720452e-01
-4.033613445378150808e-01 -3.255760421170569852e-02 -3.216798130764778052e-02 -3.254904720687568087e-02 -1.968927091160478926e-01
-4.084033613445377520e-01 -3.255703152942490686e-02 -3.214896112752580609e-02 -3.254838450229539937e-02 -1.969493693893948072e-01
-4.134453781512604786e-01 -3.255629274669983447e-02 -3.212969823554053667e-02 -3.254745858957133059e-02 -1.970082258605080905e-01
-4.184873949579831498e-01 -3.255554402396329539e-02 -3.211002184289359074e-02 -3.254630060621572368e-02 -1.970690735103564351e-01
-4.235294117647058210e-01 -3.255559606022571939e-02 -3.208955255076548219e-02 -3.254401642960949581e-02 -1.971291936518199950e-01
-4.285714285714285476e-01 -3.255494367092650471e-02 -3.206863196731096766e-02 -3.254216158606161591e-02 -1.971929060099299191e-01
-4.336134453781512188e-01 -3.255408586992912523e-02 -3.204751425588385494e-02 -3.254014792216836094e-02 -1.972594860781971271e-01
-4.386554621848738900e-01 -3.255309313246061709e-02 -3.202605200613908853e-02 -3.253780455989702808e-02 -1.973287733152191414e-01
-4.436974789915966166e-01 -3.255229373052104247e-02 -3.200428955965742284e-02 -3.253483463384522489e-02 -1.973991569002369606e-01
-4.487394957983192878e-01 -3.255070714814838062e-02 -3.198205663347709893e-02 -3.253221370666094237e-02 -1.974717893933579382e-01
-4.537815126050419590e-01 -3.254933070779377630e-02 -3.195940583235058058e-02 -3.252892742178513374e-02 -1.975465830606816242e-01
-4.588235294117646301e-01 -3.254741949071001533e-02 -3.193627873011903318e-02 -3.252577143765827267e-02 -1.976235040416982613e-01
-4.638655462184873568e-01 -3.254508571982345222e-02 -3.191261313513903131e-02 -3.252262263903477058e-02 -1.977026660241813227e-01
-4.689075630252100280e-01 -3.254272332250751631e-02 -3.188841309619076803e-02 -3.251907830700993818e-02 -1.977840728443899798e-01
-4.739495798319326991e-01 -3.254031473307718303e-02 -3.186340439172531680e-02 -3.251548954185819185e-02 -1.978713557687238889e-01
-4.789915966386554258e-01 -3.253774096244801961e-02 -3.183796651221788843e-02 -3.251137169099987956e-02 -1.979576844592461637e-01
-4.840336134453780970e-01 -3.253501190183671898e-02 -3.181194439884664493e-02 -3.250712116888510028e-02 -1.980459205853917493e-01
-4.890756302521007681e-01 -3.253099464174318695e-02 -3.178490661321810989e-02 -3.250428562897977186e-02 -1.981363126243055606e-01
-4.941176470588234948e-01 -3.252784068017634811e-02 -3.175729158690209636e-02 -3.249984446700522611e-02 -1.982293345398091489e-01
-4.991596638655461660e-01 -3.252500276967243420e-02 -3.172883064316430607e-02 -3.249494806160217741e-02 -1.983247976972442317e-01
-5.042016806722688926e-01 -3.252218711278750951e-02 -3.169926020195353716e-02 -3.248976729152382170e-02 -1.984211163590528515e-01
-5.092436974789915638e-01 -3.251919612798281206e-02 -3.166919190528723338e-02 -3.248438897271288539e-02 -1.985214331894478990e-01
-5.142857142857142350e-01 -3.251596205719350235e-02 -3.163838641379530109e-02 -3.247881407811546023e-02 -1.986241354564870498e-01
-5.193277310924369061e-01 -3.251235157141367516e-02 -3.160682911586740890e-02 -3.247324201149676820e-02 -1.987291831888802485e-01
-5.243697478991595773e-01 -3.250865991716705289e-02 -3.157454201196157467e-02 -3.246716654895914766e-02 -1.988366878878566613e-01
-5.294117647058822484e-01 -3.250472021089879232e-02 -3.154060364701383179e-02 -3.246191490246864986e-02 -1.989486709388599839e-01
-5.344537815126050306e-01 -3.250085603092747744e-02 -3.150604323168688936e-02 -3.245595984550541518e-02 -1.990610586551197769e-01
-5.394957983193277018e-01 -3.249671053332923998e-02 -3.147063541669864462e-02 -3.244988679540919407e-02 -1.991758058559643108e-01
-5.445378151260503730e-01 -3.250082434986859004e-02 -3.145730655511128765e-02 -3.245231363064914748e-02 -1.993659489630178472e-01
-5.495798319327730441e-01 -3.249582301633890252e-02 -3.142047801352000624e-02 -3.244690590024951193e-02 -1.994835420940489212e-01
-5.546218487394957153e-01 -3.249075093707989859e-02 -3.138299348705545638e-02 -3.244099063885595713e-02 -1.996057315831776258e-01
-5.596638655462183864e-01 -3.248580834244833154e-02 -3.134433363743967249e-02 -3.243474152588118886e-02 -1.997296156009719104e-01
-5.647058823529411686e-01 -3.247004548127187251e-02 -3.127897606019604260e-02 -3.241832218384649300e-02 -1.997826673562229094e-01
-5.697478991596638398e-01 -3.246505278636535596e-02 -3.123790302248528189e-02 -3.241179579157300178e-02 -1.999117423357373857e-01
-5.747899159663865110e-01 -3.246002230978977526e-02 -3.119566877169293456e-02 -3.240540318765215699e-02 -2.000429800288920090e-01
-5.798319327731091821e-01 -3.245558679417170911e-02 -3.115179636131801960e-02 -3.239950125914786011e-02 -2.001767360872941381e-01
-5.848739495798318533e-01 -3.245189281848355478e-02 -3.110638947893980613e-02 -3.239355339284302748e-02 -2.003121728246460842e-01
-5.899159663865545244e-01 -3.244800263000230389e-02 -3.106019769943552458e-02 -3.238740361132763645e-02 -2.004490236934833858e-01
-5.949579831932771956e-01 -3.244409199342013911e-02 -3.101312743675822478e-02 -3.238080159432400740e-02 -2.005887231248835723e-01
-5.999999999999999778e-01 -3.243996617444337704e-02 -3.096591622985740699e-02 -3.237323633994813182e-02 -2.007299230612200613e-01
