0.000000000000000000e+00 -1.267862441389110834e-02 -1.491483473616432576e-02 -1.071392693523207096e-01 -2.694654570047522735e-01
-5.042016806722688510e-03 -1.386768122472278181e-02 -1.572714153758126773e-02 -1.055662701436165529e-01 -2.703221872854258412e-01
-1.008403361344537702e-02 -1.495142000585532663e-02 -1.643637416088168657e-02 -1.040710973586995436e-01 -2.709177923807795096e-01
-1.512605042016806553e-02 -1.589454976843102801e-02 -1.702193075373411441e-02 -1.027333069190041331e-01 -2.712996031984594159e-01
-2.016806722689075404e-02 -1.665444911491043706e-02 -1.747060845299174686e-02 -1.016344546507172153e-01 -2.715190871401060302e-01
-2.521008403361344255e-02 -1.725191409260186381e-02 -1.780331079718620174e-02 -1.007642900644890732e-01 -2.716391466389863063e-01
-3.025210084033613106e-02 -1.769757335971929024e-02 -1.803637820093659944e-02 -1.001162181848603561e-01 -2.717005362272522651e-01
-3.529411764705882304e-02 -1.802879654520502667e-02 -1.819639965715959609e-02 -9.964022449047628405e-02 -2.717311503743786161e-01
-4.033613445378150808e-02 -1.826897256500767744e-02 -1.830206853743571865e-02 -9.930217779762617880e-02 -2.717468987413232950e-01
-4.537815126050419312e-02 -1.844494839066968331e-02 -1.837115186751176604e-02 -9.906136629190175069e-02 -2.717555957174981884e-01
-5.042016806722688510e-02 -1.856830647847721935e-02 -1.841114916912622163e-02 -9.890057919513049745e-02 -2.717609893884540551e-01
-5.546218487394957708e-02 -1.865615696856936026e-02 -1.843308599166921385e-02 -9.879267518771894796e-02 -2.717650759853003639e-01
-6.050420168067226212e-02 -1.872091660968468532e-02 -1.844411859248351951e-02 -9.871848969851233779e-02 -2.717686821842881240e-01
-6.554621848739494716e-02 -1.876890666773145533e-02 -1.844829881437559660e-02 -9.866803275087764058e-02 -2.717725851068114040e-01
-7.058823529411764608e-02 -1.880434798733037968e-02 -1.844783325216188888e-02 -9.863456181233812292e-02 -2.717761611374449604e-01
-7.563025210084033112e-02 -1.882946136133804849e-02 -1.844350291236293571e-02 -9.861531791204053432e-02 -2.717799032382191560e-01
-8.067226890756301616e-02 -1.884681670520874444e-02 -1.843830173836020353e-02 -9.860477565217609652e-02 -2.717839053479766953e-01
-8.571428571428570120e-02 -1.886479672808007504e-02 -1.843277654887527303e-02 -9.859370205157437506e-02 -2.717875462270866738e-01
-9.075630252100838624e-02 -1.888093638009830100e-02 -1.842680927777301525e-02 -9.858498212916579073e-02 -2.717914360644501648e-01
-9.579831932773108516e-02 -1.889479819213110701e-02 -1.842074772170773644e-02 -9.857825074053715164e-02 -2.717946845353246821e-01
-1.008403361344537702e-01 -1.890653063350326846e-02 -1.841492336098684429e-02 -9.857329538180528705e-02 -2.717978304591083250e-01
-1.058823529411764552e-01 -1.891521230592185798e-02 -1.840888929251575240e-02 -9.857158590859312064e-02 -2.718010998276638168e-01
-1.109243697478991542e-01 -1.892176495948413861e-02 -1.840299437399504218e-02 -9.857183944522578123e-02 -2.718044818144853547e-01
-1.159663865546218392e-01 -1.892657254558055210e-02 -1.839733982078942467e-02 -9.857357313831492662e-02 -2.718079963362390883e-01
-1.210084033613445242e-01 -1.893119942252852878e-02 -1.839231530772363760e-02 -9.857479874101836292e-02 -2.718115947741422955e-01
-1.260504201680672232e-01 -1.893401002066127589e-02 -1.838707507686754283e-02 -9.857804586194211793e-02 -2.718153885825732030e-01
-1.310924369747898943e-01 -1.893549209653145465e-02 -1.838186698514561804e-02 -9.858256228551033618e-02 -2.718193555865733857e-01
-1.361344537815125932e-01 -1.893683293695479566e-02 -1.837725882059941876e-02 -9.858656759145940918e-02 -2.718234716435807830e-01
-1.411764705882352922e-01 -1.893772625987941161e-02 -1.837203404113625649e-02 -9.859156936430003848e-02 -2.718277128144613863e-01
-1.462184873949579633e-01 -1.893850389647104560e-02 -1.836728614716056848e-02 -9.859614468769394013e-02 -2.718321210998886350e-01
-1.512605042016806622e-01 -1.893939842126456108e-02 -1.836305021160306375e-02 -9.860000569498325595e-02 -2.718366658155946247e-01
-1.563025210084033334e-01 -1.893984269459596248e-02 -1.835894415807091951e-02 -9.860411940291094468e-02 -2.718414274636734018e-01
-1.613445378151260323e-01 -1.894002274070735042e-02 -1.835498206350989758e-02 -9.860827645635586447e-02 -2.718464190847514339e-01
-1.663865546218487312e-01 -1.894009545586856219e-02 -1.835116668068923970e-02 -9.861230695319112005e-02 -2.718516536002690276e-01
-1.714285714285714024e-01 -1.894039345368344479e-02 -1.834764095609765083e-02 -9.861571468401544860e-02 -2.718571186113270532e-01
-1.764705882352941013e-01 -1.894068504001848036e-02 -1.834418003909119715e-02 -9.861895720488754458e-02 -2.718628598254664297e-01
-1.815126050420167725e-01 -1.894105402640751737e-02 -1.834076552115839615e-02 -9.862195886274946477e-02 -2.718688972288544337e-01
-1.865546218487394714e-01 -1.894152127954513987e-02 -1.833735694975525965e-02 -9.862472366792811307e-02 -2.718752478441324172e-01
-1.915966386554621703e-01 -1.894222309240223626e-02 -1.833389047215912282e-02 -9.862716509033392365e-02 -2.718819238229436830e-01
-1.966386554621848415e-01 -1.894309485470298260e-02 -1.833064618068190599e-02 -9.862905406981285761e-02 -2.718889881892829763e-01
-2.016806722689075404e-01 -1.894411261627262921e-02 -1.832721628354713056e-02 -9.863081207553819896e-02 -2.718964462727128106e-01
-2.067226890756302393e-01 -1.894529237897734503e-02 -1.832357621104956091e-02 -9.863243310923336393e-02 -2.719043301212116792e-01
-2.117647058823529105e-01 -1.894664311297410142e-02 -1.831969516901235315e-02 -9.863392350913852136e-02 -2.719126740382877272e-01
-2.168067226890756094e-01 -1.894816764661736916e-02 -1.831553659817700824e-02 -9.863530067582761129e-02 -2.719215147460209425e-01
-2.218487394957983083e-01 -1.894986700717968958e-02 -1.831107214551241230e-02 -9.863657739033201977e-02 -2.719308845990802692e-01
-2.268907563025209795e-01 -1.895171909464995336e-02 -1.830621087783154688e-02 -9.863783263413367086e-02 -2.719408001961884924e-01
-2.319327731092436784e-01 -1.895374675176451917e-02 -1.830099250565884322e-02 -9.863901582262586676e-02 -2.719513744314698278e-01
-2.369747899159663496e-01 -1.895594464244250779e-02 -1.829533333501658782e-02 -9.864017929793486572e-02 -2.719626111066581475e-01
-2.420168067226890485e-01 -1.895829481764348470e-02 -1.828919833209571161e-02 -9.864136319073722736e-02 -2.719745893943031345e-01
-2.470588235294117474e-01 -1.896075367200735634e-02 -1.828250872411255057e-02 -9.864264007690178027e-02 -2.719872824512735709e-01
-2.521008403361344463e-01 -1.896330216018162970e-02 -1.827529239136982050e-02 -9.864399421030833892e-02 -2.720007831625175787e-01
-2.571428571428571175e-01 -1.896766868147210794e-02 -1.826771791708961534e-02 -9.864348642313428006e-02 -2.720150101375477525e-01
-2.621848739495797886e-01 -1.897509049179989596e-02 -1.826024595019707514e-02 -9.863897916428132628e-02 -2.720293091458154677e-01
-2.672268907563025153e-01 -1.898124567599869181e-02 -1.825192659953629379e-02 -9.863611707892146196e-02 -2.720447444116398383e-01
-2.722689075630251865e-01 -1.898716188710183883e-02 -1.824210086706821998e-02 -9.863493710601081710e-02 -2.720616580510778482e-01
-2.773109243697478576e-01 -1.899276801534025005e-02 -1.823110084117213550e-02 -9.863467395350256073e-02 -2.720794148980090199e-01
-2.823529411764705843e-01 -1.899864346781551805e-02 -1.821958109999593026e-02 -9.863437742322778146e-02 -2.720981389032410824e-01
-2.873949579831932555e-01 -1.900265359470602183e-02 -1.820403509773686757e-02 -9.863930871080536789e-02 -2.721186582326308723e-01
-2.924369747899159266e-01 -1.900654514605868914e-02 -1.818800491382747270e-02 -9.864418502394761701e-02 -2.721403136866612504e-01
-2.974789915966385978e-01 -1.901095954174304714e-02 -1.817110093238097357e-02 -9.864890323227658298e-02 -2.721629982890472754e-01
-3.025210084033613245e-01 -1.901491821288230077e-02 -1.815344489251592003e-02 -9.865422149134492336e-02 -2.721869671771632859e-01
-3.075630252100839956e-01 -1.901785874774288704e-02 -1.813653240414450293e-02 -9.865896930028671130e-02 -2.722126091322293329e-01
-3.126050420168066668e-01 -1.902313417160626102e-02 -1.811960953734951738e-02 -9.866081682616882620e-02 -2.722394341071755486e-01
-3.176470588235293935e-01 -1.902882215940616614e-02 -1.810189231696037598e-02 -9.866243966205429095e-02 -2.722678539544681198e-01
-3.226890756302520646e-01 -1.903403989043265382e-02 -1.808322432829860202e-02 -9.866455314434816048e-02 -2.722977472387595466e-01
-3.277310924369747358e-01 -1.903789660548929619e-02 -1.806259740593076785e-02 -9.866921448578637455e-02 -2.723293457354166724e-01
-3.327731092436974625e-01 -1.904332097435354823e-02 -1.804270226090666507e-02 -9.867089680716997768e-02 -2.723621750097223737e-01
-3.378151260504201336e-01 -1.904928836733660313e-02 -1.802086580281226161e-02 -9.867342604850237731e-02 -2.723964362496485991e-01
-3.428571428571428048e-01 -1.905468659629235006e-02 -1.799714967254058273e-02 -9.867802877569220588e-02 -2.724318996070716481e-01
-3.478991596638655315e-01 -1.905806399870246803e-02 -1.796977625093214639e-02 -9.868750814590246390e-02 -2.724694614683770277e-01
-3.529411764705882026e-01 -1.906265421874483307e-02 -1.794193833108304742e-02 -9.869527155621404813e-02 -2.725084543184005947e-01
-3.579831932773108738e-01 -1.906702986271984271e-02 -1.791417385509862584e-02 -9.870156126676095376e-02 -2.725496694160293165e-01
-3.630252100840335450e-01 -1.907280077825616177e-02 -1.788422705031825904e-02 -9.870889309956658308e-02 -2.725919348331457548e-01
-3.680672268907562716e-01 -1.907859950289118173e-02 -1.785336019934906371e-02 -9.871635150164892458e-02 -2.726358770827047029e-01
-3.731092436974789428e-01 -1.908297692583075383e-02 -1.782017231822170117e-02 -9.872666000348669091e-02 -2.726818215965546299e-01
-3.781512605042016140e-01 -1.908702121161155729e-02 -1.778568424665155634e-02 -9.873771043692228244e-02 -2.727297640757507247e-01
-3.831932773109243406e-01 -1.909176125120980172e-02 -1.774879620965953697e-02 -9.874975872458585657e-02 -2.727793203926810461e-01
-3.882352941176470118e-01 -1.910469757761183024e-02 -1.772691587649140657e-02 -9.873271787962649426e-02 -2.728312018672574002e-01
-3.932773109243696830e-01 -1.911596595070164800e-02 -1.769890128614663369e-02 -9.872372901625796338e-02 -2.728835582810404392e-01
-3.983193277310924096e-01 -1.912689649292355007e-02 -1.766798427089565429e-02 -9.871843192853736737e-02 -2.729379196127446061e-01
-4.033613445378150808e-01 -1.913722604318591342e-02 -1.763427704809067409e-02 -9.871662506882554478e-02 -2.729937018150155881e-01
-4.084033613445377520e-01 -1.914610586345740634e-02 -1.759774690532668259e-02 -9.871898658561115147e-02 -2.730511692946583913e-01
-4.134453781512604786e-01 -1.915342771206107741e-02 -1.755862724670737701e-02 -9.872528592346269116e-02 -2.731103929262614360e-01
-4.184873949579831498e-01 -1.916082954585339795e-02 -1.751855986123861814e-02 -9.873220014288180968e-02 -2.731711507695681607e-01
-4.235294117647058210e-01 -1.916654558550384690e-02 -1.747660237353304211e-02 -9.874218321380827390e-02 -2.732337813930834636e-01
-4.285714285714285476e-01 -1.917204123047508424e-02 -1.743398633797284270e-02 -9.875280056000393381e-02 -2.732980146725682569e-01
-4.336134453781512188e-01 -1.917668165611119066e-02 -1.739022060267904346e-02 -9.876496355165834129e-02 -2.733639852706481466e-01
-4.386554621848738900e-01 -1.916902225231786883e-02 -1.735132466305897014e-02 -9.882826724950689867e-02 -2.734622014110448252e-01
-4.436974789915966166e-01 -1.917186658718056380e-02 -1.730555306453237380e-02 -9.884397140916115210e-02 -2.735295868397730201e-01
-4.487394957983192878e-01 -1.917281308114542754e-02 -1.725805545963384618e-02 -9.886197355132177178e-02 -2.735988428298577468e-01
-4.537815126050419590e-01 -1.917420292189155398e-02 -1.721056747887706601e-02 -9.887936691504008169e-02 -2.736696563314136021e-01
-4.588235294117646301e-01 -1.917513371526386942e-02 -1.716264048792982833e-02 -9.889726147652545818e-02 -2.737421752035471556e-01
-4.638655462184873568e-01 -1.917553182140020046e-02 -1.711427281551196333e-02 -9.891560845135528857e-02 -2.738166994830189549e-01
-4.689075630252100280e-01 -1.917537474954866469e-02 -1.706542848378967206e-02 -9.893474049200479126e-02 -2.738925452507672276e-01
-4.739495798319326991e-01 -1.917422086354330854e-02 -1.701585641884530847e-02 -9.895507951349659381e-02 -2.739701429947722366e-01
-4.789915966386554258e-01 -1.917234093784342397e-02 -1.696590690104677127e-02 -9.897596148040214981e-02 -2.740494541541582674e-01
-4.840336134453780970e-01 -1.916827425136702345e-02 -1.691419530243485486e-02 -9.900050409927631245e-02 -2.741305327482504994e-01
-4.890756302521007681e-01 -1.916410236921005025e-02 -1.686258054713940177e-02 -9.902466855477999597e-02 -2.742133163499884119e-01
-4.941176470588234948e-01 -1.915914197141565384e-02 -1.681044683054255806e-02 -9.904995417779675904e-02 -2.742978317703360647e-01
-4.991596638655461660e-01 -1.915367640048086170e-02 -1.675820008947251361e-02 -9.907497303044042469e-02 -2.743839449955345344e-01
-5.042016806722688926e-01 -1.914711289196409025e-02 -1.670559586447676118e-02 -9.910082558750454851e-02 -2.744719408068392319e-01
-5.092436974789915638e-01 -1.913893158006233636e-02 -1.665264510033183029e-02 -9.912746997103309698e-02 -2.745620876867687632e-01
-5.142857142857142350e-01 -1.913102332502519126e-02 -1.659986562375550048e-02 -9.915416190358389281e-02 -2.746537208459528534e-01
-5.193277310924369061e-01 -1.912351961532260392e-02 -1.654682201742273262e-02 -9.918121265900940731e-02 -2.747460654407692382e-01
-5.243697478991595773e-01 -1.911997480040116687e-02 -1.649424889286665863e-02 -9.920192448948066122e-02 -2.748421783427303922e-01
-5.294117647058822484e-01 -1.912440236345876871e-02 -1.644303217293614089e-02 -9.921248516712891097e-02 -2.749374721859386694e-01
-5.344537815126050306e-01 -1.912231251562888923e-02 -1.638758641961460261e-02 -9.923350875004953442e-02 -2.750342172728780232e-01
-5.394957983193277018e-01 -1.911650964607220643e-02 -1.632990923355081767e-02 -9.926002429764244073e-02 -2.751325165142349261e-01
-5.445378151260503730e-01 -1.910804741913462584e-02 -1.627076906132022757e-02 -9.929043502709833380e-02 -2.752323849064517436e-01
-5.495798319327730441e-01 -1.909741344371399321e-02 -1.621018368589795949e-02 -9.932388568022007536e-02 -2.753338082036758672e-01
-5.546218487394957153e-01 -1.908509005696112926e-02 -1.614904586516759111e-02 -9.935891293649172507e-02 -2.754365420078115356e-01
-5.596638655462183864e-01 -1.907182439102390534e-02 -1.608766373976616704e-02 -9.939467869972529179e-02 -2.755415575870785450e-01
-5.647058823529411686e-01 -1.905794187609204104e-02 -1.602613248616588035e-02 -9.943116999931568556e-02 -2.756481055723723483e-01
-5.697478991596638398e-01 -1.904283343467322309e-02 -1.596387017662471292e-02 -9.946924971967292806e-02 -2.757562745030091023e-01
-5.747899159663865110e-01 -1.902653870808792766e-02 -1.590086214429462311e-02 -9.950874376817722688e-02 -2.758661085316331252e-01
-5.798319327731091821e-01 -1.900912011650885552e-02 -1.583720774217231217e-02 -9.954925597342692556e-02 -2.759777966451396614e-01
-5.848739495798318533e-01 -1.899135964154569090e-02 -1.577337769698423584e-02 -9.958996222813644439e-02 -2.760909922406550865e-01
-5.899159663865545244e-01 -1.897289917041737606e-02 -1.570906927480625673e-02 -9.963103527914420054e-02 -2.762060385531147633e-01
-5.949579831932771956e-01 -1.895399716477837171e-02 -1.564444969034826938e-02 -9.967238330712971384e-02 -2.763226499048630491e-01
-5.999999999999999778e-01 -1.893457033236353379e-02 -1.557939644060249255e-02 -9.971395363212462448e-02 -2.764410266819080086e-01
