0.000000000000000000e+00 -3.205626030099308077e-02 -2.919281157379821634e-02 -4.672639027959038516e-02 -2.159509243087633645e-01
-5.042016806722688510e-03 -3.103681653523441414e-02 -2.898331688251039664e-02 -4.809872313546479511e-02 -2.162377314371845549e-01
-1.008403361344537702e-02 -3.043866917586500465e-02 -2.880644528695153195e-02 -4.893028132409254355e-02 -2.163508955986615245e-01
-1.512605042016806553e-02 -3.007734713891894313e-02 -2.868435105320588790e-02 -4.943850062817479324e-02 -2.164006944343272731e-01
-2.016806722689075404e-02 -2.985269496301043435e-02 -2.860742986255889950e-02 -4.975298207204045114e-02 -2.164268447183988475e-01
-2.521008403361344255e-02 -2.970979107039885964e-02 -2.856091645434786358e-02 -4.995024042141307796e-02 -2.164430331164909904e-01
-3.025210084033613106e-02 -2.961544646189235436e-02 -2.853226138831880393e-02 -5.007884850900832380e-02 -2.164549549573169807e-01
-3.529411764705882304e-02 -2.955070795363846925e-02 -2.851456192678657880e-02 -5.016579865624760243e-02 -2.164649057659747411e-01
-4.033613445378150808e-02 -2.950601795693396159e-02 -2.850750302369900457e-02 -5.022153328898300295e-02 -2.164740501503096826e-01
-4.537815126050419312e-02 -2.947578435706792177e-02 -2.850847907889218769e-02 -5.025458067820387509e-02 -2.164830716095399177e-01
-5.042016806722688510e-02 -2.945637550950584715e-02 -2.851548120276474474e-02 -5.027045611116989776e-02 -2.164917425083748015e-01
-5.546218487394957708e-02 -2.944170185072673973e-02 -2.852390018115650433e-02 -5.027965558296942222e-02 -2.164996754382312316e-01
-6.050420168067226212e-02 -2.943029646522520720e-02 -2.853299137716172607e-02 -5.028460301906713392e-02 -2.165073111304229303e-01
-6.554621848739494716e-02 -2.942147012254315436e-02 -2.854277399843764898e-02 -5.028605867167958154e-02 -2.165148477210306899e-01
-7.058823529411764608e-02 -2.941443609371566237e-02 -2.855276463440491533e-02 -5.028531169977149690e-02 -2.165223390884173371e-01
-7.563025210084033112e-02 -2.940866455926106210e-02 -2.856266266859344705e-02 -5.028319926590124611e-02 -2.165298140590088960e-01
-8.067226890756301616e-02 -2.940373756277605069e-02 -2.857228696983197397e-02 -5.028032405535838578e-02 -2.165372949165644823e-01
-8.571428571428570120e-02 -2.939938549450218930e-02 -2.858148354232611932e-02 -5.027711278142048962e-02 -2.165448024896184376e-01
-9.075630252100838624e-02 -2.939567440064152354e-02 -2.859012410840759688e-02 -5.027361892027965712e-02 -2.165523325697089330e-01
-9.579831932773108516e-02 -2.939253558766602090e-02 -2.859822794084358744e-02 -5.026987935051304562e-02 -2.165598742234122187e-01
-1.008403361344537702e-01 -2.938962910179930207e-02 -2.860593012767144450e-02 -5.026611646394840704e-02 -2.165674808680476959e-01
-1.058823529411764552e-01 -2.938702164904787376e-02 -2.861316169269468440e-02 -5.026233316323772821e-02 -2.165751686266396414e-01
-1.109243697478991542e-01 -2.938447596942899212e-02 -2.861990342068205032e-02 -5.025879933373903624e-02 -2.165829824292326844e-01
-1.159663865546218392e-01 -2.938209234056939415e-02 -2.862634079156808897e-02 -5.025523464471240431e-02 -2.165909533765552897e-01
-1.210084033613445242e-01 -2.937949358541783185e-02 -2.863084701815526989e-02 -5.025359922525573370e-02 -2.165989863717605601e-01
-1.260504201680672232e-01 -2.937741526187714544e-02 -2.863558954578530533e-02 -5.025102110440100162e-02 -2.166071947822819366e-01
-1.310924369747898943e-01 -2.937452371157395561e-02 -2.864079383980084118e-02 -5.024877793374969009e-02 -2.166160094311352646e-01
-1.361344537815125932e-01 -2.937177971441404245e-02 -2.864410263760718348e-02 -5.024806859286722049e-02 -2.166249541654787780e-01
-1.411764705882352922e-01 -2.936921940677812010e-02 -2.864604964465368789e-02 -5.024832971567535361e-02 -2.166340611429039553e-01
-1.462184873949579633e-01 -2.936686114743879139e-02 -2.864731531318381180e-02 -5.024886492247788300e-02 -2.166433637823835801e-01
-1.512605042016806622e-01 -2.936505765540163571e-02 -2.864796993594245778e-02 -5.024924775438872893e-02 -2.166528799201911659e-01
-1.563025210084033334e-01 -2.936356680209491199e-02 -2.864791166379527035e-02 -5.024982212223078060e-02 -2.166626268769802632e-01
-1.613445378151260323e-01 -2.936256247745911568e-02 -2.864776852622243769e-02 -5.024977962982676155e-02 -2.166726361517721244e-01
-1.663865546218487312e-01 -2.936217990138691170e-02 -2.864765203568349350e-02 -5.024955899583266605e-02 -2.166842589463117974e-01
-1.714285714285714024e-01 -2.936172472437080516e-02 -2.864702242765304260e-02 -5.024898155633145125e-02 -2.166947888813363365e-01
-1.764705882352941013e-01 -2.936291801632553988e-02 -2.865497613381081873e-02 -5.023795267199138853e-02 -2.167063378545384389e-01
-1.815126050420167725e-01 -2.936411715863630062e-02 -2.865954992400866069e-02 -5.023004480430186269e-02 -2.167181482298255191e-01
-1.865546218487394714e-01 -2.936554760084882088e-02 -2.866161956736907115e-02 -5.022416115971761047e-02 -2.167302455143308160e-01
-1.915966386554621703e-01 -2.936704514874218658e-02 -2.866153586089043373e-02 -5.022014576276193076e-02 -2.167426965216046608e-01
-1.966386554621848415e-01 -2.936850326134719108e-02 -2.865950965225578725e-02 -5.021788588183893898e-02 -2.167554981799918179e-01
-2.016806722689075404e-01 -2.937028646497726742e-02 -2.865653527720197005e-02 -5.021600068064113742e-02 -2.167686474259896690e-01
-2.067226890756302393e-01 -2.937232288008037942e-02 -2.865272324760428230e-02 -5.021444535626692213e-02 -2.167821653334778276e-01
-2.117647058823529105e-01 -2.937466770238465058e-02 -2.864817356907848819e-02 -5.021305895707327271e-02 -2.167960693936137329e-01
-2.168067226890756094e-01 -2.937887989079878553e-02 -2.864034649101523944e-02 -5.021283003700721670e-02 -2.168100384853531293e-01
-2.218487394957983083e-01 -2.938242100043540750e-02 -2.863273423087855235e-02 -5.021278068870765193e-02 -2.168244311368497101e-01
-2.268907563025209795e-01 -2.938670419347021168e-02 -2.862687068088073244e-02 -5.020989902620207751e-02 -2.168392720467937074e-01
-2.319327731092436784e-01 -2.939147846201918199e-02 -2.862085921074829231e-02 -5.020667520905633396e-02 -2.168551608871317482e-01
-2.369747899159663496e-01 -2.939654503359834248e-02 -2.861448397500048271e-02 -5.020293985661922892e-02 -2.168709335088868095e-01
-2.420168067226890485e-01 -2.940039030041910126e-02 -2.861121743107779627e-02 -5.019658507438837930e-02 -2.168869104601022502e-01
-2.470588235294117474e-01 -2.940458087681880467e-02 -2.860616989132210020e-02 -5.019152763751284080e-02 -2.169037728111105900e-01
-2.521008403361344463e-01 -2.940726465164562528e-02 -2.860110345638890855e-02 -5.018751611662548850e-02 -2.169210933101602956e-01
-2.571428571428571175e-01 -2.940949926655906169e-02 -2.859474413120361574e-02 -5.018493759209296384e-02 -2.169389139696309698e-01
-2.621848739495797886e-01 -2.941232042965508109e-02 -2.858814695911159748e-02 -5.018157279967173229e-02 -2.169573398314956769e-01
-2.672268907563025153e-01 -2.941550029347099471e-02 -2.858215280918751516e-02 -5.017666696466045045e-02 -2.169763549873126585e-01
-2.722689075630251865e-01 -2.941875751638747122e-02 -2.857614799473670239e-02 -5.017116794173681615e-02 -2.169959826452299290e-01
-2.773109243697478576e-01 -2.942231860658900411e-02 -2.856988590973830178e-02 -5.016504367832454181e-02 -2.170162624595407264e-01
-2.823529411764705843e-01 -2.942621827486939859e-02 -2.856371501135133995e-02 -5.015812236341789243e-02 -2.170374004232552001e-01
-2.873949579831932555e-01 -2.948876009690552455e-02 -2.863190505881037934e-02 -5.006627271678008861e-02 -2.171767425793670325e-01
-2.924369747899159266e-01 -2.949258765612392322e-02 -2.862701226987454314e-02 -5.005725310680111950e-02 -2.172005205530695982e-01
-2.974789915966385978e-01 -2.949651900580614952e-02 -2.862044438330896279e-02 -5.004936385320507553e-02 -2.172249332434324776e-01
-3.025210084033613245e-01 -2.950050903290804896e-02 -2.861212026339095965e-02 -5.004282434279988534e-02 -2.172500544859354843e-01
-3.075630252100839956e-01 -2.950479651909355266e-02 -2.860250014725540524e-02 -5.003668788328143047e-02 -2.172760747513134139e-01
-3.126050420168066668e-01 -2.950912195075557076e-02 -2.859169946011040631e-02 -5.003111985273722001e-02 -2.173028155027262320e-01
-3.176470588235293935e-01 -2.951173258401897787e-02 -2.857891542227674470e-02 -5.002856104708983814e-02 -2.173303960108961541e-01
-3.226890756302520646e-01 -2.951464408355672364e-02 -2.856286917207415815e-02 -5.002863726369158326e-02 -2.173590613750467915e-01
-3.277310924369747358e-01 -2.951758603869808137e-02 -2.854299492054570078e-02 -5.003262872912114106e-02 -2.173883396756766395e-01
-3.327731092436974625e-01 -2.952010676626686675e-02 -2.851870082387082325e-02 -5.004135861367985799e-02 -2.174183103802646566e-01
-3.378151260504201336e-01 -2.952259276294835755e-02 -2.849388651660175048e-02 -5.005070341353483332e-02 -2.174495616075695914e-01
-3.428571428571428048e-01 -2.952227417284799399e-02 -2.846883080145501399e-02 -5.006109214187221684e-02 -2.174813662500269529e-01
-3.478991596638655315e-01 -2.951879515343310001e-02 -2.844198494902619792e-02 -5.007600328974656789e-02 -2.175144700519736629e-01
-3.529411764705882026e-01 -2.951445723753266803e-02 -2.841032308032952897e-02 -5.009628869887864516e-02 -2.175482013866671394e-01
-3.579831932773108738e-01 -2.950953005268119531e-02 -2.836847925212124602e-02 -5.012757876217469044e-02 -2.175816865051548588e-01
-3.630252100840335450e-01 -2.950486994632988552e-02 -2.832961073142721553e-02 -5.015598861074867243e-02 -2.176159597176679505e-01
-3.680672268907562716e-01 -2.950239628068679690e-02 -2.829704694063851778e-02 -5.017504677991744405e-02 -2.176511140794856192e-01
-3.731092436974789428e-01 -2.950415342228296378e-02 -2.827257405829778844e-02 -5.018138834147904681e-02 -2.176899439600627484e-01
-3.781512605042016140e-01 -2.950779457954025298e-02 -2.825269836984848140e-02 -5.017892053598396740e-02 -2.177277301012369437e-01
-3.831932773109243406e-01 -2.950942953929260038e-02 -2.823358485561045308e-02 -5.017326700665494105e-02 -2.177622667876618623e-01
-3.882352941176470118e-01 -2.952712191527409255e-02 -2.826912561305703481e-02 -5.009471329956897284e-02 -2.178089397795356374e-01
-3.932773109243696830e-01 -2.953566730225355361e-02 -2.827695071841381316e-02 -5.005446691375257245e-02 -2.178548352191316817e-01
-3.983193277310924096e-01 -2.953886773399760565e-02 -2.826908419962528840e-02 -5.003631438569084572e-02 -2.179013926214470320e-01
-4.033613445378150808e-01 -2.954077339495089424e-02 -2.825537197264260669e-02 -5.002534957050708969e-02 -2.179491198646681394e-01
-4.084033613445377520e-01 -2.954194723523371341e-02 -2.823781572422640052e-02 -5.001865463706016424e-02 -2.179996548214177821e-01
-4.134453781512604786e-01 -2.954935464408726953e-02 -2.822831315674314070e-02 -4.999480234908369736e-02 -2.180498329139742286e-01
-4.184873949579831498e-01 -2.954681574841721420e-02 -2.820016225898624301e-02 -5.000256950764605385e-02 -2.181014466261373685e-01
-4.235294117647058210e-01 -2.954540871094102350e-02 -2.816970475536324445e-02 -5.001101296670017876e-02 -2.181532205241952793e-01
-4.285714285714285476e-01 -2.954462912119422760e-02 -2.813944610938759472e-02 -5.001821414307679875e-02 -2.182071706434335900e-01
-4.336134453781512188e-01 -2.954291872170326100e-02 -2.810926481890166362e-02 -5.002550674338225589e-02 -2.182625149208219928e-01
-4.386554621848738900e-01 -2.954163562246936436e-02 -2.807895609355607475e-02 -5.003175658535276987e-02 -2.183192059058476353e-01
-4.436974789915966166e-01 -2.954093072238819090e-02 -2.804858247744998478e-02 -5.003679503486355845e-02 -2.183771431937338858e-01
-4.487394957983192878e-01 -2.954040071904566120e-02 -2.801810258721478680e-02 -5.004102898181831544e-02 -2.184366456941149726e-01
-4.537815126050419590e-01 -2.954071104895616626e-02 -2.798827619182281054e-02 -5.004254810830691125e-02 -2.184974491911697014e-01
-4.588235294117646301e-01 -2.958283101679001770e-02 -2.800848995092545049e-02 -5.000206613057296690e-02 -2.186633869532815244e-01
-4.638655462184873568e-01 -2.958149632623886804e-02 -2.797580634102663291e-02 -5.000673432725707274e-02 -2.187290479026853252e-01
-4.689075630252100280e-01 -2.957995595423103252e-02 -2.794217373171803409e-02 -5.001171772131442900e-02 -2.187963520114929450e-01
-4.739495798319326991e-01 -2.957799226334821563e-02 -2.790751420084705212e-02 -5.001729072120075087e-02 -2.188653784557381410e-01
-4.789915966386554258e-01 -2.957690997367282831e-02 -2.787217540592312748e-02 -5.002168125882017202e-02 -2.189360191295892100e-01
-4.840336134453780970e-01 -2.957641718612792625e-02 -2.783766043634944287e-02 -5.002314977063916646e-02 -2.190081412351179702e-01
-4.890756302521007681e-01 -2.957524746946421645e-02 -2.780269468126642454e-02 -5.002376020669346834e-02 -2.190812485313921032e-01
-4.941176470588234948e-01 -2.957590697972569196e-02 -2.776789540119875901e-02 -5.002189347790336055e-02 -2.191567569483039712e-01
-4.991596638655461660e-01 -2.957341957306380137e-02 -2.772597913242925635e-02 -5.003285766699010206e-02 -2.192340575353912135e-01
-5.042016806722688926e-01 -2.957095668785469922e-02 -2.768416191848542540e-02 -5.004238164792047805e-02 -2.193129687841596231e-01
-5.092436974789915638e-01 -2.956864571507955564e-02 -2.764214961561868578e-02 -5.005075012494644704e-02 -2.193935576689766964e-01
-5.142857142857142350e-01 -2.952509301104802586e-02 -2.754824234984724202e-02 -5.009478945825315138e-02 -2.193529465211679352e-01
-5.193277310924369061e-01 -2.952132145769505167e-02 -2.750422116152372379e-02 -5.010440732333871355e-02 -2.194347628809535378e-01
-5.243697478991595773e-01 -2.951632904865909152e-02 -2.745899153857484648e-02 -5.011539321912228395e-02 -2.195181186793064565e-01
-5.294117647058822484e-01 -2.951027089396662806e-02 -2.741323912533362786e-02 -5.012634128621244051e-02 -2.196031696628729657e-01
-5.344537815126050306e-01 -2.950474233207569380e-02 -2.736857659061438242e-02 -5.013383787777795503e-02 -2.196921418311231222e-01
-5.394957983193277018e-01 -2.949918046727078788e-02 -2.732130518576297157e-02 -5.014445645175547722e-02 -2.197808705548197350e-01
-5.445378151260503730e-01 -2.949359550658533710e-02 -2.727351221201257392e-02 -5.015432846501523267e-02 -2.198708408349855925e-01
-5.495798319327730441e-01 -2.948780855668761344e-02 -2.722475499464897114e-02 -5.016447944889313587e-02 -2.199630341065174355e-01
-5.546218487394957153e-01 -2.948188212500002861e-02 -2.717512639607750149e-02 -5.017464923865606191e-02 -2.200572105576311388e-01
-5.596638655462183864e-01 -2.947644654891469485e-02 -2.712564292883105216e-02 -5.018274762715957404e-02 -2.201529028220869377e-01
-5.647058823529411686e-01 -2.946956596436632603e-02 -2.707412032469753288e-02 -5.019344473943518348e-02 -2.202512317952579901e-01
-5.697478991596638398e-01 -2.946409383651111408e-02 -2.702422205154313140e-02 -5.020235526657849945e-02 -2.203539163359803932e-01
-5.747899159663865110e-01 -2.945737029238345434e-02 -2.697156806649365218e-02 -5.021203987590516088e-02 -2.204548090725185205e-01
-5.798319327731091821e-01 -2.945027561721897530e-02 -2.691802019657935433e-02 -5.022211124796892301e-02 -2.205574177011985215e-01
-5.848739495798318533e-01 -2.944273837655205298e-02 -2.686350306926601345e-02 -5.023248900782585624e-02 -2.206617960682979440e-01
-5.899159663865545244e-01 -2.943482388715977852e-02 -2.680810740743621093e-02 -5.024314425866761163e-02 -2.207679022689361947e-01
-5.949579831932771956e-01 -2.942672591537246959e-02 -2.675179759047254316e-02 -5.025400903295311472e-02 -2.208757386347693086e-01
-5.999999999999999778e-01 -2.941433603154047782e-02 -2.669327914075504682e-02 -5.026636399366425645e-02 -2.209890249586759503e-01
