0.000000000000000000e+00 -4.575909999259431423e-15 7.534435099564030409e-16 -5.856426454897700751e-15 4.584973382873192557e-15 8.182101223786135497e-16 5.329070518200751394e-15 -4.551338917610614978e-15 7.325273674768457234e-16 -5.551115123125782702e-15 4.561957481918903501e-15 8.251235861735444197e-16 -7.350475015778977997e-19 5.828670879282071837e-15
-5.042016806722688510e-03 -4.164129902073288763e-05 7.331560751055086640e-06 -5.954615036893318170e-05 4.160067150375667416e-05 7.619462570825500545e-06 6.010564489244973885e-05 -4.137196682329237214e-05 7.415880616905494739e-06 -6.000242487311235884e-05 4.118811483378088424e-05 7.672834635373064653e-06 -1.017120265555391543e-09 6.043661344934392332e-05
-1.008403361344537702e-02 -1.185712840474036268e-04 2.195020894249980191e-05 -1.808683739921435052e-04 1.182706727735131734e-04 2.178371721012903263e-05 1.824748092122963072e-04 -1.177987588745801862e-04 2.217545439177407541e-05 -1.821631896483100199e-04 1.170565175493527247e-04 2.198990863687859057e-05 -8.580844074988983992e-09 1.834325028410299652e-04
-1.512605042016806553e-02 -2.275143481135265342e-04 4.348046776953348605e-05 -3.605160339467672337e-04 2.266275255002420325e-04 4.145267660486230899e-05 3.635845833536710536e-04 -2.260290324214349626e-04 4.389556725434893387e-05 -3.629909117756346948e-04 2.242555801597485030e-04 4.190886955137857346e-05 -3.231983017107607117e-08 3.654312429099970672e-04
-2.016806722689075404e-02 -3.658803742057656718e-04 7.141434731932919870e-05 -5.934666600059812502e-04 3.640389535524240464e-04 6.584455419724841055e-05 5.983647777588196881e-04 -3.634902320113037825e-04 7.206384395287354638e-05 -5.974384184131431574e-04 3.601824825762752337e-04 6.663700091776912182e-05 -8.472603053456160967e-08 6.013346389456275531e-04
-2.521008403361344255e-02 -5.312784413960792377e-04 1.052934295077580641e-04 -8.746470844760434460e-04 5.280952429287779151e-04 9.427647185312595175e-05 8.817017593023002142e-04 -5.278059127266478481e-04 1.062176314905660456e-04 -8.804145086438175394e-04 5.224537066914135925e-04 9.548004231503292086e-05 -1.801442423720065532e-07 8.860072704764965223e-04
-3.025210084033613106e-02 -7.214132584487764448e-04 1.445806021771533036e-04 -1.199239098428256378e-03 7.165111321034186697e-04 1.262835915403005859e-04 1.208746353133727247e-03 -7.166731411434377856e-04 1.457980199579658786e-04 -1.207073816477083339e-03 7.087897604175559963e-04 1.279877884686013423e-04 -3.339393862645579105e-07 1.214586560787989100e-03
-3.529411764705882304e-02 -9.340250592585323287e-04 1.888345039249777839e-04 -1.562936236099404796e-03 9.270388234217435876e-04 1.615348340979397669e-04 1.575181976301465170e-03 -9.278865722318950602e-04 1.903916015003908235e-04 -1.573110064908539441e-03 9.170015480730782115e-04 1.637778179499748831e-04 -5.618710737362419535e-07 1.582716540730499943e-03
-4.033613445378150808e-02 -1.167043262597629609e-03 2.376162770116651895e-04 -1.961932790996157028e-03 1.157630295763268681e-03 1.997565464638166512e-04 1.977182657725562454e-03 -1.159373075464530892e-03 2.395423401002430574e-04 -1.974694904938040230e-03 1.145048576846013520e-03 2.025882351693122929e-04 -8.796741036153071752e-07 1.986559088922645877e-03
-4.537815126050419312e-02 -1.418631047476315689e-03 2.906012510196693838e-04 -2.392911863427826802e-03 1.406461819209265220e-03 2.406431962489834469e-04 2.411415363951230351e-03 -1.409308587361033250e-03 2.929228007565821751e-04 -2.408496059964765346e-03 1.391127745876459369e-03 2.441078097404076729e-04 -1.302786859724825915e-06 2.422764250254894058e-03
-5.042016806722688510e-02 -1.686984710101833984e-03 3.474499234959480074e-04 -2.852687527150288282e-03 1.671751422386387118e-03 2.839722900398244715e-04 2.874680218194369807e-03 -1.675902314601169715e-03 3.501909562934041710e-04 -2.871313161507849099e-03 1.653477431014005721e-03 2.881082349656468472e-04 -1.845900775169706371e-06 2.888115826975068412e-03
-5.546218487394957708e-02 -1.970351081590620505e-03 4.077869760085787955e-04 -3.338331252048770681e-03 1.951787517968695679e-03 3.297306840065136226e-04 3.364048097981187091e-03 -1.957414527817869909e-03 4.109690161658759991e-04 -3.360206424852602014e-03 1.930405166297611153e-03 3.345706453793549011e-04 -2.522882001920476477e-06 3.379668456549245192e-03
-6.050420168067226212e-02 -2.267470453111194995e-03 4.714379683342201062e-04 -3.847793440386770847e-03 2.245315580818508204e-03 3.776907168229940532e-04 3.877457433342890170e-03 -2.252594266364009966e-03 4.750809755559808989e-04 -3.873115257046894078e-03 2.220670786044596709e-03 3.832638790725814443e-04 -3.347370733688022789e-06 3.895350433207767082e-03
-6.554621848739494716e-02 -2.576988367005407076e-03 5.381693660339794023e-04 -4.378839914146642753e-03 2.551006802690692320e-03 4.277721196599480031e-04 4.412669946996294890e-03 -2.560096801402322094e-03 5.422915580059230189e-04 -4.407795629768673784e-03 2.522960346153546238e-03 4.341035429011034412e-04 -4.331862541934260763e-06 4.432912466689586939e-03
-7.058823529411764608e-02 -2.897759663599836291e-03 6.079226564274181708e-04 -4.929652762320213544e-03 2.867711950743159332e-03 4.797960218991088269e-04 4.967845352138011705e-03 -2.878632485945451305e-03 6.123944163122334305e-04 -4.962412605827248857e-03 2.836042613055676526e-03 4.869731541154421160e-04 -5.488203991902529700e-06 4.990543485830667425e-03
-7.563025210084033112e-02 -3.228659086721362773e-03 6.803082695412648699e-04 -5.498531409931672886e-03 3.194362104642755034e-03 5.337732372857785642e-04 5.541305437796462119e-03 -3.207376386754797956e-03 6.852790919342655485e-04 -5.535267421565959189e-03 3.159044976002353330e-03 5.417547081560437645e-04 -6.827362546617389116e-06 5.566481629749042703e-03
-8.067226890756301616e-02 -3.568693233572148987e-03 7.552749740025236063e-04 -6.083873206994189209e-03 3.529973592566249593e-03 5.896368411260539434e-04 6.131435534357354555e-03 -3.545202815253448853e-03 7.607600330166690164e-04 -6.124745130413916661e-03 3.490906780722806933e-03 5.984370840474997032e-04 -8.359551049196371211e-06 6.159139045634809406e-03
-8.571428571428570120e-02 -3.916919626202384694e-03 8.326731534197785375e-04 -6.684223900134900198e-03 3.873634522041347582e-03 6.474073411810792825e-04 6.736783636033860656e-03 -3.891176177085192093e-03 8.386867959109245690e-04 -6.729385254983566433e-03 3.830726245599966155e-03 6.570373847020588012e-04 -1.009426272023475639e-05 6.767055792696541339e-03
-9.075630252100838624e-02 -4.272551916216721715e-03 9.123889411034237940e-04 -7.298359824017330855e-03 4.224582639118274960e-03 7.070691105452258079e-04 7.356127593019679001e-03 -4.244515935229501401e-03 9.189452191147571593e-04 -7.347957355398671009e-03 4.177750228021476740e-03 7.175368129218474139e-04 -1.204054484240436251e-05 7.389001935320993475e-03
-9.579831932773108516e-02 -4.634928704376657660e-03 9.943992607032497641e-04 -7.925564384832106679e-03 4.582139692067208926e-03 7.683426983543663975e-04 7.988733911692968981e-03 -4.604565405172702380e-03 1.001512243919942596e-03 -7.979733216900486426e-03 4.531310419470776021e-03 7.796537928621946785e-04 -1.420657279929227356e-05 8.024238935906924386e-03
-1.008403361344537702e-01 -5.003321252574697078e-03 1.078573930967854227e-03 -8.564359140633387435e-03 4.945624272893933172e-03 8.312770374974126760e-04 8.633134903590078402e-03 -4.970599708242929606e-03 1.086258094180942661e-03 -8.623227023947688252e-03 4.890732196001637729e-03 8.434333472870016602e-04 -1.659978500695713104e-05 8.671288018989253832e-03
-1.058823529411764552e-01 -5.376868892313519874e-03 1.164780476142380323e-03 -9.213987690225300398e-03 5.314206652819902441e-03 8.960785535596521318e-04 9.288585613812239128e-03 -5.341766014827919670e-03 1.173048630351898602e-03 -9.277680427497769777e-03 5.255194599287214829e-03 9.090804567960576212e-04 -1.922679241352446479e-05 9.329401380650415021e-03
-1.109243697478991542e-01 -5.754992370630067008e-03 1.252919563252489696e-03 -9.873599225282359004e-03 5.687329490555273134e-03 9.627917894300095942e-04 9.954236711101516200e-03 -5.717489298009229351e-03 1.261784361940234680e-03 -9.942237765133810079e-03 5.624147239077724979e-03 9.766370408892791934e-04 -2.209402401106990530e-05 9.997725594474149435e-03
-1.159663865546218392e-01 -6.137853033277448911e-03 1.342966465648172056e-03 -1.054236021444665550e-02 6.065023421097708034e-03 1.031309667679216171e-03 1.062943807786487227e-02 -6.097343950577462958e-03 1.352488140115138456e-03 -1.061612215656354552e-02 5.997200312218095401e-03 1.046550545770341288e-03 -2.520962650075420406e-05 1.067535389659995948e-02
-1.210084033613445242e-01 -6.523955946750758204e-03 1.434937862201527466e-03 -1.121976555958395516e-02 6.446151564772735314e-03 1.101896191697599196e-03 1.131336648917757870e-02 -6.480982178342973785e-03 1.445073050429260871e-03 -1.129870514112932267e-02 6.374041925583057676e-03 1.118000479807744821e-03 -2.857807064970732647e-05 1.136194596800299550e-02
-1.260504201680672232e-01 -6.913268182059774565e-03 1.528715084595576356e-03 -1.190530170304929247e-02 6.830540318572910635e-03 1.174516208262428585e-03 1.200567150869996658e-02 -6.867822251197527178e-03 1.539475713318375722e-03 -1.198952801520131173e-02 6.754108939894891937e-03 1.191475238286121736e-03 -3.220557080619581517e-05 1.205690813454263211e-02
-1.310924369747898943e-01 -7.305354176289811756e-03 1.624280739118011668e-03 -1.259847113213877212e-02 7.217776039660376078e-03 1.249193709404681921e-03 1.270586510304189121e-02 -7.257431909259373475e-03 1.635678642086984495e-03 -1.268808925276640465e-02 7.136992582934782899e-03 1.266997132467018432e-03 -3.609736831753693453e-05 1.275974870464191557e-02
-1.361344537815125932e-01 -7.700157539517451556e-03 1.721647027376534394e-03 -1.329865573608235430e-02 7.607832720728704284e-03 1.325906337301359979e-03 1.341333802404248710e-02 -7.649756012293794198e-03 1.733695562866162040e-03 -1.339377088771759317e-02 7.522669777929365947e-03 1.344539471896580903e-03 -4.026034577560833852e-05 1.346985387025667613e-02
-1.411764705882352922e-01 -8.097126365296664074e-03 1.820804750578469688e-03 -1.400534665030364612e-02 8.000203427297167269e-03 1.404767411731741491e-03 1.412760220699493807e-02 -8.044247082059115608e-03 1.833517396310471205e-03 -1.410605676441653578e-02 7.910638531148450961e-03 1.424215148729550970e-03 -4.469879568970010707e-05 1.418672697442691089e-02
-1.462184873949579633e-01 -8.496080690284634612e-03 1.921755160517861841e-03 -1.471817271054148835e-02 8.394745245051387500e-03 1.485843825740019043e-03 1.484830949680437939e-02 -8.440728139926495510e-03 1.935146563664494421e-03 -1.482457621087143740e-02 8.300758768914239666e-03 1.506087344404327894e-03 -4.941931171821268659e-05 1.491001319316032081e-02
-1.512605042016806622e-01 -8.892589603745278820e-03 2.022780428180279491e-03 -1.543939144694739252e-02 8.787659573356799286e-03 1.572652846309404188e-03 1.557811845704337728e-02 -8.834864550208786083e-03 2.036883441381907335e-03 -1.555153294308705969e-02 8.689279438683304366e-03 1.593669631240111212e-03 -5.442735973363674470e-05 1.564216616041003149e-02
-1.563025210084033334e-01 -9.291845345550237695e-03 2.125596984108046351e-03 -1.616733790337543386e-02 9.183523530643122185e-03 1.661473462833962245e-03 1.631496187819714283e-02 -9.231759943324622381e-03 2.140437263774025434e-03 -1.628531289085569100e-02 9.080740109664149629e-03 1.683232300605189396e-03 -5.973933478230924083e-05 1.638130352829325620e-02
-1.613445378151260323e-01 -9.692952551786839649e-03 2.230113226802750773e-03 -1.690208111824473280e-02 9.581464931012702302e-03 1.752348769058308066e-03 1.705891255925190420e-02 -9.630527200411680144e-03 2.245717423666729676e-03 -1.702596958348304157e-02 9.474276582012098463e-03 1.774820459192164414e-03 -6.535717228427131292e-05 1.712748482082643298e-02
-1.663865546218487312e-01 -1.009504151015701116e-02 2.336075035235897056e-03 -1.763810448513963847e-02 9.981083042415937051e-03 1.847794372087704223e-03 1.780471389946280958e-02 -1.003030094620897469e-02 2.352459566232215516e-03 -1.776804249566388272e-02 9.869472535457932127e-03 1.870940304212232851e-03 -7.129093073471575587e-05 1.787544942569507800e-02
-1.714285714285714024e-01 -1.049084571165652749e-02 2.441531302671486221e-03 -1.837702929835555166e-02 1.037599963413677120e-02 1.953748434433866428e-03 1.855449575993628475e-02 -1.042394449934336276e-02 2.458717059080542128e-03 -1.851310058661195801e-02 1.026001637893076551e-02 1.977549708355628814e-03 -7.753073853524824089e-05 1.862715262726954979e-02
-1.764705882352941013e-01 -1.088303184968958046e-02 2.546718855690521810e-03 -1.911541786222925587e-02 1.076930862808822206e-02 2.073564917973770745e-03 1.930511333406653707e-02 -1.081411230941407495e-02 2.564725881210940493e-03 -1.925781485405003712e-02 1.064896569838307688e-02 2.097990113600030088e-03 -8.412549378023449959e-05 1.937949837052344026e-02
-1.815126050420167725e-01 -1.127952535392979377e-02 2.654452574579824545e-03 -1.986919680444299008e-02 1.116664219046759401e-02 2.192294418540986604e-03 2.007118209078262439e-02 -1.120863454932250619e-02 2.673349679110385325e-03 -2.001792661827675457e-02 1.104198773244992327e-02 2.217295795945568339e-03 -9.107900727720284740e-05 2.014720581878343131e-02
-1.865546218487394714e-01 -1.167862604508067281e-02 2.764742753388029200e-03 -2.063653722546957003e-02 1.156632613244411821e-02 2.309282452388468874e-03 2.085084648499335724e-02 -1.160581888614242371e-02 2.784598464169670690e-03 -2.079158055057706012e-02 1.143742106668577119e-02 2.334811781635390097e-03 -9.837413650388410051e-05 2.092841551164270619e-02
-1.915966386554621703e-01 -1.208913707308224145e-02 2.878702672259597726e-03 -2.140177229489470534e-02 1.197822338483193333e-02 2.426746514324558228e-03 2.162897782592571039e-02 -1.201439262698432951e-02 2.899618772567284959e-03 -2.156329693765957067e-02 1.184504279513295608e-02 2.452667257508799829e-03 -1.061201974408047338e-04 2.170797034482874199e-02
-1.966386554621848415e-01 -1.249544272681779415e-02 2.994165305969838028e-03 -2.217312792782080710e-02 1.238629818266036298e-02 2.546319609694138071e-03 2.241356799804428146e-02 -1.241886143875042814e-02 3.016183043780375998e-03 -2.234112827224588038e-02 1.224892149840378121e-02 2.572582267446272934e-03 -1.141763528248037962e-04 2.249387064489127841e-02
-2.016806722689075404e-01 -1.289700742697062578e-02 3.110767370496276846e-03 -2.294577284038504250e-02 1.279007192385852448e-02 2.667584996997638715e-03 2.319977096874170641e-02 -1.281869596624706995e-02 3.133931551647295075e-03 -2.312024110561697321e-02 1.264858948423620844e-02 2.694130189412023701e-03 -1.225179839638185382e-04 2.328127167610183346e-02
-2.067226890756302393e-01 -1.329938762499710894e-02 3.229860682838254018e-03 -2.372718630168982323e-02 1.319503345274645155e-02 2.790861590734892376e-03 2.399514911112654580e-02 -1.321941215936120635e-02 3.254228526904365260e-03 -2.390819386765935528e-02 1.304947714431634563e-02 2.817628929904917798e-03 -1.312395647006129663e-04 2.407776234584424468e-02
-2.117647058823529105e-01 -1.369960742192875489e-02 3.350843536944576526e-03 -2.451141049852365028e-02 1.359829656678224370e-02 2.915693577047071602e-03 2.479373357418557244e-02 -1.361803983150406891e-02 3.376456381872501404e-03 -2.469899530998140302e-02 1.344871452010306528e-02 2.942619691211689932e-03 -1.402885768089398274e-04 2.487735378835109756e-02
-2.168067226890756094e-01 -1.409851800437793290e-02 3.473366858228590925e-03 -2.529671428218163709e-02 1.400072028818718020e-02 3.040662924723679540e-03 2.559377990304223527e-02 -1.401542890196319675e-02 3.500273662605016788e-03 -2.549089631153059199e-02 1.384716553240441378e-02 3.067663374680355739e-03 -1.496660002246572745e-04 2.567823035885363758e-02
-2.218487394957983083e-01 -1.449263782005529716e-02 3.597986734661971081e-03 -2.608237406109495393e-02 1.439912735767539045e-02 3.168602491219394118e-03 2.639481746900562698e-02 -1.440805685034577885e-02 3.626171584182343206e-03 -2.628320183560040046e-02 1.424158482265117098e-02 3.195638934928206679e-03 -1.593535045324177878e-04 2.647993673506254808e-02
-2.268907563025209795e-01 -1.488502933454384156e-02 3.725604272974440342e-03 -2.686433263367496438e-02 1.479654075585110258e-02 3.299048093883531763e-03 2.719349757264677425e-02 -1.479822952451956622e-02 3.754538625070429850e-03 -2.707239502484617977e-02 1.463428642829761941e-02 3.326275406683264820e-03 -1.693654617095372635e-04 2.727867972180286760e-02
-2.319327731092436784e-01 -1.527890859378165656e-02 3.856737247641015172e-03 -2.764466888801536681e-02 1.519615870860032206e-02 3.430738462195685387e-03 2.799122587543156904e-02 -1.518998609823628623e-02 3.886663083778634908e-03 -2.786011564653781414e-02 1.502928228617950689e-02 3.458211300554746119e-03 -1.797555716741509185e-04 2.807640637892783175e-02
-2.369747899159663496e-01 -1.566346815422901828e-02 3.989737987426269367e-03 -2.842448100963762547e-02 1.558746889502578108e-02 3.565571279910852327e-03 2.878848210482859438e-02 -1.557312919832831190e-02 4.021011014155578302e-03 -2.864674728104371626e-02 1.541651601493895102e-02 3.593195106143465961e-03 -1.904082715936296767e-04 2.887391020049434598e-02
-2.420168067226890485e-01 -1.604062676541651022e-02 4.124110366976099958e-03 -2.920430027507467385e-02 1.597244890470822520e-02 3.703187228165035622e-03 2.958560435856538717e-02 -1.594985896738570011e-02 4.157603123126176088e-03 -2.943229180271858536e-02 1.579837877124816783e-02 3.732006898605026712e-03 -2.013666078428013163e-04 2.967076146352226607e-02
-2.470588235294117474e-01 -1.641271931996151137e-02 4.262024612500668781e-03 -2.998086186946935516e-02 1.635365458823737767e-02 3.846842437533690325e-03 3.038122872517673434e-02 -1.632066125077433205e-02 4.296830726367131120e-03 -3.021561293154448324e-02 1.617553002074903490e-02 3.875708200598084862e-03 -2.126556084068117092e-04 3.046628812164453581e-02
-2.521008403361344463e-01 -1.678082117322395733e-02 4.402978763169680329e-03 -3.075937813478493710e-02 1.673219309469028970e-02 3.995644710962725776e-03 3.117977737950144990e-02 -1.668757533841776219e-02 4.439249611643165082e-03 -3.100093759429523033e-02 1.654999018669946892e-02 4.024615816258698270e-03 -2.243357971636363295e-04 3.126451425080267743e-02
-2.571428571428571175e-01 -1.734338540701972631e-02 5.086902582366999159e-03 -3.145988151322337556e-02 1.726457131811825335e-02 4.169657869202954628e-03 3.168648102830728952e-02 -1.735527604296745185e-02 4.990031753812152263e-03 -3.143762075204245554e-02 1.724908031072998338e-02 4.148367087679711608e-03 -2.321401535773027136e-04 3.171903237542095244e-02
-2.621848739495797886e-01 -1.770771495683649138e-02 5.242382758949068813e-03 -3.223271594127272155e-02 1.764173555101937463e-02 4.327323432286976287e-03 3.247477829164141516e-02 -1.771963957848034232e-02 5.142394398712151621e-03 -3.220924145652348525e-02 1.762589151913441024e-02 4.307110609429707498e-03 -2.442957210625809595e-04 3.250957394256093203e-02
-2.672268907563025153e-01 -1.806333932961912830e-02 5.405504708626497103e-03 -3.300387354676007079e-02 1.801239761744185749e-02 4.490393436850891040e-03 3.326381684808366046e-02 -1.807554269825603285e-02 5.302384098218980088e-03 -3.297955212325195951e-02 1.799625912990970855e-02 4.471193604335803665e-03 -2.567919019671024896e-04 3.330082156213842737e-02
-2.722689075630251865e-01 -1.841296982689412387e-02 5.572590036686007192e-03 -3.377585454764103767e-02 1.837859540277024528e-02 4.657277997498567718e-03 3.405492245412977681e-02 -1.842547013572318204e-02 5.466304879082455222e-03 -3.375080218092044171e-02 1.836212774758557570e-02 4.639120642203587233e-03 -2.696449579969547499e-04 3.409415120782832709e-02
-2.773109243697478576e-01 -1.875975629090653046e-02 5.743662465809699046e-03 -3.455260046229238768e-02 1.874363519025993088e-02 4.829241224476728614e-03 3.485219851420412462e-02 -1.877271933724967631e-02 5.634305355859699389e-03 -3.452702075536431825e-02 1.872695086514413604e-02 4.812359267467605783e-03 -2.829651848529081393e-04 3.489382467626667150e-02
-2.823529411764705843e-01 -1.910055339058392906e-02 5.918617994797296770e-03 -3.532629521280886142e-02 1.910443793526296966e-02 5.005444915151757712e-03 3.564746945009134027e-02 -1.911401712057833602e-02 5.806008209815995830e-03 -3.530001159781459563e-02 1.908754476082446735e-02 4.989852646395478292e-03 -2.966537337457668573e-04 3.569149313639108367e-02
-2.873949579831932555e-01 -1.943471793381788479e-02 6.097036043850490201e-03 -3.609613216590698559e-02 1.946009425753199296e-02 5.183600707067683062e-03 3.643990341105574071e-02 -1.944871616191581540e-02 5.981138756118464274e-03 -3.606911192750067441e-02 1.944302286653654122e-02 5.169402234974827814e-03 -3.106581324833759469e-04 3.648641626405590976e-02
-2.924369747899159266e-01 -1.975355807860889462e-02 6.278280378712410188e-03 -3.685902279586958374e-02 1.980170980327116553e-02 5.362335560714769078e-03 3.722650500549062880e-02 -1.976811367444674186e-02 6.159090070560148747e-03 -3.683125641697879149e-02 1.978448170508398385e-02 5.349607903599249391e-03 -3.247838694119579376e-04 3.727556938824272414e-02
-2.974789915966385978e-01 -2.006619937290062688e-02 6.464554762354121631e-03 -3.762298499413019304e-02 2.013802290740802914e-02 5.540717009782669157e-03 3.801507875409482207e-02 -2.008133243450811733e-02 6.342072374334337646e-03 -3.759440929842725043e-02 2.012067170238160743e-02 5.529467787706959271e-03 -3.392020054635052273e-04 3.806674634099826982e-02
-3.025210084033613245e-01 -2.038270335885243589e-02 6.657543177396164739e-03 -3.839534192758420339e-02 2.047875871050646585e-02 5.717586787636838759e-03 3.881262884180425310e-02 -2.039832899047664197e-02 6.531805180897107092e-03 -3.836572456712422641e-02 2.046135232478801108e-02 5.707732818164414773e-03 -3.541240768949627683e-04 3.886705621553399048e-02
-3.075630252100839956e-01 -2.069520045458551200e-02 6.855081202027453642e-03 -3.916323281125844158e-02 2.081597680224052394e-02 5.891076022309668300e-03 3.960612717726041954e-02 -2.071125412727583409e-02 6.726190502497648473e-03 -3.913238629269616409e-02 2.079861481468449347e-02 5.882438363652970834e-03 -3.692699334155688279e-04 3.966339778358518586e-02
-3.126050420168066668e-01 -2.101262470791060225e-02 7.060213764616189019e-03 -3.994317074732867123e-02 2.115825517468172823e-02 6.061714269661094834e-03 4.041223476633237777e-02 -2.102897066568862328e-02 6.928135661275690652e-03 -3.991084025329924567e-02 2.114079304421246502e-02 6.054222260135757282e-03 -3.848986603512845046e-04 4.047261760684095488e-02
-3.176470588235293935e-01 -2.136285790237632543e-02 7.277237032094574162e-03 -4.075379500218312412e-02 2.152990789021505535e-02 6.221170872057214460e-03 4.124772399358989095e-02 -2.137985578224731176e-02 7.142133322741027641e-03 -4.071996364387728273e-02 2.151252393090285348e-02 6.214406186577908081e-03 -4.013642808124295988e-04 4.131045725922188883e-02
-3.226890756302520646e-01 -2.175575569825894534e-02 7.505676881920097902e-03 -4.160634855814901445e-02 2.194017501506132645e-02 6.375430003840406798e-03 4.212289422295700803e-02 -2.177336767482848656e-02 7.367694537257286555e-03 -4.157049517045297016e-02 2.192290385319859217e-02 6.368748408855887111e-03 -4.190512149529270229e-04 4.218762714591151042e-02
-3.277310924369747358e-01 -2.207597810027327190e-02 7.724442699242509147e-03 -4.237559071142199540e-02 2.228838089901412009e-02 6.558898886387764041e-03 4.292072441425076601e-02 -2.209415877093712927e-02 7.583259264726166515e-03 -4.233821402306578441e-02 2.227110884765636650e-02 6.553173074842549503e-03 -4.361080853448064099e-04 4.298804486573626349e-02
-3.327731092436974625e-01 -2.246066515179875184e-02 7.950556319857157370e-03 -4.319688369862931254e-02 2.269157802462158299e-02 6.712198793323987181e-03 4.376338187273609570e-02 -2.247848805291737320e-02 7.805996498147321078e-03 -4.315611025040530513e-02 2.267355220886954972e-02 6.706200568230331546e-03 -4.541559964822789396e-04 4.383218048096715336e-02
-3.378151260504201336e-01 -2.282375983530235408e-02 8.178536659149736668e-03 -4.398771120899136466e-02 2.307918563688764885e-02 6.886992459161106472e-03 4.457965139237107799e-02 -2.284200527248222978e-02 8.030981360979747366e-03 -4.394471350661491305e-02 2.306112228929813740e-02 6.881263361431425897e-03 -4.726501633304330233e-04 4.465044302763399031e-02
-3.428571428571428048e-01 -2.313318310936355454e-02 8.406719154142840850e-03 -4.472732984221036712e-02 2.342100825902224126e-02 7.081345601823534758e-03 4.534988079526858229e-02 -2.315192276696651993e-02 8.255968849544020882e-03 -4.468225607796569299e-02 2.340292856145967382e-02 7.076418709942666405e-03 -4.907707319526962266e-04 4.542318818999768748e-02
-3.478991596638655315e-01 -2.347608724590464352e-02 8.647323124553863913e-03 -4.552880956163624093e-02 2.379012590049812970e-02 7.245418784097705164e-03 4.617379944936877978e-02 -2.349607219355300328e-02 8.493099554496411074e-03 -4.547603148114146010e-02 2.377237924753364262e-02 7.242424084662529501e-03 -5.095490339824552874e-04 4.624905587571659371e-02
-3.529411764705882026e-01 -2.379281186210629312e-02 8.901760767481482761e-03 -4.629971134295657320e-02 2.413789110419277406e-02 7.420742171564544826e-03 4.697275512617615778e-02 -2.381381370384772628e-02 8.741083397371540373e-03 -4.624118621665623818e-02 2.411974902464040366e-02 7.426315943715646600e-03 -5.285001526186808209e-04 4.704875063266988899e-02
-3.579831932773108738e-01 -2.405152421344327121e-02 9.145599961072468920e-03 -4.700141568656962532e-02 2.443943954684324113e-02 7.631130799831443989e-03 4.771299910580700798e-02 -2.407095181754643695e-02 8.978635824923288100e-03 -4.694129881058811682e-02 2.441905074273458681e-02 7.637705125715680762e-03 -5.470954529861998122e-04 4.779202512378910583e-02
-3.630252100840335450e-01 -2.436571800436969013e-02 9.410626775904800539e-03 -4.781549116704211788e-02 2.478640759602730378e-02 7.792921817153803353e-03 4.856157447796305426e-02 -2.438392558814064109e-02 9.244932441725962208e-03 -4.775276613656898039e-02 2.476345435656338023e-02 7.792516343438513071e-03 -5.665956830812385239e-04 4.864251775850181314e-02
-3.680672268907562716e-01 -2.465140507131154124e-02 9.682465011972505795e-03 -4.859625003645870467e-02 2.510939946300431297e-02 7.973846511174491336e-03 4.938036812815466137e-02 -2.467040073528152522e-02 9.514353781777076802e-03 -4.853057789870343641e-02 2.508680431518606202e-02 7.973574722087465108e-03 -5.863011767209056055e-04 4.946467184626485158e-02
-3.731092436974789428e-01 -2.490304592332676092e-02 9.950693981874042179e-03 -4.932649737721792049e-02 2.540863173318079482e-02 8.192065778852326494e-03 5.015435714263216660e-02 -2.492228685538056682e-02 9.778765300916154868e-03 -4.925781220116098869e-02 2.538501099873771705e-02 8.193300158091424215e-03 -6.066863616833010914e-04 5.024426499320000516e-02
-3.781512605042016140e-01 -2.509875670239379575e-02 1.020800463585565601e-02 -4.999615049698327707e-02 2.566598568682814524e-02 8.460577242971768080e-03 5.087227083080947398e-02 -2.511918775659267855e-02 1.003379389440853947e-02 -4.992239128923195435e-02 2.564458722018030795e-02 8.464146732818316962e-03 -6.282294593842596957e-04 5.097258031928758593e-02
-3.831932773109243406e-01 -2.530779394021254874e-02 1.047398936608813849e-02 -5.074302437801070376e-02 2.593276417583290083e-02 8.701180820438331187e-03 5.166565607383061254e-02 -2.532933681241850837e-02 1.029545834572989996e-02 -5.066442145334171254e-02 2.591197366825881421e-02 8.707636038653959742e-03 -6.500176060199129840e-04 5.177083146978395112e-02
-3.882352941176470118e-01 -2.552029906110182128e-02 1.074929294704275382e-02 -5.150303421879803834e-02 2.620146298282521533e-02 8.934145837843920218e-03 5.246499059695197698e-02 -2.554769531457318915e-02 1.056317510278502111e-02 -5.141175438927209074e-02 2.618812496798164288e-02 8.944832903339786437e-03 -6.717616846843527199e-04 5.257373475310322952e-02
-3.932773109243696830e-01 -2.573681580703523347e-02 1.101404339321762627e-02 -5.220887292277553993e-02 2.647959661458807595e-02 9.161283500160415788e-03 5.323745997172213418e-02 -2.575634894961428834e-02 1.082917328853745878e-02 -5.213303349424269761e-02 2.645668477870441460e-02 9.174507861635662273e-03 -6.933330438130414896e-04 5.334362406773029974e-02
-3.983193277310924096e-01 -2.593964036434031478e-02 1.128888941048689087e-02 -5.294251651996226271e-02 2.674367747750358917e-02 9.390959070291367283e-03 5.402055273677819347e-02 -2.595916747326818680e-02 1.110159936966445549e-02 -5.286278843017105933e-02 2.672034237854218827e-02 9.406937794030146086e-03 -7.155881095771151430e-04 5.413008921274775620e-02
-4.033613445378150808e-01 -2.614463401404365506e-02 1.156691161866151875e-02 -5.368145294977902382e-02 2.701070305374891900e-02 9.618067842401725742e-03 5.480973275563782998e-02 -2.616445126830808932e-02 1.137689581614688590e-02 -5.359811464037375628e-02 2.698750160243162249e-02 9.636587149727380078e-03 -7.382598259097694019e-04 5.492248349338979541e-02
-4.084033613445377520e-01 -2.635322839012368620e-02 1.185143055077933494e-02 -5.443292132163143893e-02 2.728075395378800477e-02 9.831815699392159463e-03 5.560942732367701868e-02 -2.637373696957836730e-02 1.165878654059086805e-02 -5.434323959276474159e-02 2.725856211874043075e-02 9.853812910959882168e-03 -7.610507986870907338e-04 5.572663478993744590e-02
-4.134453781512604786e-01 -2.653172742932008443e-02 1.214386133585382624e-02 -5.515512001646882823e-02 2.752584898588060491e-02 1.005364638242872179e-02 5.639645193256548339e-02 -2.655927594123080188e-02 1.194985237984734841e-02 -5.507418244747319669e-02 2.751040727109336018e-02 1.007509228681105137e-02 -7.838801367526517742e-04 5.651047098345834963e-02
-4.184873949579831498e-01 -2.668911791916694573e-02 1.244128448734079136e-02 -5.585359614237458969e-02 2.775494279493765509e-02 1.028504369422615639e-02 5.715339109247119520e-02 -2.671753667724956205e-02 1.224316945141031010e-02 -5.577114191683429922e-02 2.773915694436699525e-02 1.030903482905782230e-02 -8.067084360818864777e-04 5.727102766147323942e-02
-4.235294117647058210e-01 -2.682639595944672634e-02 1.274161827468761263e-02 -5.652469395411330311e-02 2.796882787966496059e-02 1.053132505852200085e-02 5.788432457546566212e-02 -2.685555075467389863e-02 1.254018453266060248e-02 -5.643900749972688424e-02 2.795346851384267542e-02 1.055776482001250655e-02 -8.297275581879518533e-04 5.800589816830614698e-02
-4.285714285714285476e-01 -2.696791562018472505e-02 1.304660189256950410e-02 -5.720544194835192053e-02 2.818722987226963961e-02 1.076804524302992297e-02 5.862489972639473024e-02 -2.699781987208583339e-02 1.284211234193858089e-02 -5.711628061306578408e-02 2.817247905749057507e-02 1.079683807309234252e-02 -8.529045483659019808e-04 5.875033940663421106e-02
-4.336134453781512188e-01 -2.710868455511344921e-02 1.335803995597867160e-02 -5.789707463865295667e-02 2.840559658120399289e-02 1.099565783745348226e-02 5.937706299293055157e-02 -2.713942841658171720e-02 1.315063041591266364e-02 -5.780428309341559268e-02 2.839157572250495046e-02 1.102672245135696318e-02 -8.761841784830952861e-04 5.950633305900809855e-02
-4.386554621848738900e-01 -2.726118383361907094e-02 1.367741353520420325e-02 -5.863083835100982300e-02 2.863251737698412763e-02 1.120162948513669932e-02 6.017030106546206181e-02 -2.729293798817957611e-02 1.346729363338795143e-02 -5.853422876266331509e-02 2.861933824732677129e-02 1.123464858650800521e-02 -8.994134585363942414e-04 6.030315288575394117e-02
-4.436974789915966166e-01 -2.739497632060785767e-02 1.400017468158712593e-02 -5.932715743952349241e-02 2.884689256344955682e-02 1.142322564959202640e-02 6.092642413488968955e-02 -2.742831465314134881e-02 1.378791853377758260e-02 -5.922361751491683757e-02 2.883490482516977080e-02 1.145810790709257676e-02 -9.227562945086538460e-04 6.106263729229655102e-02
-4.487394957983192878e-01 -2.795404284724730543e-02 1.386032471868123457e-02 -5.933336141843773004e-02 2.951446355008158912e-02 1.174877735119967889e-02 6.125187129788417506e-02 -2.794221989819959881e-02 1.389595037351223916e-02 -5.955517043812438849e-02 2.940098253727813776e-02 1.171230126529666446e-02 -9.390690237899566081e-04 6.128626776188172975e-02
-4.537815126050419590e-01 -2.807781697140283167e-02 1.420653505641357450e-02 -5.998104096784659389e-02 2.972499917068833694e-02 1.198667415146072168e-02 6.197395865672761239e-02 -2.806911642882212177e-02 1.424217730752754506e-02 -6.020536659097369681e-02 2.961357445395072091e-02 1.195062478351526826e-02 -9.626337741622643072e-04 6.200254512051750488e-02
-4.588235294117646301e-01 -2.818208451202112649e-02 1.454092055592940032e-02 -6.059665177955220194e-02 2.992102561136957689e-02 1.222370174526277165e-02 6.266544353997460792e-02 -2.817416045483971121e-02 1.457748078582941573e-02 -6.082338335878431645e-02 2.980861838049516516e-02 1.218553805811680574e-02 -9.859722832949136765e-04 6.269128997918643753e-02
-4.638655462184873568e-01 -2.827550708238716487e-02 1.487891050817245417e-02 -6.119388061047781324e-02 3.011004061651690461e-02 1.246732324313335610e-02 6.334096316127602044e-02 -2.826833141095167964e-02 1.491644870338939589e-02 -6.142315217904126268e-02 2.999661356653827993e-02 1.242679756128939501e-02 -1.009362731664181908e-03 6.336402958383580142e-02
-4.689075630252100280e-01 -2.835779427576885087e-02 1.522253033080922004e-02 -6.178550377406044625e-02 3.029288445787852932e-02 1.272355659859403763e-02 6.401397327244451319e-02 -2.835134683894167257e-02 1.526116576728186840e-02 -6.201737430327300404e-02 3.017841782601122375e-02 1.268080378730284015e-02 -1.033276661829161860e-03 6.403412585088863462e-02
-4.739495798319326991e-01 -2.843789281855662113e-02 1.557079270997142710e-02 -6.238447778157155121e-02 3.047557899047690158e-02 1.297662408000138136e-02 6.469595954116946768e-02 -2.843214475632301064e-02 1.561059759775456496e-02 -6.261893875722390757e-02 3.036005985787318048e-02 1.293167070259383308e-02 -1.057415132993145927e-03 6.471312747102686558e-02
-4.789915966386554258e-01 -2.851254307351445971e-02 1.592295449373667265e-02 -6.297808005344709970e-02 3.065559686761754749e-02 1.322950066597910340e-02 6.537451773047586734e-02 -2.850747705333226550e-02 1.596399293902043062e-02 -6.321513983210230725e-02 3.053901424872013798e-02 1.318235688581312348e-02 -1.081654127804608512e-03 6.538864581397951792e-02
-4.840336134453780970e-01 -2.858069763907120781e-02 1.627931397907636524e-02 -6.357068438910348784e-02 3.083310737060960052e-02 1.348111384086181710e-02 6.605446732685127387e-02 -2.857455436558870368e-02 1.632025619650561907e-02 -6.380870380046757551e-02 3.071342497324782220e-02 1.343692414537441329e-02 -1.106079121918631704e-03 6.606825373850161442e-02
-4.890756302521007681e-01 -2.863975925912263382e-02 1.663944779313736300e-02 -6.415055479263231941e-02 3.100446213655864980e-02 1.374089596905156592e-02 6.672399255630556691e-02 -2.863423378580321269e-02 1.668179178934796336e-02 -6.439132232554176105e-02 3.088361953319353551e-02 1.369450567790483388e-02 -1.130604750184189839e-03 6.673453527930173212e-02
-4.941176470588234948e-01 -2.869164775835049072e-02 1.700334377104664729e-02 -6.473891351492322421e-02 3.117296081412351816e-02 1.400353575821514270e-02 6.739822613986090616e-02 -2.868851729200283529e-02 1.704828128417271160e-02 -6.497828249045101145e-02 3.105166575665663231e-02 1.395367439078861946e-02 -1.155417844564898214e-03 6.740678065362604166e-02
-4.991596638655461660e-01 -2.873692131692559895e-02 1.736924636620030410e-02 -6.530047688098131187e-02 3.133644558954853249e-02 1.426596402172352826e-02 6.805019241039150790e-02 -2.873433133289198319e-02 1.741629602476362296e-02 -6.553936943608995591e-02 3.121613597834610107e-02 1.421536278057644077e-02 -1.180101032326891838e-03 6.806089652199182050e-02
-5.042016806722688926e-01 -2.877291453000454038e-02 1.773914108665575196e-02 -6.585374471444868649e-02 3.149487248533903300e-02 1.453380564777071067e-02 6.869967387917291779e-02 -2.877103551590977012e-02 1.778771985690441593e-02 -6.609507631383848558e-02 3.137339445349632272e-02 1.448100304912756063e-02 -1.204805807385946059e-03 6.870683813972133791e-02
-5.092436974789915638e-01 -2.880246230763477272e-02 1.811840143561206304e-02 -6.639986289648405760e-02 3.164622041474957764e-02 1.481301677906025557e-02 6.935108039712045702e-02 -2.880710132914020630e-02 1.815685659454027712e-02 -6.664789500924803156e-02 3.153208262105969273e-02 1.474568066526874693e-02 -1.229551838758580987e-03 6.933776759086274222e-02
-5.142857142857142350e-01 -2.882868918364048585e-02 1.849397610879866330e-02 -6.692130049858227570e-02 3.180194206912251298e-02 1.508796800541016385e-02 6.997367014449856759e-02 -2.883429237581293728e-02 1.853441278885958193e-02 -6.717171281799777516e-02 3.168686406189845373e-02 1.501852433811061600e-02 -1.254428307278098939e-03 6.995704875331332229e-02
-5.193277310924369061e-01 -2.884560081467132941e-02 1.887097649699493937e-02 -6.743502790790867341e-02 3.195187139437297152e-02 1.536717499056461551e-02 7.059108477105102697e-02 -2.885263777931411366e-02 1.891405129480191669e-02 -6.768805708329397874e-02 3.183623981163734296e-02 1.529388507945118533e-02 -1.279341736174930289e-03 7.057027663625969893e-02
-5.243697478991595773e-01 -2.885337937315668108e-02 1.925151740985891688e-02 -6.794375850054215626e-02 3.209612501764019799e-02 1.565268930543244758e-02 7.120547758236517311e-02 -2.886241498699834707e-02 1.929713119612071551e-02 -6.819916306252946092e-02 3.198182470142729716e-02 1.557648963461131207e-02 -1.304454681107955222e-03 7.118516777639100068e-02
-5.294117647058822484e-01 -2.884897492784082446e-02 1.963194783535412297e-02 -6.842439638896791188e-02 3.223282018892491274e-02 1.594425306709232326e-02 7.179489980434755614e-02 -2.885876124367380349e-02 1.967961655748237670e-02 -6.868215848933983958e-02 3.211739573651310048e-02 1.586569646138887013e-02 -1.329176502766510337e-03 7.177124027846432108e-02
-5.344537815126050306e-01 -2.925912442092941032e-02 2.034659271119923854e-02 -6.882412088796033278e-02 3.273894612416355931e-02 1.615516779489358304e-02 7.201641445610168502e-02 -2.927412537872015746e-02 2.021582327636564300e-02 -6.873344714232917929e-02 3.273770703085961131e-02 1.619115794102955405e-02 -1.347251838462331947e-03 7.217138462773586838e-02
-5.394957983193277018e-01 -2.925148816697786813e-02 2.073442946196679681e-02 -6.930752515952906534e-02 3.287695146103046528e-02 1.644965468742310213e-02 7.260795465233760293e-02 -2.926567231997786317e-02 2.060300365072942688e-02 -6.921300739236069255e-02 3.287636476046244816e-02 1.648659895238697645e-02 -1.372441148758560226e-03 7.276647234099131722e-02
-5.445378151260503730e-01 -2.881572886004396539e-02 2.079357089596764116e-02 -6.990005777197014214e-02 3.265169808667111456e-02 1.683327305655539508e-02 7.363564119787818774e-02 -2.883697995185612040e-02 2.084678999127431362e-02 -7.018732349523765235e-02 3.253509898679948775e-02 1.674450900257700228e-02 -1.405108069811473190e-03 7.358137315497587094e-02
-5.495798319327730441e-01 -2.878839082280332945e-02 2.118846328213900773e-02 -7.035428980753655193e-02 3.278078605927441103e-02 1.714857067642047012e-02 7.421432745782574614e-02 -2.880454085904624387e-02 2.123496549968026739e-02 -7.064867400442140233e-02 3.265791207131824025e-02 1.705812916513001556e-02 -1.430399328488928500e-03 7.415352398831798197e-02
-5.546218487394957153e-01 -2.875168814258720340e-02 2.157652342978093676e-02 -7.079485632809490170e-02 3.290495312886469043e-02 1.748296085583862444e-02 7.477746940483820381e-02 -2.877081992087728024e-02 2.162433966553603537e-02 -7.109194329746862384e-02 3.278192763158155332e-02 1.738795491907418542e-02 -1.455900461912692330e-03 7.471218070567792191e-02
-5.596638655462183864e-01 -2.870957420800929541e-02 2.196500210666599631e-02 -7.121990338250022701e-02 3.302820079011983129e-02 1.781308021291748075e-02 7.532859647507900158e-02 -2.872986340367560468e-02 2.201421372055741010e-02 -7.152011545946451720e-02 3.290424721544060044e-02 1.771581791985229679e-02 -1.481507252729284078e-03 7.525849194889999705e-02
-5.647058823529411686e-01 -2.866388957012508398e-02 2.235226272344773696e-02 -7.163152051764651307e-02 3.315146541674688502e-02 1.814834302144355954e-02 7.586879427830872658e-02 -2.868533562976297371e-02 2.240288266634412814e-02 -7.193485180430317372e-02 3.302661082994216846e-02 1.804886308736256689e-02 -1.507154524729907227e-03 7.579386726662484808e-02
-5.697478991596638398e-01 -2.863329902438797522e-02 2.274120188387349778e-02 -7.210096321841633071e-02 3.328788211587369039e-02 1.846686123241900179e-02 7.646774915031817610e-02 -2.865406503998527143e-02 2.279288765859618232e-02 -7.240699333499897583e-02 3.316060192245622040e-02 1.836408650439711257e-02 -1.533385580203943006e-03 7.638781536813810114e-02
-5.747899159663865110e-01 -2.858132008806587437e-02 2.312664866450848261e-02 -7.251439137605333873e-02 3.341030802165562141e-02 1.880790950370210546e-02 7.701516745536751696e-02 -2.860378663461901269e-02 2.318032801219793715e-02 -7.282380440407529298e-02 3.328278077709906357e-02 1.870316379601160220e-02 -1.559359197217826884e-03 7.693075913006297561e-02
-5.798319327731091821e-01 -2.852074067024222559e-02 2.351050556232302940e-02 -7.290349035080254114e-02 3.352939590220131022e-02 1.916403852813467271e-02 7.754144969010379196e-02 -2.854437417775812502e-02 2.356560649638339555e-02 -7.321607715853101217e-02 3.340105910958469232e-02 1.905718053625068270e-02 -1.585513894648086716e-03 7.745213851769683355e-02
-5.848739495798318533e-01 -2.845293848827306141e-02 2.389033573593146026e-02 -7.326288805147446181e-02 3.364560708390303134e-02 1.953015711355162234e-02 7.804064766840473899e-02 -2.847777159441391981e-02 2.394684993096043296e-02 -7.357866190773607040e-02 3.351651188109815160e-02 1.942121555556967916e-02 -1.611476518879452133e-03 7.794650742033248925e-02
-5.899159663865545244e-01 -2.837869177480620633e-02 2.426704124990979039e-02 -7.360837888058896494e-02 3.375939312951566074e-02 1.990429352943079433e-02 7.852845358491133965e-02 -2.840475166749142910e-02 2.432495627234326774e-02 -7.392733925259625805e-02 3.362958342918394294e-02 1.979330701322766506e-02 -1.637446074839502301e-03 7.842950717854779707e-02
-5.949579831932771956e-01 -2.829647017340550935e-02 2.464055330937648877e-02 -7.394310762008762805e-02 3.386945693186332873e-02 2.028834415927828483e-02 7.900806660104287005e-02 -2.832379773050004712e-02 2.469984524972547099e-02 -7.426523413767063819e-02 3.373898558526468305e-02 2.017535181877774114e-02 -1.663521270090105716e-03 7.890432644527012318e-02
-5.999999999999999778e-01 -2.820955654005292274e-02 2.500880574473396400e-02 -7.426211027753065741e-02 3.397832735577698687e-02 2.067908212963380857e-02 7.947397006781053985e-02 -2.823817816669614914e-02 2.506945694657956858e-02 -7.458739708513092981e-02 3.384724066914184676e-02 2.056413168833507582e-02 -1.689509649255254873e-03 7.936546309492775730e-02
