0.000000000000000000e+00 1.000000000000000666e+00
-5.042016806722688510e-03 9.999999970150008632e-01
-1.008403361344537702e-02 9.999999678299917871e-01
-1.512605042016806553e-02 9.999998567113647097e-01
-2.016806722689075404e-02 9.999995754158110817e-01
-2.521008403361344255e-02 9.999990113731511698e-01
-3.025210084033613106e-02 9.999980297388683104e-01
-3.529411764705882304e-02 9.999964777213542488e-01
-4.033613445378150808e-02 9.999941874217810334e-01
-4.537815126050419312e-02 9.999909697735667180e-01
-5.042016806722688510e-02 9.999866143267475138e-01
-5.546218487394957708e-02 9.999809025987873579e-01
-6.050420168067226212e-02 9.999736022283782777e-01
-6.554621848739494716e-02 9.999644539835860213e-01
-7.058823529411764608e-02 9.999531841868347648e-01
-7.563025210084033112e-02 9.999395091605994823e-01
-8.067226890756301616e-02 9.999231391202483277e-01
-8.571428571428570120e-02 9.999037650802111710e-01
-9.075630252100838624e-02 9.998810993251263657e-01
-9.579831932773108516e-02 9.998548364041578429e-01
-1.008403361344537702e-01 9.998246821627285730e-01
-1.058823529411764552e-01 9.997903367314480150e-01
-1.109243697478991542e-01 9.997514297430107888e-01
-1.159663865546218392e-01 9.997075754360684741e-01
-1.210084033613445242e-01 9.996583607268610949e-01
-1.260504201680672232e-01 9.996033670091182266e-01
-1.310924369747898943e-01 9.995421957093557630e-01
-1.361344537815125932e-01 9.994744287462006271e-01
-1.411764705882352922e-01 9.993995830648323420e-01
-1.462184873949579633e-01 9.993171264007338905e-01
-1.512605042016806622e-01 9.992265636581805222e-01
-1.563025210084033334e-01 9.991273289681807945e-01
-1.613445378151260323e-01 9.990188301027611573e-01
-1.663865546218487312e-01 9.989004420696691033e-01
-1.714285714285714024e-01 9.987716108880213550e-01
-1.764705882352941013e-01 9.986315729084385140e-01
-1.815126050420167725e-01 9.984796116576897251e-01
-1.865546218487394714e-01 9.983149653448013527e-01
-1.915966386554621703e-01 9.981368621248396522e-01
-1.966386554621848415e-01 9.979443974140358442e-01
-2.016806722689075404e-01 9.977366793811478507e-01
-2.067226890756302393e-01 9.975128148688673368e-01
-2.117647058823529105e-01 9.972718741736199544e-01
-2.168067226890756094e-01 9.970128929012959107e-01
-2.218487394957983083e-01 9.967348793212447156e-01
-2.268907563025209795e-01 9.964368764315436611e-01
-2.319327731092436784e-01 9.961179029109015204e-01
-2.369747899159663496e-01 9.957771978336281693e-01
-2.420168067226890485e-01 9.954126949990131923e-01
-2.470588235294117474e-01 9.950238985200533515e-01
-2.521008403361344463e-01 9.946098679575365864e-01
-2.571428571428571175e-01 9.941692693012580406e-01
-2.621848739495797886e-01 9.937029532681174171e-01
-2.672268907563025153e-01 9.932091656774832966e-01
-2.722689075630251865e-01 9.926881731422603217e-01
-2.773109243697478576e-01 9.921410335542466541e-01
-2.823529411764705843e-01 9.915828582151732240e-01
-2.873949579831932555e-01 9.909374459048915229e-01
-2.924369747899159266e-01 9.902659298425895429e-01
-2.974789915966385978e-01 9.895726363612550314e-01
-3.025210084033613245e-01 9.888469755368413106e-01
-3.075630252100839956e-01 9.880786790807928321e-01
-3.126050420168066668e-01 9.872855918399461306e-01
-3.176470588235293935e-01 9.864554839488373084e-01
-3.226890756302520646e-01 9.855840031696148085e-01
-3.277310924369747358e-01 9.846607964475454500e-01
-3.327731092436974625e-01 9.837276687539688869e-01
-3.378151260504201336e-01 9.827515145084471104e-01
-3.428571428571428048e-01 9.817635551546902706e-01
-3.478991596638655315e-01 9.806891051550090666e-01
-3.529411764705882026e-01 9.795923160864383750e-01
-3.579831932773108738e-01 9.784732923344429123e-01
-3.630252100840335450e-01 9.773203804232548642e-01
-3.680672268907562716e-01 9.761338165501873831e-01
-3.731092436974789428e-01 9.748886465234978260e-01
-3.781512605042016140e-01 9.735978434508636425e-01
-3.831932773109243406e-01 9.722644952058256962e-01
-3.882352941176470118e-01 9.709818304473762929e-01
-3.932773109243696830e-01 9.696639683181853542e-01
-3.983193277310924096e-01 9.683198003851953839e-01
-4.033613445378150808e-01 9.669503409148867412e-01
-4.084033613445377520e-01 9.655452311526799836e-01
-4.134453781512604786e-01 9.641038068387319804e-01
-4.184873949579831498e-01 9.626465525812861745e-01
-4.235294117647058210e-01 9.611539027601156970e-01
-4.285714285714285476e-01 9.596446351304115385e-01
-4.336134453781512188e-01 9.581130801699325739e-01
-4.386554621848738900e-01 9.582021768501143288e-01
-4.436974789915966166e-01 9.566686220738069846e-01
-4.487394957983192878e-01 9.551130232729070357e-01
-4.537815126050419590e-01 9.535414488867539617e-01
-4.588235294117646301e-01 9.519488100889028637e-01
-4.638655462184873568e-01 9.503382975741591077e-01
-4.689075630252100280e-01 9.487131870399529987e-01
-4.739495798319326991e-01 9.470679219383673075e-01
-4.789915966386554258e-01 9.454092282573742789e-01
-4.840336134453780970e-01 9.437270399134288779e-01
-4.890756302521007681e-01 9.420379017785746045e-01
-4.941176470588234948e-01 9.403367794008030689e-01
-4.991596638655461660e-01 9.386255432338517224e-01
-5.042016806722688926e-01 9.368967110434242018e-01
-5.092436974789915638e-01 9.351414527766815921e-01
-5.142857142857142350e-01 9.333788041720867401e-01
-5.193277310924369061e-01 9.316158601075535950e-01
-5.243697478991595773e-01 9.298854013254422846e-01
-5.294117647058822484e-01 9.281844752728340975e-01
-5.344537815126050306e-01 9.264774120504573052e-01
-5.394957983193277018e-01 9.247695369711240732e-01
-5.445378151260503730e-01 9.230586367543021087e-01
-5.495798319327730441e-01 9.213489937135665997e-01
-5.546218487394957153e-01 9.196337592014172113e-01
-5.596638655462183864e-01 9.179078911770739424e-01
-5.647058823529411686e-01 9.161904596707777237e-01
-5.697478991596638398e-01 9.144707195206804862e-01
-5.747899159663865110e-01 9.127498930093492779e-01
-5.798319327731091821e-01 9.110218510947261095e-01
-5.848739495798318533e-01 9.093062066783232922e-01
-5.899159663865545244e-01 9.075865304507262366e-01
-5.949579831932771956e-01 9.058790169206303311e-01
-5.999999999999999778e-01 9.041743691830698149e-01
