0.000000000000000000e+00 9.999999999999993339e-01
-5.042016806722688510e-03 9.999999754252369977e-01
-1.008403361344537702e-02 9.999997922701819864e-01
-1.512605042016806553e-02 9.999992217438569142e-01
-2.016806722689075404e-02 9.999979696295708820e-01
-2.521008403361344255e-02 9.999956940118803761e-01
-3.025210084033613106e-02 9.999920179741368376e-01
-3.529411764705882304e-02 9.999865401310557012e-01
-4.033613445378150808e-02 9.999788541740552983e-01
-4.537815126050419312e-02 9.999685320329110283e-01
-5.042016806722688510e-02 9.999551426856172487e-01
-5.546218487394957708e-02 9.999382649732493356e-01
-6.050420168067226212e-02 9.999174984664309651e-01
-6.554621848739494716e-02 9.998924552258250387e-01
-7.058823529411764608e-02 9.998627575952618862e-01
-7.563025210084033112e-02 9.998280391610503415e-01
-8.067226890756301616e-02 9.997878533967003989e-01
-8.571428571428570120e-02 9.997418483506310682e-01
-9.075630252100838624e-02 9.996897140449462205e-01
-9.579831932773108516e-02 9.996311130379984533e-01
-1.008403361344537702e-01 9.995657192280683612e-01
-1.058823529411764552e-01 9.994932290372611217e-01
-1.109243697478991542e-01 9.994133073402966527e-01
-1.159663865546218392e-01 9.993255574190792467e-01
-1.210084033613445242e-01 9.992295973007074839e-01
-1.260504201680672232e-01 9.991251548097255242e-01
-1.310924369747898943e-01 9.990119630167896281e-01
-1.361344537815125932e-01 9.988897647891069598e-01
-1.411764705882352922e-01 9.987582935541102769e-01
-1.462184873949579633e-01 9.986172785143777597e-01
-1.512605042016806622e-01 9.984664857337370858e-01
-1.563025210084033334e-01 9.983056059999715348e-01
-1.613445378151260323e-01 9.981343499606292191e-01
-1.663865546218487312e-01 9.979524196674625092e-01
-1.714285714285714024e-01 9.977595080296336461e-01
-1.764705882352941013e-01 9.975553180289072897e-01
-1.815126050420167725e-01 9.973394916165170265e-01
-1.865546218487394714e-01 9.971122618142018723e-01
-1.915966386554621703e-01 9.968712414465172866e-01
-1.966386554621848415e-01 9.966165991565858473e-01
-2.016806722689075404e-01 9.963483981421502600e-01
-2.067226890756302393e-01 9.960685499757332417e-01
-2.117647058823529105e-01 9.957742483104115028e-01
-2.168067226890756094e-01 9.954665763283225832e-01
-2.218487394957983083e-01 9.951452755065230971e-01
-2.268907563025209795e-01 9.948101935532494000e-01
-2.319327731092436784e-01 9.944603755108469834e-01
-2.369747899159663496e-01 9.940936357291403347e-01
-2.420168067226890485e-01 9.937110812054673614e-01
-2.470588235294117474e-01 9.933071975145485455e-01
-2.521008403361344463e-01 9.928902509296345658e-01
-2.571428571428571175e-01 9.924575070249976871e-01
-2.621848739495797886e-01 9.920071039436904048e-01
-2.672268907563025153e-01 9.915393892562920364e-01
-2.722689075630251865e-01 9.910532561287888065e-01
-2.773109243697478576e-01 9.905465546297422819e-01
-2.823529411764705843e-01 9.900188980415407514e-01
-2.873949579831932555e-01 9.894752558730535164e-01
-2.924369747899159266e-01 9.889233200181245520e-01
-2.974789915966385978e-01 9.883589900724601973e-01
-3.025210084033613245e-01 9.877823727117329700e-01
-3.075630252100839956e-01 9.871770281202252306e-01
-3.126050420168066668e-01 9.865505463093159344e-01
-3.176470588235293935e-01 9.858979665837729334e-01
-3.226890756302520646e-01 9.852354986928208991e-01
-3.277310924369747358e-01 9.845611928143187530e-01
-3.327731092436974625e-01 9.838685956886995543e-01
-3.378151260504201336e-01 9.831476393440160555e-01
-3.428571428571428048e-01 9.834838493089568257e-01
-3.478991596638655315e-01 9.827132705750878383e-01
-3.529411764705882026e-01 9.819321804805251075e-01
-3.579831932773108738e-01 9.811414596673848632e-01
-3.630252100840335450e-01 9.803427954655452581e-01
-3.680672268907562716e-01 9.795332476091664908e-01
-3.731092436974789428e-01 9.787068991726605161e-01
-3.781512605042016140e-01 9.778681818688923499e-01
-3.831932773109243406e-01 9.770017409992370894e-01
-3.882352941176470118e-01 9.761062473223514058e-01
-3.932773109243696830e-01 9.751820955717254158e-01
-3.983193277310924096e-01 9.742454016175137177e-01
-4.033613445378150808e-01 9.733028719974236020e-01
-4.084033613445377520e-01 9.723263190774145137e-01
-4.134453781512604786e-01 9.713466016398070169e-01
-4.184873949579831498e-01 9.703391518143983374e-01
-4.235294117647058210e-01 9.693067240056676415e-01
-4.285714285714285476e-01 9.682477930726657300e-01
-4.336134453781512188e-01 9.671654019959414761e-01
-4.386554621848738900e-01 9.660463838764627997e-01
-4.436974789915966166e-01 9.649180755736432857e-01
-4.487394957983192878e-01 9.637736239214041989e-01
-4.537815126050419590e-01 9.626120319954410975e-01
-4.588235294117646301e-01 9.614354341109716540e-01
-4.638655462184873568e-01 9.602593417744638149e-01
-4.689075630252100280e-01 9.590875230155666564e-01
-4.739495798319326991e-01 9.578777886390140717e-01
-4.789915966386554258e-01 9.566431247258957438e-01
-4.840336134453780970e-01 9.553777649165874353e-01
-4.890756302521007681e-01 9.540943123245441138e-01
-4.941176470588234948e-01 9.527935590501410701e-01
-4.991596638655461660e-01 9.514708144055740169e-01
-5.042016806722688926e-01 9.501368379985033474e-01
-5.092436974789915638e-01 9.487949377301010401e-01
-5.142857142857142350e-01 9.474315243720665691e-01
-5.193277310924369061e-01 9.460467874213783768e-01
-5.243697478991595773e-01 9.446459244121530041e-01
-5.294117647058822484e-01 9.432335918765757388e-01
-5.344537815126050306e-01 9.417980315998618623e-01
-5.394957983193277018e-01 9.403407308638059847e-01
-5.445378151260503730e-01 9.388740424792285655e-01
-5.495798319327730441e-01 9.373982138930527785e-01
-5.546218487394957153e-01 9.359208535544505381e-01
-5.596638655462183864e-01 9.344322846125483473e-01
-5.647058823529411686e-01 9.329250724078356205e-01
-5.697478991596638398e-01 9.314075955438188004e-01
-5.747899159663865110e-01 9.298699510439054627e-01
-5.798319327731091821e-01 9.283232375866551367e-01
-5.848739495798318533e-01 9.267573131749908821e-01
-5.899159663865545244e-01 9.251814210165045793e-01
-5.949579831932771956e-01 9.235857734322474588e-01
-5.999999999999999778e-01 9.219837222045290659e-01
