0.000000000000000000e+00 1.000000000000001332e+00
-5.042016806722688510e-03 9.999999740426135375e-01
-1.008403361344537702e-02 9.999997729275337255e-01
-1.512605042016806553e-02 9.999991252209379233e-01
-2.016806722689075404e-02 9.999976728217103705e-01
-2.521008403361344255e-02 9.999950020456406241e-01
-3.025210084033613106e-02 9.999906689972928309e-01
-3.529411764705882304e-02 9.999842170534164465e-01
-4.033613445378150808e-02 9.999751892537163123e-01
-4.537815126050419312e-02 9.999631356001179583e-01
-5.042016806722688510e-02 9.999476270432906544e-01
-5.546218487394957708e-02 9.999282571991843227e-01
-6.050420168067226212e-02 9.999046223216343510e-01
-6.554621848739494716e-02 9.998763509208035138e-01
-7.058823529411764608e-02 9.998430834534399736e-01
-7.563025210084033112e-02 9.998044962964958149e-01
-8.067226890756301616e-02 9.997602748794391925e-01
-8.571428571428570120e-02 9.997101273602888583e-01
-9.075630252100838624e-02 9.996537741457900417e-01
-9.579831932773108516e-02 9.995909473880932872e-01
-1.008403361344537702e-01 9.995214257401106028e-01
-1.058823529411764552e-01 9.994449714376334448e-01
-1.109243697478991542e-01 9.993613702934069920e-01
-1.159663865546218392e-01 9.992703510902022357e-01
-1.210084033613445242e-01 9.991717706393123954e-01
-1.260504201680672232e-01 9.990653924091681404e-01
-1.310924369747898943e-01 9.989510181901899433e-01
-1.361344537815125932e-01 9.988284408386132185e-01
-1.411764705882352922e-01 9.986974769256240503e-01
-1.462184873949579633e-01 9.985579090488836407e-01
-1.512605042016806622e-01 9.984092478013708583e-01
-1.563025210084033334e-01 9.982513316168922790e-01
-1.613445378151260323e-01 9.980839698076878763e-01
-1.663865546218487312e-01 9.979070660451883068e-01
-1.714285714285714024e-01 9.977199797310527529e-01
-1.764705882352941013e-01 9.975214393275956271e-01
-1.815126050420167725e-01 9.973113147318957150e-01
-1.865546218487394714e-01 9.970898887848227421e-01
-1.915966386554621703e-01 9.968568985383015058e-01
-1.966386554621848415e-01 9.966132148104377420e-01
-2.016806722689075404e-01 9.963596806128932615e-01
-2.067226890756302393e-01 9.960935030282880298e-01
-2.117647058823529105e-01 9.958161574268109550e-01
-2.168067226890756094e-01 9.955281222165243138e-01
-2.218487394957983083e-01 9.952288555461221708e-01
-2.268907563025209795e-01 9.949185942841117791e-01
-2.319327731092436784e-01 9.945962888416406411e-01
-2.369747899159663496e-01 9.942631894532695247e-01
-2.420168067226890485e-01 9.939181308165210282e-01
-2.470588235294117474e-01 9.935610615532488588e-01
-2.521008403361344463e-01 9.931896119802610112e-01
-2.571428571428571175e-01 9.933686183633428923e-01
-2.621848739495797886e-01 9.930026447415728486e-01
-2.672268907563025153e-01 9.926223662515898383e-01
-2.722689075630251865e-01 9.922285361449284524e-01
-2.773109243697478576e-01 9.918179864731417883e-01
-2.823529411764705843e-01 9.913936104457943266e-01
-2.873949579831932555e-01 9.909567478046574784e-01
-2.924369747899159266e-01 9.905111188587415461e-01
-2.974789915966385978e-01 9.900526055405961534e-01
-3.025210084033613245e-01 9.895763131985280125e-01
-3.075630252100839956e-01 9.890901168467478577e-01
-3.126050420168066668e-01 9.885859501738937238e-01
-3.176470588235293935e-01 9.880604900661863477e-01
-3.226890756302520646e-01 9.875060615709825296e-01
-3.277310924369747358e-01 9.869552950895096322e-01
-3.327731092436974625e-01 9.863904010525450516e-01
-3.378151260504201336e-01 9.858066108619029100e-01
-3.428571428571428048e-01 9.852191502726197481e-01
-3.478991596638655315e-01 9.846146777554456442e-01
-3.529411764705882026e-01 9.839960124105789907e-01
-3.579831932773108738e-01 9.833683634085672587e-01
-3.630252100840335450e-01 9.827145857053423139e-01
-3.680672268907562716e-01 9.820412227272501404e-01
-3.731092436974789428e-01 9.813402031035389772e-01
-3.781512605042016140e-01 9.805986284269623265e-01
-3.831932773109243406e-01 9.798317508663003661e-01
-3.882352941176470118e-01 9.790468020196840815e-01
-3.932773109243696830e-01 9.782685949909954992e-01
-3.983193277310924096e-01 9.774666667754138283e-01
-4.033613445378150808e-01 9.766462125332099342e-01
-4.084033613445377520e-01 9.758103718599017151e-01
-4.134453781512604786e-01 9.749563124838191985e-01
-4.184873949579831498e-01 9.740968360188766439e-01
-4.235294117647058210e-01 9.732221673835805831e-01
-4.285714285714285476e-01 9.723333691194278039e-01
-4.336134453781512188e-01 9.714296867536689195e-01
-4.386554621848738900e-01 9.705117739358994911e-01
-4.436974789915966166e-01 9.695818601236099177e-01
-4.487394957983192878e-01 9.703186395054276270e-01
-4.537815126050419590e-01 9.694052814126694617e-01
-4.588235294117646301e-01 9.684839683450024994e-01
-4.638655462184873568e-01 9.675497266399732954e-01
-4.689075630252100280e-01 9.665841453242580705e-01
-4.739495798319326991e-01 9.655990351876242439e-01
-4.789915966386554258e-01 9.645995486664042939e-01
-4.840336134453780970e-01 9.635842547844700734e-01
-4.890756302521007681e-01 9.625495689310843428e-01
-4.941176470588234948e-01 9.614867833563673916e-01
-4.991596638655461660e-01 9.604276676279721592e-01
-5.042016806722688926e-01 9.593512881549761673e-01
-5.092436974789915638e-01 9.582615292437131060e-01
-5.142857142857142350e-01 9.571622451521792918e-01
-5.193277310924369061e-01 9.560487287408934165e-01
-5.243697478991595773e-01 9.549169146936580255e-01
-5.294117647058822484e-01 9.537862963689944795e-01
-5.344537815126050306e-01 9.541731759854454875e-01
-5.394957983193277018e-01 9.530171251626584628e-01
-5.445378151260503730e-01 9.502427237860546771e-01
-5.495798319327730441e-01 9.490375102590620227e-01
-5.546218487394957153e-01 9.478153001533742295e-01
-5.596638655462183864e-01 9.465823469074685637e-01
-5.647058823529411686e-01 9.453399897092693571e-01
-5.697478991596638398e-01 9.440613976373513072e-01
-5.747899159663865110e-01 9.427877308319958516e-01
-5.798319327731091821e-01 9.414996252938545584e-01
-5.848739495798318533e-01 9.402115837547325716e-01
-5.899159663865545244e-01 9.389119187475462036e-01
-5.949579831932771956e-01 9.375948245559425631e-01
-5.999999999999999778e-01 9.362726361191350266e-01
