0.000000000000000000e+00 5.381575880515854227e-01 -4.576936167515582334e-03 -4.868132142976879240e-01 3.379910656063209694e-03 -4.865553990378899685e-01 2.838190266359117905e-03 -4.864309049446938205e-01 2.969352810088984364e-03 0.000000000000000000e+00 -7.238601859611772278e-04 0.000000000000000000e+00 -7.273064624826735148e-04 0.000000000000000000e+00 8.162990185120482705e-05 9.999999999999994449e-01 5.327025251754571755e+00 2.358012948874793846e+00 4.095765488542606469e+00 -7.872723431327114385e-01
-5.042016806722688510e-03 5.364889592709148891e-01 -8.976924392465173916e-03 -4.876556190918119316e-01 6.254036320777987649e-03 -4.870513408443510328e-01 5.367971757771145339e-03 -4.868026628659130606e-01 5.598885519213067999e-03 0.000000000000000000e+00 -1.506896318803499415e-03 0.000000000000000000e+00 -1.469205395758376711e-03 0.000000000000000000e+00 1.940955500384131224e-04 1.000003037405207795e+00 5.326041092843584401e+00 2.359913602445099290e+00 4.094624778063987947e+00 -7.894366169712094816e-01
-1.008403361344537702e-02 5.349509787364173929e-01 -1.313923017731839261e-02 -4.884244309619774072e-01 8.604358560800462810e-03 -4.875070343708134968e-01 7.615229910010306094e-03 -4.870809804725436676e-01 7.815240713565188915e-03 0.000000000000000000e+00 -2.415301915980769439e-03 0.000000000000000000e+00 -2.138273617622259756e-03 0.000000000000000000e+00 2.679300794887961245e-04 1.000012849228744116e+00 5.325470300716510508e+00 2.362070038260499327e+00 4.094174360610197461e+00 -7.917660625591117496e-01
-1.512605042016806553e-02 5.334357318756675070e-01 -1.756038130302092770e-02 -4.891344450841606517e-01 1.055048212884299869e-02 -4.878595728656765496e-01 9.493494344770784729e-03 -4.874351418980079065e-01 9.662908819099922872e-03 0.000000000000000000e+00 -3.159292895061086189e-03 0.000000000000000000e+00 -2.772978542452545284e-03 0.000000000000000000e+00 2.061674058444889763e-04 1.000031792502861228e+00 5.324839285715826875e+00 2.363378574067598770e+00 4.093429355617469234e+00 -7.932172962087284951e-01
-2.016806722689075404e-02 5.320277363440819585e-01 -2.179463654368170647e-02 -4.897793215058422467e-01 1.219546274503383390e-02 -4.881705512119083878e-01 1.106333479899842577e-02 -4.877421536176209660e-01 1.119192300667611224e-02 0.000000000000000000e+00 -3.905156452420909235e-03 0.000000000000000000e+00 -3.396378411774699218e-03 0.000000000000000000e+00 1.430065426495117709e-04 1.000060823436617730e+00 5.324237941893876780e+00 2.364756371576200777e+00 4.092700168103457159e+00 -7.947255916125202102e-01
-2.521008403361344255e-02 5.307273847742006723e-01 -2.580473270158777088e-02 -4.903733038542050227e-01 1.356814817682981331e-02 -4.884276334465642577e-01 1.236275810064399808e-02 -4.880131976581816855e-01 1.245941757563142661e-02 0.000000000000000000e+00 -4.636853688913770456e-03 0.000000000000000000e+00 -4.009885832049642218e-03 0.000000000000000000e+00 5.989729923074012713e-05 1.000100548863998906e+00 5.323647415376594694e+00 2.366138433356654858e+00 4.091965040979950174e+00 -7.962844810543626695e-01
-3.025210084033613106e-02 5.295273941185090205e-01 -2.959683790052642163e-02 -4.909148847725211540e-01 1.469976144180431751e-02 -4.886374208997858459e-01 1.342479115510566458e-02 -4.882619587520629634e-01 1.347833416630956488e-02 0.000000000000000000e+00 -5.345636932255460293e-03 0.000000000000000000e+00 -4.617166141591586351e-03 0.000000000000000000e+00 -2.967768642527165854e-05 1.000151094039753774e+00 5.322969736613141656e+00 2.367506906503041186e+00 4.091161960701922951e+00 -7.978473764440247029e-01
-3.529411764705882304e-02 5.284215994649363868e-01 -3.318625479883396956e-02 -4.913943496152493595e-01 1.561908632898617068e-02 -4.888267783814378431e-01 1.426380986103691073e-02 -4.884860838305395414e-01 1.426122850529266094e-02 0.000000000000000000e+00 -6.034050449804886918e-03 0.000000000000000000e+00 -5.186827791467086071e-03 0.000000000000000000e+00 -1.161837158087971055e-04 1.000212152584827985e+00 5.322366974697687603e+00 2.368866788607943530e+00 4.090406817650803717e+00 -7.994048263716816427e-01
-4.033613445378150808e-02 5.273871535430491031e-01 -3.664881320536831494e-02 -4.918080353614178724e-01 1.638025906617566335e-02 -4.890126689985908603e-01 1.493271998981001922e-02 -4.886970662456035508e-01 1.481596583455530372e-02 0.000000000000000000e+00 -6.695565329655588961e-03 0.000000000000000000e+00 -5.695666127085411909e-03 0.000000000000000000e+00 -1.859408963404106385e-04 1.000283094962965524e+00 5.321925828602585895e+00 2.370203623852133124e+00 4.089742662712327004e+00 -8.009659205232088075e-01
-4.537815126050419312e-02 5.264375951645750007e-01 -3.989265024172342772e-02 -4.921947535786064809e-01 1.695128641501137887e-02 -4.891755089604437612e-01 1.542448703537567176e-02 -4.888729220421189070e-01 1.520842651424204883e-02 0.000000000000000000e+00 -7.348181437841649725e-03 0.000000000000000000e+00 -6.169704376054636029e-03 0.000000000000000000e+00 -2.473450565007915105e-04 1.000363140897948533e+00 5.321504392030311337e+00 2.371558593262655723e+00 4.089097869013950337e+00 -8.025161730139330762e-01
-5.042016806722688510e-02 5.255879397876049852e-01 -4.286738603850751006e-02 -4.925568086673294266e-01 1.728255921331368211e-02 -4.893288903860859018e-01 1.565523734764520322e-02 -4.889962119164849019e-01 1.543480198503894424e-02 0.000000000000000000e+00 -7.956165681539738993e-03 0.000000000000000000e+00 -6.608404941876463122e-03 0.000000000000000000e+00 -3.147174660720389837e-04 1.000451422213207708e+00 5.321316462125213143e+00 2.372879789966724662e+00 4.088575882661906746e+00 -8.039922803125100215e-01
-5.546218487394957708e-02 5.248218544468936653e-01 -4.560697239261726071e-02 -4.929035241840706849e-01 1.743826723326276362e-02 -4.894527841904500187e-01 1.571390634931726232e-02 -4.890929659996926526e-01 1.551908375353231589e-02 0.000000000000000000e+00 -8.521294573383859927e-03 0.000000000000000000e+00 -6.999739073137271894e-03 0.000000000000000000e+00 -3.863757558132954674e-04 1.000546698509657162e+00 5.321247863338622430e+00 2.374113360400252670e+00 4.088110257171403639e+00 -8.053820464310313954e-01
-6.050420168067226212e-02 5.241236582261703525e-01 -4.814670310737463599e-02 -4.932164187015289358e-01 1.750200640994885315e-02 -4.895468275327995999e-01 1.564865214711668936e-02 -4.891962228392600087e-01 1.546046884059653487e-02 0.000000000000000000e+00 -9.060978194988940707e-03 0.000000000000000000e+00 -7.362743475626694865e-03 0.000000000000000000e+00 -4.486573941546791481e-04 1.000647948727259928e+00 5.321216898801854001e+00 2.375282464437340924e+00 4.087638557278431506e+00 -8.067534741632836903e-01
-6.554621848739494716e-02 5.234812772604067188e-01 -5.051673847367597198e-02 -4.934989876233142891e-01 1.751050718805691880e-02 -4.896070276775915664e-01 1.551880867250942861e-02 -4.893159621600050579e-01 1.528541558321358344e-02 0.000000000000000000e+00 -9.586993164180540941e-03 0.000000000000000000e+00 -7.711703760283395576e-03 0.000000000000000000e+00 -4.931325208266903364e-04 1.000754150533833098e+00 5.321132517162880049e+00 2.376423608732946224e+00 4.087116674554065021e+00 -8.081394557348023922e-01
-7.058823529411764608e-02 5.228980232010825846e-01 -5.269896529904202070e-02 -4.937660917356682111e-01 1.744170079100668819e-02 -4.896425519954206163e-01 1.530648828856400259e-02 -4.894293963985770768e-01 1.502329905269693226e-02 0.000000000000000000e+00 -1.009324144037930526e-02 0.000000000000000000e+00 -8.038402826982210189e-03 0.000000000000000000e+00 -5.215433190744570317e-04 1.000864370720092822e+00 5.321088993944849577e+00 2.377534867947267205e+00 4.086587965480450890e+00 -8.095198006826118675e-01
-7.563025210084033112e-02 5.223698135101938478e-01 -5.469975074179822538e-02 -4.940223087835949323e-01 1.730408227932448209e-02 -4.896603860525334251e-01 1.501910531620618411e-02 -4.895298877761753986e-01 1.469355006667965799e-02 0.000000000000000000e+00 -1.058499288970573063e-02 0.000000000000000000e+00 -8.339024267642556124e-03 0.000000000000000000e+00 -5.312068762780797161e-04 1.000977901334645814e+00 5.321124850158666320e+00 2.378631178894131448e+00 4.086068594457268333e+00 -8.109061391916829731e-01
-8.067226890756301616e-02 5.218907333293522077e-01 -5.653608015155690142e-02 -4.942742916307752976e-01 1.710401380385679834e-02 -4.896601762853871054e-01 1.466927394378596435e-02 -4.896164127524209042e-01 1.431151208759080633e-02 0.000000000000000000e+00 -1.106198383155671677e-02 0.000000000000000000e+00 -8.608503607144282754e-03 0.000000000000000000e+00 -5.276581123063355319e-04 1.001094230316606160e+00 5.321283868120993965e+00 2.379719742827768325e+00 4.085591902821322563e+00 -8.122857699169969692e-01
-8.571428571428570120e-02 5.214616105232109389e-01 -5.819176473719479131e-02 -4.945199645699404067e-01 1.686458802607769189e-02 -4.896544173657360055e-01 1.426614534784548943e-02 -4.896806184042937216e-01 1.388318824965762734e-02 0.000000000000000000e+00 -1.151187841765431187e-02 0.000000000000000000e+00 -8.868062288950716993e-03 0.000000000000000000e+00 -5.097849332384813900e-04 1.001212953651555271e+00 5.321623815664191959e+00 2.380792100302602687e+00 4.085140182347347881e+00 -8.136810986322454697e-01
-9.075630252100838624e-02 5.210725030679539405e-01 -5.970584149455644696e-02 -4.947664990301244292e-01 1.658698353483653576e-02 -4.896081771031113306e-01 1.381040728353265593e-02 -4.897572129042438438e-01 1.339263496397526988e-02 0.000000000000000000e+00 -1.194992800694451296e-02 0.000000000000000000e+00 -9.077069187606586625e-03 0.000000000000000000e+00 -5.106674418895687951e-04 1.001333627006223637e+00 5.322004799927960050e+00 2.381785447381258081e+00 4.084743625214507290e+00 -8.150219513731736809e-01
-9.579831932773108516e-02 5.207105841820242054e-01 -6.114013089071135276e-02 -4.950250191666679678e-01 1.626855657346869613e-02 -4.895364835447382212e-01 1.333063101584490429e-02 -4.898264823436248583e-01 1.282787906843320044e-02 0.000000000000000000e+00 -1.238858134219904435e-02 0.000000000000000000e+00 -9.223117138188987457e-03 0.000000000000000000e+00 -5.196030164746276436e-04 1.001455199437802035e+00 5.322541523233946137e+00 2.382699518665011507e+00 4.084466921827125674e+00 -8.163334308373485504e-01
-1.008403361344537702e-01 5.203791834638455960e-01 -6.245735633225675543e-02 -4.952809800188010536e-01 1.592274757287917911e-02 -4.894366961949814243e-01 1.287010750409239325e-02 -4.899040305311461729e-01 1.222393910516869631e-02 0.000000000000000000e+00 -1.281341377176953636e-02 0.000000000000000000e+00 -9.332370321104925190e-03 0.000000000000000000e+00 -5.523953394892071583e-04 1.001576673446320953e+00 5.323083208696258950e+00 2.383547315022069846e+00 4.084268425612363806e+00 -8.175782556701273185e-01
-1.058823529411764552e-01 5.200636665388876922e-01 -6.370028710713657172e-02 -4.955403218997463943e-01 1.555312491078508774e-02 -4.893006415546816701e-01 1.238468806805031325e-02 -4.900036420063633158e-01 1.155393472262971309e-02 0.000000000000000000e+00 -1.318179306373457906e-02 0.000000000000000000e+00 -9.444188238865133464e-03 0.000000000000000000e+00 -5.950701760765099869e-04 1.001698858192345387e+00 5.323476990585220392e+00 2.384119131862690200e+00 4.083945196307601222e+00 -8.187249831187880522e-01
-1.109243697478991542e-01 5.197696613731334070e-01 -6.486803614897659886e-02 -4.957951429584255276e-01 1.518352868390716176e-02 -4.891689954937732954e-01 1.186428732378956401e-02 -4.900863778357308909e-01 1.088376140422166530e-02 0.000000000000000000e+00 -1.352861642438594851e-02 0.000000000000000000e+00 -9.522078436693457229e-03 0.000000000000000000e+00 -6.325069625893225056e-04 1.001818752909003241e+00 5.323964847537235201e+00 2.384613118176691859e+00 4.083649876644514620e+00 -8.198416814082596371e-01
-1.159663865546218392e-01 5.194919056032154536e-01 -6.597892825091784819e-02 -4.960464572390822502e-01 1.482042169819781582e-02 -4.890371524160777028e-01 1.135055035811351719e-02 -4.901571812557331542e-01 1.023323159276891096e-02 0.000000000000000000e+00 -1.385129248198541281e-02 0.000000000000000000e+00 -9.574311662688721886e-03 0.000000000000000000e+00 -6.643485432749366912e-04 1.001936075126725223e+00 5.324514583145038671e+00 2.385041898425622087e+00 4.083381157844171661e+00 -8.209229688028384375e-01
-1.210084033613445242e-01 5.192213933737392928e-01 -6.707864886547915129e-02 -4.962972021825168278e-01 1.446870279991333864e-02 -4.889086895820917711e-01 1.085696223211858602e-02 -4.902128148069413993e-01 9.614332003076023550e-03 0.000000000000000000e+00 -1.414860171178567230e-02 0.000000000000000000e+00 -9.587881650580691237e-03 0.000000000000000000e+00 -6.903141424606918210e-04 1.002051011032115690e+00 5.325260883618441632e+00 2.385413843052816230e+00 4.083210306975432857e+00 -8.219810085497759600e-01
-1.260504201680672232e-01 5.189451420335322585e-01 -6.825522021203171696e-02 -4.965585801972017821e-01 1.409312065050976996e-02 -4.887757999602189707e-01 1.036671702478360324e-02 -4.902533003467891559e-01 9.007747870746757660e-03 0.000000000000000000e+00 -1.438525720510177436e-02 0.000000000000000000e+00 -9.513759445215477437e-03 0.000000000000000000e+00 -7.319879429191387347e-04 1.002164354327589990e+00 5.326554099619606575e+00 2.385609809024485717e+00 4.083311894306001832e+00 -8.229938025086617204e-01
-1.310924369747898943e-01 5.188212784293266822e-01 -6.899149824153637256e-02 -4.973158269914392804e-01 1.347676645705469210e-02 -4.882198793276867343e-01 1.013506471845463351e-02 -4.901330575506576137e-01 9.108359926386052838e-03 0.000000000000000000e+00 -1.480799911067872017e-02 0.000000000000000000e+00 -9.536278015885663040e-03 0.000000000000000000e+00 -3.377348078321590385e-04 1.002274851324544969e+00 5.327786352777645007e+00 2.389155195232110174e+00 4.083912959806478504e+00 -8.250787028397115197e-01
-1.361344537815125932e-01 5.187622533993377916e-01 -6.920716743236647595e-02 -4.978125271424241882e-01 1.302928287706005619e-02 -4.873715992151412268e-01 1.031209633884684271e-02 -4.905603598944565102e-01 8.740131905436548596e-03 0.000000000000000000e+00 -1.501971443472066743e-02 0.000000000000000000e+00 -9.850622725949475730e-03 0.000000000000000000e+00 -2.091588412232512468e-04 1.002445116287083549e+00 5.326513850480386836e+00 2.390916632708370848e+00 4.083641354563013692e+00 -8.264310384514876873e-01
-1.411764705882352922e-01 5.186985454966662745e-01 -6.942722861896177822e-02 -4.982630448586393146e-01 1.270559554615063175e-02 -4.867166615180489875e-01 1.015834077028422017e-02 -4.908438055050077242e-01 8.325744741763105305e-03 0.000000000000000000e+00 -1.516012074397612465e-02 0.000000000000000000e+00 -1.017290519704428312e-02 0.000000000000000000e+00 -1.355750743667766820e-04 1.002622837111425858e+00 5.325042560219751309e+00 2.391994292182768156e+00 4.083178188262268193e+00 -8.276311288641740038e-01
-1.462184873949579633e-01 5.185699337835797396e-01 -6.985800076206530318e-02 -4.986728323019619658e-01 1.223367954848734659e-02 -4.860208643197013179e-01 1.023529337088924761e-02 -4.912205978439941889e-01 8.059187961805198627e-03 0.000000000000000000e+00 -1.520101138216754973e-02 0.000000000000000000e+00 -1.044827889169986854e-02 0.000000000000000000e+00 -2.612247245381573942e-04 1.002797232260238758e+00 5.323485313736196822e+00 2.392419628479696136e+00 4.082951180234291932e+00 -8.277489655597760621e-01
-1.512605042016806622e-01 5.184451420900143548e-01 -7.024535869616076178e-02 -4.989309722999295538e-01 1.191724963306083594e-02 -4.855463392200567441e-01 1.013938528994104589e-02 -4.915265229556692872e-01 7.839916998934746278e-03 0.000000000000000000e+00 -1.524666219768481407e-02 0.000000000000000000e+00 -1.070188490609134263e-02 0.000000000000000000e+00 -3.963850384731518769e-04 1.002968164159625530e+00 5.322235664678844458e+00 2.392688909445844558e+00 4.082804117323949100e+00 -8.277609948315485244e-01
-1.563025210084033334e-01 5.183376677892506112e-01 -7.057098962463907721e-02 -4.991083722611481810e-01 1.155554620014460909e-02 -4.852341049460684452e-01 9.882502046118776806e-03 -4.917426920466204665e-01 7.630901067620975489e-03 0.000000000000000000e+00 -1.523441159515759313e-02 0.000000000000000000e+00 -1.091413290803741436e-02 0.000000000000000000e+00 -5.607954590635795761e-04 1.003133585834082186e+00 5.321090780723898739e+00 2.392762887564208629e+00 4.082738659006576398e+00 -8.275754085903813673e-01
-1.613445378151260323e-01 5.182386957543198003e-01 -7.086687873970662355e-02 -4.991725557041580275e-01 1.127623765816149898e-02 -4.850112109129202098e-01 9.543025606341641945e-03 -4.919808803012602483e-01 7.342347999734632688e-03 0.000000000000000000e+00 -1.521244429623634653e-02 0.000000000000000000e+00 -1.113089265178516390e-02 0.000000000000000000e+00 -6.738146613627889799e-04 1.003289694982115288e+00 5.319837293234832565e+00 2.392724042497432979e+00 4.082605251757939868e+00 -8.273812585479916049e-01
-1.663865546218487312e-01 5.181291235531517714e-01 -7.121576243402194528e-02 -4.991806801263486415e-01 1.108127596221461855e-02 -4.848909001268031926e-01 9.141733906674262555e-03 -4.921758649444208933e-01 7.056901854749497716e-03 0.000000000000000000e+00 -1.519748986084522822e-02 0.000000000000000000e+00 -1.133796153059182625e-02 0.000000000000000000e+00 -7.728184379702368861e-04 1.003431713851736573e+00 5.318670660644632342e+00 2.392622695555952195e+00 4.082417444953917673e+00 -8.272431903232408956e-01
-1.714285714285714024e-01 5.180153660227094781e-01 -7.158332077524609538e-02 -4.991828491836641235e-01 1.092375346679719077e-02 -4.848304930702313498e-01 8.721893674695111939e-03 -4.923171461121929049e-01 6.786454639278053161e-03 0.000000000000000000e+00 -1.519335527254708253e-02 0.000000000000000000e+00 -1.155308284483692188e-02 0.000000000000000000e+00 -8.631381967636366902e-04 1.003559647127502785e+00 5.317470985602522404e+00 2.392500067752985959e+00 4.082141018374703556e+00 -8.271783596142975314e-01
-1.764705882352941013e-01 5.178690413995107322e-01 -7.212194931538497278e-02 -4.989720713387267859e-01 1.116669700247382990e-02 -4.852511609472863197e-01 7.756318483980742529e-03 -4.922224599964203362e-01 6.165646092647413500e-03 0.000000000000000000e+00 -1.540617971211857666e-02 0.000000000000000000e+00 -1.153415693783632970e-02 0.000000000000000000e+00 -8.039742720362328928e-04 1.003685810560877245e+00 5.317582779670687820e+00 2.392402920685094525e+00 4.081569119537361345e+00 -8.279619660864643294e-01
-1.815126050420167725e-01 5.177784245169249067e-01 -7.245162894058217173e-02 -4.992065645676909691e-01 1.083653310960185599e-02 -4.851290103460609293e-01 7.544835408997553443e-03 -4.921698908707019537e-01 6.004842864037551395e-03 0.000000000000000000e+00 -1.535120152813235737e-02 0.000000000000000000e+00 -1.175758214740642640e-02 0.000000000000000000e+00 -9.021627333093278382e-04 1.003768829288310238e+00 5.316248223896795189e+00 2.392439359888196559e+00 4.081244028113731659e+00 -8.280630635051211552e-01
-1.865546218487394714e-01 5.177175231530947164e-01 -7.274041998283557742e-02 -4.995360191567563279e-01 1.056275730229409675e-02 -4.852277600810621649e-01 7.188780162533510605e-03 -4.917797833508989469e-01 6.059113267052158684e-03 0.000000000000000000e+00 -1.531924027615853834e-02 0.000000000000000000e+00 -1.207436448088275958e-02 0.000000000000000000e+00 -9.121984509130121391e-04 1.003843606057419624e+00 5.314135138009378423e+00 2.393117239038034416e+00 4.080262613546051575e+00 -8.286211411896988732e-01
-1.915966386554621703e-01 5.176691210692169198e-01 -7.300762898887246111e-02 -4.998339129634433720e-01 1.034634629812803026e-02 -4.853431207874754905e-01 6.895077604889651712e-03 -4.914008096963972672e-01 6.245162282907985515e-03 0.000000000000000000e+00 -1.547089950914882182e-02 0.000000000000000000e+00 -1.252152995556156910e-02 0.000000000000000000e+00 -7.449501668454948594e-04 1.003934128478058296e+00 5.311208589447825368e+00 2.394606652100843558e+00 4.078604430765211397e+00 -8.297368527726102228e-01
-1.966386554621848415e-01 5.176097148798385339e-01 -7.338208490865916200e-02 -5.001100360636058229e-01 1.018985684340439728e-02 -4.854184645277618837e-01 6.741836786402282886e-03 -4.910814266822710050e-01 6.473577846192134048e-03 0.000000000000000000e+00 -1.572947885932599044e-02 0.000000000000000000e+00 -1.305457348869988425e-02 0.000000000000000000e+00 -4.287150860370644401e-04 1.004061182022102816e+00 5.307858591758405353e+00 2.396613112071999563e+00 4.076593100296985739e+00 -8.312901971568443793e-01
-2.016806722689075404e-01 5.175735821330824660e-01 -7.358839426661163696e-02 -5.002609911088645722e-01 1.035486426023928506e-02 -4.853596555392062917e-01 6.796097169453296089e-03 -4.910232912547223272e-01 6.628215550044954697e-03 0.000000000000000000e+00 -1.602964390169127687e-02 0.000000000000000000e+00 -1.357643440206822948e-02 0.000000000000000000e+00 -1.181021338836711734e-04 1.004242870588601289e+00 5.305460315390692294e+00 2.398311492112185306e+00 4.075182834896646789e+00 -8.330498708290947629e-01
-2.067226890756302393e-01 5.176017575816952432e-01 -7.354156747849710518e-02 -5.002503223024141743e-01 1.067883838393856970e-02 -4.851935066911774452e-01 6.822726584744346137e-03 -4.912205562172751727e-01 6.638890305014722402e-03 0.000000000000000000e+00 -1.626379993480710565e-02 0.000000000000000000e+00 -1.397051450954173504e-02 0.000000000000000000e+00 -5.095509945307773376e-06 1.004438110444438648e+00 5.304101113067741124e+00 2.399894676540244021e+00 4.074201436436173829e+00 -8.350894155089938486e-01
-2.117647058823529105e-01 5.174100502858286488e-01 -7.421996738671711447e-02 -5.005476197296752083e-01 1.096575248882752755e-02 -4.851278580723157319e-01 7.509090569573723638e-03 -4.911143023314289424e-01 6.013059367074564607e-03 0.000000000000000000e+00 -1.632911988594408503e-02 0.000000000000000000e+00 -1.396817162044573096e-02 0.000000000000000000e+00 -3.094786863568500649e-04 1.004618694955756952e+00 5.304475252568916943e+00 2.399378667494882933e+00 4.074257185989345054e+00 -8.359178986028809044e-01
-2.168067226890756094e-01 5.172320133768799622e-01 -7.490355713305230090e-02 -5.008449116488415953e-01 1.132514423485838327e-02 -4.851217348807022600e-01 8.073246163430511380e-03 -4.909286399783723276e-01 5.528155622130990696e-03 0.000000000000000000e+00 -1.647847856456688062e-02 0.000000000000000000e+00 -1.403998070029605777e-02 0.000000000000000000e+00 -5.370845421141677480e-04 1.004794446502377481e+00 5.304463033300721442e+00 2.399545731575601248e+00 4.074131511443389364e+00 -8.370928837600526418e-01
-2.218487394957983083e-01 5.171467646589411604e-01 -7.520950148104395272e-02 -5.010607035984198099e-01 1.153696383289518589e-02 -4.851812905667653997e-01 8.133472621589966228e-03 -4.907301333130179577e-01 5.172192794742101925e-03 0.000000000000000000e+00 -1.678104234416446378e-02 0.000000000000000000e+00 -1.407535811681626461e-02 0.000000000000000000e+00 -6.425141136422671002e-04 1.004973558816552037e+00 5.305016262409536054e+00 2.400425458089305852e+00 4.074105910918288664e+00 -8.385776958268794656e-01
-2.268907563025209795e-01 5.170562171346263503e-01 -7.564354343695307847e-02 -5.015167089517725829e-01 1.181175968500934592e-02 -4.852572139432503873e-01 8.267685997092662220e-03 -4.902553728428048485e-01 5.531044626482345752e-03 0.000000000000000000e+00 -1.740064548175811882e-02 0.000000000000000000e+00 -1.426601077564704570e-02 0.000000000000000000e+00 -3.849421374038416565e-04 1.005150272725682692e+00 5.306018909462909328e+00 2.404139388824383161e+00 4.073964116404083846e+00 -8.411892000799160440e-01
-2.319327731092436784e-01 5.170864869804925323e-01 -7.523166422860320945e-02 -5.014744967574530365e-01 1.171790277981300463e-02 -4.853605521434264936e-01 7.654489574936878919e-03 -4.903139211219813554e-01 4.507998022440696910e-03 0.000000000000000000e+00 -1.731792716999143444e-02 0.000000000000000000e+00 -1.417091350735212238e-02 0.000000000000000000e+00 -5.713148243686216095e-04 1.005400867740111392e+00 5.307790368979765638e+00 2.402812825768797289e+00 4.073810885126931680e+00 -8.421808076953681832e-01
-2.369747899159663496e-01 5.170586026106579469e-01 -7.514197955941671891e-02 -5.015822842650374813e-01 1.149845916581127697e-02 -4.853133781852361217e-01 7.274500751758591725e-03 -4.903586698592817816e-01 4.041229004246196625e-03 0.000000000000000000e+00 -1.738753948229896859e-02 0.000000000000000000e+00 -1.413133823348550720e-02 0.000000000000000000e+00 -7.247546179610451621e-04 1.005579214665397458e+00 5.310430792257090360e+00 2.402887569735665529e+00 4.074227312893510700e+00 -8.431039248089026161e-01
-2.420168067226890485e-01 5.170945162065799794e-01 -7.474089821135020129e-02 -5.014851213352392589e-01 1.130771152468171455e-02 -4.850724731989645711e-01 6.793341619445288082e-03 -4.907765876782755887e-01 3.500054305850320169e-03 0.000000000000000000e+00 -1.733139851023357894e-02 0.000000000000000000e+00 -1.422867779463900077e-02 0.000000000000000000e+00 -8.983014925081427796e-04 1.005698883832729429e+00 5.312357675451414352e+00 2.402479308137994263e+00 4.074384276049631382e+00 -8.438201452322279250e-01
-2.470588235294117474e-01 5.168390455748602674e-01 -7.607250463847833877e-02 -5.022446160050474395e-01 1.138682717254826601e-02 -4.849766999202630990e-01 6.664649700717134410e-03 -4.902335960954953276e-01 3.961395397910891236e-03 0.000000000000000000e+00 -1.785856948158744129e-02 0.000000000000000000e+00 -1.416444160240641799e-02 0.000000000000000000e+00 -5.739459522282799181e-04 1.005760459798333395e+00 5.318208981137511948e+00 2.405766709022090222e+00 4.075814267125894119e+00 -8.462577532213463316e-01
-2.521008403361344463e-01 5.169396399804845332e-01 -7.405359726867044579e-02 -5.030098628784807069e-01 4.695080363461131764e-03 -4.811183024727778146e-01 1.248087463753103608e-02 -4.933422301788800701e-01 1.004778094828040176e-03 0.000000000000000000e+00 -1.470640082797839733e-02 0.000000000000000000e+00 -1.301861278834248042e-02 0.000000000000000000e+00 -5.249877780463018881e-03 1.006150213595949472e+00 5.329584394049812879e+00 2.388437087499130751e+00 4.095800526876860914e+00 -8.291607569088740304e-01
-2.571428571428571175e-01 5.167028114594780508e-01 -7.461029783940574533e-02 -5.011918853952442854e-01 7.121158626387901446e-03 -4.831864377042713876e-01 9.414595539606008742e-03 -4.931509958863559140e-01 1.704623158748502136e-03 0.000000000000000000e+00 -1.503702360845857004e-02 0.000000000000000000e+00 -1.322382665890415795e-02 0.000000000000000000e+00 -4.842779150997597419e-03 1.005840460679295001e+00 5.328189245114895556e+00 2.391364465795620564e+00 4.094672392374009817e+00 -8.300057161830585173e-01
-2.621848739495797886e-01 5.166027780973379002e-01 -7.470596879264243539e-02 -5.000335488027243258e-01 8.940897423702767050e-03 -4.841577942473798135e-01 7.471899183956303044e-03 -4.933466851812065568e-01 2.152143883983968949e-03 0.000000000000000000e+00 -1.502932970419280402e-02 0.000000000000000000e+00 -1.411244664966660942e-02 0.000000000000000000e+00 -4.519925297944723738e-03 1.005807695709833638e+00 5.322515132267603200e+00 2.392934591946843437e+00 4.090913254219117334e+00 -8.309726168712325833e-01
-2.672268907563025153e-01 5.166146408460383643e-01 -7.460178609778243819e-02 -4.998101076882269789e-01 9.142106821679599898e-03 -4.845063886531141284e-01 6.285964737167468348e-03 -4.932223201097699072e-01 2.495312509154632482e-03 0.000000000000000000e+00 -1.502439505392473389e-02 0.000000000000000000e+00 -1.460832451627130067e-02 0.000000000000000000e+00 -4.298534170236827795e-03 1.005754456661265950e+00 5.319031773802368690e+00 2.394191548119687152e+00 4.088732185179269507e+00 -8.315751554576666926e-01
-2.722689075630251865e-01 5.165723317701140793e-01 -7.473956395229822136e-02 -4.999142977895635886e-01 8.916886896621258746e-03 -4.845129103719505448e-01 5.882823502086392993e-03 -4.931399137277938105e-01 2.592961922491936969e-03 0.000000000000000000e+00 -1.498806730081516173e-02 0.000000000000000000e+00 -1.472703302625685655e-02 0.000000000000000000e+00 -4.325268443311730375e-03 1.005708585453549464e+00 5.318008851790665403e+00 2.394566331197903519e+00 4.088645607385962499e+00 -8.316133469402643419e-01
-2.773109243697478576e-01 5.165113606632493193e-01 -7.500178444522062615e-02 -4.999986309438245180e-01 8.944099734600302956e-03 -4.846342245116613268e-01 5.464487153176740032e-03 -4.929764625104817721e-01 2.788564523673110404e-03 0.000000000000000000e+00 -1.511683745457005970e-02 0.000000000000000000e+00 -1.488244705219453866e-02 0.000000000000000000e+00 -4.228000120808525497e-03 1.005673160615601081e+00 5.317203549217914826e+00 2.395689967584774482e+00 4.088183852964260900e+00 -8.323824361888590984e-01
-2.823529411764705843e-01 5.164329837874965801e-01 -7.548040690281833387e-02 -5.001682674075107471e-01 8.707409834992612535e-03 -4.849195231382674165e-01 5.108087831084022652e-03 -4.925388752245677404e-01 3.212374543658159769e-03 0.000000000000000000e+00 -1.532141770676149692e-02 0.000000000000000000e+00 -1.505794647877972334e-02 0.000000000000000000e+00 -4.071777883222454757e-03 1.005647731204970752e+00 5.315655029745596671e+00 2.397254650931823328e+00 4.087651455646827969e+00 -8.328951320933730695e-01
-2.873949579831932555e-01 5.163860813678005091e-01 -7.577893372114544168e-02 -5.003189855214360549e-01 8.583465211112686552e-03 -4.851224447024697906e-01 5.051096910858554091e-03 -4.921954136525897860e-01 3.679686132334782176e-03 0.000000000000000000e+00 -1.556049702372759580e-02 0.000000000000000000e+00 -1.524690367658164056e-02 0.000000000000000000e+00 -3.940174980837657034e-03 1.005694862647448007e+00 5.314715071563634652e+00 2.398986954447762887e+00 4.087255185318713124e+00 -8.334194305165320005e-01
-2.924369747899159266e-01 5.162722617707702355e-01 -7.639716184488749839e-02 -5.006215050908129349e-01 8.918023766055261509e-03 -4.853418054325557285e-01 5.218644011962229531e-03 -4.917048234168523990e-01 4.534296173616619505e-03 0.000000000000000000e+00 -1.619546713853439387e-02 0.000000000000000000e+00 -1.547073651415265677e-02 0.000000000000000000e+00 -3.563582797136298844e-03 1.005833197182671279e+00 5.314718277832288784e+00 2.402420334057365103e+00 4.086753959283670135e+00 -8.350979120535524380e-01
-2.974789915966385978e-01 5.158472325900919087e-01 -7.817258494266855762e-02 -5.013116902473937486e-01 8.926588388025628179e-03 -4.850075212788974022e-01 7.361696999096357767e-03 -4.914341641316268827e-01 6.217123921934302085e-03 0.000000000000000000e+00 -1.700261084601157116e-02 0.000000000000000000e+00 -1.569185479560544424e-02 0.000000000000000000e+00 -3.699308790988431982e-03 1.006116202449012675e+00 5.316100729465046193e+00 2.406143098683414916e+00 4.088934696085259723e+00 -8.350976973395329850e-01
-3.025210084033613245e-01 5.157796711285906888e-01 -7.709191887704464063e-02 -5.001417267364539621e-01 1.161518433042428057e-02 -4.856711591127197969e-01 6.120290733887392282e-03 -4.922263659007142245e-01 7.800819135961416240e-03 0.000000000000000000e+00 -1.715311247347242260e-02 0.000000000000000000e+00 -1.835353728247488686e-02 0.000000000000000000e+00 -3.124630874192314226e-03 1.006625247521917510e+00 5.292555295809331817e+00 2.404547796619181721e+00 4.072991397356353183e+00 -8.345209081086046865e-01
-3.075630252100839956e-01 5.157781956644182930e-01 -7.645504680168319078e-02 -5.004559116694154985e-01 1.072151421469200346e-02 -4.857306263287792802e-01 6.108943415746606771e-03 -4.919617182770624764e-01 7.150285372178560687e-03 0.000000000000000000e+00 -1.643394013316175004e-02 0.000000000000000000e+00 -1.875027537202674302e-02 0.000000000000000000e+00 -3.449804260276165963e-03 1.006897972499810390e+00 5.292360400474763082e+00 2.401208591741891052e+00 4.072038224641147508e+00 -8.331478544562875843e-01
-3.126050420168066668e-01 5.157013577474540700e-01 -7.645219971428518502e-02 -5.010567506273150284e-01 1.012319249568496490e-02 -4.857476586630099513e-01 6.574907598264590272e-03 -4.914468289604519979e-01 6.778418742851238452e-03 0.000000000000000000e+00 -1.583341717396029302e-02 0.000000000000000000e+00 -1.908856881487304424e-02 0.000000000000000000e+00 -3.565880594959652729e-03 1.007224422389712659e+00 5.292065745842823965e+00 2.398758896893740555e+00 4.070926293169137899e+00 -8.326030527593708541e-01
-3.176470588235293935e-01 5.156557875027542037e-01 -7.658518228259933447e-02 -5.015918613214941368e-01 9.699401337504531123e-03 -4.857848993223287115e-01 6.706131942590743897e-03 -4.909403444362731017e-01 6.592360624151543183e-03 0.000000000000000000e+00 -1.537196333742602700e-02 0.000000000000000000e+00 -1.957266393272403399e-02 0.000000000000000000e+00 -3.439657242902354958e-03 1.007573937712759715e+00 5.290637074692498665e+00 2.397879550787978875e+00 4.069736247723130695e+00 -8.322425411137928108e-01
-3.226890756302520646e-01 5.156371384002426117e-01 -7.654113642815763008e-02 -5.019540075632983323e-01 9.432464489580062034e-03 -4.859550426488432051e-01 6.685632287058488471e-03 -4.904761487422343302e-01 6.672408164236884841e-03 0.000000000000000000e+00 -1.495494508017023924e-02 0.000000000000000000e+00 -2.002631320769334561e-02 0.000000000000000000e+00 -3.350979652259019389e-03 1.007927575598464687e+00 5.288954204583048657e+00 2.396800183807992646e+00 4.068524041086765131e+00 -8.316110685638674616e-01
-3.277310924369747358e-01 5.156976130719872486e-01 -7.601818087133331570e-02 -5.019983322497291178e-01 9.282798712812574682e-03 -4.863425579047440106e-01 6.176060513650941802e-03 -4.901211167700005866e-01 6.809688450427180302e-03 0.000000000000000000e+00 -1.464943488052072862e-02 0.000000000000000000e+00 -2.031345348873799667e-02 0.000000000000000000e+00 -3.321915400320791644e-03 1.008197839388468964e+00 5.288297845046524337e+00 2.395686920616016291e+00 4.067622650139155915e+00 -8.309367404223177989e-01
-3.327731092436974625e-01 5.157572260621843263e-01 -7.575958706265875642e-02 -5.018408522739933320e-01 9.241391787867097793e-03 -4.866916151211755914e-01 5.818072774886888683e-03 -4.899560501507995158e-01 6.695987318876146441e-03 0.000000000000000000e+00 -1.449672642931560361e-02 0.000000000000000000e+00 -2.066530863009323829e-02 0.000000000000000000e+00 -3.109314092429802268e-03 1.008392568764413966e+00 5.286292053285373882e+00 2.395935986165611542e+00 4.066541205459394348e+00 -8.310444809942887368e-01
-3.378151260504201336e-01 5.158466765200699911e-01 -7.516152637083348131e-02 -5.015158105399901700e-01 9.619967410921840059e-03 -4.875804546345985369e-01 4.808154790845715551e-03 -4.894633024121971543e-01 6.620814381685982339e-03 0.000000000000000000e+00 -1.464085910027999697e-02 0.000000000000000000e+00 -2.068664775817530277e-02 0.000000000000000000e+00 -3.026536745671730769e-03 1.008493805405773935e+00 5.286675381829385678e+00 2.396114236943313713e+00 4.065379245899178429e+00 -8.322317874764140200e-01
-3.428571428571428048e-01 5.158555944542252414e-01 -7.479107954368416356e-02 -5.014588210332660001e-01 9.740783436401501127e-03 -4.883574991941120325e-01 4.031300582008800343e-03 -4.888228621746172897e-01 6.839203967588995334e-03 0.000000000000000000e+00 -1.472782584901682901e-02 0.000000000000000000e+00 -2.054995647471588235e-02 0.000000000000000000e+00 -3.248586925518864160e-03 1.008484301469417588e+00 5.287937061454697663e+00 2.395739068687370299e+00 4.064251093949666327e+00 -8.330079324382115846e-01
-3.478991596638655315e-01 5.158600486565515508e-01 -7.447143874865624902e-02 -5.014530241634375107e-01 9.793403962835891749e-03 -4.888943507164605351e-01 3.367463549030645827e-03 -4.883617038268390775e-01 7.004521622031898744e-03 0.000000000000000000e+00 -1.482107138961565734e-02 0.000000000000000000e+00 -2.037114572612113914e-02 0.000000000000000000e+00 -3.392680670842180331e-03 1.008419395007880359e+00 5.289496644039684448e+00 2.395605015457064724e+00 4.063555000375161264e+00 -8.335115030912458867e-01
-3.529411764705882026e-01 5.158131597681396840e-01 -7.460273625183272417e-02 -5.018567884736873097e-01 9.352341135775961781e-03 -4.889633646886236140e-01 3.257785554570802929e-03 -4.879349293615670158e-01 7.159277978317224456e-03 0.000000000000000000e+00 -1.484545108803198531e-02 0.000000000000000000e+00 -2.027012055674619687e-02 0.000000000000000000e+00 -3.336173956595279121e-03 1.008327644258231404e+00 5.290198803026171070e+00 2.396006509111665572e+00 4.063240214269317363e+00 -8.336108424954401519e-01
-3.579831932773108738e-01 5.157566730952177769e-01 -7.481255950308304814e-02 -5.022817462449232773e-01 8.776077361122828005e-03 -4.885941365080403997e-01 3.841816519829486382e-03 -4.879155003083477937e-01 6.883153272568879287e-03 0.000000000000000000e+00 -1.438821042521004276e-02 0.000000000000000000e+00 -2.056565089016225076e-02 0.000000000000000000e+00 -3.438716192663947811e-03 1.008302734811613366e+00 5.288276797993892053e+00 2.395107097704648691e+00 4.062594081685935166e+00 -8.326688686949947904e-01
-3.630252100840335450e-01 5.157357341579010823e-01 -7.484100247706448883e-02 -5.024101008290233761e-01 8.563336693572128067e-03 -4.889037273568399011e-01 3.444799010660599264e-03 -4.875189297795725629e-01 6.910867410594784960e-03 0.000000000000000000e+00 -1.450226983723199373e-02 0.000000000000000000e+00 -2.038612739399680088e-02 0.000000000000000000e+00 -3.295124239715936307e-03 1.008320499873430309e+00 5.289375310877912462e+00 2.395788776715157997e+00 4.062604972617665844e+00 -8.328116599821906441e-01
-3.680672268907562716e-01 5.156790738720332667e-01 -7.507524925883934941e-02 -5.026914259369335003e-01 8.134501584411282099e-03 -4.886717413955732892e-01 3.832484586326696547e-03 -4.875051913453940511e-01 6.563652576596163725e-03 0.000000000000000000e+00 -1.410093851935642108e-02 0.000000000000000000e+00 -2.060640433266568497e-02 0.000000000000000000e+00 -3.297960172021525450e-03 1.008364949969750679e+00 5.287861639964264171e+00 2.395125600938338817e+00 4.062261839282602871e+00 -8.317731122903354590e-01
-3.731092436974789428e-01 5.157192176189561161e-01 -7.466937801209611036e-02 -5.023587099113838716e-01 8.574197862731353786e-03 -4.893074082169880934e-01 3.069535326702899081e-03 -4.872681065605962147e-01 6.429606342881756011e-03 0.000000000000000000e+00 -1.444875433792456101e-02 0.000000000000000000e+00 -2.030889342038457931e-02 0.000000000000000000e+00 -3.216703320381621416e-03 1.008412326468204556e+00 5.290397656632750412e+00 2.396178801732741004e+00 4.062386606445094195e+00 -8.325458118715365341e-01
-3.781512605042016140e-01 5.156236916575763773e-01 -7.510586239867948766e-02 -5.028470282242405442e-01 8.235705961441668749e-03 -4.891867014856984275e-01 3.354158298552271759e-03 -4.869479063089323101e-01 6.399312819262011412e-03 0.000000000000000000e+00 -1.439373439478460089e-02 0.000000000000000000e+00 -2.038654373727624355e-02 0.000000000000000000e+00 -2.969428243824419507e-03 1.008374595519497374e+00 5.289359670963675875e+00 2.396201148701906813e+00 4.061808701521481879e+00 -8.327375623128538962e-01
-3.831932773109243406e-01 5.156802745956305944e-01 -7.469183827038530787e-02 -5.027310007230050282e-01 8.278067018231990634e-03 -4.893762464134690515e-01 3.018562648299750496e-03 -4.869104761285967253e-01 6.151960758476966717e-03 0.000000000000000000e+00 -1.429385436365100508e-02 0.000000000000000000e+00 -2.034979594779706691e-02 0.000000000000000000e+00 -3.048632179781872020e-03 1.008383330345937523e+00 5.289713213408434811e+00 2.395834789464392323e+00 4.061211292491244684e+00 -8.327545957407432864e-01
-3.882352941176470118e-01 5.156349135756029822e-01 -7.483304837050093472e-02 -5.029843810450270736e-01 7.943587819085403887e-03 -4.892923563023603428e-01 3.243500567549483828e-03 -4.867786125266760910e-01 5.914204746638508127e-03 0.000000000000000000e+00 -1.408223396664563982e-02 0.000000000000000000e+00 -2.029932305241961138e-02 0.000000000000000000e+00 -3.172836649521274931e-03 1.008381797099334065e+00 5.290074203325554336e+00 2.395627608800173558e+00 4.061352825011232959e+00 -8.320301050812166643e-01
-3.932773109243696830e-01 5.155202456360810093e-01 -7.546397349853503633e-02 -5.033721242616856495e-01 7.641705535221836841e-03 -4.890999037771410207e-01 3.625951455270163670e-03 -4.866153006075976117e-01 5.821649939941326082e-03 0.000000000000000000e+00 -1.406287726586258162e-02 0.000000000000000000e+00 -2.037045536791949260e-02 0.000000000000000000e+00 -2.831614240109122348e-03 1.008417729327694579e+00 5.289182666440754410e+00 2.396323290660937300e+00 4.061274465743295536e+00 -8.319691843833241229e-01
-3.983193277310924096e-01 5.155900516481917162e-01 -7.495015165725113504e-02 -5.031050199026141367e-01 7.738376788723441528e-03 -4.894651468177128595e-01 3.109222885082710709e-03 -4.865536727614503398e-01 5.541227377225775921e-03 0.000000000000000000e+00 -1.397603240260875297e-02 0.000000000000000000e+00 -2.027170800839624143e-02 0.000000000000000000e+00 -2.928837220750435399e-03 1.008486783133750953e+00 5.290024759349917893e+00 2.395905774817128187e+00 4.060961459691059261e+00 -8.317516168158514134e-01
-4.033613445378150808e-01 5.154980567114779699e-01 -7.545984978930339593e-02 -5.034765567368781891e-01 7.380399546491478099e-03 -4.893112417681859116e-01 3.449538271845273545e-03 -4.863636697116324181e-01 5.416483176928710980e-03 0.000000000000000000e+00 -1.393943193383014728e-02 0.000000000000000000e+00 -2.027485238034375248e-02 0.000000000000000000e+00 -2.636094811412923247e-03 1.008518199592919107e+00 5.289545776676018995e+00 2.396459473962117670e+00 4.061091830252439472e+00 -8.315552173752285281e-01
-4.084033613445377520e-01 5.154897918768077680e-01 -7.544262825431889696e-02 -5.034582398558050675e-01 7.243210733349429720e-03 -4.892393864742778931e-01 3.625082509667188185e-03 -4.864839164432818719e-01 4.965258734245392956e-03 0.000000000000000000e+00 -1.358142165311121766e-02 0.000000000000000000e+00 -2.043640475570076068e-02 0.000000000000000000e+00 -2.603572077807671508e-03 1.008612609945569893e+00 5.288459998373386206e+00 2.395666967171395267e+00 4.060875530557511937e+00 -8.305264599026204175e-01
-4.134453781512604786e-01 5.154573804280968563e-01 -7.554973805440634571e-02 -5.034022759210108333e-01 7.490844368729622331e-03 -4.895123207106452656e-01 3.430964033157847884e-03 -4.863143076064438408e-01 4.920726717311755399e-03 0.000000000000000000e+00 -1.389522418740049732e-02 0.000000000000000000e+00 -2.027786446355792777e-02 0.000000000000000000e+00 -2.321293884202426001e-03 1.008689966290126749e+00 5.289484093403338250e+00 2.397132719452449212e+00 4.061043341311632915e+00 -8.312318424070727074e-01
-4.184873949579831498e-01 5.155129910009210725e-01 -7.515481266943231653e-02 -5.032408078382168970e-01 7.603936921948037386e-03 -4.897940285491674262e-01 3.071408375943062135e-03 -4.862263596824687450e-01 4.634109555073854039e-03 0.000000000000000000e+00 -1.367601229139384089e-02 0.000000000000000000e+00 -2.033177074813421678e-02 0.000000000000000000e+00 -2.376812130159330211e-03 1.008727731630619573e+00 5.289128255617316476e+00 2.396325798945087904e+00 4.060248813172009363e+00 -8.311090505581580912e-01
-4.235294117647058210e-01 5.155270502245574704e-01 -7.500397862500249313e-02 -5.032753873652656695e-01 7.532147944270765200e-03 -4.900756190071247631e-01 2.667610254450030870e-03 -4.859398513211186654e-01 4.601678702000785298e-03 0.000000000000000000e+00 -1.379536704499558300e-02 0.000000000000000000e+00 -2.010001659532075283e-02 0.000000000000000000e+00 -2.264886290673213173e-03 1.008694710509696613e+00 5.290699289741894518e+00 2.396959561319058629e+00 4.060373592001869980e+00 -8.314226029178486410e-01
-4.285714285714285476e-01 5.155267168049910698e-01 -7.496903300335956699e-02 -5.034665405441711705e-01 7.479388012217980108e-03 -4.899377843235823704e-01 2.961103942427797345e-03 -4.859086429729299605e-01 4.304818357201929679e-03 0.000000000000000000e+00 -1.367931075457348017e-02 0.000000000000000000e+00 -2.019474308963129308e-02 0.000000000000000000e+00 -2.156239410045804501e-03 1.008624790836901486e+00 5.289879267421603970e+00 2.396657324932858213e+00 4.059671044576298016e+00 -8.317972416706281846e-01
-4.336134453781512188e-01 5.155433936687131569e-01 -7.475805801034522691e-02 -5.034646619766095510e-01 7.417192394147360986e-03 -4.898585143920582974e-01 3.150734983038007853e-03 -4.860210541367295245e-01 3.810487960208414938e-03 0.000000000000000000e+00 -1.340475085189765832e-02 0.000000000000000000e+00 -2.014393319996778814e-02 0.000000000000000000e+00 -2.389025401578986560e-03 1.008622183340580403e+00 5.290530217100095633e+00 2.396041391157963218e+00 4.059925417914296730e+00 -8.310937751442296628e-01
-4.386554621848738900e-01 5.154364552355403806e-01 -7.535444786629122427e-02 -5.038575706553136691e-01 7.126817194198808644e-03 -4.898169755405056836e-01 3.384165528483632033e-03 -4.856876078237034600e-01 4.004919066709390629e-03 0.000000000000000000e+00 -1.353727176068711922e-02 0.000000000000000000e+00 -2.006626800246136266e-02 0.000000000000000000e+00 -2.038776813077893598e-03 1.008608533935984708e+00 5.290544892662422782e+00 2.397245220068397131e+00 4.060187243446278238e+00 -8.314055271019302751e-01
-4.436974789915966166e-01 5.154294602498465938e-01 -7.535792210872990782e-02 -5.039085839422423607e-01 7.092252673206529863e-03 -4.898799328401993725e-01 3.389480069560404148e-03 -4.855945769527820755e-01 3.738592791392760135e-03 0.000000000000000000e+00 -1.333818401651987694e-02 0.000000000000000000e+00 -2.008186492940209483e-02 0.000000000000000000e+00 -1.924675731581861103e-03 1.008660462461908658e+00 5.290292945815506798e+00 2.396887449568715134e+00 4.059967418737922884e+00 -8.310564578787034140e-01
-4.487394957983192878e-01 5.154160832835000816e-01 -7.545976922372338302e-02 -5.039892775756710241e-01 6.990886884755107694e-03 -4.898832212766944805e-01 3.410951765083939952e-03 -4.855239969577098136e-01 3.462782910867879139e-03 0.000000000000000000e+00 -1.308008265728076262e-02 0.000000000000000000e+00 -2.013199490767499794e-02 0.000000000000000000e+00 -1.802496524766903111e-03 1.008726147569328768e+00 5.289507376055373022e+00 2.396580644467080745e+00 4.059741452150220198e+00 -8.306012576855170693e-01
-4.537815126050419590e-01 5.153760166478145166e-01 -7.568615697990248303e-02 -5.041079789930199562e-01 6.753312317835819326e-03 -4.898389702824418324e-01 3.567661730931699030e-03 -4.854658176007313197e-01 3.217039220700564691e-03 0.000000000000000000e+00 -1.289025083549329848e-02 0.000000000000000000e+00 -2.013696683206522495e-02 0.000000000000000000e+00 -1.644653440855569975e-03 1.008821999426368077e+00 5.289235066632731019e+00 2.396626461603765801e+00 4.060047719843224101e+00 -8.298682037088762620e-01
-4.588235294117646301e-01 5.153339810263881660e-01 -7.591055972176034838e-02 -5.041214722864768571e-01 6.839175241516830261e-03 -4.900526182225599103e-01 3.540313873716958385e-03 -4.852656371348650910e-01 3.287000511229953761e-03 0.000000000000000000e+00 -1.310306991234241707e-02 0.000000000000000000e+00 -2.006417598063322053e-02 0.000000000000000000e+00 -1.307394304357686974e-03 1.008956021259223679e+00 5.289279581294206167e+00 2.397816285316495044e+00 4.060240312386778960e+00 -8.302214758145053386e-01
-4.638655462184873568e-01 5.154085479360475119e-01 -7.542689257431806071e-02 -5.038205677492697543e-01 7.063015987119574193e-03 -4.904668433410055983e-01 3.106999031935243558e-03 -4.851787227731775287e-01 2.880421718607118018e-03 0.000000000000000000e+00 -1.296089325863513698e-02 0.000000000000000000e+00 -2.002698475098281528e-02 0.000000000000000000e+00 -1.325729563069255384e-03 1.009059499712822383e+00 5.289693881772430828e+00 2.397341400128836675e+00 4.059804902823474393e+00 -8.300777297413648448e-01
-4.689075630252100280e-01 5.153602981132551220e-01 -7.579010661403168259e-02 -5.041573868353685928e-01 6.950363776092775316e-03 -4.906571892336421548e-01 3.017697002145277620e-03 -4.846646824047796120e-01 2.895781233528249305e-03 0.000000000000000000e+00 -1.305059796257349025e-02 0.000000000000000000e+00 -1.993056805657256875e-02 0.000000000000000000e+00 -9.006370653066518269e-04 1.009056530315824096e+00 5.289845021225977995e+00 2.398405925508669156e+00 4.059484841638625774e+00 -8.307724603280406406e-01
-4.739495798319326991e-01 5.154482790780954282e-01 -7.520296181976762750e-02 -5.039405176531938091e-01 7.307836395333863581e-03 -4.908924672736915684e-01 2.747251632687703043e-03 -4.846756685706727352e-01 2.317446872216743625e-03 0.000000000000000000e+00 -1.268619469783305136e-02 0.000000000000000000e+00 -1.997208919113805173e-02 0.000000000000000000e+00 -1.100216267951502997e-03 1.009091800740281819e+00 5.290263650487450953e+00 2.397113619355381697e+00 4.058552687186129049e+00 -8.306989779224013271e-01
-4.789915966386554258e-01 5.154382155126862042e-01 -7.527002527434988044e-02 -5.041924081330069196e-01 7.249832572877239895e-03 -4.907571717297845026e-01 3.035760877776810199e-03 -4.845690156758677980e-01 2.039955568021990535e-03 0.000000000000000000e+00 -1.263695191928486394e-02 0.000000000000000000e+00 -1.995445239757605640e-02 0.000000000000000000e+00 -9.795611891065278496e-04 1.009012163365443415e+00 5.290431559794787297e+00 2.397434744850726940e+00 4.058376147810994539e+00 -8.311661156597555111e-01
-4.840336134453780970e-01 5.154421649892645396e-01 -7.517259659735191224e-02 -5.042169918843675269e-01 7.230979506193157928e-03 -4.906413121689195966e-01 3.255750578945807491e-03 -4.846773242112835667e-01 1.554655538980500695e-03 0.000000000000000000e+00 -1.231015771224834923e-02 0.000000000000000000e+00 -2.002851203669672731e-02 0.000000000000000000e+00 -1.099301405258368758e-03 1.008997751923820907e+00 5.290206013636159277e+00 2.396682327962490255e+00 4.058157877875223640e+00 -8.306720761434767120e-01
-4.890756302521007681e-01 5.153694141212428192e-01 -7.549182134744776562e-02 -5.044274816024790775e-01 6.996831514040968009e-03 -4.906036481911403846e-01 3.455785233211400558e-03 -4.845240872770953389e-01 1.464855277119478556e-03 0.000000000000000000e+00 -1.212330407504860590e-02 0.000000000000000000e+00 -1.991292352073290375e-02 0.000000000000000000e+00 -1.111749433679509388e-03 1.009007077970990984e+00 5.290948467434908764e+00 2.396696612147452221e+00 4.058837327628999070e+00 -8.299047371800171158e-01
-4.941176470588234948e-01 5.153536422840974129e-01 -7.571290459881636903e-02 -5.045856930367272897e-01 6.880563623378896376e-03 -4.907155082596945661e-01 3.307127914766464817e-03 -4.842486072026613297e-01 1.634394957379906423e-03 0.000000000000000000e+00 -1.216775290104149011e-02 0.000000000000000000e+00 -1.989538492410691112e-02 0.000000000000000000e+00 -6.542758778752254820e-04 1.009023916253708020e+00 5.290354940090615798e+00 2.397557088631693478e+00 4.058672282316672764e+00 -8.303421053424530074e-01
-4.991596638655461660e-01 5.153831524497262118e-01 -7.564412198320272229e-02 -5.046051012570286209e-01 6.992660069129220946e-03 -4.909053146932853551e-01 3.086020934490522807e-03 -4.840408356528128064e-01 1.373485671869540282e-03 0.000000000000000000e+00 -1.207216218997285775e-02 0.000000000000000000e+00 -1.987285005442984698e-02 0.000000000000000000e+00 -4.187357516621071718e-04 1.009067435418942171e+00 5.290318905037172392e+00 2.397779813853986752e+00 4.058115320119335401e+00 -8.307682968011319558e-01
-5.042016806722688926e-01 5.154146241258598105e-01 -7.541827209885326733e-02 -5.045109730634139700e-01 7.052062407116175408e-03 -4.907942788809689927e-01 3.303422131390182891e-03 -4.842591087552427509e-01 7.798014497683031102e-04 0.000000000000000000e+00 -1.173765847441137801e-02 0.000000000000000000e+00 -1.993727073304282435e-02 0.000000000000000000e+00 -5.506083862277668479e-04 1.009108574687443305e+00 5.290164339448574893e+00 2.396991381801060417e+00 4.057981154679737301e+00 -8.302987320051529174e-01
-5.092436974789915638e-01 5.153502430613944307e-01 -7.569147679496511516e-02 -5.046573134993056486e-01 6.922953950920576575e-03 -4.908054732730470771e-01 3.493397304088687039e-03 -4.841205268719542820e-01 6.678252663783061692e-04 0.000000000000000000e+00 -1.155220686075823962e-02 0.000000000000000000e+00 -1.981937361717030915e-02 0.000000000000000000e+00 -5.570565988762614081e-04 1.009145786464273442e+00 5.290903232909861309e+00 2.396939491976214143e+00 4.058687857133380206e+00 -8.295665783146455308e-01
-5.142857142857142350e-01 5.151179877894502823e-01 -7.611217252382018739e-02 -5.039511512274806870e-01 6.574362432755477548e-03 -4.915279426988355960e-01 3.973097565483563708e-03 -4.842379316875782269e-01 9.359934974142435646e-04 0.000000000000000000e+00 -1.159184412322458377e-02 0.000000000000000000e+00 -1.873525519742726825e-02 0.000000000000000000e+00 -1.846987553798982171e-03 1.009314853078721708e+00 5.296863504639829578e+00 2.393035807620234046e+00 4.063688146319814898e+00 -8.242170651523940128e-01
-5.193277310924369061e-01 5.150382420031458519e-01 -7.625452661662755760e-02 -5.028967812697469064e-01 8.135307740572906426e-03 -4.921217686834123972e-01 3.291525961614178483e-03 -4.847433469615254897e-01 -8.341851284591287881e-05 0.000000000000000000e+00 -1.172368915302462143e-02 0.000000000000000000e+00 -1.853394809327595788e-02 0.000000000000000000e+00 -1.647944854345726688e-03 1.009308570852297082e+00 5.297565615020441321e+00 2.393591586833438534e+00 4.062964795554971253e+00 -8.251356806218904660e-01
-5.243697478991595773e-01 5.149600521562512911e-01 -7.643002463635047150e-02 -5.023177232081716959e-01 9.108222630280458920e-03 -4.924514842706836371e-01 2.862428622862529977e-03 -4.850372346793580536e-01 -7.428880745587373644e-04 0.000000000000000000e+00 -1.180451737543005732e-02 0.000000000000000000e+00 -1.834319379856367421e-02 0.000000000000000000e+00 -1.498341437113132188e-03 1.009185152952458697e+00 5.298132185263718874e+00 2.393879257081598322e+00 4.062142367883823546e+00 -8.259433384672307810e-01
-5.294117647058822484e-01 5.149813371981820653e-01 -7.659429130999642621e-02 -5.026303184127512980e-01 8.792896914770574959e-03 -4.919391247743967188e-01 3.596358304049086709e-03 -4.851775125428056668e-01 -1.366051163665253946e-03 0.000000000000000000e+00 -1.166942366723627486e-02 0.000000000000000000e+00 -1.881296575938527435e-02 0.000000000000000000e+00 -1.119198178816794773e-03 1.008828655013221276e+00 5.293591248060546484e+00 2.394826593019688143e+00 4.060467187589137161e+00 -8.274751621449530914e-01
-5.344537815126050306e-01 5.150976549598907939e-01 -7.616604199825048604e-02 -5.027224992955832139e-01 8.338491054664479499e-03 -4.920750627866776750e-01 3.776598216403991449e-03 -4.849084987413384562e-01 -1.320628420744824521e-03 0.000000000000000000e+00 -1.179817638047373635e-02 0.000000000000000000e+00 -1.883753856261246445e-02 0.000000000000000000e+00 -1.066749176889615234e-03 1.008721009510435973e+00 5.293152405701876617e+00 2.396226055167935520e+00 4.060797318961403946e+00 -8.279181170600297124e-01
-5.394957983193277018e-01 5.151429612346688502e-01 -7.581072251055111233e-02 -5.027698778667908375e-01 7.962661883818333841e-03 -4.923821982542263553e-01 4.229071378464596513e-03 -4.845671181456236432e-01 -5.130022980960153526e-04 0.000000000000000000e+00 -1.196173315123318960e-02 0.000000000000000000e+00 -1.873798640884380418e-02 0.000000000000000000e+00 -1.497091522200077107e-03 1.008702542865748564e+00 5.294420879659501367e+00 2.396844396469026695e+00 4.062125118724392969e+00 -8.268827265914587832e-01
-5.445378151260503730e-01 5.151771281234800437e-01 -7.582586491339896040e-02 -5.026894062966962284e-01 7.842019138344397122e-03 -4.924752326067531882e-01 4.482380298861764548e-03 -4.845127673242291544e-01 -5.281399265497351090e-04 0.000000000000000000e+00 -1.206983084901310822e-02 0.000000000000000000e+00 -1.877486297639661614e-02 0.000000000000000000e+00 -1.358519765752036089e-03 1.008699269034338597e+00 5.293907474943345015e+00 2.398664565347511157e+00 4.062330007002172394e+00 -8.272379419021196334e-01
-5.495798319327730441e-01 5.151754377186914535e-01 -7.573418523759356535e-02 -5.026687134532533685e-01 7.478257207595819314e-03 -4.925227648653502932e-01 5.075988027079259002e-03 -4.844911433389842981e-01 1.752914545195467279e-04 0.000000000000000000e+00 -1.204508443586625038e-02 0.000000000000000000e+00 -1.874474574075971414e-02 0.000000000000000000e+00 -1.765244743721003417e-03 1.008815559799481232e+00 5.294536496408697168e+00 2.399406817674967218e+00 4.063725488730308477e+00 -8.261685091349741938e-01
-5.546218487394957153e-01 5.151985906475070598e-01 -7.558355803009575435e-02 -5.024836788799461607e-01 7.642231834274531600e-03 -4.925842875606576965e-01 5.462694663273357822e-03 -4.846204484900837883e-01 6.335499865482467836e-05 0.000000000000000000e+00 -1.211206561973835437e-02 0.000000000000000000e+00 -1.878379490799396076e-02 0.000000000000000000e+00 -1.917379175758416807e-03 1.008958667417925170e+00 5.294896247541984735e+00 2.400076150744492320e+00 4.064389987928239911e+00 -8.265054718359193808e-01
-5.596638655462183864e-01 5.152681160926504411e-01 -7.541782366323980524e-02 -5.024438970207479871e-01 7.754184627595661974e-03 -4.925530731172986787e-01 5.565048733189251022e-03 -4.846761399838599993e-01 -3.834988548965334674e-04 0.000000000000000000e+00 -1.222829792927697737e-02 0.000000000000000000e+00 -1.884241862050455366e-02 0.000000000000000000e+00 -1.697523101446893248e-03 1.009083582110025024e+00 5.293989198428088017e+00 2.401409752567939204e+00 4.063953339199820824e+00 -8.282600737433257754e-01
-5.647058823529411686e-01 5.151838677415716550e-01 -7.547295036274158375e-02 -5.032023342140947708e-01 6.890133762588368863e-03 -4.922671305298827460e-01 5.987761422567350333e-03 -4.842617698636508816e-01 7.817286658647016814e-04 0.000000000000000000e+00 -1.221969063012784927e-02 0.000000000000000000e+00 -1.857230779743111043e-02 0.000000000000000000e+00 -2.562187136411073901e-03 1.009358263616185525e+00 5.293543064193817926e+00 2.400809510733782126e+00 4.064240094707556317e+00 -8.290067704259391768e-01
-5.697478991596638398e-01 5.151773454715440348e-01 -7.547655460326348209e-02 -5.031501987374163987e-01 6.776294596862948369e-03 -4.922186309159453099e-01 6.387135455052015548e-03 -4.843750533739287212e-01 9.380379813525175497e-04 0.000000000000000000e+00 -1.224213309671341385e-02 0.000000000000000000e+00 -1.844644021822632735e-02 0.000000000000000000e+00 -2.899026692082782870e-03 1.009762722076227748e+00 5.294127617242797790e+00 2.401552158214214749e+00 4.065239854004952136e+00 -8.289325192151313360e-01
-5.747899159663865110e-01 5.152554273072089686e-01 -7.531732768128736322e-02 -5.035884318465921883e-01 6.432434659557975838e-03 -4.921449409884761650e-01 5.707616508524686327e-03 -4.840315309322980597e-01 8.825531474699187685e-04 0.000000000000000000e+00 -1.248910699864903828e-02 0.000000000000000000e+00 -1.813140645105172991e-02 0.000000000000000000e+00 -2.476446129321633466e-03 1.010176214506822268e+00 5.292754250379732461e+00 2.403108478926855529e+00 4.063164300386911343e+00 -8.322695107581492557e-01
-5.798319327731091821e-01 5.153536579332963496e-01 -7.490093263427902159e-02 -5.034138602259815576e-01 6.892699887128398914e-03 -4.921957652922326898e-01 5.150441814482716908e-03 -4.841812126165389585e-01 3.708179425674696018e-05 0.000000000000000000e+00 -1.262412049044860964e-02 0.000000000000000000e+00 -1.787669319435016349e-02 0.000000000000000000e+00 -2.242677643324887064e-03 1.010656470756826852e+00 5.293947723176407827e+00 2.403221027197064430e+00 4.062553184260635497e+00 -8.337033480307022293e-01
-5.848739495798318533e-01 5.153708952318800662e-01 -7.485550195096747628e-02 -5.032430398907986602e-01 7.350508432066337958e-03 -4.923190129214484179e-01 4.655606574705339375e-03 -4.842628385468509267e-01 -6.362301409765401192e-04 0.000000000000000000e+00 -1.283801606905028356e-02 0.000000000000000000e+00 -1.749526469821292493e-02 0.000000000000000000e+00 -2.074612994738309502e-03 1.010941599395195345e+00 5.295456544115858755e+00 2.403387293430842231e+00 4.062063749231942467e+00 -8.349948733322715144e-01
-5.899159663865545244e-01 5.153544374474715584e-01 -7.494898589228851660e-02 -5.032112241227443272e-01 7.624613089979386492e-03 -4.923749738203180848e-01 4.382691488210787092e-03 -4.842712074881353468e-01 -1.293426723189726934e-03 0.000000000000000000e+00 -1.305747521641216838e-02 0.000000000000000000e+00 -1.705017310620508819e-02 0.000000000000000000e+00 -1.959263045743132956e-03 1.011101881106608813e+00 5.297077845981794653e+00 2.403320827094722834e+00 4.061868248836132622e+00 -8.360333091526563898e-01
-5.949579831932771956e-01 5.153327146714596907e-01 -7.510053306745052837e-02 -5.032019850943746375e-01 7.866849989510390703e-03 -4.922541362233305851e-01 4.232404963483028977e-03 -4.844319536946846139e-01 -2.227831948054530276e-03 0.000000000000000000e+00 -1.307046696956195089e-02 0.000000000000000000e+00 -1.672635145114692232e-02 0.000000000000000000e+00 -1.778935253705184183e-03 1.011047154310141361e+00 5.297301895441971276e+00 2.402371824552544499e+00 4.061063350155496465e+00 -8.370058701155921321e-01
-5.999999999999999778e-01 5.151687957610290303e-01 -7.573642034178293403e-02 -5.034410895101367744e-01 7.638871104015416275e-03 -4.921796274639536617e-01 4.211302862521693058e-03 -4.843301319836839092e-01 -2.601448567907743963e-03 0.000000000000000000e+00 -1.290687080573020735e-02 0.000000000000000000e+00 -1.622670393790383997e-02 0.000000000000000000e+00 -1.933292409759709753e-03 1.010916136125530329e+00 5.298879598594706586e+00 2.400660219950874641e+00 4.061461682381572125e+00 -8.362465540147543397e-01
