0.000000000000000000e+00 5.245735658394965473e-01 -2.091589668869437910e-02 -4.277595176081268047e-01 6.291123990851996139e-02 -5.910126509848085963e-01 -8.734694886978218442e-02 -4.209738014710026621e-01 5.998462386712770378e-02 0.000000000000000000e+00 -6.784423246173391063e-03 0.000000000000000000e+00 -8.931425865634052066e-03 0.000000000000000000e+00 6.102732450707251503e-03 1.000000000000170530e+00 5.358224529942952508e+00 2.386962925659938506e+00 4.074605415344455750e+00 -8.149779524353689686e-01
-5.042016806722688510e-03 5.234342422010967999e-01 -2.601487078245412476e-02 -4.393585791622852676e-01 5.213941526481763455e-02 -5.854174286745441602e-01 -6.967426073252014351e-02 -4.238214926606685973e-01 5.221056691751956719e-02 0.000000000000000000e+00 -9.155910844409437949e-03 0.000000000000000000e+00 -6.081212751851294666e-03 0.000000000000000000e+00 2.419366219544586555e-03 9.999270121638269559e-01 5.379863814292543012e+00 2.369731448148011843e+00 4.104420043449513500e+00 -7.979230580432786768e-01
-1.008403361344537702e-02 5.502370382776976543e-01 -1.219954226863668584e-01 -6.552456925682681455e-01 4.235853779134569203e-02 -5.622430630768002757e-01 -2.061977748375434516e-01 -3.281594241118613309e-01 -1.063003480418167751e-01 0.000000000000000000e+00 8.436181189538921599e-02 0.000000000000000000e+00 7.126840914682822103e-02 0.000000000000000000e+00 -9.575558935027353447e-02 9.978632604689331442e-01 6.115781490269509568e+00 1.502991768609932999e+00 4.104193286524200346e+00 -8.218639415061489428e-01
-1.512605042016806553e-02 5.477802992587894604e-01 -1.205531287202389473e-01 -6.491090200615009520e-01 4.100832365258806622e-02 -5.616459134474613979e-01 -2.055548635518514300e-01 -3.382359229578348336e-01 -1.063817773124150073e-01 0.000000000000000000e+00 8.359582354092968959e-02 0.000000000000000000e+00 7.157611481786288476e-02 0.000000000000000000e+00 -9.317338679697757808e-02 9.982123169444413469e-01 6.112440250744143988e+00 1.507083470724313923e+00 4.108358503637782100e+00 -8.211074985764056366e-01
-2.016806722689075404e-02 5.455001510527844877e-01 -1.199910519572712497e-01 -6.447560972612360608e-01 3.969641622628260896e-02 -5.603214499459078235e-01 -2.029451672819032049e-01 -3.457052535640572355e-01 -1.066297491514823503e-01 0.000000000000000000e+00 8.290439200655431995e-02 0.000000000000000000e+00 7.178868860889568715e-02 0.000000000000000000e+00 -9.096779923614238539e-02 9.985064790734170526e-01 6.109290382154313193e+00 1.511082218868674554e+00 4.111890898703574493e+00 -8.208854370219846874e-01
-2.521008403361344255e-02 5.433471319894964680e-01 -1.194113632947099435e-01 -6.411919668452924492e-01 3.826139793220309504e-02 -5.589980486194059406e-01 -1.996800985795550987e-01 -3.514954926816155623e-01 -1.068297662977396867e-01 0.000000000000000000e+00 8.229818717095969960e-02 0.000000000000000000e+00 7.189907229209811790e-02 0.000000000000000000e+00 -8.902059544812944425e-02 9.987608728508009515e-01 6.106146088322234711e+00 1.515158625917227830e+00 4.115038285756257075e+00 -8.208263555724696348e-01
-3.025210084033613106e-02 5.413065700820212101e-01 -1.184469885412071100e-01 -6.379652405390550118e-01 3.674567535232633325e-02 -5.578997030605024054e-01 -1.963312146312387318e-01 -3.562079779124572854e-01 -1.069976629730352846e-01 0.000000000000000000e+00 8.176497816008301833e-02 0.000000000000000000e+00 7.188146180642177030e-02 0.000000000000000000e+00 -8.725495334370317324e-02 9.989731379786946919e-01 6.102963617837583676e+00 1.519346510304110165e+00 4.117739766573554228e+00 -8.208599730128376404e-01
-3.529411764705882304e-02 5.393673578320440365e-01 -1.171495888060266333e-01 -6.348964777314872743e-01 3.515996343861511192e-02 -5.570415902004032249e-01 -1.931090253368887566e-01 -3.601709305928504912e-01 -1.071154887285931945e-01 0.000000000000000000e+00 8.128308777319526168e-02 0.000000000000000000e+00 7.177219337425390366e-02 0.000000000000000000e+00 -8.563043163412427383e-02 9.991354507108887173e-01 6.099762451762646975e+00 1.523602984339169852e+00 4.120050336481718922e+00 -8.209567986204751033e-01
-4.033613445378150808e-02 5.375428011097299619e-01 -1.158570295842940578e-01 -6.319569755926405241e-01 3.350642037566212150e-02 -5.564065899398863424e-01 -1.900218159108214844e-01 -3.635205037503799752e-01 -1.071198523987694634e-01 0.000000000000000000e+00 8.084638260535026433e-02 0.000000000000000000e+00 7.163017573821557626e-02 0.000000000000000000e+00 -8.410355860477311540e-02 9.992422883917319032e-01 6.096650410236325257e+00 1.527755724600980303e+00 4.122163645457096237e+00 -8.211178490089455773e-01
-4.537815126050419312e-02 5.358160119720797310e-01 -1.144068850235552132e-01 -6.290284660258728122e-01 3.179796205672458936e-02 -5.560113128591270826e-01 -1.871632649849580554e-01 -3.664671818322207120e-01 -1.070314714291160235e-01 0.000000000000000000e+00 8.046409278989219427e-02 0.000000000000000000e+00 7.144434629281684601e-02 0.000000000000000000e+00 -8.268280196098519441e-02 9.992941785531123111e-01 6.093579291456496350e+00 1.531870812612216470e+00 4.124032073800148801e+00 -8.213252564511376308e-01
-5.042016806722688510e-02 5.341821668750263985e-01 -1.128436659183961466e-01 -6.261450802634931367e-01 3.007932663763696751e-02 -5.557661302036560613e-01 -1.844713701121552529e-01 -3.691226689471481803e-01 -1.069059800623657491e-01 0.000000000000000000e+00 8.011101848423132776e-02 0.000000000000000000e+00 7.123819523718868951e-02 0.000000000000000000e+00 -8.134743762045774929e-02 9.992873002535566096e-01 6.090547326393694227e+00 1.535939794107497258e+00 4.125663910818555991e+00 -8.215442784569801926e-01
-5.546218487394957708e-02 5.326298640374024229e-01 -1.112224916694238841e-01 -6.233118010358387195e-01 2.837870988251797039e-02 -5.556257114400522390e-01 -1.819157903617646121e-01 -3.715545269028229791e-01 -1.067603994691547348e-01 0.000000000000000000e+00 7.977943574395605919e-02 0.000000000000000000e+00 7.102518185662654027e-02 0.000000000000000000e+00 -8.008431214157570033e-02 9.992198856558109910e-01 6.087564144385294362e+00 1.539946376977308296e+00 4.127078060052129516e+00 -8.217993207981988402e-01
-6.050420168067226212e-02 5.311462443691932211e-01 -1.095585037694414704e-01 -6.205273303100311555e-01 2.674360142883036584e-02 -5.555563269250045622e-01 -1.794771106409761563e-01 -3.738200663624605680e-01 -1.066295041941622279e-01 0.000000000000000000e+00 7.946350361477977353e-02 0.000000000000000000e+00 7.080587856685086057e-02 0.000000000000000000e+00 -7.888116957181211253e-02 9.990914017981495920e-01 6.084637658379450365e+00 1.543876832580010072e+00 4.128284510456656342e+00 -8.221192061438949983e-01
-6.554621848739494716e-02 5.297275063130109096e-01 -1.079080942459446357e-01 -6.178132031038343630e-01 2.515841430538168222e-02 -5.555397248422365708e-01 -1.771240187880379069e-01 -3.759162113035851571e-01 -1.064976679597647163e-01 0.000000000000000000e+00 7.915575791726622845e-02 0.000000000000000000e+00 7.059550853829757444e-02 0.000000000000000000e+00 -7.772836262994277379e-02 9.989019482668060057e-01 6.081781160254758234e+00 1.547712890410306352e+00 4.129337999375274570e+00 -8.225175885483670957e-01
-7.058823529411764608e-02 5.283694087975358000e-01 -1.062756888228536117e-01 -6.151635418077606721e-01 2.362745329621024348e-02 -5.555713470396195230e-01 -1.748509672230417755e-01 -3.778696314947941892e-01 -1.063646358860756563e-01 0.000000000000000000e+00 7.885476024493692782e-02 0.000000000000000000e+00 7.039632609796810103e-02 0.000000000000000000e+00 -7.662072421251187038e-02 9.986526624166722765e-01 6.078993872736966786e+00 1.551453113769616809e+00 4.130268719975784819e+00 -8.229878969453637838e-01
-7.563025210084033112e-02 5.270674846220827492e-01 -1.046617790023381678e-01 -6.125714671074166118e-01 2.215293697364729628e-02 -5.556493301790318418e-01 -1.726578815962556135e-01 -3.796978902961306579e-01 -1.062287002908030575e-01 0.000000000000000000e+00 7.856049612320101239e-02 0.000000000000000000e+00 7.020714674875809524e-02 0.000000000000000000e+00 -7.555524975042121616e-02 9.983443884236170573e-01 6.076273927649691764e+00 1.555098465149260534e+00 4.131087991358239009e+00 -8.235252235038283963e-01
-8.067226890756301616e-02 5.258165272269309520e-01 -1.030680196977368374e-01 -6.100345649057961062e-01 2.073929063069462550e-02 -5.557693045741353144e-01 -1.705398749660852475e-01 -3.814130568884370187e-01 -1.060874012011639583e-01 0.000000000000000000e+00 7.827128743070978223e-02 0.000000000000000000e+00 7.002564062441517245e-02 0.000000000000000000e+00 -7.452755317154598214e-02 9.979782455718411160e-01 6.073616796973453802e+00 1.558652496930747589e+00 4.131791888715585337e+00 -8.241221339750437469e-01
-8.571428571428570120e-02 5.246126182530570503e-01 -1.014955007053008063e-01 -6.075507071909020951e-01 1.938216218407885424e-02 -5.559271136842802719e-01 -1.684944165526854332e-01 -3.830261866008611848e-01 -1.059380556212985575e-01 0.000000000000000000e+00 7.798713881222399391e-02 0.000000000000000000e+00 6.985356026222976078e-02 0.000000000000000000e+00 -7.353568985434803806e-02 9.975553303333011268e-01 6.071022636165935182e+00 1.562116362871222019e+00 4.132394968637332688e+00 -8.247738209400948817e-01
-9.075630252100838624e-02 5.234533536826948552e-01 -9.994367062082358533e-02 -6.051205591824688756e-01 1.807243324942731794e-02 -5.561227109815760627e-01 -1.665150070164087004e-01 -3.845409774937480485e-01 -1.057752699837262583e-01 0.000000000000000000e+00 7.770744729858246325e-02 0.000000000000000000e+00 6.969196925790897834e-02 0.000000000000000000e+00 -7.257813831250715941e-02 9.970767311184628445e-01 6.068489618057363089e+00 1.565492905442252169e+00 4.132918066951017266e+00 -8.254668606260121555e-01
-9.579831932773108516e-02 5.223383938927196324e-01 -9.839937947304611132e-02 -6.027461356340623189e-01 1.680259981068806321e-02 -5.563506040923956730e-01 -1.645955312511985236e-01 -3.859682595113906323e-01 -1.055998103891147843e-01 0.000000000000000000e+00 7.743035785638981150e-02 0.000000000000000000e+00 6.954136067977227664e-02 0.000000000000000000e+00 -7.165411172419548780e-02 9.965430844848235381e-01 6.066015221006952451e+00 1.568787332055202821e+00 4.133371292470303437e+00 -8.261894437352086396e-01
-1.008403361344537702e-01 5.212644203315803804e-01 -9.680955702512454575e-02 -6.004108250375654876e-01 1.554467272402018825e-02 -5.566137374305842878e-01 -1.627674854532731863e-01 -3.873298076231028730e-01 -1.054037813861773420e-01 0.000000000000000000e+00 7.715735221841216185e-02 0.000000000000000000e+00 6.939659950610845007e-02 0.000000000000000000e+00 -7.076594451299664246e-02 9.959537733479155719e-01 6.063602189696725375e+00 1.572006900050775702e+00 4.133747220954642643e+00 -8.268742913835918085e-01
-1.058823529411764552e-01 5.202257605849892608e-01 -9.522791170444756814e-02 -5.981299446946521936e-01 1.432235695000373503e-02 -5.568871926985867749e-01 -1.610029291526909601e-01 -3.886322262790302129e-01 -1.051890111247800047e-01 0.000000000000000000e+00 7.687966983508159879e-02 0.000000000000000000e+00 6.927387937642445759e-02 0.000000000000000000e+00 -6.991212769082949530e-02 9.953063945573910054e-01 6.061247636069309941e+00 1.575153266738961388e+00 4.134075853367741082e+00 -8.275618764475420885e-01
-1.109243697478991542e-01 5.192229734479582026e-01 -9.371922550213282466e-02 -5.959059817653133972e-01 1.313444117948026763e-02 -5.571723805601875856e-01 -1.592877922843352334e-01 -3.898620480684321654e-01 -1.049515445236992583e-01 0.000000000000000000e+00 7.660104512972254476e-02 0.000000000000000000e+00 6.916905005366288939e-02 0.000000000000000000e+00 -6.908423200857959079e-02 9.946007442400012222e-01 6.058964169578662684e+00 1.578204841305337114e+00 4.134369092749438757e+00 -8.282658690150670466e-01
-1.159663865546218392e-01 5.182592490018295139e-01 -9.228835307454247294e-02 -5.937426618039008952e-01 1.197558630096075272e-02 -5.574721368152770751e-01 -1.576089887960862856e-01 -3.910190034919573399e-01 -1.046907687380806834e-01 0.000000000000000000e+00 7.632377321345293342e-02 0.000000000000000000e+00 6.908000272402359254e-02 0.000000000000000000e+00 -6.827934495458656827e-02 9.938403684179653030e-01 6.056750421708589016e+00 1.581160529030506634e+00 4.134636000572092129e+00 -8.289802409094682023e-01
-1.210084033613445242e-01 5.173351022944907562e-01 -9.092587732505270914e-02 -5.916417511329492562e-01 1.084457304541597798e-02 -5.577889830887785561e-01 -1.559581577549850884e-01 -3.921042528701239038e-01 -1.044066995164048550e-01 0.000000000000000000e+00 7.604850916373617764e-02 0.000000000000000000e+00 6.900583307825192136e-02 0.000000000000000000e+00 -6.749605284252772897e-02 9.930287766940251171e-01 6.054600231272972088e+00 1.584026439204794245e+00 4.134882656039599702e+00 -8.297017151467938056e-01
-1.260504201680672232e-01 5.164515725397199608e-01 -8.964522657412565820e-02 -5.896141830883265822e-01 9.725187537418538211e-03 -5.581371782045176921e-01 -1.543233132674686481e-01 -3.930872350272665017e-01 -1.040825840383582390e-01 0.000000000000000000e+00 7.577454393562274571e-02 0.000000000000000000e+00 6.894655098682200833e-02 0.000000000000000000e+00 -6.672819629864885915e-02 9.921687419768376870e-01 6.052535786973998633e+00 1.586770934406428690e+00 4.135164120864341264e+00 -8.304120194266684241e-01
-1.310924369747898943e-01 5.156079464070947305e-01 -8.840762235682345094e-02 -5.876622325510721945e-01 8.640230026650886838e-03 -5.584916595729210176e-01 -1.527003985859729795e-01 -3.940147778549337176e-01 -1.037247267207213469e-01 0.000000000000000000e+00 7.550255900524149855e-02 0.000000000000000000e+00 6.890825237394748726e-02 0.000000000000000000e+00 -6.597689002248967316e-02 9.912643356669430528e-01 6.050536431334750276e+00 1.589420636893604355e+00 4.135401634295221562e+00 -8.311303475183152711e-01
-1.361344537815125932e-01 5.148007435830475043e-01 -8.721880001147241934e-02 -5.857922798782212448e-01 7.601381540030923561e-03 -5.588505107898165125e-01 -1.510926787958864204e-01 -3.948878325192165528e-01 -1.033061281104758616e-01 0.000000000000000000e+00 7.524745192448456521e-02 0.000000000000000000e+00 6.888548464431253071e-02 0.000000000000000000e+00 -6.524063718493434971e-02 9.903117909606621305e-01 6.048611468079869269e+00 1.591966753974985993e+00 4.135565673465165126e+00 -8.318882857452820634e-01
-1.411764705882352922e-01 5.140242371951286859e-01 -8.605018422774331210e-02 -5.839526002670430982e-01 6.584624604617157415e-03 -5.592397571707803383e-01 -1.495330464097770762e-01 -3.957193237707791744e-01 -1.028651650331004336e-01 0.000000000000000000e+00 7.498600961786487662e-02 0.000000000000000000e+00 6.887179850012901949e-02 0.000000000000000000e+00 -6.451747393545091691e-02 9.893094154588097933e-01 6.046742981899173586e+00 1.594433354493016708e+00 4.135708847173566127e+00 -8.326349885965403930e-01
-1.462184873949579633e-01 5.132778050046565843e-01 -8.490792019833523496e-02 -5.821523015800642575e-01 5.592205250766793014e-03 -5.596520869556435018e-01 -1.480088904248218484e-01 -3.965096459809822060e-01 -1.023998456604199442e-01 0.000000000000000000e+00 7.471947769084748281e-02 0.000000000000000000e+00 6.886833701478002612e-02 0.000000000000000000e+00 -6.380625378067474041e-02 9.882590019883171761e-01 6.044933310911637214e+00 1.596816663828428240e+00 4.135828893520600680e+00 -8.333742930126551984e-01
-1.512605042016806622e-01 5.125596124405699117e-01 -8.378425876401411621e-02 -5.803933890742999369e-01 4.621983338602484240e-03 -5.600831481963295388e-01 -1.465175273431373049e-01 -3.972628397044582482e-01 -1.019111635927353182e-01 0.000000000000000000e+00 7.444495629283599814e-02 0.000000000000000000e+00 6.887575880319861399e-02 0.000000000000000000e+00 -6.310652219759768644e-02 9.871606705345679078e-01 6.043182795118731576e+00 1.599117418827581627e+00 4.135920637567089386e+00 -8.341099112969563301e-01
-1.563025210084033334e-01 5.118660140046412677e-01 -8.266512356515190452e-02 -5.786532564549395907e-01 3.696333881942276585e-03 -5.605391569660024276e-01 -1.450698459226339165e-01 -3.980023737109489868e-01 -1.014047831150823170e-01 0.000000000000000000e+00 7.417020851216758748e-02 0.000000000000000000e+00 6.888963645729132002e-02 0.000000000000000000e+00 -6.241731668183484599e-02 9.860135518065997751e-01 6.041479244240229640e+00 1.601347802730180403e+00 4.135944003630951826e+00 -8.348553723317034825e-01
-1.613445378151260323e-01 5.111966917158886625e-01 -8.156051834213894070e-02 -5.769540004441566783e-01 2.807251861183598148e-03 -5.609952325644816939e-01 -1.436462820633722937e-01 -3.987293939319697667e-01 -1.008775698666804915e-01 0.000000000000000000e+00 7.388705335993719925e-02 0.000000000000000000e+00 6.891687263180744372e-02 0.000000000000000000e+00 -6.174242365640484481e-02 9.848156812641715163e-01 6.039828945537961680e+00 1.603505235913440075e+00 4.135922661454936033e+00 -8.355992999771421070e-01
-1.663865546218487312e-01 5.105606824348348782e-01 -8.046833466704857163e-02 -5.753014508996783238e-01 1.922099157636629257e-03 -5.614674324476918166e-01 -1.422370701961205575e-01 -3.994044861763319521e-01 -1.003464720053216241e-01 0.000000000000000000e+00 7.359013219578641740e-02 0.000000000000000000e+00 6.896145668190406530e-02 0.000000000000000000e+00 -6.107487460604640872e-02 9.835686336252439377e-01 6.038226854158393664e+00 1.605599985812709019e+00 4.135933940791510111e+00 -8.363016603241241187e-01
-1.714285714285714024e-01 5.099497704408454402e-01 -7.939597008054448402e-02 -5.736841609634443229e-01 1.050714329011486576e-03 -5.619620342308410121e-01 -1.408500047493376206e-01 -4.000389760287775820e-01 -9.979477050754075040e-02 0.000000000000000000e+00 7.328444943104320264e-02 0.000000000000000000e+00 6.901459710030123651e-02 0.000000000000000000e+00 -6.041235349520577419e-02 9.822697758492138220e-01 6.036683909676934690e+00 1.607615609367559317e+00 4.135949320450915678e+00 -8.369877369668095035e-01
-1.764705882352941013e-01 5.093639730324827086e-01 -7.836563122024432781e-02 -5.721233660949722744e-01 1.890845548188463366e-04 -5.624789553237830031e-01 -1.394767992597859274e-01 -4.006061431105436554e-01 -9.919622718483453450e-02 0.000000000000000000e+00 7.297117544145956258e-02 0.000000000000000000e+00 6.907398066088440980e-02 0.000000000000000000e+00 -5.975175419002453497e-02 9.809183848074810586e-01 6.035219895183450589e+00 1.609525054195052984e+00 4.135983606517796396e+00 -8.376498704835404485e-01
-1.815126050420167725e-01 5.088040852646480428e-01 -7.732914717062787380e-02 -5.705829115601974699e-01 -6.560444087478373848e-04 -5.630091788021731602e-01 -1.381237508828659366e-01 -4.011713434981737936e-01 -9.859703270990617663e-02 0.000000000000000000e+00 7.264443972340239863e-02 0.000000000000000000e+00 6.914355623819139207e-02 0.000000000000000000e+00 -5.909460920088142888e-02 9.795153209000212469e-01 6.033800742421644436e+00 1.611372940758232675e+00 4.136017174855193268e+00 -8.382913764530300904e-01
-1.865546218487394714e-01 5.082691123495530761e-01 -7.629536210566363608e-02 -5.690636326501898878e-01 -1.488108933261097881e-03 -5.635530014718046488e-01 -1.367906374935744795e-01 -4.017279622923175531e-01 -9.799457265203237455e-02 0.000000000000000000e+00 7.230277898748288523e-02 0.000000000000000000e+00 6.922355858035431075e-02 0.000000000000000000e+00 -5.843873158004481844e-02 9.780571617780777771e-01 6.032427632334269596e+00 1.613158883853499148e+00 4.136061136858216081e+00 -8.389001869967526170e-01
-1.915966386554621703e-01 5.077525444297724677e-01 -7.529178749234076429e-02 -5.675804598214163610e-01 -2.286619920561558123e-03 -5.640889370524538871e-01 -1.354697934190809971e-01 -4.022800569205751686e-01 -9.737581813750900706e-02 0.000000000000000000e+00 7.194901739841648436e-02 0.000000000000000000e+00 6.931750650386896140e-02 0.000000000000000000e+00 -5.778627124207259824e-02 9.765411287085328240e-01 6.031102659012417710e+00 1.614878294288995875e+00 4.136087420060686526e+00 -8.394906130043007231e-01
-1.966386554621848415e-01 5.072533865480836068e-01 -7.431057907905254389e-02 -5.661359296720545053e-01 -3.067921471543211525e-03 -5.646401674391381409e-01 -1.341640594770650841e-01 -4.027975115671562634e-01 -9.672002731245342433e-02 0.000000000000000000e+00 7.158462242209971682e-02 0.000000000000000000e+00 6.941634304999264038e-02 0.000000000000000000e+00 -5.713432595610174608e-02 9.749686973341634699e-01 6.029841178349962583e+00 1.616512619054810029e+00 4.136116112864717920e+00 -8.400609443555228095e-01
-2.016806722689075404e-01 5.067723252476395990e-01 -7.333002698546124687e-02 -5.647236527230337089e-01 -3.831980828057455525e-03 -5.652041802201822618e-01 -1.328744031026402594e-01 -4.032937283315659593e-01 -9.603643744077088040e-02 0.000000000000000000e+00 7.120764783001957976e-02 0.000000000000000000e+00 6.952175685572950514e-02 0.000000000000000000e+00 -5.648370194644444092e-02 9.733394135851972662e-01 6.028636555877034731e+00 1.618070704143673932e+00 4.136140832309580517e+00 -8.406064882628065948e-01
-2.067226890756302393e-01 5.063087710443706646e-01 -7.234942701697026635e-02 -5.633422203168487741e-01 -4.578261739631132518e-03 -5.657799439791453278e-01 -1.315979167633082314e-01 -4.037708242117862834e-01 -9.532801998093029527e-02 0.000000000000000000e+00 7.081867462905208632e-02 0.000000000000000000e+00 6.963389647820514283e-02 0.000000000000000000e+00 -5.583410244431884911e-02 9.716501508051305080e-01 6.027487011858949195e+00 1.619554634947530269e+00 4.136163811696630610e+00 -8.411251515046073157e-01
-2.117647058823529105e-01 5.058623882006454409e-01 -7.137106696237284498e-02 -5.619713403605712809e-01 -5.288530226793765679e-03 -5.663648243414477479e-01 -1.303331733009452653e-01 -4.042623725312187166e-01 -9.460195633996704156e-02 0.000000000000000000e+00 7.041670786314792319e-02 0.000000000000000000e+00 6.974832812463763188e-02 0.000000000000000000e+00 -5.518697437527408933e-02 9.698978800660189581e-01 6.026380638147548652e+00 1.620972808760825723e+00 4.136154860551693346e+00 -8.416304629251218916e-01
-2.168067226890756094e-01 5.054307413039723640e-01 -7.039878479346498019e-02 -5.606256291445300688e-01 -5.975569557741622871e-03 -5.669647388318542758e-01 -1.290789533251650856e-01 -4.047345627311249583e-01 -9.384898323614934701e-02 0.000000000000000000e+00 7.000435649414327166e-02 0.000000000000000000e+00 6.986589469661859397e-02 0.000000000000000000e+00 -5.454220270187645769e-02 9.680808107724091505e-01 6.025321435286977945e+00 1.622325134171594518e+00 4.136146776655814428e+00 -8.421116709770890552e-01
-2.218487394957983083e-01 5.050129103268985453e-01 -6.942031154790019587e-02 -5.593020256931816592e-01 -6.637734146114493937e-03 -5.675815390608279776e-01 -1.278360113218903471e-01 -4.051893635363975621e-01 -9.307150413798334632e-02 0.000000000000000000e+00 6.958108308562083177e-02 0.000000000000000000e+00 6.998662554529445912e-02 0.000000000000000000e+00 -5.390087319653573406e-02 9.661969838259140131e-01 6.024304363388402805e+00 1.623619582252052718e+00 4.136140072832700021e+00 -8.425771875248189158e-01
-2.268907563025209795e-01 5.046054208088998072e-01 -6.842478611175259462e-02 -5.579916503383821613e-01 -7.262132414060835234e-03 -5.682165127356915146e-01 -1.266059020651259526e-01 -4.056301926781217260e-01 -9.227499500028546464e-02 0.000000000000000000e+00 6.914792263745829504e-02 0.000000000000000000e+00 7.011492317515896633e-02 0.000000000000000000e+00 -5.326524272420666423e-02 9.642426254144584874e-01 6.023316800364063361e+00 1.624867027876721437e+00 4.136130209240570288e+00 -8.430345391036005998e-01
-2.319327731092436784e-01 5.042140385726833207e-01 -6.741385074558658985e-02 -5.566835774383691593e-01 -7.857128156424532731e-03 -5.688746347127695557e-01 -1.254062185403032326e-01 -4.060576197274088361e-01 -9.145610708673841682e-02 0.000000000000000000e+00 6.869835535592309916e-02 0.000000000000000000e+00 7.025341979197015363e-02 0.000000000000000000e+00 -5.263925046914549877e-02 9.622164285060821332e-01 6.022377822984298135e+00 1.626052154328064381e+00 4.136110015834908005e+00 -8.434932849951664036e-01
-2.369747899159663496e-01 5.038349905465319134e-01 -6.640962805436158300e-02 -5.554026016628291762e-01 -8.428799307426780921e-03 -5.695448448306491551e-01 -1.242037580779574713e-01 -4.064648033663773030e-01 -9.061119528886583951e-02 0.000000000000000000e+00 6.823477787637428904e-02 0.000000000000000000e+00 7.039610031997418915e-02 0.000000000000000000e+00 -5.201057142451319393e-02 9.601097697500274863e-01 6.021486816278656562e+00 1.627169975173831995e+00 4.136106899947997739e+00 -8.439220390496612323e-01
-2.420168067226890485e-01 5.034721281049169272e-01 -6.542464240134264475e-02 -5.541502534152407122e-01 -8.975741098499396761e-03 -5.702311843737373209e-01 -1.229890166738619450e-01 -4.068449685109614689e-01 -8.974432936056568610e-02 0.000000000000000000e+00 6.775587349736927889e-02 0.000000000000000000e+00 7.054562179044725212e-02 0.000000000000000000e+00 -5.137441623330009366e-02 9.579206266844825235e-01 6.020636523728426504e+00 1.628222134310530755e+00 4.136144314743420480e+00 -8.443101104586119288e-01
-2.470588235294117474e-01 5.031317497326045496e-01 -6.443237126940183634e-02 -5.529071570638983690e-01 -9.513888455988472534e-03 -5.709538501997478699e-01 -1.217455860334630408e-01 -4.071978355928909110e-01 -8.887443092347013796e-02 0.000000000000000000e+00 6.728044299876889678e-02 0.000000000000000000e+00 7.068639656297548424e-02 0.000000000000000000e+00 -5.074981877564688215e-02 9.556513903626357997e-01 6.019790220923954216e+00 1.629266728549653598e+00 4.136269425573413372e+00 -8.446957979452411891e-01
-2.521008403361344463e-01 5.028011837262701400e-01 -6.342752264030979137e-02 -5.516834020054294241e-01 -1.002906467874250217e-02 -5.716965328493520682e-01 -1.205056355339461788e-01 -4.075280747416866189e-01 -8.797750343192202449e-02 0.000000000000000000e+00 6.678868840890504754e-02 0.000000000000000000e+00 7.082937511900364025e-02 0.000000000000000000e+00 -5.012168455501028741e-02 9.532905223619833057e-01 6.018990346433365168e+00 1.630246878708661917e+00 4.136418807017747667e+00 -8.450543407648000160e-01
-2.571428571428571175e-01 5.024856831474198149e-01 -6.247003142372035273e-02 -5.504856386886615160e-01 -1.054351142608179158e-02 -5.724619687060196194e-01 -1.192602923415204547e-01 -4.078214633385192633e-01 -8.706074266325643241e-02 0.000000000000000000e+00 6.628029637618561287e-02 0.000000000000000000e+00 7.097305652635751971e-02 0.000000000000000000e+00 -4.948435616943736015e-02 9.508616636727726945e-01 6.018253972012499453e+00 1.631139107049901504e+00 4.136658617691846729e+00 -8.453620545550077914e-01
-2.621848739495797886e-01 5.021815217889441518e-01 -6.147516182502935078e-02 -5.493022832361057484e-01 -1.103949989452027505e-02 -5.732504029360980802e-01 -1.180184573295539607e-01 -4.080988558783168463e-01 -8.612095564119541524e-02 0.000000000000000000e+00 6.575374864299443622e-02 0.000000000000000000e+00 7.111794690549180786e-02 0.000000000000000000e+00 -4.884184621358122341e-02 9.483177688832929997e-01 6.017564258827884593e+00 1.631967268142663574e+00 4.136923402614448797e+00 -8.456449362554403493e-01
-2.672268907563025153e-01 5.018810935059480061e-01 -6.041469329789402043e-02 -5.481273732851997815e-01 -1.152744524108036302e-02 -5.740654391894745023e-01 -1.167912274075676715e-01 -4.083660503933920771e-01 -8.514532384109350927e-02 0.000000000000000000e+00 6.520430082382937254e-02 0.000000000000000000e+00 7.125234816398406945e-02 0.000000000000000000e+00 -4.819102732059451361e-02 9.456735229260135878e-01 6.016928674896378837e+00 1.632729560248433076e+00 4.137189971095623697e+00 -8.459121367267687930e-01
-2.722689075630251865e-01 5.015854433433313275e-01 -5.932384393421712143e-02 -5.469628108316731963e-01 -1.198472936864098705e-02 -5.748968469653512603e-01 -1.155548590607499843e-01 -4.086282238147853074e-01 -8.415019639083641534e-02 0.000000000000000000e+00 6.463931164740317759e-02 0.000000000000000000e+00 7.138330839666452710e-02 0.000000000000000000e+00 -4.752990170856508795e-02 9.429243230458388414e-01 6.016339531184096145e+00 1.633427119958591911e+00 4.137468946160682393e+00 -8.461766400471627536e-01
-2.773109243697478576e-01 5.012852365465640947e-01 -5.823073838022334997e-02 -5.458184115693578420e-01 -1.238964366979408704e-02 -5.757286747120866632e-01 -1.143247857246478122e-01 -4.089182540629620055e-01 -8.307593360727287546e-02 0.000000000000000000e+00 6.403853294808467544e-02 0.000000000000000000e+00 7.152650923932962757e-02 0.000000000000000000e+00 -4.686173246905948886e-02 9.402387320237841628e-01 6.015848761530933508e+00 1.633993742705133423e+00 4.137764970295587652e+00 -8.463927257489444189e-01
-2.823529411764705843e-01 5.009931690989171127e-01 -5.712355560073252569e-02 -5.446711218538490273e-01 -1.277480004686388886e-02 -5.765845766172199571e-01 -1.130929868318621134e-01 -4.092003398489174604e-01 -8.199712107283473050e-02 0.000000000000000000e+00 6.342704559286531374e-02 0.000000000000000000e+00 7.166601750793706593e-02 0.000000000000000000e+00 -4.619391210873328296e-02 9.372211301799322491e-01 6.015402932316926687e+00 1.634501837428941284e+00 4.138131934449202909e+00 -8.465972285648257767e-01
-2.873949579831932555e-01 5.007082786559343690e-01 -5.598009374670458865e-02 -5.435177023834969479e-01 -1.313546568940564437e-02 -5.774704945154400804e-01 -1.118632843299737778e-01 -4.094797186768113773e-01 -8.089553053708978259e-02 0.000000000000000000e+00 6.279655769845385316e-02 0.000000000000000000e+00 7.180351678718649433e-02 0.000000000000000000e+00 -4.551935234150895904e-02 9.340309166545823771e-01 6.015000414200673440e+00 1.634947196981382689e+00 4.138525181068857250e+00 -8.467878393662765513e-01
-2.924369747899159266e-01 5.004338460598224403e-01 -5.484318923458343653e-02 -5.424368308703272357e-01 -1.347649316212877306e-02 -5.783346630331337446e-01 -1.105412411482491197e-01 -4.097357379795630861e-01 -7.979466088295811277e-02 0.000000000000000000e+00 6.214297531815417969e-02 0.000000000000000000e+00 7.196904493868054586e-02 0.000000000000000000e+00 -4.482540800299785605e-02 9.306789895099605303e-01 6.014629513917901349e+00 1.635339074075918830e+00 4.139109594483810106e+00 -8.469283122976561939e-01
-2.974789915966385978e-01 5.001702670569276865e-01 -5.370398849066081864e-02 -5.413410258350065396e-01 -1.378413945318831234e-02 -5.792506740378672303e-01 -1.092123271410298524e-01 -4.099660359913714358e-01 -7.865604348718620298e-02 0.000000000000000000e+00 6.147817905131056082e-02 0.000000000000000000e+00 7.213764068258529671e-02 0.000000000000000000e+00 -4.412865043698072087e-02 9.271745040822172435e-01 6.014284269758672252e+00 1.635675512875089277e+00 4.139745463360640976e+00 -8.470467003412639473e-01
-3.025210084033613245e-01 4.999165271819158707e-01 -5.259095307340613118e-02 -5.402311919718981725e-01 -1.407140061464228625e-02 -5.802053548073532463e-01 -1.078563149278324307e-01 -4.102017042053875406e-01 -7.747110512643931579e-02 0.000000000000000000e+00 6.080909597060463190e-02 0.000000000000000000e+00 7.231088423547447908e-02 0.000000000000000000e+00 -4.344212677240427006e-02 9.234525018390863371e-01 6.013980793733459507e+00 1.635925088890694434e+00 4.140379131426534798e+00 -8.471442442187729904e-01
-3.075630252100839956e-01 4.996481940281254364e-01 -5.126662897373852196e-02 -5.390843921297743258e-01 -1.432381748689693507e-02 -5.812334834001859907e-01 -1.066073290795590267e-01 -4.104105426674980461e-01 -7.624349273407989014e-02 0.000000000000000000e+00 6.009982973813636498e-02 0.000000000000000000e+00 7.245535110785630839e-02 0.000000000000000000e+00 -4.275530735497536095e-02 9.196242120469935166e-01 6.013748814886713312e+00 1.636103167860925023e+00 4.140919641578791222e+00 -8.472729292671477008e-01
-3.126050420168066668e-01 4.993778721204277238e-01 -4.989537619579555855e-02 -5.379195523597277706e-01 -1.454492639722600351e-02 -5.823067383475374337e-01 -1.053712158866675491e-01 -4.106034030256308087e-01 -7.498830809027051680e-02 0.000000000000000000e+00 5.936605360739707210e-02 0.000000000000000000e+00 7.259028756988096520e-02 0.000000000000000000e+00 -4.206387704037502923e-02 9.155936894062240983e-01 6.013565360079090816e+00 1.636211797643419841e+00 4.141489720422667276e+00 -8.474148179694244165e-01
-3.176470588235293935e-01 4.991007473067368694e-01 -4.845375982764625611e-02 -5.367314882437305146e-01 -1.472159733552155098e-02 -5.834288527101249011e-01 -1.041474593279857058e-01 -4.107854527238242182e-01 -7.369514622066604403e-02 0.000000000000000000e+00 5.860590928407651695e-02 0.000000000000000000e+00 7.271361308466277318e-02 0.000000000000000000e+00 -4.136376847792742201e-02 9.113065748186389703e-01 6.013443878953187216e+00 1.636234250597303097e+00 4.142083056152350728e+00 -8.475694954391033153e-01
-3.226890756302520646e-01 4.988263234413640168e-01 -4.697317411677823934e-02 -5.354995168154466079e-01 -1.486684969235460042e-02 -5.846245194889357899e-01 -1.029426207862177978e-01 -4.109393254962153685e-01 -7.236444152563252519e-02 0.000000000000000000e+00 5.781957375186173864e-02 0.000000000000000000e+00 7.283241436917893552e-02 0.000000000000000000e+00 -4.065732617842368612e-02 9.066278605996985762e-01 6.013383974409695298e+00 1.636161966656185074e+00 4.142759060159229456e+00 -8.477176771679770795e-01
-3.277310924369747358e-01 4.985418269719575357e-01 -4.535821725360288104e-02 -5.342491747090060139e-01 -1.495746916887199379e-02 -5.858772366382918317e-01 -1.017236008344937631e-01 -4.110803846787202120e-01 -7.099716631921182408e-02 0.000000000000000000e+00 5.700211649797645025e-02 0.000000000000000000e+00 7.294655637938701753e-02 0.000000000000000000e+00 -3.993598817483855201e-02 9.019923241981707696e-01 6.013389549172224235e+00 1.635986866374691928e+00 4.143500192667127102e+00 -8.478951046038533113e-01
-3.327731092436974625e-01 4.982475089810613489e-01 -4.366861807577747390e-02 -5.329165316535232622e-01 -1.500052121595568493e-02 -5.872122362115889116e-01 -1.005515542107301569e-01 -4.112247953636631315e-01 -6.961037684529473857e-02 0.000000000000000000e+00 5.614620069884591891e-02 0.000000000000000000e+00 7.302175878970447453e-02 0.000000000000000000e+00 -3.921755962712607235e-02 8.974174066701955388e-01 6.013484753049869624e+00 1.635699664936870246e+00 4.144300395519088909e+00 -8.481439471907797900e-01
-3.378151260504201336e-01 4.979243205766984981e-01 -4.185559496708584487e-02 -5.314893935104740841e-01 -1.497163646795425691e-02 -5.885401193294840239e-01 -9.957657826502486209e-02 -4.115276760957655711e-01 -6.826229636903159703e-02 0.000000000000000000e+00 5.527672495391357244e-02 0.000000000000000000e+00 7.301098373915090867e-02 0.000000000000000000e+00 -3.852726025321570602e-02 8.922812151744422549e-01 6.013701013949925844e+00 1.635306772034012868e+00 4.144706849906672375e+00 -8.485486203864083254e-01
-3.428571428571428048e-01 4.975873677327871669e-01 -3.992104372538458207e-02 -5.300539735459909307e-01 -1.488641108105669131e-02 -5.899304899696191651e-01 -9.853167887179142825e-02 -4.117949046843781824e-01 -6.686544408213204727e-02 0.000000000000000000e+00 5.437840431642813888e-02 0.000000000000000000e+00 7.298700378137369660e-02 0.000000000000000000e+00 -3.782944063836016918e-02 8.867927301811808771e-01 6.013948489772408479e+00 1.634849070327797582e+00 4.145231715722022869e+00 -8.489671953881299249e-01
-3.478991596638655315e-01 4.972303053336094014e-01 -3.784444936672531207e-02 -5.285934673892961344e-01 -1.473698083560579138e-02 -5.913965672874031965e-01 -9.743781677912360939e-02 -4.120284910156264413e-01 -6.540071127822105757e-02 0.000000000000000000e+00 5.344965324079983121e-02 0.000000000000000000e+00 7.294541470867474398e-02 0.000000000000000000e+00 -3.712504253367951423e-02 8.809367610961543749e-01 6.014234665254925005e+00 1.634317200644235468e+00 4.145840005584672028e+00 -8.494239806887770028e-01
-3.529411764705882026e-01 4.968496165074665627e-01 -3.561162320813143073e-02 -5.270805948408070485e-01 -1.451961477836290378e-02 -5.929573633872204930e-01 -9.631507385634004159e-02 -4.122332553213964301e-01 -6.386296752707071311e-02 0.000000000000000000e+00 5.249119423551380781e-02 0.000000000000000000e+00 7.287732879383221340e-02 0.000000000000000000e+00 -3.641551796463886326e-02 8.746121748592442513e-01 6.014563264581373581e+00 1.633704377613099945e+00 4.146514421825662211e+00 -8.499383831198942252e-01
-3.579831932773108738e-01 4.964431646050557201e-01 -3.322344243497384053e-02 -5.254723593711525531e-01 -1.422839906647022611e-02 -5.946473919534360775e-01 -9.519505518765629393e-02 -4.124033520033397737e-01 -6.225017029257492313e-02 0.000000000000000000e+00 5.150713444877618591e-02 0.000000000000000000e+00 7.277877192446942367e-02 0.000000000000000000e+00 -3.570371010261196021e-02 8.677473647327259565e-01 6.014914662233019627e+00 1.633025884251795734e+00 4.147198943071647825e+00 -8.505617009500642256e-01
-3.630252100840335450e-01 4.960044007312535697e-01 -3.076475270823436289e-02 -5.238785165338983862e-01 -1.382657088618912365e-02 -5.963166950125474708e-01 -9.391679320272557085e-02 -4.126614935808266549e-01 -6.059023083125355397e-02 0.000000000000000000e+00 5.048545202883036875e-02 0.000000000000000000e+00 7.268385198620713750e-02 0.000000000000000000e+00 -3.498395838059251833e-02 8.609203311236959255e-01 6.015349948360992016e+00 1.632211786635284767e+00 4.148164952336239608e+00 -8.511633185239567689e-01
-3.680672268907562716e-01 4.955242972446458616e-01 -2.813437691825148093e-02 -5.221866358082746240e-01 -1.335019930629594183e-02 -5.981432567141209411e-01 -9.264073497332635243e-02 -4.128490968148795792e-01 -5.880085495922326988e-02 0.000000000000000000e+00 4.942901820972281368e-02 0.000000000000000000e+00 7.254866516015365252e-02 0.000000000000000000e+00 -3.426695830948384147e-02 8.533586209449235405e-01 6.015841646642154927e+00 1.631286168024058014e+00 4.149228179471632139e+00 -8.518602636636991576e-01
-3.731092436974789428e-01 4.949944502105591559e-01 -2.527308166875608456e-02 -5.203605040305987472e-01 -1.279964747097979763e-02 -6.001676617510263156e-01 -9.137873552251354892e-02 -4.129613320253835984e-01 -5.684385788226550135e-02 0.000000000000000000e+00 4.833143139752968387e-02 0.000000000000000000e+00 7.236346645966407198e-02 0.000000000000000000e+00 -3.355443063827726058e-02 8.445267695913565298e-01 6.016406037803543327e+00 1.630219844958561426e+00 4.150388447411751613e+00 -8.526616319318648385e-01
-3.781512605042016140e-01 4.944009017877812329e-01 -2.209808504575022994e-02 -5.183371730401200583e-01 -1.214389464910159422e-02 -6.024635413132969353e-01 -9.013746092917282460e-02 -4.129804252619219684e-01 -5.468333212313509356e-02 0.000000000000000000e+00 4.719797736651495240e-02 0.000000000000000000e+00 7.211217484357633489e-02 0.000000000000000000e+00 -3.285287095923591916e-02 8.349234298431812418e-01 6.017015947565524492e+00 1.629020122499329482e+00 4.151651261933544390e+00 -8.536584681829865184e-01
-3.831932773109243406e-01 4.937222940561571405e-01 -1.851617407878055482e-02 -5.161085693063749424e-01 -1.137336781831374023e-02 -6.050540236319607024e-01 -8.890360838696409473e-02 -4.128931128892553426e-01 -5.226232707711233466e-02 0.000000000000000000e+00 4.600875440462351418e-02 0.000000000000000000e+00 7.178711366441126174e-02 0.000000000000000000e+00 -3.216629610306928622e-02 8.236858856274008600e-01 6.017702509863421589e+00 1.627642618433767119e+00 4.153063471285959096e+00 -8.548267838239642646e-01
-3.882352941176470118e-01 4.929268990456239230e-01 -1.436401013615172528e-02 -5.136026198688986577e-01 -1.046521616817091237e-02 -6.080539046794168900e-01 -8.770028741512346515e-02 -4.126401097523818007e-01 -4.947492424352884638e-02 0.000000000000000000e+00 4.474319852320503277e-02 0.000000000000000000e+00 7.136629895107921007e-02 0.000000000000000000e+00 -3.150482022792312070e-02 8.102108864745856120e-01 6.018491915649215152e+00 1.626026419722280236e+00 4.154695547587887283e+00 -8.561841145907616024e-01
-3.932773109243696830e-01 4.919586714607147027e-01 -9.384965731261832658e-03 -5.106921784781097706e-01 -9.385995754320086704e-03 -6.116727694907757584e-01 -8.658138788546172748e-02 -4.121069751787079793e-01 -4.612450656886705330e-02 0.000000000000000000e+00 4.337300517251797827e-02 0.000000000000000000e+00 7.080646978976057326e-02 0.000000000000000000e+00 -3.088923969196600075e-02 7.931859219400599903e-01 6.019432038959016573e+00 1.624061940364518231e+00 4.156652176879115146e+00 -8.577530416937314550e-01
-3.983193277310924096e-01 4.907006561592445748e-01 -3.067538848052710383e-03 -5.070714810648214721e-01 -8.066397245042589842e-03 -6.164044771186686367e-01 -8.574343037884470109e-02 -4.110014538498664161e-01 -4.178152412773473989e-02 0.000000000000000000e+00 4.184585089257213120e-02 0.000000000000000000e+00 6.999897867082054137e-02 0.000000000000000000e+00 -3.036623222748491974e-02 7.693782444909331719e-01 6.020613192957104509e+00 1.621521894482570003e+00 4.159040279371357229e+00 -8.595306491073205768e-01
-4.033613445378150808e-01 4.887653960494219296e-01 6.619354936882253237e-03 -5.020605961386020999e-01 -6.396866410511277933e-03 -6.236236987554959477e-01 -8.579724242948590096e-02 -4.083587544391084068e-01 -3.499253495377601525e-02 0.000000000000000000e+00 3.987269294666555275e-02 0.000000000000000000e+00 6.869147284907245465e-02 0.000000000000000000e+00 -3.009198551390398699e-02 7.245618668945574825e-01 6.022578749444425839e+00 1.617470190631664639e+00 4.162374769614388015e+00 -8.609365639836097372e-01
-4.084033613445377520e-01 3.804011597825611157e-01 -2.826289366094579189e-02 -2.627734283686868899e-01 3.943887257568185617e-02 -8.558979218160289726e-01 -8.611699837282797785e-04 -2.732704351781858332e-01 1.960506073303680818e-01 0.000000000000000000e+00 1.154304036983772562e-02 0.000000000000000000e+00 2.118881899510254019e-02 0.000000000000000000e+00 -6.466829103237561882e-02 4.174322203892609773e-01 6.222661534140560669e+00 1.244144038639768635e+00 4.327525960318913789e+00 -9.473267542403646102e-01
-4.134453781512604786e-01 3.802425934489141457e-01 -2.107010644292097237e-02 -2.574032590559083289e-01 3.738631178613053413e-02 -8.590691199075595197e-01 -1.290416463311017765e-03 -2.694441997212089768e-01 1.953250767861386128e-01 0.000000000000000000e+00 1.079658659081878663e-02 0.000000000000000000e+00 2.100485515557461158e-02 0.000000000000000000e+00 -6.468279240539706598e-02 4.188690680648534115e-01 6.222651267399898600e+00 1.243557645978582205e+00 4.313404059541904978e+00 -9.505763351487325208e-01
-4.184873949579831498e-01 3.801162800156361321e-01 -1.834002481903367412e-02 -2.526074802198419733e-01 3.549826900334480950e-02 -8.617329169134279043e-01 -1.288944487245092130e-04 -2.661595338810580635e-01 1.948215106137982100e-01 0.000000000000000000e+00 1.029199717405456307e-02 0.000000000000000000e+00 2.081526878368935088e-02 0.000000000000000000e+00 -6.484138025767491320e-02 4.203723966086970187e-01 6.223230173969331425e+00 1.242072893519604593e+00 4.306294131189536856e+00 -9.534220293521418199e-01
-4.235294117647058210e-01 3.799689091164795141e-01 -1.749528430645224189e-02 -2.481295749097179315e-01 3.373500959886141515e-02 -8.641880857487199696e-01 2.104343245776817573e-03 -2.630825972625896458e-01 1.944118101915975894e-01 0.000000000000000000e+00 9.869379417121222284e-03 0.000000000000000000e+00 2.062176169479538676e-02 0.000000000000000000e+00 -6.511611547512746734e-02 4.217704229204822242e-01 6.224008658381833037e+00 1.240275286941847188e+00 4.303688475568415051e+00 -9.558110568119004835e-01
-4.285714285714285476e-01 3.797849149611866593e-01 -1.754673342472980180e-02 -2.438024340746758056e-01 3.204358140380130643e-02 -8.665552716862959803e-01 5.054223945361437619e-03 -2.600521337020929025e-01 1.940285153636621962e-01 0.000000000000000000e+00 9.469030004406357032e-03 0.000000000000000000e+00 2.042478348043094000e-02 0.000000000000000000e+00 -6.548486246783442877e-02 4.231205445845052093e-01 6.224859585047716415e+00 1.238352184119744681e+00 4.304080062937091888e+00 -9.578697315955271296e-01
-4.336134453781512188e-01 3.795601417710967596e-01 -1.806829607561577511e-02 -2.395240419098243756e-01 3.038581271823758562e-02 -8.688907815496931253e-01 8.471555180304148752e-03 -2.569755849767375588e-01 1.936362072841406878e-01 0.000000000000000000e+00 9.068082748701383755e-03 0.000000000000000000e+00 2.022536168050568725e-02 0.000000000000000000e+00 -6.592825243388727996e-02 4.243944327198729272e-01 6.225732207088608305e+00 1.236380450613563609e+00 4.306535071271605730e+00 -9.597179938888134032e-01
-4.386554621848738900e-01 3.792948205745613754e-01 -1.886636211585054207e-02 -2.352334601402790437e-01 2.873492033427398756e-02 -8.712215745685197854e-01 1.218877817706912406e-02 -2.538025570551309396e-01 1.932081201674924753e-01 0.000000000000000000e+00 8.657312560693119011e-03 0.000000000000000000e+00 2.002402079032033003e-02 0.000000000000000000e+00 -6.642978454088016571e-02 4.255691213270891837e-01 6.226600757770119010e+00 1.234400903999170129e+00 4.310425940585209226e+00 -9.614543392339036654e-01
-4.436974789915966166e-01 3.789902767925429905e-01 -1.984097353123341623e-02 -2.308965262082894043e-01 2.707183932459387640e-02 -8.735603384597306897e-01 1.609556217863812588e-02 -2.505047677392805983e-01 1.927247977567288217e-01 0.000000000000000000e+00 8.233685733077164212e-03 0.000000000000000000e+00 1.982048794964627603e-02 0.000000000000000000e+00 -6.697637826499217018e-02 4.266250150606709646e-01 6.227452020217669748e+00 1.232435096466656610e+00 4.315331095804255668e+00 -9.631475408875184163e-01
-4.487394957983192878e-01 3.786483974340559278e-01 -2.094074504830713279e-02 -2.264980807096793891e-01 2.537881660396198655e-02 -8.759117028143480477e-01 2.012333209926242192e-02 -2.470693608649691675e-01 1.921675128725710835e-01 0.000000000000000000e+00 7.796380416475733564e-03 0.000000000000000000e+00 1.961430162797746929e-02 0.000000000000000000e+00 -6.755699343180972261e-02 4.275468178443892486e-01 6.228277100022391544e+00 1.230497781781591637e+00 4.320957090036093184e+00 -9.648712920586602904e-01
-4.537815126050419590e-01 3.782706129651014493e-01 -2.212014128043991723e-02 -2.220279875695004290e-01 2.365572474860962865e-02 -8.782767716214221476e-01 2.421800905483258506e-02 -2.434927090656838489e-01 1.915227665844698446e-01 0.000000000000000000e+00 7.346004743895307929e-03 0.000000000000000000e+00 1.940701625404206432e-02 0.000000000000000000e+00 -6.816323627279383124e-02 4.283512719091530641e-01 6.229070289253360926e+00 1.228599213702794346e+00 4.327109450707385285e+00 -9.666404375830855988e-01
-4.588235294117646301e-01 3.778577437207182310e-01 -2.336728812649502274e-02 -2.174857285314062139e-01 2.190168610462989163e-02 -8.806528381621495649e-01 2.835054553556655768e-02 -2.397794851427957064e-01 1.907764121486364151e-01 0.000000000000000000e+00 6.885484259163514309e-03 0.000000000000000000e+00 1.919341014900190559e-02 0.000000000000000000e+00 -6.878516956842417596e-02 4.290586115115264110e-01 6.229822470252762479e+00 1.226756060221660061e+00 4.333655127941658414e+00 -9.684891846590177877e-01
-4.638655462184873568e-01 3.774119741096943481e-01 -2.462543286327447886e-02 -2.128762032217264288e-01 2.015051591352429519e-02 -8.830364328373058180e-01 3.249207202536973094e-02 -2.359157932505978605e-01 1.899405427458736029e-01 0.000000000000000000e+00 6.410032769208934798e-03 0.000000000000000000e+00 1.897738010077419310e-02 0.000000000000000000e+00 -6.942083280023204905e-02 4.295902005517347466e-01 6.230535741821116247e+00 1.224964553134076484e+00 4.340521407565744560e+00 -9.703872847593797424e-01
-4.689075630252100280e-01 3.769448585699813337e-01 -2.587224273079324899e-02 -2.081996621386748569e-01 1.832146802186686990e-02 -8.854406375246738348e-01 3.662248440254756154e-02 -2.318829390053566697e-01 1.890224489555276111e-01 0.000000000000000000e+00 5.918208558764936553e-03 0.000000000000000000e+00 1.879300230329618640e-02 0.000000000000000000e+00 -7.005746774047386105e-02 4.298351637133929759e-01 6.231239806473074516e+00 1.223177834865689428e+00 4.347756544057270744e+00 -9.721690169326070441e-01
-4.739495798319326991e-01 3.764490522808470185e-01 -2.714842541904132628e-02 -2.034805517713693390e-01 1.645237102928952949e-02 -8.878401920859223528e-01 4.075234255717390119e-02 -2.277209230819128571e-01 1.879962620339381274e-01 0.000000000000000000e+00 5.425606461442889460e-03 0.000000000000000000e+00 1.860920138249324077e-02 0.000000000000000000e+00 -7.069634771332519718e-02 4.298976181871643765e-01 6.231918557481042065e+00 1.221420574202122022e+00 4.355169885955514353e+00 -9.740453432985753945e-01
-4.789915966386554258e-01 3.759240020108444713e-01 -2.845353657747582560e-02 -1.987366937693039182e-01 1.452164778918291384e-02 -8.902258582676811915e-01 4.489036061615876011e-02 -2.234381719835832614e-01 1.868581957710913066e-01 0.000000000000000000e+00 4.944264556042523955e-03 0.000000000000000000e+00 1.846259113259698589e-02 0.000000000000000000e+00 -7.134454238110476965e-02 4.297753502819430249e-01 6.232569656586120388e+00 1.219696526337749498e+00 4.362747439444804698e+00 -9.759015994039269559e-01
-4.840336134453780970e-01 3.753709060670299413e-01 -2.971850016265445080e-02 -1.939719636132758718e-01 1.255921370830414933e-02 -8.925967608178693169e-01 4.901756925852178426e-02 -2.190483334639272139e-01 1.856081593290975218e-01 0.000000000000000000e+00 4.465241311706571146e-03 0.000000000000000000e+00 1.831651963131379277e-02 0.000000000000000000e+00 -7.199007089089126676e-02 4.294777512701041244e-01 6.233203802620274736e+00 1.217988235479236181e+00 4.370464785718095158e+00 -9.778693060771487255e-01
-4.890756302521007681e-01 3.747908064105230919e-01 -3.093885792928043402e-02 -1.892016347493830630e-01 1.056716143565469314e-02 -8.949471861503079939e-01 5.312699679020629201e-02 -2.145632940282513890e-01 1.842449908931571012e-01 0.000000000000000000e+00 3.990848523678923974e-03 0.000000000000000000e+00 1.817120743326690324e-02 0.000000000000000000e+00 -7.263057843847708916e-02 4.290154965566870815e-01 6.233817803271513469e+00 1.216304927797669855e+00 4.378335204054889296e+00 -9.799344265058465009e-01
-4.941176470588234948e-01 3.741841810834106163e-01 -3.210467353424395487e-02 -1.844395805180950310e-01 8.546925633653352367e-03 -8.972714201921766497e-01 5.721286785665467139e-02 -2.100013065738241258e-01 1.827633183345400703e-01 0.000000000000000000e+00 3.523533048381713700e-03 0.000000000000000000e+00 1.802304588455312315e-02 0.000000000000000000e+00 -7.326334567658675245e-02 4.284020850293225324e-01 6.234405903428883455e+00 1.214660353961447559e+00 4.386348431097573553e+00 -9.821029076463939633e-01
-4.991596638655461660e-01 3.735517313896255520e-01 -3.320556044919809741e-02 -1.797001375249324961e-01 6.505199907243425922e-03 -8.995646493504880770e-01 6.126402346894729845e-02 -2.053765682350382482e-01 1.811630145541062165e-01 0.000000000000000000e+00 3.065054670804900992e-03 0.000000000000000000e+00 1.787098036972147377e-02 0.000000000000000000e+00 -7.388481436950633530e-02 4.276488538566906028e-01 6.234963455864077631e+00 1.213066552173903467e+00 4.394466982475248251e+00 -9.843665683616491524e-01
-5.042016806722688926e-01 3.728939755670194200e-01 -3.422617174180583866e-02 -1.749984446687786188e-01 4.449590081409550771e-03 -9.018229466716899401e-01 6.526748364696340066e-02 -2.007032038732987911e-01 1.794465257292037763e-01 0.000000000000000000e+00 2.616295920475071417e-03 0.000000000000000000e+00 1.771516773254849450e-02 0.000000000000000000e+00 -7.449221999386781978e-02 4.267681633430688293e-01 6.235487371437942627e+00 1.211533315821960555e+00 4.402662642729145759e+00 -9.867117360972764706e-01
-5.092436974789915638e-01 3.722113953963160360e-01 -3.514839471289298023e-02 -1.703507212003462501e-01 2.390407701451585393e-03 -9.040428619509517372e-01 6.920841929617230215e-02 -1.959962123178100035e-01 1.776188195680736270e-01 0.000000000000000000e+00 2.177675575186045070e-03 0.000000000000000000e+00 1.755530814307048465e-02 0.000000000000000000e+00 -7.508464799907471621e-02 4.257734169144432590e-01 6.235976859318583365e+00 1.210066767888256622e+00 4.410932648701227698e+00 -9.891193213759150726e-01
-5.142857142857142350e-01 3.715048428049903539e-01 -3.595711967990999902e-02 -1.657729349276225728e-01 3.398317856935687649e-04 -9.062220594065777401e-01 7.306714789668895815e-02 -1.912711725278914698e-01 1.756862823086161041e-01 0.000000000000000000e+00 1.750220301963262151e-03 0.000000000000000000e+00 1.739181609310774118e-02 0.000000000000000000e+00 -7.566257753602854963e-02 4.246802320506203321e-01 6.236435770109885368e+00 1.208664380518155612e+00 4.419274794448525334e+00 -9.915723285499865591e-01
-5.193277310924369061e-01 3.707802569932516223e-01 -3.655845883744367197e-02 -1.613080633949688925e-01 -1.715835652670022384e-03 -9.083664124397278217e-01 7.685269436304408008e-02 -1.865549916930308028e-01 1.736500918493358303e-01 0.000000000000000000e+00 1.294655063847867339e-03 0.000000000000000000e+00 1.723080685276936683e-02 0.000000000000000000e+00 -7.623460060129884364e-02 4.234625109846713586e-01 6.236929281053591012e+00 1.207207058926690335e+00 4.427912233929661490e+00 -9.937668191585132815e-01
-5.243697478991595773e-01 3.700344406409666331e-01 -3.706790632373976185e-02 -1.569376169444224589e-01 -3.743281834676250638e-03 -9.104655935590461047e-01 8.049262503053179751e-02 -1.818522854595767402e-01 1.715104973420823742e-01 0.000000000000000000e+00 8.548056659916346018e-04 0.000000000000000000e+00 1.706277405877658360e-02 0.000000000000000000e+00 -7.678690650421066133e-02 4.221918394123811424e-01 6.237398465533241954e+00 1.205813534288072475e+00 4.436537991416311222e+00 -9.960949705861087411e-01
-5.294117647058822484e-01 3.692669178622733361e-01 -3.742333813953078320e-02 -1.526754272729816952e-01 -5.733493885656929835e-03 -9.125218392807743495e-01 8.396607593664522085e-02 -1.771789588108861890e-01 1.692753414885401486e-01 0.000000000000000000e+00 4.240983085357153456e-04 0.000000000000000000e+00 1.688771211942162107e-02 0.000000000000000000e+00 -7.732108774573095977e-02 4.208803437001799597e-01 6.237823910271637295e+00 1.204527967980737024e+00 4.445172888594067118e+00 -9.984992500220044587e-01
-5.344537815126050306e-01 3.684795423064136655e-01 -3.760331308355619601e-02 -1.485342136075926411e-01 -7.680248145023146032e-03 -9.145382011000638967e-01 8.724623516575366611e-02 -1.725482749425300832e-01 1.669511941816003708e-01 0.000000000000000000e+00 -1.232422687200449156e-06 0.000000000000000000e+00 1.670725897966644433e-02 0.000000000000000000e+00 -7.783749858042066094e-02 4.195455549929014150e-01 6.238198713469834011e+00 1.203370671833049688e+00 4.453823895705662395e+00 -1.000940531502750419e+00
-5.394957983193277018e-01 3.676783677603441269e-01 -3.762360926439149711e-02 -1.445082839087654114e-01 -9.563445520117591636e-03 -9.165272520880219931e-01 9.027426412920186438e-02 -1.679656700830088889e-01 1.645499602390311511e-01 0.000000000000000000e+00 -3.946275198852603719e-04 0.000000000000000000e+00 1.651988489359749665e-02 0.000000000000000000e+00 -7.833438286968665010e-02 4.182001351829723879e-01 6.238554403028022222e+00 1.202282971175916648e+00 4.462299376724823574e+00 -1.003481556297419308e+00
-5.445378151260503730e-01 3.668622727019469343e-01 -3.741905093978050573e-02 -1.406279313763662830e-01 -1.140239036202745845e-02 -9.184857479093306853e-01 9.307055369666202005e-02 -1.634577205353855145e-01 1.620780132714266797e-01 0.000000000000000000e+00 -7.977970543017314517e-04 0.000000000000000000e+00 1.633336026094277596e-02 0.000000000000000000e+00 -7.881877909974481511e-02 4.168582597722907401e-01 6.238891675099977441e+00 1.201271487005360017e+00 4.470890443045835383e+00 -1.005904007030513636e+00
-5.495798319327730441e-01 3.660355364400997846e-01 -3.702107752053333811e-02 -1.369053765197802974e-01 -1.319850262062388820e-02 -9.204165866771381044e-01 9.561870260291191470e-02 -1.590277153652318032e-01 1.595348161224331429e-01 0.000000000000000000e+00 -1.218257177940685124e-03 0.000000000000000000e+00 1.615002237545132280e-02 0.000000000000000000e+00 -7.928703530377471942e-02 4.155307174752858046e-01 6.239205793861561489e+00 1.200350521220523214e+00 4.479585444816258644e+00 -1.008180438125481304e+00
-5.546218487394957153e-01 3.652044249510154050e-01 -3.645129430394988823e-02 -1.333305652630226990e-01 -1.494363195213904878e-02 -9.223298882901173057e-01 9.787823154674953063e-02 -1.546759348022273550e-01 1.569253283693880230e-01 0.000000000000000000e+00 -1.639156766706892972e-03 0.000000000000000000e+00 1.596941076352733843e-02 0.000000000000000000e+00 -7.973680041603192770e-02 4.142185054928096966e-01 6.239522103608394765e+00 1.199471080645766907e+00 4.488225018310387782e+00 -1.010372072089578799e+00
-5.596638655462183864e-01 3.643720211516288665e-01 -3.571570332026420547e-02 -1.299004887967693811e-01 -1.663926774832412067e-02 -9.242294773305133049e-01 9.984017720151203146e-02 -1.504080441089795384e-01 1.542545627425515875e-01 0.000000000000000000e+00 -2.060546774155822686e-03 0.000000000000000000e+00 1.579329113514633953e-02 0.000000000000000000e+00 -8.016817415670213220e-02 4.129249507453850998e-01 6.239853625733108089e+00 1.198608582188280147e+00 4.496795735616876399e+00 -1.012465846595171470e+00
-5.647058823529411686e-01 3.635412513896831288e-01 -3.483598852151745945e-02 -1.266089713272765815e-01 -1.828572754284469443e-02 -9.261178576347065539e-01 1.015014180864621113e-01 -1.462268450563344591e-01 1.515262957103124253e-01 0.000000000000000000e+00 -2.479616226472205164e-03 0.000000000000000000e+00 1.562268149359073363e-02 0.000000000000000000e+00 -8.057937854875292516e-02 4.116488282553714684e-01 6.240202957880421231e+00 1.197758378388902312e+00 4.505266947892632601e+00 -1.014457152663874595e+00
-5.697478991596638398e-01 3.627153853904674374e-01 -3.382084870721133868e-02 -1.234505184637493952e-01 -1.988523230797349314e-02 -9.279982973670024560e-01 1.028662657707050260e-01 -1.421329325475389760e-01 1.487436359220294935e-01 0.000000000000000000e+00 -2.895879587988897230e-03 0.000000000000000000e+00 1.545892369531514689e-02 0.000000000000000000e+00 -8.096964625877678401e-02 4.103895402694150985e-01 6.240578765124153549e+00 1.196902239752843267e+00 4.513621034918683605e+00 -1.016325184628716238e+00
-5.747899159663865110e-01 3.618988093262742733e-01 -3.267371592567002575e-02 -1.204223832225480018e-01 -2.143940767635262382e-02 -9.298737488162928111e-01 1.039366658153384887e-01 -1.381282255673360881e-01 1.459065509216823375e-01 0.000000000000000000e+00 -3.310088578331034197e-03 0.000000000000000000e+00 1.530497235578363868e-02 0.000000000000000000e+00 -8.134005270013620892e-02 4.091448161731858213e-01 6.240993020229231192e+00 1.196014995899108202e+00 4.521821178457995138e+00 -1.018040922777580182e+00
-5.798319327731091821e-01 3.610923470172319183e-01 -3.142430902529740055e-02 -1.175255110961894028e-01 -2.294894159555213933e-02 -9.317419572088145863e-01 1.047500629075444611e-01 -1.342063259431579003e-01 1.430139154098946375e-01 0.000000000000000000e+00 -3.718563259367839088e-03 0.000000000000000000e+00 1.516191410753931108e-02 0.000000000000000000e+00 -8.168846570982442323e-02 4.079133685041930191e-01 6.241448919155265784e+00 1.195086303060929112e+00 4.529934603375107116e+00 -1.019607041367027511e+00
-5.848739495798318533e-01 3.602968976766464104e-01 -3.009491385328818755e-02 -1.147436824658926574e-01 -2.442507100711634530e-02 -9.336030131594178494e-01 1.053351676647104607e-01 -1.303564131133421733e-01 1.400683963426683221e-01 0.000000000000000000e+00 -4.119558244110154560e-03 0.000000000000000000e+00 1.502675199438431759e-02 0.000000000000000000e+00 -8.201049686289277330e-02 4.066944353379114974e-01 6.241944785912240334e+00 1.194115457072644881e+00 4.537978649003204801e+00 -1.021029298022905651e+00
-5.899159663865545244e-01 3.595140440562543116e-01 -2.868957698608392073e-02 -1.120654617341530213e-01 -2.587207406580115457e-02 -9.354569772821776930e-01 1.057140482622764277e-01 -1.265717053313049900e-01 1.370681878267225040e-01 0.000000000000000000e+00 -4.512758739395461918e-03 0.000000000000000000e+00 1.490006400707492504e-02 0.000000000000000000e+00 -8.230514691734575061e-02 4.054862696671855948e-01 6.242480713872874176e+00 1.193098371169547089e+00 4.545936254630348117e+00 -1.022311494114499286e+00
-5.949579831932771956e-01 3.587451886612830210e-01 -2.721978216367890516e-02 -1.094819324027360985e-01 -2.729309369983328251e-02 -9.373024668288846284e-01 1.059106445361221588e-01 -1.228452126097102498e-01 1.340114817819202109e-01 0.000000000000000000e+00 -4.896938767609608674e-03 0.000000000000000000e+00 1.478204105990579310e-02 0.000000000000000000e+00 -8.257131035143089326e-02 4.042867386041245070e-01 6.243055194057101964e+00 1.192034232054010268e+00 4.553803573053369469e+00 -1.023455254215333898e+00
-5.999999999999999778e-01 3.579908304987919343e-01 -2.569753044973932532e-02 -1.069856784038584890e-01 -2.868741759435065528e-02 -9.391370924884621108e-01 1.059520333663967473e-01 -1.191689481311774129e-01 1.308973470083578394e-01 0.000000000000000000e+00 -5.269567453081304420e-03 0.000000000000000000e+00 1.467233218268538045e-02 0.000000000000000000e+00 -8.280692511866974415e-02 4.030946813874251022e-01 6.243663813660347728e+00 1.190927803247648020e+00 4.561588513972571590e+00 -1.024468103018947085e+00
