0.000000000000000000e+00 5.381035670445395436e-01 -4.641185070523026583e-03 -4.847145514701374780e-01 5.414785050254917499e-03 -4.908096144422376406e-01 -9.153147865407125234e-04 -4.842803824956578573e-01 4.979064512982849834e-03 0.000000000000000000e+00 -6.620446882286944992e-04 0.000000000000000000e+00 -1.029040089360758322e-03 0.000000000000000000e+00 2.501608327366964700e-04 1.000000000000007550e+00 5.327493343917656610e+00 2.358256500614229090e+00 4.095176670005890252e+00 -7.874876746474497313e-01
-5.042016806722688510e-03 5.364093004361396577e-01 -9.028596034650291161e-03 -4.841056978501766528e-01 9.535666419644902095e-03 -4.942191062298517679e-01 -7.150228982121581336e-04 -4.831227395208377295e-01 8.878379565801133855e-03 0.000000000000000000e+00 -1.459858711074143002e-03 0.000000000000000000e+00 -1.977740095363328746e-03 0.000000000000000000e+00 4.961563718111329730e-04 1.000002630624276412e+00 5.326889142297302371e+00 2.360514477748050233e+00 4.093625992754954090e+00 -7.899390745072724096e-01
-1.008403361344537702e-02 5.348341778058436358e-01 -1.328041870160727791e-02 -4.838824273642187701e-01 1.261758273391251975e-02 -4.966662526854843107e-01 9.803848197890325264e-05 -4.823546435091514151e-01 1.182627132348915665e-02 0.000000000000000000e+00 -2.379056074601136953e-03 0.000000000000000000e+00 -2.779141745949544919e-03 0.000000000000000000e+00 6.269689971295950301e-04 1.000010554032751964e+00 5.326559867808491333e+00 2.362790167837398148e+00 4.092729318244020753e+00 -7.922929863929870642e-01
-1.512605042016806553e-02 5.333267117987582351e-01 -1.762569668778832602e-02 -4.839018335414992378e-01 1.497822060466547957e-02 -4.984256748340201160e-01 1.134960504624447876e-03 -4.819241791176925860e-01 1.406351264580320455e-02 0.000000000000000000e+00 -3.218546237984403532e-03 0.000000000000000000e+00 -3.503913683645957112e-03 0.000000000000000000e+00 6.539902645231019003e-04 1.000025688786453815e+00 5.326138793540684091e+00 2.364585169648578677e+00 4.091707469834879873e+00 -7.941069930927898701e-01
-2.016806722689075404e-02 5.319405122139304609e-01 -2.174271973362324265e-02 -4.840719418497232418e-01 1.682060474268815345e-02 -4.997225636043336472e-01 2.225813558663435922e-03 -4.816608232928166200e-01 1.577664543146966442e-02 0.000000000000000000e+00 -4.077726215187350844e-03 0.000000000000000000e+00 -4.190751999591890535e-03 0.000000000000000000e+00 6.668532802253375295e-04 1.000049061378530446e+00 5.325681862496844055e+00 2.366506032657765601e+00 4.090696886813753430e+00 -7.960187512515716213e-01
-2.521008403361344255e-02 5.306693313450124849e-01 -2.562759388065590990e-02 -4.843385076117324717e-01 1.824322729649777153e-02 -5.006887754541204938e-01 3.263601694312637420e-03 -4.815037298664223142e-01 1.708336236878171474e-02 0.000000000000000000e+00 -4.946320036973789191e-03 0.000000000000000000e+00 -4.827801384374571722e-03 0.000000000000000000e+00 6.632087502696832780e-04 1.000081512909523518e+00 5.325222817870529646e+00 2.368513727293534821e+00 4.089702834535660081e+00 -7.979771044302055305e-01
-3.025210084033613106e-02 5.295047763562271692e-01 -2.929746894205661686e-02 -4.846590065560053007e-01 1.931112715727452411e-02 -5.014051891474857747e-01 4.213055310850546964e-03 -4.814308560711872409e-01 1.804473600586143506e-02 0.000000000000000000e+00 -5.795729529594150983e-03 0.000000000000000000e+00 -5.405677860899882857e-03 0.000000000000000000e+00 6.427070043204899949e-04 1.000123422595268652e+00 5.324746269133012078e+00 2.370506202537623341e+00 4.088720911669319058e+00 -7.998978952172665080e-01
-3.529411764705882304e-02 5.284359223828686281e-01 -3.277216998109091367e-02 -4.850018203693421959e-01 2.009147311347367695e-02 -5.019483177343695424e-01 5.045455953616233627e-03 -4.814121474987217986e-01 1.871134644215919143e-02 0.000000000000000000e+00 -6.620961671644664225e-03 0.000000000000000000e+00 -5.925789273318235982e-03 0.000000000000000000e+00 6.134935435326098734e-04 1.000174859794356275e+00 5.324319330067313949e+00 2.372482264901466742e+00 4.087774592220250192e+00 -8.017826635446175798e-01
-4.033613445378150808e-02 5.274694399088242225e-01 -3.600904090456570616e-02 -4.853457949996287657e-01 2.063434587671539658e-02 -5.023772759663814869e-01 5.692538179883119276e-03 -4.814090209860200087e-01 1.912964875768344980e-02 0.000000000000000000e+00 -7.422617353125985327e-03 0.000000000000000000e+00 -6.382878258198694012e-03 0.000000000000000000e+00 5.815451330585080488e-04 1.000235571372338317e+00 5.324036855165127591e+00 2.374441758948487191e+00 4.086892165858146519e+00 -8.036601156581327787e-01
-4.537815126050419312e-02 5.265951666197226100e-01 -3.901670462947347262e-02 -4.856962739532891260e-01 2.096850557603269910e-02 -5.027024721779174143e-01 6.166414615901467250e-03 -4.814196938561688399e-01 1.934932981686009884e-02 0.000000000000000000e+00 -8.194763091097522628e-03 0.000000000000000000e+00 -6.782789024403912924e-03 0.000000000000000000e+00 5.514568109011380942e-04 1.000305227740148739e+00 5.323833236846055250e+00 2.376339352337038857e+00 4.086017532761980320e+00 -8.054791222400360384e-01
-5.042016806722688510e-02 5.257984148408151315e-01 -4.183223787696829787e-02 -4.861017761250412406e-01 2.102422303041112314e-02 -5.028761288332926904e-01 6.573676397288892408e-03 -4.814611180521385370e-01 1.937729684861362600e-02 0.000000000000000000e+00 -8.860264489685378692e-03 0.000000000000000000e+00 -7.096991008710844089e-03 0.000000000000000000e+00 4.188096164919210109e-04 1.000383605232004980e+00 5.323606363262874730e+00 2.377823686724064078e+00 4.085296484538061712e+00 -8.068843526606139793e-01
-5.546218487394957708e-02 5.250751330015560603e-01 -4.444484936105167622e-02 -4.863954330602227594e-01 2.113810336659958239e-02 -5.030447110668049282e-01 6.738581980367490745e-03 -4.815551187387335230e-01 1.917908723265897633e-02 0.000000000000000000e+00 -9.514813898410280635e-03 0.000000000000000000e+00 -7.405593612884200233e-03 0.000000000000000000e+00 3.753071215846056816e-04 1.000470202852847823e+00 5.323495137248609232e+00 2.379292974621379564e+00 4.084476997701821155e+00 -8.085197678120137343e-01
-6.050420168067226212e-02 5.244144991764371211e-01 -4.688235726439855811e-02 -4.867021928525006036e-01 2.113442219988643719e-02 -5.031614006291875718e-01 6.776119601030560977e-03 -4.816351097939901016e-01 1.889087829254124801e-02 0.000000000000000000e+00 -1.015622414414942346e-02 0.000000000000000000e+00 -7.659749456130154899e-03 0.000000000000000000e+00 3.327249702812328088e-04 1.000563270227458945e+00 5.323514617104370572e+00 2.380729349781375515e+00 4.083661581587782585e+00 -8.101178600114986583e-01
-6.554621848739494716e-02 5.238201940299278547e-01 -4.909756249147010504e-02 -4.870212586304134561e-01 2.102162435501599494e-02 -5.032148821275422845e-01 6.737483297100901013e-03 -4.817137788565707957e-01 1.853696807731420454e-02 0.000000000000000000e+00 -1.076945097897785523e-02 0.000000000000000000e+00 -7.876277895821069339e-03 0.000000000000000000e+00 2.786979270403539379e-04 1.000662240298580308e+00 5.323550944650813577e+00 2.382040864136259373e+00 4.082828405840141173e+00 -8.116291612742492223e-01
-7.058823529411764608e-02 5.232783254203308143e-01 -5.114930692300428267e-02 -4.873314373962390200e-01 2.084988769511157691e-02 -5.032336779191116660e-01 6.568448225254711753e-03 -4.817951872213887543e-01 1.808132112625935109e-02 0.000000000000000000e+00 -1.136742853461245907e-02 0.000000000000000000e+00 -8.012386249863622661e-03 0.000000000000000000e+00 1.925837797461060308e-04 1.000766568025316161e+00 5.323700881812393426e+00 2.383191566043154630e+00 4.082023150983716597e+00 -8.130348566397558319e-01
-7.563025210084033112e-02 5.227743578323249540e-01 -5.308828649400960248e-02 -4.876176852400284090e-01 2.064865595358151423e-02 -5.032271494135528433e-01 6.298531802914684834e-03 -4.818943451818218926e-01 1.752999955546509503e-02 0.000000000000000000e+00 -1.197110774488684658e-02 0.000000000000000000e+00 -8.099221002275103914e-03 0.000000000000000000e+00 1.229995960832952376e-04 1.000875525851486536e+00 5.323876832030374651e+00 2.384256509575043648e+00 4.081216861845344823e+00 -8.144234608428880806e-01
-8.067226890756301616e-02 5.223124573460458109e-01 -5.488982825980379121e-02 -4.878921332227610375e-01 2.039561530863794742e-02 -5.031785004615286772e-01 5.963174813107880411e-03 -4.820158220740163313e-01 1.688209784106795008e-02 0.000000000000000000e+00 -1.253430437058172461e-02 0.000000000000000000e+00 -8.158516125722509865e-03 0.000000000000000000e+00 4.859988926960678418e-05 1.000987616317560169e+00 5.324006491859755386e+00 2.385141824032524394e+00 4.080387978171403418e+00 -8.157044023907968899e-01
-8.571428571428570120e-02 5.218892254327894831e-01 -5.655963596403100480e-02 -4.881494502282409664e-01 2.012545955907798709e-02 -5.031063392060829420e-01 5.580647848335036111e-03 -4.821466695405710046e-01 1.620011645166354736e-02 0.000000000000000000e+00 -1.305849842183011943e-02 0.000000000000000000e+00 -8.197166375643659061e-03 0.000000000000000000e+00 -2.295376385722461282e-05 1.001101129995575878e+00 5.324089651975498327e+00 2.385919742065722104e+00 4.079510320762035569e+00 -8.169109960710789764e-01
-9.075630252100838624e-02 5.214906014917666255e-01 -5.816297106768437974e-02 -4.884242967947240444e-01 1.981282578570270347e-02 -5.030486315168789524e-01 5.141841392489293963e-03 -4.822227429704935009e-01 1.543684587744477421e-02 0.000000000000000000e+00 -1.351713425269634831e-02 0.000000000000000000e+00 -8.203591556895680273e-03 0.000000000000000000e+00 -1.013051199504656774e-04 1.001214568280295758e+00 5.324353903239019026e+00 2.386399489258819617e+00 4.078590560628117423e+00 -8.179765549854980389e-01
-9.579831932773108516e-02 5.211356356783147792e-01 -5.959702524549027186e-02 -4.886713066644181036e-01 1.952359623289817714e-02 -5.029950053508775998e-01 4.643142686763764189e-03 -4.822897269034556733e-01 1.466243532085935095e-02 0.000000000000000000e+00 -1.397352926643733416e-02 0.000000000000000000e+00 -8.160604254377175695e-03 0.000000000000000000e+00 -1.824307995692701955e-04 1.001327604746060418e+00 5.324795142125534397e+00 2.386797170099587806e+00 4.077695842064432696e+00 -8.190413019666574757e-01
-1.008403361344537702e-01 5.207975982440815610e-01 -6.097361997050705640e-02 -4.889228922564823332e-01 1.919626802499686119e-02 -5.029150880193379303e-01 4.147564226779431457e-03 -4.823615110276429641e-01 1.388136008870559726e-02 0.000000000000000000e+00 -1.439203856413046739e-02 0.000000000000000000e+00 -8.102555720071229206e-03 0.000000000000000000e+00 -2.658135131383047942e-04 1.001439749785642874e+00 5.325191513831012635e+00 2.387067725528897011e+00 4.076802550844864648e+00 -8.200202888895802289e-01
-1.058823529411764552e-01 5.204719939769877346e-01 -6.230951407913305068e-02 -4.891718193588633912e-01 1.885630710769244101e-02 -5.028244349588478768e-01 3.655264842418473603e-03 -4.824315702090956060e-01 1.311095818008275668e-02 0.000000000000000000e+00 -1.477871682098976826e-02 0.000000000000000000e+00 -8.038665152127050934e-03 0.000000000000000000e+00 -3.387529677293773709e-04 1.001550395576754182e+00 5.325590155683265436e+00 2.387245929569444591e+00 4.075913039481381617e+00 -8.209581597632001904e-01
-1.109243697478991542e-01 5.201608542592688345e-01 -6.360116734828578922e-02 -4.894179021704460619e-01 1.850987040175636547e-02 -5.027277603121147465e-01 3.177676903460558908e-03 -4.824939909972675856e-01 1.236832704541763160e-02 0.000000000000000000e+00 -1.513566234697825280e-02 0.000000000000000000e+00 -7.966012563821242912e-03 0.000000000000000000e+00 -3.969193278067814201e-04 1.001659489885003307e+00 5.326017928854412276e+00 2.387362075731382483e+00 4.075034419210358472e+00 -8.218614017112002568e-01
-1.159663865546218392e-01 5.198667549729611981e-01 -6.484560826738555717e-02 -4.896560005261511028e-01 1.815979302642150434e-02 -5.026253901274339020e-01 2.700742411100973475e-03 -4.825531780482287258e-01 1.164436433800463550e-02 0.000000000000000000e+00 -1.546491191660137772e-02 0.000000000000000000e+00 -7.876933389966096766e-03 0.000000000000000000e+00 -4.381004394339846125e-04 1.001767412112920308e+00 5.326521915278669361e+00 2.387450271724218531e+00 4.074198407146688794e+00 -8.227518942101279542e-01
-1.210084033613445242e-01 5.195967143708477565e-01 -6.600467373404654559e-02 -4.898768443682487983e-01 1.780448490856411520e-02 -5.025107128084270736e-01 2.203734249525349329e-03 -4.826236402706081119e-01 1.092998278678137224e-02 0.000000000000000000e+00 -1.576937276002229535e-02 0.000000000000000000e+00 -7.785503898085422911e-03 0.000000000000000000e+00 -4.606344447061054038e-04 1.001874579493670536e+00 5.326991888160367949e+00 2.387522714111963928e+00 4.073342663999654611e+00 -8.236305259714080673e-01
-1.260504201680672232e-01 5.195445468629501518e-01 -6.622731342066055793e-02 -4.904470375873231092e-01 1.716485297467475885e-02 -5.018700672397617968e-01 2.046465976997041778e-03 -4.828041946059680178e-01 1.027663299963557479e-02 0.000000000000000000e+00 -1.595131757594508287e-02 0.000000000000000000e+00 -8.165257254564205203e-03 0.000000000000000000e+00 -2.043733056967276596e-04 1.001994645609163959e+00 5.324586559399180352e+00 2.388894482741273695e+00 4.071029768586715392e+00 -8.256172383933635395e-01
-1.310924369747898943e-01 5.195602569176087648e-01 -6.626156723618657762e-02 -4.910423485980973668e-01 1.665346178345538525e-02 -5.015527057018410728e-01 1.861831474578607955e-03 -4.826096977566597390e-01 9.921259325805105098e-03 0.000000000000000000e+00 -1.635724700875848536e-02 0.000000000000000000e+00 -8.687793880900261667e-03 0.000000000000000000e+00 4.332914760806924289e-04 1.002088226836833629e+00 5.321045268761517733e+00 2.391978777951011992e+00 4.067997183708131459e+00 -8.289072205234052637e-01
-1.361344537815125932e-01 5.195294918227184588e-01 -6.666402587383710165e-02 -4.918775547668098325e-01 1.615741237561109378e-02 -5.013761969414700648e-01 1.140510052119468858e-03 -4.820281639863294165e-01 1.005268153837810506e-02 0.000000000000000000e+00 -1.691970178573483016e-02 0.000000000000000000e+00 -9.225034249077307402e-03 0.000000000000000000e+00 1.305175654520088734e-03 1.002179740652207274e+00 5.317904904744886529e+00 2.396001441154265166e+00 4.064057097575966004e+00 -8.326037237684753567e-01
-1.411764705882352922e-01 5.189041093001739435e-01 -7.011735596578111407e-02 -4.934626588878009423e-01 1.732229205368381736e-02 -5.022652008111605504e-01 1.669521903072636619e-03 -4.797067209889698813e-01 1.317740020673711411e-02 0.000000000000000000e+00 -1.988225636103941457e-02 0.000000000000000000e+00 -1.002034154663594516e-02 0.000000000000000000e+00 3.374055926978229356e-03 1.002240625778533012e+00 5.315909735719815288e+00 2.412512181265762834e+00 4.059081484997860478e+00 -8.434453756298248006e-01
-1.462184873949579633e-01 5.182116378635062137e-01 -7.702707093526203752e-02 -4.926732597165842664e-01 3.558349966321393276e-02 -5.102160601075412805e-01 -3.413254878715439502e-03 -4.734584906319750930e-01 8.100763569749263801e-03 0.000000000000000000e+00 -2.574366676145642754e-02 0.000000000000000000e+00 -3.071905962035571640e-03 0.000000000000000000e+00 9.220037867957381686e-03 1.002495981159941874e+00 5.376203884729943816e+00 2.424764658389881422e+00 4.071889753121497257e+00 -8.883337866193864452e-01
-1.512605042016806622e-01 5.182609604490944211e-01 -7.515923649220600244e-02 -4.945117801424912529e-01 3.283548276218614670e-02 -5.053002011452037978e-01 -4.484308117008045397e-04 -4.771149287496496694e-01 6.113124061259030996e-03 0.000000000000000000e+00 -2.599215772767540789e-02 0.000000000000000000e+00 -3.128399032449337945e-03 0.000000000000000000e+00 9.085458025076643268e-03 1.003778900496900217e+00 5.373519354000019455e+00 2.424673968894687448e+00 4.070754831392176420e+00 -8.876446033738364383e-01
-1.563025210084033334e-01 5.182533926621888387e-01 -7.383753762441146173e-02 -4.957250564391850189e-01 3.067276074449305084e-02 -5.018135968189175733e-01 1.239953442917267551e-03 -4.797584336752113710e-01 4.859201813510868537e-03 0.000000000000000000e+00 -2.609275961645367986e-02 0.000000000000000000e+00 -3.289659334404562967e-03 0.000000000000000000e+00 8.882617828936329937e-03 1.004788707949059168e+00 5.370910799318640017e+00 2.424346206321446928e+00 4.069385568528932851e+00 -8.866148809077745163e-01
-1.613445378151260323e-01 5.182130848136597967e-01 -7.290933897145614184e-02 -4.965767308809100333e-01 2.897628450609274209e-02 -4.992719207428493178e-01 2.142328488978683266e-03 -4.817113510139367505e-01 4.068398535361547608e-03 0.000000000000000000e+00 -2.613079074820911368e-02 0.000000000000000000e+00 -3.508569415728504150e-03 0.000000000000000000e+00 8.698979732428668843e-03 1.005597820626940031e+00 5.368582411323201242e+00 2.423899849442954224e+00 4.067837476100500282e+00 -8.855616729752882055e-01
-1.663865546218487312e-01 5.182080755416065276e-01 -7.193466776280747765e-02 -4.971637848525758963e-01 2.777939420118833574e-02 -4.973545419504427634e-01 2.419367710351187119e-03 -4.832397724482738743e-01 3.631124426132097387e-03 0.000000000000000000e+00 -2.620677095989035199e-02 0.000000000000000000e+00 -3.810091318508498047e-03 0.000000000000000000e+00 8.643256960695436600e-03 1.006257375092203254e+00 5.366451441969983804e+00 2.423614243167780291e+00 4.066090741374293493e+00 -8.847233592188944451e-01
-1.714285714285714024e-01 5.181558215191421901e-01 -7.124144759703454621e-02 -4.977249544952566107e-01 2.684394908379894931e-02 -4.958562234081299036e-01 2.445317109206984404e-03 -4.843492259383355147e-01 3.548985927716252937e-03 0.000000000000000000e+00 -2.629613618711599057e-02 0.000000000000000000e+00 -4.119305538978085442e-03 0.000000000000000000e+00 8.618464557319916938e-03 1.006786090966246938e+00 5.364728411786893858e+00 2.423179690330302893e+00 4.064463480743185642e+00 -8.837262465732275141e-01
-1.764705882352941013e-01 5.181278480329406522e-01 -7.058222367606703518e-02 -4.980409324641846269e-01 2.603724226518073018e-02 -4.946526925665780672e-01 2.331470020637404095e-03 -4.853893689822151303e-01 3.465438179077417764e-03 0.000000000000000000e+00 -2.634594192734769635e-02 0.000000000000000000e+00 -4.391733701120479477e-03 0.000000000000000000e+00 8.610705287452625686e-03 1.007225782390351654e+00 5.363361017472047187e+00 2.423122749216933602e+00 4.063201284485896458e+00 -8.828634415311776840e-01
-1.815126050420167725e-01 5.180863665309333177e-01 -7.006533822980562376e-02 -4.982909739743768829e-01 2.532493077991764679e-02 -4.936770978319260927e-01 2.082159408673561231e-03 -4.862555131555282850e-01 3.505276232754167814e-03 0.000000000000000000e+00 -2.640395478704796878e-02 0.000000000000000000e+00 -4.641968483381627916e-03 0.000000000000000000e+00 8.622482417840582336e-03 1.007585502756417783e+00 5.362214170746037567e+00 2.423127493037960711e+00 4.062036423401448104e+00 -8.820474046757786901e-01
-1.865546218487394714e-01 5.179638644801899394e-01 -7.005499951759387722e-02 -4.986739978010005236e-01 2.463741135472728716e-02 -4.927621888288155061e-01 1.871784309149080719e-03 -4.869282860424703485e-01 3.727360643753961904e-03 0.000000000000000000e+00 -2.648722280122008457e-02 0.000000000000000000e+00 -4.830932646598849571e-03 0.000000000000000000e+00 8.676996918869682787e-03 1.007889721113900849e+00 5.361228904870354306e+00 2.423167570449635821e+00 4.060886290190977910e+00 -8.811898135368199103e-01
-1.915966386554621703e-01 5.175217701379840607e-01 -7.121831881565060529e-02 -4.995385896381205337e-01 2.426301541271323053e-02 -4.917458727872325852e-01 1.788089439554789353e-03 -4.872924662884083324e-01 4.743602144422834344e-03 0.000000000000000000e+00 -2.663837125509968887e-02 0.000000000000000000e+00 -5.033314557686179025e-03 0.000000000000000000e+00 8.756305014118882096e-03 1.008177761824003316e+00 5.359864937948501940e+00 2.421879037776628607e+00 4.058517545372096080e+00 -8.794663749182771717e-01
-1.966386554621848415e-01 5.169435968925902847e-01 -7.269462094279725839e-02 -5.004068914820284375e-01 2.393533118659959061e-02 -4.906813044424648274e-01 2.441918399399719847e-03 -4.877316936677633108e-01 5.842582263587729578e-03 0.000000000000000000e+00 -2.638411734774286435e-02 0.000000000000000000e+00 -5.317620777340586330e-03 0.000000000000000000e+00 8.460878251259972699e-03 1.008486923007013480e+00 5.358171534553533455e+00 2.419113951818690378e+00 4.056130201636068300e+00 -8.762057430756503562e-01
-2.016806722689075404e-01 5.169177576282327768e-01 -7.215532211138443730e-02 -5.002864025487140376e-01 2.361234611105443235e-02 -4.902502078567951838e-01 1.731207869542263078e-03 -4.883778733683262208e-01 6.196662611570179398e-03 0.000000000000000000e+00 -2.647844906910944152e-02 0.000000000000000000e+00 -5.674728638189912786e-03 0.000000000000000000e+00 8.528409815321040532e-03 1.008759231429932957e+00 5.356808802237433831e+00 2.419471494235256870e+00 4.055021080742960748e+00 -8.748573676150539491e-01
-2.067226890756302393e-01 5.168553549641130562e-01 -7.133627641298412314e-02 -5.002138080062511483e-01 2.328031707094393304e-02 -4.897163233906232649e-01 1.153341431607617703e-03 -4.890894012769591015e-01 6.871760217805761468e-03 0.000000000000000000e+00 -2.656579000637759522e-02 0.000000000000000000e+00 -6.337996827578537204e-03 0.000000000000000000e+00 8.553833955767409930e-03 1.008982435358000362e+00 5.353655837361216641e+00 2.419516324585618605e+00 4.053232650600367748e+00 -8.729221732383113386e-01
-2.117647058823529105e-01 5.169822014073540695e-01 -7.032778097499814418e-02 -5.001321991051008720e-01 2.314155879723497899e-02 -4.895644932838848495e-01 2.512602576075918708e-05 -4.893588778958807284e-01 7.057714463801109152e-03 0.000000000000000000e+00 -2.674754431106008898e-02 0.000000000000000000e+00 -6.559573541374657743e-03 0.000000000000000000e+00 8.611871388652651838e-03 1.009088863807513947e+00 5.353561152522210875e+00 2.420331700183130597e+00 4.051760781446780868e+00 -8.730115742540595081e-01
-2.168067226890756094e-01 5.170929083591476738e-01 -6.955917297980888925e-02 -4.998995818877383646e-01 2.283595805552399507e-02 -4.893636025047323757e-01 -9.357154410094891761e-04 -4.898292465983460353e-01 6.843403207333145950e-03 0.000000000000000000e+00 -2.681632870298288410e-02 0.000000000000000000e+00 -6.711626674836269381e-03 0.000000000000000000e+00 8.679657338486761534e-03 1.009154856657627608e+00 5.353026320150986450e+00 2.420840887943704001e+00 4.050789237697395961e+00 -8.728887119871658884e-01
-2.218487394957983083e-01 5.172493281870739201e-01 -6.841055267213987101e-02 -4.997050422961992200e-01 2.232331693301370032e-02 -4.890379016952960955e-01 -1.862661460170035805e-03 -4.903705083486400995e-01 6.958208540269660188e-03 0.000000000000000000e+00 -2.696213989323954438e-02 0.000000000000000000e+00 -7.112960510873403246e-03 0.000000000000000000e+00 8.796055749834939472e-03 1.009180694573013737e+00 5.350933412083994867e+00 2.422056884783962527e+00 4.048981185325464693e+00 -8.728189610133954002e-01
-2.268907563025209795e-01 5.172784667827927674e-01 -6.748268453771952280e-02 -4.997546184389271007e-01 2.163740409254169203e-02 -4.884952548152714513e-01 -2.074186425588297675e-03 -4.909267550867222329e-01 8.056614460205948139e-03 0.000000000000000000e+00 -2.706175275340189090e-02 0.000000000000000000e+00 -7.770050336420232517e-03 0.000000000000000000e+00 8.769579029979709256e-03 1.009177223733045636e+00 5.347199287237272003e+00 2.423278635994048358e+00 4.047475590372420662e+00 -8.713256388323930013e-01
-2.319327731092436784e-01 5.173455585246743427e-01 -6.704649897571972328e-02 -4.997287321081567701e-01 2.144125500660120157e-02 -4.883424305599388116e-01 -2.781201010545525897e-03 -4.911460930150279292e-01 7.734651936259715962e-03 0.000000000000000000e+00 -2.726165905339414386e-02 0.000000000000000000e+00 -7.730212415333633999e-03 0.000000000000000000e+00 8.806858483623912492e-03 1.009085229767649361e+00 5.347822331364388226e+00 2.423813942034600544e+00 4.046888135761205874e+00 -8.719325284677471588e-01
-2.369747899159663496e-01 5.172854107165446580e-01 -6.713360232627135771e-02 -4.997354113748317950e-01 2.119443570821905043e-02 -4.882166945512225187e-01 -3.275419411386618247e-03 -4.913167093897695126e-01 7.402975581666699188e-03 0.000000000000000000e+00 -2.734590617116272951e-02 0.000000000000000000e+00 -7.706720028847751681e-03 0.000000000000000000e+00 8.811747706841862801e-03 1.009001801915450303e+00 5.347516383021677200e+00 2.423322648740700913e+00 4.046414728691178020e+00 -8.719450562709409880e-01
-2.420168067226890485e-01 5.172899669895208996e-01 -6.698201684980126247e-02 -4.997932941722623701e-01 2.096691543320856541e-02 -4.880514031376115835e-01 -3.826553194143439939e-03 -4.914678268054352706e-01 7.201509907234281659e-03 0.000000000000000000e+00 -2.751178419910770001e-02 0.000000000000000000e+00 -7.660579893725930761e-03 0.000000000000000000e+00 8.832885250169139266e-03 1.008932146377041095e+00 5.347887547026208388e+00 2.423653680235139163e+00 4.045839545441643814e+00 -8.723990694881135211e-01
-2.470588235294117474e-01 5.172348419186721946e-01 -6.705859817826147207e-02 -4.998230962900757079e-01 2.070116633622247002e-02 -4.879047085796219818e-01 -4.291776323198695856e-03 -4.916296767462897122e-01 6.956507848325365478e-03 0.000000000000000000e+00 -2.761668547639543198e-02 0.000000000000000000e+00 -7.635071819917771917e-03 0.000000000000000000e+00 8.839717990167104966e-03 1.008881329524723425e+00 5.347629199019380053e+00 2.423404075087654874e+00 4.045352550490336263e+00 -8.724611729848414932e-01
-2.521008403361344463e-01 5.172288265649021000e-01 -6.698118266185523750e-02 -4.998926250960126216e-01 2.039845369673493058e-02 -4.877118225060185774e-01 -4.759374943087642078e-03 -4.917880221439637212e-01 6.792915857045813723e-03 0.000000000000000000e+00 -2.776111543224140873e-02 0.000000000000000000e+00 -7.592927716989278895e-03 0.000000000000000000e+00 8.859872396594872801e-03 1.008846023657660629e+00 5.347745996364213994e+00 2.423800694876090844e+00 4.044850403547027184e+00 -8.726997424613527343e-01
-2.571428571428571175e-01 5.171639483284100614e-01 -6.709711320766457987e-02 -4.999136436374965187e-01 2.017147921233198443e-02 -4.875821215387761143e-01 -5.197876403591867103e-03 -4.919419709580494793e-01 6.588502002748953396e-03 0.000000000000000000e+00 -2.786021775711476980e-02 0.000000000000000000e+00 -7.564397863741779103e-03 0.000000000000000000e+00 8.865164352041659743e-03 1.008823101251263621e+00 5.347508190670088091e+00 2.423539861043445764e+00 4.044376375629811449e+00 -8.727508202320164443e-01
-2.621848739495797886e-01 5.171524674550325162e-01 -6.700774409857664093e-02 -5.000206936827531479e-01 1.999714524246698835e-02 -4.874041337233519511e-01 -5.676818708371480539e-03 -4.920576199048191657e-01 6.569424489176240237e-03 0.000000000000000000e+00 -2.801982012440149689e-02 0.000000000000000000e+00 -7.522572430322855414e-03 0.000000000000000000e+00 8.872801595930073990e-03 1.008810435841084985e+00 5.348013826554804950e+00 2.424006046549069815e+00 4.043688662581119253e+00 -8.732065400664733579e-01
-2.672268907563025153e-01 5.170831078509263712e-01 -6.716788134406621869e-02 -5.000098969557795758e-01 1.982559714035334389e-02 -4.872824426635742334e-01 -6.139149763214770024e-03 -4.922371308248785216e-01 6.343925432878452092e-03 0.000000000000000000e+00 -2.812825214353497846e-02 0.000000000000000000e+00 -7.464675797627488840e-03 0.000000000000000000e+00 8.899623921920906539e-03 1.008816674512144518e+00 5.347954453001398711e+00 2.423709555293358076e+00 4.043252746368346529e+00 -8.733301496936782815e-01
-2.722689075630251865e-01 5.170136802742010262e-01 -6.732458829713010295e-02 -5.000324060174738960e-01 1.962552265370554397e-02 -4.871550156394884867e-01 -6.549013450196486223e-03 -4.923854860950247492e-01 6.184694302833335794e-03 0.000000000000000000e+00 -2.823425841636512112e-02 0.000000000000000000e+00 -7.416678582419084648e-03 0.000000000000000000e+00 8.908556762145334457e-03 1.008834135691583977e+00 5.347833465740770009e+00 2.423516579188778497e+00 4.042810714864071286e+00 -8.734044158454151718e-01
-2.773109243697478576e-01 5.170277891377189627e-01 -6.721502412682579808e-02 -5.001238768079271368e-01 1.950677886045168799e-02 -4.869917549100748477e-01 -7.051356087885828766e-03 -4.924909933550188912e-01 6.147225106379716753e-03 0.000000000000000000e+00 -2.843946422402104240e-02 0.000000000000000000e+00 -7.307643750908606080e-03 0.000000000000000000e+00 8.946516869974229652e-03 1.008862354157106900e+00 5.348798447978062143e+00 2.424237482913015551e+00 4.042365011833126687e+00 -8.740117515135428228e-01
-2.823529411764705843e-01 5.168713695163802413e-01 -6.752472803446253613e-02 -5.001969338222991279e-01 1.945404325642302937e-02 -4.868584870542144172e-01 -7.310765276957771272e-03 -4.926390399903767814e-01 6.454743525668125981e-03 0.000000000000000000e+00 -2.848496469982035248e-02 0.000000000000000000e+00 -7.381167143191448392e-03 0.000000000000000000e+00 8.900954707566088170e-03 1.008940117981769635e+00 5.348380115609508323e+00 2.423525374227251117e+00 4.041609817332000532e+00 -8.736349202508568723e-01
-2.873949579831932555e-01 5.166475776857319957e-01 -6.800137271405297390e-02 -5.004279734392146350e-01 1.938218901811133987e-02 -4.866608326606229884e-01 -7.067030320604581264e-03 -4.927388209126492002e-01 7.752068173426113727e-03 0.000000000000000000e+00 -2.868550969788309646e-02 0.000000000000000000e+00 -7.504661711827473845e-03 0.000000000000000000e+00 8.799480298457906108e-03 1.009051117851586188e+00 5.347944445581987338e+00 2.423848330464805745e+00 4.041550539165664979e+00 -8.722869609751343623e-01
-2.924369747899159266e-01 5.166652675894906066e-01 -6.722141788161276055e-02 -5.002597069529491902e-01 1.947881006601459228e-02 -4.864522085427941955e-01 -7.452098071380195039e-03 -4.931804139405653875e-01 8.575734794213496839e-03 0.000000000000000000e+00 -2.896730266608253668e-02 0.000000000000000000e+00 -7.847199788881415936e-03 0.000000000000000000e+00 8.806180345361900794e-03 1.009184837761326836e+00 5.346691240399915834e+00 2.424913285947815744e+00 4.040714374503558304e+00 -8.716916066546566144e-01
-2.974789915966385978e-01 5.166820895098798161e-01 -6.640877772425958503e-02 -5.010370887708331944e-01 1.987306367982218450e-02 -4.861319976335945481e-01 -7.304272845510268244e-03 -4.928486381627638635e-01 1.129100649455493273e-02 0.000000000000000000e+00 -2.968626394066306920e-02 0.000000000000000000e+00 -8.136497593301776979e-03 0.000000000000000000e+00 8.801133238150909630e-03 1.009279433172650675e+00 5.348857112297886296e+00 2.428574203604039639e+00 4.039909794044637792e+00 -8.722396914369453524e-01
-3.025210084033613245e-01 5.169687863727184807e-01 -6.476505867910123393e-02 -5.003017392385277207e-01 1.984650166219633846e-02 -4.858252094310952507e-01 -8.061020458763624649e-03 -4.938040277134799205e-01 1.066821950276676707e-02 0.000000000000000000e+00 -2.972168505365170230e-02 0.000000000000000000e+00 -8.546227318805639864e-03 0.000000000000000000e+00 8.853131722255514272e-03 1.009432516048248907e+00 5.346621321595136145e+00 2.429217815500312572e+00 4.039214397229465625e+00 -8.725804066412524707e-01
-3.075630252100839956e-01 5.171976841923520141e-01 -6.350510935862840878e-02 -4.997138724133760590e-01 1.982021020179108167e-02 -4.856095127191557559e-01 -8.734655118642836030e-03 -4.945242292048627752e-01 1.004937988681731467e-02 0.000000000000000000e+00 -2.974784325237424601e-02 0.000000000000000000e+00 -8.871664754215694698e-03 0.000000000000000000e+00 8.886752622780255684e-03 1.009444798433345891e+00 5.344798109010286957e+00 2.429657940555722817e+00 4.038719551474866165e+00 -8.730262822942799206e-01
-3.126050420168066668e-01 5.175094685391200544e-01 -6.191179601947024991e-02 -4.990468063435590795e-01 1.945746635189774323e-02 -4.855072727527833254e-01 -9.292464855333831819e-03 -4.951231049115298877e-01 9.461542242551029477e-03 0.000000000000000000e+00 -2.960741225391124581e-02 0.000000000000000000e+00 -9.309378882714769432e-03 0.000000000000000000e+00 8.791685217584681647e-03 1.009357270885888891e+00 5.342294284106702484e+00 2.430028702393419060e+00 4.038689593933842303e+00 -8.725096933362964657e-01
-3.176470588235293935e-01 5.178425113572543426e-01 -6.001123190153871689e-02 -4.984718029417850027e-01 1.860761642942421190e-02 -4.850052440597812931e-01 -9.014694623878353671e-03 -4.960401846421194083e-01 8.919288124692142938e-03 0.000000000000000000e+00 -2.920594294754486758e-02 0.000000000000000000e+00 -9.853582008730639094e-03 0.000000000000000000e+00 8.628041134186775762e-03 1.009105451267332088e+00 5.339232323891605070e+00 2.431490185671215887e+00 4.038639935017356741e+00 -8.718056676689858175e-01
-3.226890756302520646e-01 5.178721476156831205e-01 -5.998821618090156155e-02 -4.986337484017683286e-01 1.841322788608815153e-02 -4.854918406419257426e-01 -9.718141757945348430e-03 -4.953986961925279653e-01 9.226826260801424331e-03 0.000000000000000000e+00 -2.940943962741755097e-02 0.000000000000000000e+00 -9.680976496817742319e-03 0.000000000000000000e+00 8.352908700505215500e-03 1.008742317173387804e+00 5.340786285393441801e+00 2.431924525936333126e+00 4.038763528261513969e+00 -8.722488867964407477e-01
-3.277310924369747358e-01 5.178706024425924204e-01 -5.983412448489845714e-02 -4.986393027830514080e-01 1.798538123170221811e-02 -4.851890029295438111e-01 -9.557205094063672690e-03 -4.957284118547380936e-01 8.932313975248106983e-03 0.000000000000000000e+00 -2.923778974933973276e-02 0.000000000000000000e+00 -9.734643836818285961e-03 0.000000000000000000e+00 8.233220856856376946e-03 1.008469732096327842e+00 5.340318401244488200e+00 2.432295148350911429e+00 4.038398207775384385e+00 -8.722989159192973130e-01
-3.327731092436974625e-01 5.179285433602905941e-01 -5.933150621658116186e-02 -4.984583549664550750e-01 1.717003055837736797e-02 -4.849874184875548888e-01 -9.944556405763768300e-03 -4.960954877108855188e-01 8.831792883412393352e-03 0.000000000000000000e+00 -2.893487450770997754e-02 0.000000000000000000e+00 -9.865123817443158249e-03 0.000000000000000000e+00 7.946421029499479635e-03 1.008215811427392694e+00 5.339060830462489804e+00 2.432318997018480200e+00 4.037715441151134677e+00 -8.714798564643265744e-01
-3.378151260504201336e-01 5.179469697845690002e-01 -5.941324304205653634e-02 -4.984540004971922955e-01 1.683902734164590895e-02 -4.854409099939174799e-01 -1.062003937855694746e-02 -4.956443167382941217e-01 9.147704455388129541e-03 0.000000000000000000e+00 -2.906216209800046441e-02 0.000000000000000000e+00 -9.702500803531317192e-03 0.000000000000000000e+00 7.653508140277020741e-03 1.007968599741124072e+00 5.340445413587620926e+00 2.432977533948418980e+00 4.038090818981480368e+00 -8.715126020304279075e-01
-3.428571428571428048e-01 5.180091075580102178e-01 -5.889184498341117763e-02 -4.981390748312360950e-01 1.581462627505235072e-02 -4.850110490622933090e-01 -1.072394166873078848e-02 -4.963626835626189227e-01 8.726546855012696016e-03 0.000000000000000000e+00 -2.864327695104193494e-02 0.000000000000000000e+00 -9.846653710803737400e-03 0.000000000000000000e+00 7.342658699890690713e-03 1.007796588313958130e+00 5.338441652009364269e+00 2.433000004070471789e+00 4.037778951680136785e+00 -8.702644664324379331e-01
-3.478991596638655315e-01 5.180088792540222808e-01 -5.904132459051567028e-02 -4.981160958699394903e-01 1.564291847566712593e-02 -4.853613947924600991e-01 -1.120671317966859086e-02 -4.960471238172698416e-01 8.954995107243754124e-03 0.000000000000000000e+00 -2.878532078635741981e-02 0.000000000000000000e+00 -9.717323167403525003e-03 0.000000000000000000e+00 7.138964751354535260e-03 1.007595622490154108e+00 5.339699965143169358e+00 2.434005068047476072e+00 4.038040461133559411e+00 -8.707770107101635571e-01
-3.529411764705882026e-01 5.179964753120493981e-01 -5.919204843125498022e-02 -4.979815818322045895e-01 1.473478967146210801e-02 -4.855717312826154930e-01 -1.201738292055786091e-02 -4.959504425148265061e-01 9.455567194228790828e-03 0.000000000000000000e+00 -2.869374645107125241e-02 0.000000000000000000e+00 -9.727304435713755859e-03 0.000000000000000000e+00 6.792573787831635533e-03 1.007477031578850379e+00 5.339326906305012166e+00 2.434468744747996016e+00 4.037728623453744170e+00 -8.694335169789836337e-01
-3.579831932773108738e-01 5.180239980063611194e-01 -5.921978447670792067e-02 -4.978165416301836843e-01 1.371338957509220594e-02 -4.855268639773271389e-01 -1.238473086801084901e-02 -4.961222729942803000e-01 9.704977175946857826e-03 0.000000000000000000e+00 -2.861463371474544728e-02 0.000000000000000000e+00 -9.777269814781091445e-03 0.000000000000000000e+00 6.529497200509339593e-03 1.007391973257016238e+00 5.338467438300811274e+00 2.435980232003489121e+00 4.037504573404068431e+00 -8.687260282821221979e-01
-3.630252100840335450e-01 5.180089376244453314e-01 -5.951053419040853998e-02 -4.976930668369936583e-01 1.282365053639704898e-02 -4.855721378558943147e-01 -1.267211534150710674e-02 -4.962009612819199833e-01 9.923601826318991306e-03 0.000000000000000000e+00 -2.858990306045933877e-02 0.000000000000000000e+00 -9.716127533701953908e-03 0.000000000000000000e+00 6.276339628665303545e-03 1.007340979771187417e+00 5.338384743550357747e+00 2.437365887236129680e+00 4.037715644689049199e+00 -8.680549277658060614e-01
-3.680672268907562716e-01 5.179934218104695898e-01 -5.931064474722515939e-02 -4.975513292822131839e-01 1.187669208356382025e-02 -4.853786790848950150e-01 -1.283213722032370933e-02 -4.965702178852563486e-01 1.028714783234027652e-02 0.000000000000000000e+00 -2.844263499858372055e-02 0.000000000000000000e+00 -9.904525950175244869e-03 0.000000000000000000e+00 6.047160217145936857e-03 1.007333259165190231e+00 5.336596424273892580e+00 2.438276329113875374e+00 4.036860057742705621e+00 -8.671162443202548031e-01
-3.731092436974789428e-01 5.179114317814889068e-01 -5.982112225299258262e-02 -4.974152500292010615e-01 1.090236713170536845e-02 -4.855167914366311233e-01 -1.341774876339203379e-02 -4.966147030414788666e-01 1.054391806815543203e-02 0.000000000000000000e+00 -2.833986328220259795e-02 0.000000000000000000e+00 -9.810345225575833883e-03 0.000000000000000000e+00 5.759013327869595515e-03 1.007331181332156156e+00 5.336898170238908001e+00 2.439156827591469678e+00 4.037010953692433901e+00 -8.659152574051056650e-01
-3.781512605042016140e-01 5.179115584688498419e-01 -5.981702527034662986e-02 -4.974001215985962565e-01 1.152380518647107797e-02 -4.859688926564014744e-01 -1.366753938161098178e-02 -4.962260096088706995e-01 1.121705584122975781e-02 0.000000000000000000e+00 -2.873312053023089133e-02 0.000000000000000000e+00 -9.867564646981205265e-03 0.000000000000000000e+00 5.642587076382334609e-03 1.007397436887421005e+00 5.338444424434845459e+00 2.441067350627105448e+00 4.036335746957281145e+00 -8.674062552374525170e-01
-3.831932773109243406e-01 5.175335853200936365e-01 -6.077412443027716688e-02 -4.974809155438782438e-01 1.241649713649982736e-02 -4.857152871407705019e-01 -1.302790323330261547e-02 -4.966035711296462041e-01 1.134571510045981856e-02 0.000000000000000000e+00 -2.858697986156154627e-02 0.000000000000000000e+00 -1.002741293589224161e-02 0.000000000000000000e+00 5.572430173002328353e-03 1.007597624995697050e+00 5.337968362393159083e+00 2.438880619607635136e+00 4.034894020814219218e+00 -8.674187758797644587e-01
-3.882352941176470118e-01 5.175053054871679992e-01 -6.125239106191958383e-02 -4.975247479816992668e-01 1.295697484402166463e-02 -4.858145893613874944e-01 -1.259799065007552975e-02 -4.965114900632499051e-01 1.114740892605654322e-02 0.000000000000000000e+00 -2.869193926120423843e-02 0.000000000000000000e+00 -9.972422910510331945e-03 0.000000000000000000e+00 5.633620716259835938e-03 1.007859469488718851e+00 5.339871527185672484e+00 2.440231913893837756e+00 4.035974741288925749e+00 -8.688427031950619606e-01
-3.932773109243696830e-01 5.166901294510800602e-01 -6.586043427456245158e-02 -4.987335264068606944e-01 1.331330821306993262e-02 -4.859869653430662351e-01 -1.087939581593439300e-02 -4.955128151122371594e-01 1.032567027743971390e-02 0.000000000000000000e+00 -2.857383183102134988e-02 0.000000000000000000e+00 -9.145013253132910913e-03 0.000000000000000000e+00 5.764246252563848087e-03 1.008270974717455415e+00 5.346075506378962672e+00 2.437837653571862884e+00 4.040560229532073500e+00 -8.696002584298351268e-01
-3.983193277310924096e-01 5.166615431333464459e-01 -6.535882672863414788e-02 -4.979035819752932190e-01 1.390325545045873780e-02 -4.859624667598199665e-01 -1.163288889382004844e-02 -4.963556330060042154e-01 9.920710990529801529e-03 0.000000000000000000e+00 -2.873088880220876079e-02 0.000000000000000000e+00 -9.392134099973435679e-03 0.000000000000000000e+00 5.790016573155829481e-03 1.009080775843303801e+00 5.343643261011997936e+00 2.436933418598585366e+00 4.039539830427761657e+00 -8.694994546334500196e-01
-4.033613445378150808e-01 5.168324138602065076e-01 -6.418013398749296272e-02 -4.970868748610880461e-01 1.447985009824329788e-02 -4.859429665778763341e-01 -1.236908492481864075e-02 -4.971479087115582840e-01 9.561694040811866829e-03 0.000000000000000000e+00 -2.902783246818950794e-02 0.000000000000000000e+00 -9.793969036912557671e-03 0.000000000000000000e+00 6.071013224595348499e-03 1.009640780820145300e+00 5.341012377629421159e+00 2.438580150395263324e+00 4.038178458334615861e+00 -8.713709314043384113e-01
-4.084033613445377520e-01 5.155915631001058985e-01 -7.167994943120246931e-02 -4.999949306533906235e-01 1.463675865988179996e-02 -4.851136260062029470e-01 -8.834170698005577513e-03 -4.959754122281971322e-01 8.049922363390091609e-03 0.000000000000000000e+00 -2.935880862822658893e-02 0.000000000000000000e+00 -7.382314872183542466e-03 0.000000000000000000e+00 6.764927361836107524e-03 1.010169962765886664e+00 5.358073300426294594e+00 2.439787972113565573e+00 4.047704458630160929e+00 -8.764151578195904513e-01
-4.134453781512604786e-01 5.155879041207882540e-01 -7.101281074807024030e-02 -4.990394872520257374e-01 1.530541991308715863e-02 -4.853266624415132346e-01 -1.005421869861637327e-02 -4.967202734602945147e-01 7.797614714962264326e-03 0.000000000000000000e+00 -2.946044304685791621e-02 0.000000000000000000e+00 -7.463437526174283680e-03 0.000000000000000000e+00 6.781439435349963761e-03 1.011390490418795585e+00 5.357720319681029686e+00 2.439702019954527845e+00 4.046631609422584042e+00 -8.764222430894604843e-01
-4.184873949579831498e-01 5.156073256840203456e-01 -7.033546290327497008e-02 -4.983113787407972284e-01 1.573487180334375360e-02 -4.853857450344721824e-01 -1.093101361875809842e-02 -4.974034972132822530e-01 7.492880469117678237e-03 0.000000000000000000e+00 -2.948040590553310455e-02 0.000000000000000000e+00 -7.563801701530683576e-03 0.000000000000000000e+00 6.770056575651517763e-03 1.012399725540430895e+00 5.357213214596880491e+00 2.439423109206187323e+00 4.045614421193414856e+00 -8.763305503541413133e-01
-4.235294117647058210e-01 5.156339845219370943e-01 -6.968139163304808148e-02 -4.977353338515414505e-01 1.601772243775107310e-02 -4.853946745193123413e-01 -1.161955507807648294e-02 -4.979918887351520440e-01 7.160199167978495600e-03 0.000000000000000000e+00 -2.943607221412700842e-02 0.000000000000000000e+00 -7.682395979768207386e-03 0.000000000000000000e+00 6.721698957445393710e-03 1.013212137855723949e+00 5.356640599155066518e+00 2.438947430765679325e+00 4.044597954877113821e+00 -8.761705621001805167e-01
-4.285714285714285476e-01 5.156420877181195905e-01 -6.918486679554775032e-02 -4.973780354352084765e-01 1.619566885015339547e-02 -4.853243822545263431e-01 -1.224738729041012324e-02 -4.984393465810623702e-01 6.898715451347919685e-03 0.000000000000000000e+00 -2.937827364141299205e-02 0.000000000000000000e+00 -7.822111731412751193e-03 0.000000000000000000e+00 6.691838760347186554e-03 1.013856246788332083e+00 5.355920277052828027e+00 2.438456079647169261e+00 4.043315311063854445e+00 -8.763413499556533814e-01
-4.336134453781512188e-01 5.155978374309605483e-01 -6.892990945366819777e-02 -4.973391076480763173e-01 1.623774342392175080e-02 -4.850382424747666232e-01 -1.264296117236067205e-02 -4.987933880414883725e-01 7.010018023218605662e-03 0.000000000000000000e+00 -2.944855887808382061e-02 0.000000000000000000e+00 -7.922943518062277105e-03 0.000000000000000000e+00 6.745222071336469220e-03 1.014381068899509630e+00 5.355205574815002478e+00 2.438282785965702359e+00 4.041920117895085873e+00 -8.763827539150302881e-01
-4.386554621848738900e-01 5.155143510448414457e-01 -6.884564675778562237e-02 -4.974623393904940571e-01 1.622969553952846936e-02 -4.846683493658417996e-01 -1.288322371837724578e-02 -4.990865488736305200e-01 7.240331967286140966e-03 0.000000000000000000e+00 -2.952460921044215703e-02 0.000000000000000000e+00 -8.002935575508610469e-03 0.000000000000000000e+00 6.819576018074820223e-03 1.014814310488365789e+00 5.354510673520448627e+00 2.438006620303200478e+00 4.040463669243344214e+00 -8.763421938585126414e-01
-4.436974789915966166e-01 5.153719953018092159e-01 -6.892757551149290840e-02 -4.975928074642416710e-01 1.614660939468264000e-02 -4.843719737064192676e-01 -1.305712576530173447e-02 -4.993078915732931944e-01 7.391335484618068510e-03 0.000000000000000000e+00 -2.951043429565589418e-02 0.000000000000000000e+00 -8.105692640994999545e-03 0.000000000000000000e+00 6.828621755961267539e-03 1.015186464005280342e+00 5.353289896574374929e+00 2.436842247330566646e+00 4.039084471435920420e+00 -8.758641281691436076e-01
-4.487394957983192878e-01 5.151682208821801723e-01 -6.917280219656068985e-02 -4.977500010438197786e-01 1.609059062002413110e-02 -4.842113033405420208e-01 -1.323135336737298225e-02 -4.993759026874877160e-01 7.492298038304337666e-03 0.000000000000000000e+00 -2.940797662879261753e-02 0.000000000000000000e+00 -8.223349468381621272e-03 0.000000000000000000e+00 6.757083187383193697e-03 1.015515104612424890e+00 5.351603969443536890e+00 2.434581799237735655e+00 4.037540225343614786e+00 -8.749580323687917716e-01
-4.537815126050419590e-01 5.150813614084266412e-01 -6.901267036310058944e-02 -4.977767719059456031e-01 1.594695461276951498e-02 -4.841378160347447057e-01 -1.337191041993364589e-02 -4.994441042505393114e-01 7.564996366665909487e-03 0.000000000000000000e+00 -2.930423241417783042e-02 0.000000000000000000e+00 -8.410042726166300220e-03 0.000000000000000000e+00 6.684060829470857799e-03 1.015813979440970627e+00 5.349268600758857239e+00 2.432973688698703008e+00 4.036295556849876398e+00 -8.742199789635000107e-01
-4.588235294117646301e-01 5.146930151148833010e-01 -6.952373014462208400e-02 -4.982954452728681760e-01 1.660200191838346814e-02 -4.839573668329218981e-01 -1.304713043269341635e-02 -4.993513001725750633e-01 8.405281456272204604e-03 0.000000000000000000e+00 -2.895588877011153958e-02 0.000000000000000000e+00 -8.801708794438846406e-03 0.000000000000000000e+00 6.623073854024993240e-03 1.015982313915878565e+00 5.348231431511988099e+00 2.430037616155752200e+00 4.032143410598080457e+00 -8.742041739269174050e-01
-4.638655462184873568e-01 5.149923736550963138e-01 -6.724546376040556328e-02 -4.993659537140743843e-01 1.870751587943290592e-02 -4.835230170402131655e-01 -1.402440047201900832e-02 -4.989234286732613932e-01 1.043737660874062556e-02 0.000000000000000000e+00 -2.988591310203052992e-02 0.000000000000000000e+00 -9.080122270860293762e-03 0.000000000000000000e+00 7.025280001523667543e-03 1.016001166119435917e+00 5.355085936043659345e+00 2.435441979890556219e+00 4.026977575299756751e+00 -8.811939227587887169e-01
-4.689075630252100280e-01 5.148577379018808298e-01 -6.735689890795164281e-02 -4.997565633773923266e-01 1.823443625636205281e-02 -4.828470299312496161e-01 -1.395949065723783335e-02 -4.992347606731793452e-01 1.061486001813533031e-02 0.000000000000000000e+00 -2.978610517223449772e-02 0.000000000000000000e+00 -9.158691908145144209e-03 0.000000000000000000e+00 6.986351602869431479e-03 1.016157355183937128e+00 5.353718126858728610e+00 2.433924507105958757e+00 4.025503484239209229e+00 -8.804700923134697321e-01
-4.739495798319326991e-01 5.147311936006427890e-01 -6.748058853432692406e-02 -4.999991003350511276e-01 1.776389575439551657e-02 -4.823837964136084011e-01 -1.398585882265989712e-02 -4.994506186680934823e-01 1.069084042686703137e-02 0.000000000000000000e+00 -2.964119888612447989e-02 0.000000000000000000e+00 -9.293320543526804173e-03 0.000000000000000000e+00 6.957122039811977111e-03 1.016320203969739655e+00 5.351690545340177074e+00 2.432343750207117683e+00 4.024000974104353645e+00 -8.796401980984297486e-01
-4.789915966386554258e-01 5.146404384671319221e-01 -6.729245525061591793e-02 -5.002928611855882446e-01 1.737396277322210761e-02 -4.819329025463020000e-01 -1.402487110057237633e-02 -4.995966366506249812e-01 1.098041699861456583e-02 0.000000000000000000e+00 -2.945295725976397258e-02 0.000000000000000000e+00 -9.577136960252767908e-03 0.000000000000000000e+00 6.992525241050220886e-03 1.016486508547779666e+00 5.348925915205868797e+00 2.430683398841523957e+00 4.021895247463708856e+00 -8.786673596138632192e-01
-4.840336134453780970e-01 5.148159999956737343e-01 -6.609441117992770343e-02 -4.999875574983886906e-01 1.737614517541231224e-02 -4.818798738935377579e-01 -1.442575358863969551e-02 -4.998417603999136816e-01 1.077695865224295724e-02 0.000000000000000000e+00 -2.940816940052186010e-02 0.000000000000000000e+00 -9.857843679579762070e-03 0.000000000000000000e+00 6.984287291198225736e-03 1.016550673032113217e+00 5.346775252349898366e+00 2.430024803159548163e+00 4.021054973971227575e+00 -8.781122127954574808e-01
-4.890756302521007681e-01 5.141631836405136102e-01 -7.046904361550333784e-02 -5.017377497760664440e-01 1.737075617481677325e-02 -4.814489299452218152e-01 -1.286208238377978784e-02 -4.989007441677309473e-01 9.914709037055062860e-03 0.000000000000000000e+00 -2.965165411621839900e-02 0.000000000000000000e+00 -8.469903247569883845e-03 0.000000000000000000e+00 7.383553883335070185e-03 1.016610270353897283e+00 5.356193234689078153e+00 2.429997987470093879e+00 4.025876691229711035e+00 -8.802739038440535735e-01
-4.941176470588234948e-01 5.140315322424355848e-01 -7.031073254370018288e-02 -5.017406579431872293e-01 1.745213539837166608e-02 -4.813205988015197279e-01 -1.351939617751165591e-02 -4.989824068132023283e-01 1.029821054740280226e-02 0.000000000000000000e+00 -2.966500636291350551e-02 0.000000000000000000e+00 -8.769935877494174081e-03 0.000000000000000000e+00 7.567518735135610880e-03 1.017196331412428822e+00 5.353449246329929245e+00 2.427837942059076770e+00 4.023674068765076051e+00 -8.791233195369493325e-01
-4.991596638655461660e-01 5.140151750007352360e-01 -6.966969952905567587e-02 -5.015310505066208346e-01 1.780666784049651091e-02 -4.813447310598594764e-01 -1.412158731564675668e-02 -4.991719713002404912e-01 1.020572595162810500e-02 0.000000000000000000e+00 -2.967064014496858734e-02 0.000000000000000000e+00 -8.987959167333156238e-03 0.000000000000000000e+00 7.685048890614459664e-03 1.017614959974746158e+00 5.351688763263260817e+00 2.426141853682687533e+00 4.022131163112339536e+00 -8.786962399044616623e-01
-5.042016806722688926e-01 5.138768971260710972e-01 -6.931910047197235858e-02 -5.017942931400332096e-01 1.821582336642351904e-02 -4.811840044588971410e-01 -1.387167188326265607e-02 -4.992470645046858113e-01 1.126898979581055990e-02 0.000000000000000000e+00 -2.971837975946254803e-02 0.000000000000000000e+00 -9.178536664611996673e-03 0.000000000000000000e+00 7.707184228634530315e-03 1.017844959177570452e+00 5.351362311872920330e+00 2.425255386205920516e+00 4.020664318360950951e+00 -8.782313946176558694e-01
-5.092436974789915638e-01 5.139272474785001599e-01 -6.865323984402744995e-02 -5.019861223017813012e-01 1.844147206031342481e-02 -4.812149202443264384e-01 -1.412539050181325570e-02 -4.990748492930009439e-01 1.269940524048117358e-02 0.000000000000000000e+00 -3.013242615678046743e-02 0.000000000000000000e+00 -9.247157186739086640e-03 0.000000000000000000e+00 7.829271724601101837e-03 1.017967738272353984e+00 5.351666501525460973e+00 2.427099737876499130e+00 4.020303459296899362e+00 -8.784883737068884813e-01
-5.142857142857142350e-01 5.140578695547389776e-01 -6.767782454232471046e-02 -5.016875900203191518e-01 1.857849004677107618e-02 -4.810342403985742310e-01 -1.454943945670192362e-02 -4.994649547789165589e-01 1.232262181895727067e-02 0.000000000000000000e+00 -3.011212928141126025e-02 0.000000000000000000e+00 -9.452968133624532407e-03 0.000000000000000000e+00 7.921857326841435024e-03 1.018137144047658094e+00 5.349845915346833181e+00 2.426705677231812963e+00 4.019321190021748258e+00 -8.786448848563429559e-01
-5.193277310924369061e-01 5.140692092503237332e-01 -6.700743109538144504e-02 -5.017017587674619250e-01 1.864135790721746858e-02 -4.807931924033292392e-01 -1.472364784281930856e-02 -4.996858018763279397e-01 1.219202900726893725e-02 0.000000000000000000e+00 -2.996678295420438301e-02 0.000000000000000000e+00 -9.712252072943605360e-03 0.000000000000000000e+00 7.950432965072046915e-03 1.018154930277786363e+00 5.348049082036935076e+00 2.425518237496635976e+00 4.018158519075710977e+00 -8.785588565930991800e-01
-5.243697478991595773e-01 5.140743989447690288e-01 -6.954720616121647103e-02 -5.030274420195730567e-01 1.729053643272848717e-02 -4.803711445840109229e-01 -1.318523137070513190e-02 -4.990744422987735129e-01 1.288343295136294003e-02 0.000000000000000000e+00 -3.140610525341674258e-02 0.000000000000000000e+00 -8.560539954596355777e-03 0.000000000000000000e+00 8.874909353761261874e-03 1.017874532354892336e+00 5.358914136620230195e+00 2.440251638589279182e+00 4.023309194170467507e+00 -8.867477170255584351e-01
-5.294117647058822484e-01 5.141605221179306184e-01 -6.891005181622406051e-02 -5.025854138846364005e-01 1.743614429286485801e-02 -4.801665338079763035e-01 -1.366920456945150929e-02 -4.996943714745962772e-01 1.247318259424168643e-02 0.000000000000000000e+00 -3.140906284599809944e-02 0.000000000000000000e+00 -8.503826546921531421e-03 0.000000000000000000e+00 8.968186948985523363e-03 1.018475138151970771e+00 5.358630078734027968e+00 2.440026260355833365e+00 4.022880059167476041e+00 -8.866165694710395062e-01
-5.344537815126050306e-01 5.142439023822840127e-01 -6.839662475609142867e-02 -5.022374901830286564e-01 1.751758531489077883e-02 -4.799703239224372142e-01 -1.404361316546239372e-02 -5.002169799823084073e-01 1.197963061145136329e-02 0.000000000000000000e+00 -3.140524439849651933e-02 0.000000000000000000e+00 -8.392301428150361967e-03 0.000000000000000000e+00 9.030060320008439362e-03 1.018972181935309029e+00 5.358593924957453680e+00 2.439868576999722816e+00 4.022678513029140035e+00 -8.865185789886570467e-01
-5.394957983193277018e-01 5.143026016218231744e-01 -6.802156511088570945e-02 -5.019865321070233755e-01 1.758826749540345555e-02 -4.797645307268552095e-01 -1.431893810410503169e-02 -5.006551316035866561e-01 1.155441733775316136e-02 0.000000000000000000e+00 -3.137550912332501274e-02 0.000000000000000000e+00 -8.275233926531871953e-03 0.000000000000000000e+00 9.102203352334033160e-03 1.019384325477581399e+00 5.358626651331186430e+00 2.439598180270550198e+00 4.022473217859639405e+00 -8.864120319311006302e-01
-5.445378151260503730e-01 5.143525353045819148e-01 -6.769590900165525782e-02 -5.017948129256390999e-01 1.760885792011557607e-02 -4.795745164559261919e-01 -1.454467264725940907e-02 -5.010206366881732043e-01 1.120166366047850581e-02 0.000000000000000000e+00 -3.133678760245325878e-02 0.000000000000000000e+00 -8.162273023551255835e-03 0.000000000000000000e+00 9.158988360270717624e-03 1.019728023244908188e+00 5.358613150593150465e+00 2.439469972740728299e+00 4.022282765854895636e+00 -8.863092725483026069e-01
-5.495798319327730441e-01 5.143834530397836113e-01 -6.748908093467777258e-02 -5.016738398182872816e-01 1.758674969852191267e-02 -4.793999063526784288e-01 -1.471824936993179969e-02 -5.013053972949987891e-01 1.089484051691055368e-02 0.000000000000000000e+00 -3.130342522046444809e-02 0.000000000000000000e+00 -8.029814697249667427e-03 0.000000000000000000e+00 9.214798764995002847e-03 1.020017690880765215e+00 5.358686962123694109e+00 2.439408721289200610e+00 4.022148143870573733e+00 -8.862145878548421951e-01
-5.546218487394957153e-01 5.143773703574220368e-01 -6.748149721947874213e-02 -5.016258067387096009e-01 1.755047866290209563e-02 -4.792060586283474755e-01 -1.478547625671087183e-02 -5.015497863215281349e-01 1.059317857621991897e-02 0.000000000000000000e+00 -3.127328713380563008e-02 0.000000000000000000e+00 -7.845124801891367738e-03 0.000000000000000000e+00 9.257867708163086684e-03 1.020277046380508423e+00 5.358986235259694197e+00 2.439305536924862849e+00 4.022168757804860384e+00 -8.860772829798349015e-01
-5.596638655462183864e-01 5.143614126483073701e-01 -6.750554265980229784e-02 -5.015908304138878560e-01 1.751099517086930277e-02 -4.790528070010718342e-01 -1.488598371595628578e-02 -5.017414604883514428e-01 1.035538388191398033e-02 0.000000000000000000e+00 -3.122824360111519162e-02 0.000000000000000000e+00 -7.670780290890404952e-03 0.000000000000000000e+00 9.303515018651823190e-03 1.020532516071979146e+00 5.359255945792103404e+00 2.439125033639719220e+00 4.022106395504346565e+00 -8.859004903233987926e-01
-5.647058823529411686e-01 5.143263069352284056e-01 -6.755204014674273671e-02 -5.015660381355978581e-01 1.752380515019643162e-02 -4.789695220071093495e-01 -1.506939127126135161e-02 -5.018476930485366028e-01 1.023426411340766853e-02 0.000000000000000000e+00 -3.117124256119036332e-02 0.000000000000000000e+00 -7.529864141962684491e-03 0.000000000000000000e+00 9.340279529011579276e-03 1.020789050852507485e+00 5.359356261612138184e+00 2.438707023606630830e+00 4.021828681798709226e+00 -8.856321976272188978e-01
-5.697478991596638398e-01 5.142668540174767378e-01 -6.767668124243987615e-02 -5.015615733722486036e-01 1.754689534263780340e-02 -4.789195089803333083e-01 -1.526377040485831643e-02 -5.019004012744888721e-01 1.016605491812903363e-02 0.000000000000000000e+00 -3.109217704959479217e-02 0.000000000000000000e+00 -7.413178967166129604e-03 0.000000000000000000e+00 9.377990152172836075e-03 1.021054150372089797e+00 5.359288629851174157e+00 2.438100652702748672e+00 4.021403461784471389e+00 -8.853290820272868844e-01
-5.747899159663865110e-01 5.141943936241920587e-01 -6.784821236997141958e-02 -5.015798830770540340e-01 1.753862903358799005e-02 -4.788758827445989685e-01 -1.544895010338104627e-02 -5.019250062911112531e-01 1.010691231652442561e-02 0.000000000000000000e+00 -3.100042294641801310e-02 0.000000000000000000e+00 -7.292247090891749821e-03 0.000000000000000000e+00 9.408660061420206708e-03 1.021331272509585553e+00 5.359231598949777187e+00 2.437359814655018830e+00 4.020999581116059929e+00 -8.849245319056141534e-01
-5.798319327731091821e-01 5.140384105888291533e-01 -6.818082397919518478e-02 -5.017170277471575401e-01 1.734852774685574292e-02 -4.787321132225225706e-01 -1.542818785874411000e-02 -5.019533368661970307e-01 1.017255963887194609e-02 0.000000000000000000e+00 -3.076544186517136611e-02 0.000000000000000000e+00 -7.262166076498456461e-03 0.000000000000000000e+00 9.408414865886645731e-03 1.021638278475755168e+00 5.358320432476318729e+00 2.435693194473560919e+00 4.020209507279481898e+00 -8.838618428461975096e-01
-5.848739495798318533e-01 5.138375628612439350e-01 -6.881086368162064870e-02 -5.018214963031879527e-01 1.700328267271528776e-02 -4.786546421559831344e-01 -1.532184531505012548e-02 -5.019439337082030050e-01 1.026419436475183890e-02 0.000000000000000000e+00 -3.054528565308145191e-02 0.000000000000000000e+00 -7.165789443496461443e-03 0.000000000000000000e+00 9.428193112844025434e-03 1.021960446023780111e+00 5.357132934374769562e+00 2.434123484903915724e+00 4.019641594949677099e+00 -8.826261625363368557e-01
-5.899159663865545244e-01 5.137470867587168311e-01 -6.886021434576138078e-02 -5.019096998377020613e-01 1.684807568458184315e-02 -4.786726217491977797e-01 -1.549112687471307023e-02 -5.018060785785589673e-01 1.053513261411441471e-02 0.000000000000000000e+00 -3.034045439464357063e-02 0.000000000000000000e+00 -7.286890385429767823e-03 0.000000000000000000e+00 9.542348269557634002e-03 1.022347334218056680e+00 5.355319986606463800e+00 2.432874581216309728e+00 4.018370730411445102e+00 -8.817406328912733571e-01
-5.949579831932771956e-01 5.136736024511715515e-01 -6.861676227090450497e-02 -5.020553304590740229e-01 1.679069008728559242e-02 -4.786946416653693470e-01 -1.575151771296163031e-02 -5.015937758802275770e-01 1.097919905139271846e-02 0.000000000000000000e+00 -3.006022465537677713e-02 0.000000000000000000e+00 -7.619004088255020013e-03 0.000000000000000000e+00 9.676713235029289414e-03 1.022741299339083865e+00 5.352573922880051960e+00 2.430929203865941801e+00 4.016219685251568805e+00 -8.806198199402827109e-01
-5.999999999999999778e-01 5.137781290458791617e-01 -6.789354277084047595e-02 -5.017446714561925036e-01 1.698260132322618535e-02 -4.788436436755077463e-01 -1.608346906897215045e-02 -5.016758560033188763e-01 1.054280196772912175e-02 0.000000000000000000e+00 -2.999763925940788362e-02 0.000000000000000000e+00 -7.723010804663408592e-03 0.000000000000000000e+00 9.817147509794626678e-03 1.022968489812093651e+00 5.351398688366236556e+00 2.430380703979539536e+00 4.015879498374209433e+00 -8.804078912351415154e-01
