0.000000000000000000e+00 1.000000000000000888e+00
-5.042016806722688510e-03 9.999999999988294919e-01
-1.008403361344537702e-02 9.999999999641302484e-01
-1.512605042016806553e-02 9.999999997278323782e-01
-2.016806722689075404e-02 9.999999987397359957e-01
-2.521008403361344255e-02 9.999999955181561040e-01
-3.025210084033613106e-02 9.999999876542390309e-01
-3.529411764705882304e-02 9.999999761083235850e-01
-4.033613445378150808e-02 9.999999593969849387e-01
-4.537815126050419312e-02 9.999999282385976240e-01
-5.042016806722688510e-02 9.999998760315493840e-01
-5.546218487394957708e-02 9.999997939759428522e-01
-6.050420168067226212e-02 9.999996739458993922e-01
-6.554621848739494716e-02 9.999995080478680798e-01
-7.058823529411764608e-02 9.999992865511708739e-01
-7.563025210084033112e-02 9.999990004787775444e-01
-8.067226890756301616e-02 9.999986457047516097e-01
-8.571428571428570120e-02 9.999984829877314185e-01
-9.075630252100838624e-02 9.999982165596249528e-01
-9.579831932773108516e-02 9.999983701563389671e-01
-1.008403361344537702e-01 9.999989111638252215e-01
-1.058823529411764552e-01 9.999996668802703104e-01
-1.109243697478991542e-01 9.999995507716774590e-01
-1.159663865546218392e-01 9.999991996633188496e-01
-1.210084033613445242e-01 9.999988420725668403e-01
-1.260504201680672232e-01 9.999985911734587951e-01
-1.310924369747898943e-01 9.999983489273468473e-01
-1.361344537815125932e-01 9.999980865755059289e-01
-1.411764705882352922e-01 9.999979162616856598e-01
-1.462184873949579633e-01 9.999976837852329048e-01
-1.512605042016806622e-01 9.999971851076836504e-01
-1.563025210084033334e-01 9.999967745283990794e-01
-1.613445378151260323e-01 9.999964235360517817e-01
-1.663865546218487312e-01 9.999960618485230768e-01
-1.714285714285714024e-01 9.999955496041684766e-01
-1.764705882352941013e-01 9.999948695142184540e-01
-1.815126050420167725e-01 9.999939653977097942e-01
-1.865546218487394714e-01 9.999928891681562071e-01
-1.915966386554621703e-01 9.999915085311084084e-01
-1.966386554621848415e-01 9.999897451276840155e-01
-2.016806722689075404e-01 9.999874676876965296e-01
-2.067226890756302393e-01 9.999847313554931505e-01
-2.117647058823529105e-01 9.999814761486990333e-01
-2.168067226890756094e-01 9.999775329928084489e-01
-2.218487394957983083e-01 9.999727613205117160e-01
-2.268907563025209795e-01 9.999688195872890040e-01
-2.319327731092436784e-01 9.999636285403459279e-01
-2.369747899159663496e-01 9.999548245385930789e-01
-2.420168067226890485e-01 9.999440216233412837e-01
-2.470588235294117474e-01 9.999346377576354694e-01
-2.521008403361344463e-01 9.999233645798621950e-01
-2.571428571428571175e-01 9.999113193093488450e-01
-2.621848739495797886e-01 9.998989696373187241e-01
-2.672268907563025153e-01 9.998860099117595768e-01
-2.722689075630251865e-01 9.998724025872687271e-01
-2.773109243697478576e-01 9.998589687360082134e-01
-2.823529411764705843e-01 9.998451656550910727e-01
-2.873949579831932555e-01 9.998304031028983907e-01
-2.924369747899159266e-01 9.998148849294314910e-01
-2.974789915966385978e-01 9.997992824745915996e-01
-3.025210084033613245e-01 9.997822670675825529e-01
-3.075630252100839956e-01 9.997650049845937525e-01
-3.126050420168066668e-01 9.997476016267892174e-01
-3.176470588235293935e-01 9.997299699853490207e-01
-3.226890756302520646e-01 9.997119395382413343e-01
-3.277310924369747358e-01 9.996927292685173772e-01
-3.327731092436974625e-01 9.996748877257659593e-01
-3.378151260504201336e-01 9.996542307839763053e-01
-3.428571428571428048e-01 9.996435391327127551e-01
-3.478991596638655315e-01 9.996645675837612099e-01
-3.529411764705882026e-01 9.996502140084848609e-01
-3.579831932773108738e-01 9.995962900214010460e-01
-3.630252100840335450e-01 9.995476885338565598e-01
-3.680672268907562716e-01 9.995062854199641134e-01
-3.731092436974789428e-01 9.994669131414390950e-01
-3.781512605042016140e-01 9.994714536636184476e-01
-3.831932773109243406e-01 9.994367037243062635e-01
-3.882352941176470118e-01 9.993348252255662700e-01
-3.932773109243696830e-01 9.992340719628728385e-01
-3.983193277310924096e-01 9.991377692895597740e-01
-4.033613445378150808e-01 9.990479175164543868e-01
-4.084033613445377520e-01 9.989755271377249723e-01
-4.134453781512604786e-01 9.988956308223456704e-01
-4.184873949579831498e-01 9.988366398991952444e-01
-4.235294117647058210e-01 9.987880706068015257e-01
-4.285714285714285476e-01 9.987230264902619004e-01
-4.336134453781512188e-01 9.987175189835182376e-01
-4.386554621848738900e-01 9.987122460832231763e-01
-4.436974789915966166e-01 9.986593262827263562e-01
-4.487394957983192878e-01 9.986044128416078358e-01
-4.537815126050419590e-01 9.985579101563282212e-01
-4.588235294117646301e-01 9.985148761795770156e-01
-4.638655462184873568e-01 9.984777769738104602e-01
-4.689075630252100280e-01 9.984467375784835674e-01
-4.739495798319326991e-01 9.984165518509884318e-01
-4.789915966386554258e-01 9.983869111138987673e-01
-4.840336134453780970e-01 9.983544541160818131e-01
-4.890756302521007681e-01 9.983199595170124674e-01
-4.941176470588234948e-01 9.982811456672492367e-01
-4.991596638655461660e-01 9.982393511878586700e-01
-5.042016806722688926e-01 9.981950140218440737e-01
-5.092436974789915638e-01 9.981470404342438485e-01
-5.142857142857142350e-01 9.980929806348802780e-01
-5.193277310924369061e-01 9.980300788881554253e-01
-5.243697478991595773e-01 9.979676361759191039e-01
-5.294117647058822484e-01 9.979159355989349889e-01
-5.344537815126050306e-01 9.978649030499041617e-01
-5.394957983193277018e-01 9.978127839342152416e-01
-5.445378151260503730e-01 9.977570266736215387e-01
-5.495798319327730441e-01 9.976978670445568742e-01
-5.546218487394957153e-01 9.976339947826983190e-01
-5.596638655462183864e-01 9.975666195125547642e-01
-5.647058823529411686e-01 9.974912420755792652e-01
-5.697478991596638398e-01 9.974160169052146419e-01
-5.747899159663865110e-01 9.973324285581750548e-01
-5.798319327731091821e-01 9.972465835450227134e-01
-5.848739495798318533e-01 9.971545022423278226e-01
-5.899159663865545244e-01 9.970447456071453995e-01
-5.949579831932771956e-01 9.969053984137068447e-01
-5.999999999999999778e-01 9.967615181715484551e-01
