0.000000000000000000e+00 1.000000000000000000e+00
-5.042016806722688510e-03 9.999999988163541520e-01
-1.008403361344537702e-02 9.999999746444222515e-01
-1.512605042016806553e-02 9.999998776681453538e-01
-2.016806722689075404e-02 9.999996591575839311e-01
-2.521008403361344255e-02 9.999992875236021206e-01
-3.025210084033613106e-02 9.999987360535460557e-01
-3.529411764705882304e-02 9.999979845033434289e-01
-4.033613445378150808e-02 9.999970066683101511e-01
-4.537815126050419312e-02 9.999957711685890649e-01
-5.042016806722688510e-02 9.999942354715996018e-01
-5.546218487394957708e-02 9.999923414893153728e-01
-6.050420168067226212e-02 9.999900216521026008e-01
-6.554621848739494716e-02 9.999872069527694363e-01
-7.058823529411764608e-02 9.999838278241798273e-01
-7.563025210084033112e-02 9.999798261404387878e-01
-8.067226890756301616e-02 9.999751429922362211e-01
-8.571428571428570120e-02 9.999697031516596724e-01
-9.075630252100838624e-02 9.999634582960699181e-01
-9.579831932773108516e-02 9.999563428548463584e-01
-1.008403361344537702e-01 9.999482840578859388e-01
-1.058823529411764552e-01 9.999392166763825252e-01
-1.109243697478991542e-01 9.999290067353374667e-01
-1.159663865546218392e-01 9.999176333546653250e-01
-1.210084033613445242e-01 9.999050929780110009e-01
-1.260504201680672232e-01 9.998913495968272391e-01
-1.310924369747898943e-01 9.998763706985029920e-01
-1.361344537815125932e-01 9.998601255944278288e-01
-1.411764705882352922e-01 9.998425945698554695e-01
-1.462184873949579633e-01 9.998237652071220172e-01
-1.512605042016806622e-01 9.998036311123850162e-01
-1.563025210084033334e-01 9.997821845861958323e-01
-1.613445378151260323e-01 9.997594140673937702e-01
-1.663865546218487312e-01 9.997352191286327239e-01
-1.714285714285714024e-01 9.997094953260463601e-01
-1.764705882352941013e-01 9.996823346080939698e-01
-1.815126050420167725e-01 9.996537940679239842e-01
-1.865546218487394714e-01 9.996239201504808491e-01
-1.915966386554621703e-01 9.995927048191128872e-01
-1.966386554621848415e-01 9.995601108044868122e-01
-2.016806722689075404e-01 9.995260748011318697e-01
-2.067226890756302393e-01 9.994905074449496052e-01
-2.117647058823529105e-01 9.994533648334333886e-01
-2.168067226890756094e-01 9.994149080741827618e-01
-2.218487394957983083e-01 9.993750598965567278e-01
-2.268907563025209795e-01 9.993337103528715515e-01
-2.319327731092436784e-01 9.992907556270637093e-01
-2.369747899159663496e-01 9.992462006635808303e-01
-2.420168067226890485e-01 9.992001205843792366e-01
-2.470588235294117474e-01 9.991520057086187290e-01
-2.521008403361344463e-01 9.991019401411396217e-01
-2.571428571428571175e-01 9.990500609145567257e-01
-2.621848739495797886e-01 9.989955187820841465e-01
-2.672268907563025153e-01 9.989377456109447273e-01
-2.722689075630251865e-01 9.988767243363693149e-01
-2.773109243697478576e-01 9.988124160972882137e-01
-2.823529411764705843e-01 9.987445978328077789e-01
-2.873949579831932555e-01 9.986729805641434421e-01
-2.924369747899159266e-01 9.985974985770371681e-01
-2.974789915966385978e-01 9.985178652481112582e-01
-3.025210084033613245e-01 9.984337624551028467e-01
-3.075630252100839956e-01 9.983448350129389137e-01
-3.126050420168066668e-01 9.982506848581721437e-01
-3.176470588235293935e-01 9.981508646169063859e-01
-3.226890756302520646e-01 9.980448701470412409e-01
-3.277310924369747358e-01 9.979321352070262829e-01
-3.327731092436974625e-01 9.978120168726557493e-01
-3.378151260504201336e-01 9.976837681066922370e-01
-3.428571428571428048e-01 9.975465428380960731e-01
-3.478991596638655315e-01 9.973993784384322936e-01
-3.529411764705882026e-01 9.972411642292333678e-01
-3.579831932773108738e-01 9.970709743827965710e-01
-3.630252100840335450e-01 9.968874373249968501e-01
-3.680672268907562716e-01 9.966890232266669702e-01
-3.731092436974789428e-01 9.964730189255266435e-01
-3.781512605042016140e-01 9.962370952087042930e-01
-3.831932773109243406e-01 9.959785137000011224e-01
-3.882352941176470118e-01 9.956940974081601725e-01
-3.932773109243696830e-01 9.953802299456012692e-01
-3.983193277310924096e-01 9.950327899767510420e-01
-4.033613445378150808e-01 9.946468926655880338e-01
-4.084033613445377520e-01 9.942164503036980960e-01
-4.134453781512604786e-01 9.937342352996612060e-01
-4.184873949579831498e-01 9.931926206181963535e-01
-4.235294117647058210e-01 9.925813184986072013e-01
-4.285714285714285476e-01 9.918970430381192083e-01
-4.336134453781512188e-01 9.911146483522571549e-01
-4.386554621848738900e-01 9.902041386483431129e-01
-4.436974789915966166e-01 9.891497964379764030e-01
-4.487394957983192878e-01 9.879225619716446305e-01
-4.537815126050419590e-01 9.864509954228297683e-01
-4.588235294117646301e-01 9.847303878907132102e-01
-4.638655462184873568e-01 9.828249710639331838e-01
-4.689075630252100280e-01 9.805245580464928556e-01
-4.739495798319326991e-01 9.774505249424609854e-01
-4.789915966386554258e-01 9.735348039497269124e-01
-4.840336134453780970e-01 9.684652424871404985e-01
-4.890756302521007681e-01 9.614558964901048776e-01
-4.941176470588234948e-01 9.533912094392824610e-01
-4.991596638655461660e-01 9.395234001750808472e-01
-5.042016806722688926e-01 9.176906009321570412e-01
-5.092436974789915638e-01 8.716956780605862320e-01
-5.142857142857142350e-01 -1.899660507475665894e-02
-5.193277310924369061e-01 -2.379771657477872809e-02
-5.243697478991595773e-01 -2.375377539158495324e-02
-5.294117647058822484e-01 -2.369307815113683852e-02
-5.344537815126050306e-01 -2.362718311524522607e-02
-5.394957983193277018e-01 -2.356637712275569396e-02
-5.445378151260503730e-01 -2.351172035403134575e-02
-5.495798319327730441e-01 -2.346095642464554251e-02
-5.546218487394957153e-01 -2.341118342813197639e-02
-5.596638655462183864e-01 -2.335936564301718810e-02
-5.647058823529411686e-01 -2.330652855157987202e-02
-5.697478991596638398e-01 -2.325406600845841831e-02
-5.747899159663865110e-01 -2.320161926516844247e-02
-5.798319327731091821e-01 -2.314479165505266972e-02
-5.848739495798318533e-01 -2.307330733779587584e-02
-5.899159663865545244e-01 -2.298383431029997828e-02
-5.949579831932771956e-01 -2.287197497918503492e-02
-5.999999999999999778e-01 -2.273461039877465797e-02
