0.000000000000000000e+00 -3.096095112041840486e-02 -3.109816661768158297e-02 -4.520733888503912501e-02 -2.145329132462782118e-01
-5.042016806722688510e-03 -2.972024137086408738e-02 -2.985479305811525319e-02 -4.789347514656799171e-02 -2.149370191510946715e-01
-1.008403361344537702e-02 -2.856381966866643890e-02 -2.873220643434376553e-02 -5.035814405154125789e-02 -2.153083403091029246e-01
-1.512605042016806553e-02 -2.770120363604102257e-02 -2.785694583933853025e-02 -5.202814616172197343e-02 -2.151725912742030733e-01
-2.016806722689075404e-02 -2.705005052673715299e-02 -2.719369632132873082e-02 -5.324556564120331431e-02 -2.149786249785383963e-01
-2.521008403361344255e-02 -2.656734752188604984e-02 -2.670470161024667693e-02 -5.412044946818535957e-02 -2.147849972006361796e-01
-3.025210084033613106e-02 -2.620957262625706399e-02 -2.633866347174384365e-02 -5.475469262022551048e-02 -2.146058574364528293e-01
-3.529411764705882304e-02 -2.594054243683328875e-02 -2.606456598581440021e-02 -5.522025337745015833e-02 -2.144507236001957085e-01
-4.033613445378150808e-02 -2.573267230377796616e-02 -2.585303350384390159e-02 -5.557199873276345153e-02 -2.143154090807706247e-01
-4.537815126050419312e-02 -2.556653692795962315e-02 -2.568361580075619044e-02 -5.584840688568828287e-02 -2.141971192288082138e-01
-5.042016806722688510e-02 -2.544925914932021777e-02 -2.556022885919569110e-02 -5.601489828429404016e-02 -2.140487725856199119e-01
-5.546218487394957708e-02 -2.532895296537213820e-02 -2.543873775528367187e-02 -5.620918029581904729e-02 -2.139537420329497008e-01
-6.050420168067226212e-02 -2.522067213219830739e-02 -2.532849509056260551e-02 -5.638382967980146848e-02 -2.138659938051247489e-01
-6.554621848739494716e-02 -2.511911812128652874e-02 -2.522568138856955133e-02 -5.654697205743457883e-02 -2.137835431345813109e-01
-7.058823529411764608e-02 -2.502168109323980871e-02 -2.512648736803917149e-02 -5.670515093518859601e-02 -2.137066387929351940e-01
-7.563025210084033112e-02 -2.492666290240716509e-02 -2.502877867730178216e-02 -5.686005827954621061e-02 -2.136309997185103227e-01
-8.067226890756301616e-02 -2.483147498299586101e-02 -2.493232470489262220e-02 -5.701587736337345586e-02 -2.135593541025238851e-01
-8.571428571428570120e-02 -2.473606056689126032e-02 -2.483545482536079346e-02 -5.717300826240701711e-02 -2.134890473093181418e-01
-9.075630252100838624e-02 -2.463296004210675794e-02 -2.472493123198138062e-02 -5.731699257369100853e-02 -2.134223552365071552e-01
-9.579831932773108516e-02 -2.453534676059024658e-02 -2.462644347816255255e-02 -5.747858179919901334e-02 -2.133624752348712850e-01
-1.008403361344537702e-01 -2.443640936457708301e-02 -2.452739282290610640e-02 -5.764163563684489983e-02 -2.133027051749952219e-01
-1.058823529411764552e-01 -2.433562387719519562e-02 -2.442762552762213490e-02 -5.780626119177675187e-02 -2.132421785965819272e-01
-1.109243697478991542e-01 -2.423359959554607229e-02 -2.432646858891696767e-02 -5.797171670415209727e-02 -2.131793977109167071e-01
-1.159663865546218392e-01 -2.413112089173059110e-02 -2.422400259415677035e-02 -5.813672234833958813e-02 -2.131137664420207078e-01
-1.210084033613445242e-01 -2.402686451448730193e-02 -2.412146382620812546e-02 -5.830056474625211482e-02 -2.130438614805413300e-01
-1.260504201680672232e-01 -2.392122808822815666e-02 -2.401889851655288413e-02 -5.846190014826502246e-02 -2.129681110837668701e-01
-1.310924369747898943e-01 -2.378075375230997296e-02 -2.386144130211035469e-02 -5.859565502280458804e-02 -2.129024885816285517e-01
-1.361344537815125932e-01 -2.368591540365722753e-02 -2.377904117560422984e-02 -5.872657504799517342e-02 -2.128608992515806653e-01
-1.411764705882352922e-01 -2.357655629374496437e-02 -2.367419845597186490e-02 -5.888031779611456462e-02 -2.128016605089235180e-01
-1.462184873949579633e-01 -2.337780262983149560e-02 -2.345208449183208699e-02 -5.899851840738108005e-02 -2.127487712039443646e-01
-1.512605042016806622e-01 -2.326465899666108061e-02 -2.334455020373205070e-02 -5.914070480700642923e-02 -2.127389506533975405e-01
-1.563025210084033334e-01 -2.256411481944297498e-02 -2.259156162924022548e-02 -5.920632391538954709e-02 -2.129894389394259846e-01
-1.613445378151260323e-01 -2.243497134042091168e-02 -2.247531859921459568e-02 -5.935604396369038860e-02 -2.134129368995089093e-01
-1.663865546218487312e-01 -2.230392212980041727e-02 -2.235880470612468252e-02 -5.948493188150674738e-02 -2.138824755332159322e-01
-1.714285714285714024e-01 -2.198347975585163150e-02 -2.205320953115615795e-02 -5.957038684574671866e-02 -2.144364601196875608e-01
-1.764705882352941013e-01 -2.184782790816775996e-02 -2.193504377356130311e-02 -5.965300473860559588e-02 -2.151521911232523454e-01
-1.815126050420167725e-01 -2.171111844460974286e-02 -2.181697169307303744e-02 -5.969972901122542336e-02 -2.159318948033711605e-01
-1.865546218487394714e-01 -2.157368551208685772e-02 -2.169877837859253769e-02 -5.970696413213474885e-02 -2.167705886548172978e-01
-1.915966386554621703e-01 -2.133696482070809863e-02 -2.148208128723007315e-02 -5.967922282022779940e-02 -2.177031337285498247e-01
-1.966386554621848415e-01 -2.119907902306666925e-02 -2.136413489433800633e-02 -5.960886985901603374e-02 -2.187145713966011096e-01
-2.016806722689075404e-01 -2.106104635741183964e-02 -2.124604372901544441e-02 -5.950055111869854280e-02 -2.197620859207481403e-01
-2.067226890756302393e-01 -2.086684743218492066e-02 -2.107252922111917809e-02 -5.937141721017163282e-02 -2.208393976700214201e-01
-2.117647058823529105e-01 -2.072877109033120779e-02 -2.095376134160088777e-02 -5.921039375137062549e-02 -2.219648474957752748e-01
-2.168067226890756094e-01 -2.058905950347525785e-02 -2.083285145277620140e-02 -5.903459630298039246e-02 -2.231002914524451708e-01
-2.218487394957983083e-01 -2.044685397670975222e-02 -2.070903556704499840e-02 -5.885139503398403860e-02 -2.242428974246536699e-01
-2.268907563025209795e-01 -2.027371941553584092e-02 -2.055510185987950017e-02 -5.867344808925639699e-02 -2.254032463148611942e-01
-2.319327731092436784e-01 -2.012533717658183605e-02 -2.042496485904656683e-02 -5.848928282500439474e-02 -2.265808595559221372e-01
-2.369747899159663496e-01 -1.997256200012914942e-02 -2.029052592581599701e-02 -5.830655210678740985e-02 -2.277717807002577199e-01
-2.420168067226890485e-01 -1.979463614211758246e-02 -2.012959030486319995e-02 -5.812707313028075279e-02 -2.289983806590199511e-01
-2.470588235294117474e-01 -1.962782580209880556e-02 -1.997939692354161814e-02 -5.793910265441228752e-02 -2.302532875458206674e-01
-2.521008403361344463e-01 -1.945732655885397747e-02 -1.982611543374759519e-02 -5.774863930754143421e-02 -2.315285528022649197e-01
-2.571428571428571175e-01 -1.929096751775878291e-02 -1.967842210925466184e-02 -5.755698726103664759e-02 -2.328095954404299228e-01
-2.621848739495797886e-01 -1.912803318326627283e-02 -1.953737518444793528e-02 -5.736968260522488927e-02 -2.340887889740661532e-01
-2.672268907563025153e-01 -1.896866797707135247e-02 -1.940083315427904367e-02 -5.717845377169092358e-02 -2.353892287617270762e-01
-2.722689075630251865e-01 -1.879787195186026841e-02 -1.925408391284250467e-02 -5.698594597090327757e-02 -2.367232003226632520e-01
-2.773109243697478576e-01 -1.861981670310575154e-02 -1.910005336657796121e-02 -5.678617330255811974e-02 -2.380970830086372447e-01
-2.823529411764705843e-01 -1.843000830894814257e-02 -1.893473245569747207e-02 -5.657943430003933849e-02 -2.395123470921141917e-01
-2.873949579831932555e-01 -1.820239657068075875e-02 -1.872862316467018354e-02 -5.634926351408355016e-02 -2.410291308444763025e-01
-2.924369747899159266e-01 -1.797779265662722073e-02 -1.852519278897055838e-02 -5.611160514500524582e-02 -2.425646895466840591e-01
-2.974789915966385978e-01 -1.775341666827144615e-02 -1.832203898567030115e-02 -5.586585441364465277e-02 -2.441232903516007691e-01
-3.025210084033613245e-01 -1.752712475173583834e-02 -1.811701617976319359e-02 -5.561085705343030844e-02 -2.457093543620909037e-01
-3.075630252100839956e-01 -1.729750769583050449e-02 -1.790868689057409716e-02 -5.534614281251330065e-02 -2.473253800752849840e-01
-3.126050420168066668e-01 -1.706365474519862951e-02 -1.769609976307327456e-02 -5.507161257079280087e-02 -2.489727539868306083e-01
-3.176470588235293935e-01 -1.682496186205604052e-02 -1.747860422697575938e-02 -5.478734415849049327e-02 -2.506522343734666758e-01
-3.226890756302520646e-01 -1.658101916229303210e-02 -1.725574162194802239e-02 -5.449347671688017924e-02 -2.523642325892273552e-01
-3.277310924369747358e-01 -1.633153978531157180e-02 -1.702717606720753965e-02 -5.419015150640429240e-02 -2.541089718555825105e-01
-3.327731092436974625e-01 -1.607631471392421615e-02 -1.679265038372200480e-02 -5.387748603501233552e-02 -2.558865751985200387e-01
-3.378151260504201336e-01 -1.581518391076839822e-02 -1.655195785175130399e-02 -5.355556566030141019e-02 -2.576971136404809237e-01
-3.428571428571428048e-01 -1.554801775814537365e-02 -1.630492400548549242e-02 -5.322444316286077670e-02 -2.595406326617510917e-01
-3.478991596638655315e-01 -1.527470797678543747e-02 -1.605140209459449477e-02 -5.288410066153345634e-02 -2.614171582930067683e-01
-3.529411764705882026e-01 -1.499511887128547605e-02 -1.579118089465221531e-02 -5.253442536740834251e-02 -2.633268165638983915e-01
-3.579831932773108738e-01 -1.470920282810899565e-02 -1.552421597170754522e-02 -5.217551514790305656e-02 -2.652695291249330123e-01
-3.630252100840335450e-01 -1.441685992429508553e-02 -1.525036928422606949e-02 -5.180732266332262886e-02 -2.672453457659174636e-01
-3.680672268907562716e-01 -1.411799381720599440e-02 -1.496950828400970060e-02 -5.142977757057282800e-02 -2.692543211008794346e-01
-3.731092436974789428e-01 -1.381250756878451939e-02 -1.468150197819739766e-02 -5.104278430282706280e-02 -2.712965214856847274e-01
-3.781512605042016140e-01 -1.350030198352408957e-02 -1.438621936579120679e-02 -5.064622352364882979e-02 -2.733720265804382987e-01
-3.831932773109243406e-01 -1.318127452585689599e-02 -1.408352830815058285e-02 -5.023995261166550735e-02 -2.754809309412845630e-01
-3.882352941176470118e-01 -1.285531861877965525e-02 -1.377329471238121494e-02 -4.982380569189000241e-02 -2.776233455380202053e-01
-3.932773109243696830e-01 -1.252232320405524332e-02 -1.345538194520357056e-02 -4.939759348467237521e-02 -2.797993991738995101e-01
-3.983193277310924096e-01 -1.218217249236361148e-02 -1.312965042347032443e-02 -4.896110312262341724e-02 -2.820092398101086140e-01
-4.033613445378150808e-01 -1.183474586167961723e-02 -1.279595734798109202e-02 -4.851409802624724599e-02 -2.842530358041059912e-01
-4.084033613445377520e-01 -1.147991788094945322e-02 -1.245415656182337003e-02 -4.805631789894605765e-02 -2.865309770697014313e-01
-4.134453781512604786e-01 -1.111755844828825508e-02 -1.210409852496709994e-02 -4.758747888708634438e-02 -2.888432761633386026e-01
-4.184873949579831498e-01 -1.074739900692284721e-02 -1.174595364648073695e-02 -4.710733706694075762e-02 -2.911909408327215676e-01
-4.235294117647058210e-01 -1.036954429765809919e-02 -1.137889966992283383e-02 -4.661544261519815630e-02 -2.935727643534892239e-01
-4.285714285714285476e-01 -9.983748807629949651e-03 -1.100312146350938478e-02 -4.611149879995229961e-02 -2.959897075970194802e-01
-4.336134453781512188e-01 -9.589866930923904645e-03 -1.061845797693025673e-02 -4.559513433171703128e-02 -2.984420838685498678e-01
-4.386554621848738900e-01 -9.187750872924121612e-03 -1.022474659918446750e-02 -4.506595886734508782e-02 -3.009302335320453436e-01
-4.436974789915966166e-01 -8.777251634765056293e-03 -9.821824031071547945e-03 -4.452356489449572907e-02 -3.034545245213383646e-01
-4.487394957983192878e-01 -8.358220222875089450e-03 -9.409527386663629062e-03 -4.396752997839237231e-02 -3.060153526854972883e-01
-4.537815126050419590e-01 -7.930480612528240103e-03 -8.987686272562963458e-03 -4.339742061828143899e-02 -3.086132046540119855e-01
-4.588235294117646301e-01 -7.493959361833679896e-03 -8.556131959509476886e-03 -4.281279112450805252e-02 -3.112483126908336950e-01
-4.638655462184873568e-01 -7.048462378729692702e-03 -8.114763848424837861e-03 -4.221318836480398434e-02 -3.139214121850214534e-01
-4.689075630252100280e-01 -6.593869547451898516e-03 -7.663403222006837448e-03 -4.159816100875121658e-02 -3.166329118190763237e-01
-4.739495798319326991e-01 -6.130010508020991566e-03 -7.201912760739828320e-03 -4.096728469789438082e-02 -3.193833235173306750e-01
-4.789915966386554258e-01 -5.656868627956806138e-03 -6.730159526491855636e-03 -4.032005196824266224e-02 -3.221732484305628308e-01
-4.840336134453780970e-01 -5.174290719522638311e-03 -6.248020595059650822e-03 -3.965606279159227671e-02 -3.250032422995220993e-01
-4.890756302521007681e-01 -4.682192566342977674e-03 -5.755410822199619886e-03 -3.897490077094387106e-02 -3.278739583667757418e-01
-4.941176470588234948e-01 -4.180506910872141234e-03 -5.252227700769102406e-03 -3.827618510020213555e-02 -3.307859946886487212e-01
-4.991596638655461660e-01 -3.669190614546070407e-03 -4.738415914829927252e-03 -3.755957061133320674e-02 -3.337400110695636357e-01
-5.042016806722688926e-01 -3.148228617726694760e-03 -4.213942584754060312e-03 -3.682475996962132625e-02 -3.367366699577873934e-01
-5.092436974789915638e-01 -2.617638604440656203e-03 -3.678807791370706029e-03 -3.607151264134590002e-02 -3.397766424616870395e-01
-5.142857142857142350e-01 -2.077475605800772462e-03 -3.133049285772250645e-03 -3.529965523818970330e-02 -3.428606031174643576e-01
-5.193277310924369061e-01 -1.527836741330812573e-03 -2.576747390095098910e-03 -3.450909268869946367e-02 -3.459892237331252396e-01
-5.243697478991595773e-01 -9.787232113588088464e-04 -2.018972361127380558e-03 -3.370447249876035861e-02 -3.491577973217023789e-01
-5.294117647058822484e-01 -4.180919626200819994e-04 -1.448304181852575400e-03 -3.286878053605719885e-02 -3.523777444900030309e-01
-5.344537815126050306e-01 1.530162760339501054e-04 -8.661257113887098000e-04 -3.201218718299838478e-02 -3.556452421561461241e-01
-5.394957983193277018e-01 7.340640150634645655e-04 -2.729718902577857841e-04 -3.113715367259987238e-02 -3.589606628355366258e-01
-5.445378151260503730e-01 1.324956745347596540e-03 3.310068636620542085e-04 -3.024442828511388418e-02 -3.623245567641072973e-01
-5.495798319327730441e-01 1.925931454522144832e-03 9.459558128108959060e-04 -2.933449875167597545e-02 -3.657376274532185834e-01
-5.546218487394957153e-01 2.537356093858999725e-03 1.572125861955214407e-03 -2.840811663744447976e-02 -3.692004373545041407e-01
-5.596638655462183864e-01 3.156967079853627723e-03 2.207269245252081648e-03 -2.746917450664482230e-02 -3.727118378544248545e-01
-5.647058823529411686e-01 3.783601225814992725e-03 2.850283838332050377e-03 -2.651911191943195911e-02 -3.762717448811093712e-01
-5.697478991596638398e-01 4.415496741631700153e-03 3.499594589984581124e-03 -2.555980408069578186e-02 -3.798797021263228268e-01
-5.747899159663865110e-01 5.052468462659629421e-03 4.155065750951982342e-03 -2.459049425974309602e-02 -3.835362563157507232e-01
-5.798319327731091821e-01 5.696725148832773068e-03 4.819428111377218812e-03 -2.361194887247356974e-02 -3.872419716421328095e-01
-5.848739495798318533e-01 6.340108098053578826e-03 5.485905132728088190e-03 -2.263156660544051249e-02 -3.909935300716504969e-01
-5.899159663865545244e-01 6.986578188415857801e-03 6.156343490431822642e-03 -2.164011511205765279e-02 -3.947944614397058682e-01
-5.949579831932771956e-01 7.632561486174195900e-03 6.827221927976995230e-03 -2.064595093203243012e-02 -3.986418640565158045e-01
-5.999999999999999778e-01 8.274303617041229089e-03 7.494651350629441891e-03 -1.965525343314778253e-02 -4.025332359602902810e-01
