0.000000000000000000e+00 -1.775391738635231573e-02 -1.778270480270389628e-02 -7.884152890453609286e-02 -2.287563021871846236e-01
-5.042016806722688510e-03 -1.892323586739705701e-02 -1.894800268723897951e-02 -7.698302399993683931e-02 -2.297085251091457447e-01
-1.008403361344537702e-02 -1.979093662714962593e-02 -1.981425177666942122e-02 -7.552260927521445288e-02 -2.302555953580670001e-01
-1.512605042016806553e-02 -2.037834530096413813e-02 -2.039998829559688809e-02 -7.449907745898509681e-02 -2.305548221110922391e-01
-2.016806722689075404e-02 -2.075699933639447298e-02 -2.077758268006323766e-02 -7.382119597067438033e-02 -2.307115559742641819e-01
-2.521008403361344255e-02 -2.099124936839181707e-02 -2.100963398199212628e-02 -7.339313472965766638e-02 -2.307880361600832264e-01
-3.025210084033613106e-02 -2.112836359373091930e-02 -2.114496853666884835e-02 -7.313613683936559529e-02 -2.308189379395307328e-01
-3.529411764705882304e-02 -2.120364340172365553e-02 -2.121582317472691520e-02 -7.299358508096163989e-02 -2.308261033148244490e-01
-4.033613445378150808e-02 -2.123684415253019458e-02 -2.124559754735781680e-02 -7.292554816364681114e-02 -2.308159797270696312e-01
-4.537815126050419312e-02 -2.124323933495408240e-02 -2.124931113749668060e-02 -7.290630678458369374e-02 -2.307977145140688857e-01
-5.042016806722688510e-02 -2.123314803441100906e-02 -2.123583293318732565e-02 -7.291824013524521308e-02 -2.307744422056871025e-01
-5.546218487394957708e-02 -2.121232553856634145e-02 -2.121203455854600919e-02 -7.294980846108370387e-02 -2.307483371163921160e-01
-6.050420168067226212e-02 -2.117832358452839334e-02 -2.117247988457551452e-02 -7.297891704901349197e-02 -2.307191487005806896e-01
-6.554621848739494716e-02 -2.114607433838622957e-02 -2.113592260170333789e-02 -7.303242111420775451e-02 -2.306964015386478994e-01
-7.058823529411764608e-02 -2.110935790758083908e-02 -2.109828993709565725e-02 -7.309038813372896459e-02 -2.306719253658783553e-01
-7.563025210084033112e-02 -2.107118933665432653e-02 -2.105808690557192664e-02 -7.315135285152266076e-02 -2.306462717457064826e-01
-8.067226890756301616e-02 -2.105527389796939958e-02 -2.105047170850548460e-02 -7.315285399909712827e-02 -2.306116078308567130e-01
-8.571428571428570120e-02 -2.101483916370161173e-02 -2.100610390887946294e-02 -7.321859231106425669e-02 -2.305845223220135132e-01
-9.075630252100838624e-02 -2.097083985757515132e-02 -2.096308297654744454e-02 -7.328409204935612542e-02 -2.305534056548494970e-01
-9.579831932773108516e-02 -2.092691718044750043e-02 -2.091996460569966326e-02 -7.334807244440164076e-02 -2.305204301080958362e-01
-1.008403361344537702e-01 -2.088315483975790310e-02 -2.087602935664027715e-02 -7.341062989323235422e-02 -2.304847291220991357e-01
-1.058823529411764552e-01 -2.080822935625917247e-02 -2.079298026015041420e-02 -7.344344329831227480e-02 -2.304645386152354702e-01
-1.109243697478991542e-01 -2.076100054173875276e-02 -2.074522090315784884e-02 -7.350539522121972424e-02 -2.304400429123880378e-01
-1.159663865546218392e-01 -2.071273888999807661e-02 -2.069699334092358484e-02 -7.356420432855423353e-02 -2.304107913268585717e-01
-1.210084033613445242e-01 -2.059585181731413139e-02 -2.056318121099652563e-02 -7.357105529809354616e-02 -2.303829169439641500e-01
-1.260504201680672232e-01 -2.054281738757245124e-02 -2.051221255615412464e-02 -7.362790192162839420e-02 -2.303911298967418475e-01
-1.310924369747898943e-01 -2.004271865814630238e-02 -1.997685057535067421e-02 -7.348151951108694568e-02 -2.304709614189424660e-01
-1.361344537815125932e-01 -1.998041209051842904e-02 -1.991910807168211645e-02 -7.355352683269428260e-02 -2.307757102482149714e-01
-1.411764705882352922e-01 -1.991530412258975952e-02 -1.985943559449699150e-02 -7.361919843979852773e-02 -2.311052001118935328e-01
-1.462184873949579633e-01 -1.984724919162177137e-02 -1.979771708279996073e-02 -7.367702038689862010e-02 -2.314607483679348987e-01
-1.512605042016806622e-01 -1.962869619716933745e-02 -1.958670170898766175e-02 -7.367564195005946170e-02 -2.318446751010382334e-01
-1.563025210084033334e-01 -1.955385026040857774e-02 -1.951993733636773337e-02 -7.372059688768400898e-02 -2.323567664704125069e-01
-1.613445378151260323e-01 -1.947574236003816323e-02 -1.945083643901380013e-02 -7.375223153575648227e-02 -2.329073022526564896e-01
-1.663865546218487312e-01 -1.939431664246182505e-02 -1.937930915409234733e-02 -7.376865101698909521e-02 -2.334964621552108044e-01
-1.714285714285714024e-01 -1.930898143902811878e-02 -1.930455602322456859e-02 -7.376929783603339286e-02 -2.341236355091289578e-01
-1.764705882352941013e-01 -1.914273080046284548e-02 -1.914930323404876941e-02 -7.374184626356539152e-02 -2.348089478936745966e-01
-1.815126050420167725e-01 -1.905176216010452672e-02 -1.907008894335825849e-02 -7.370853749643488384e-02 -2.355612180671617928e-01
-1.865546218487394714e-01 -1.895768478306332147e-02 -1.898833910883343523e-02 -7.365568666562791189e-02 -2.363493208905313170e-01
-1.915966386554621703e-01 -1.886045447651557919e-02 -1.890390274072143231e-02 -7.358394038061512321e-02 -2.371700967593876053e-01
-1.966386554621848415e-01 -1.871551823345656354e-02 -1.877237682835597443e-02 -7.349732271855893839e-02 -2.380254380510879453e-01
-2.016806722689075404e-01 -1.861281867991646313e-02 -1.868322252698453173e-02 -7.339370831226055270e-02 -2.389298542737875453e-01
-2.067226890756302393e-01 -1.850688551969895818e-02 -1.859108880535290456e-02 -7.327635431330187243e-02 -2.398591864623083880e-01
-2.117647058823529105e-01 -1.839762890570828188e-02 -1.849584085876114503e-02 -7.314749454046620691e-02 -2.408113937945755290e-01
-2.168067226890756094e-01 -1.828491730813672222e-02 -1.839735798385755752e-02 -7.300915682524289352e-02 -2.417852472309100775e-01
-2.218487394957983083e-01 -1.814720797750311865e-02 -1.827442470116891204e-02 -7.286516358085358414e-02 -2.427934577928316240e-01
-2.268907563025209795e-01 -1.802800724444626745e-02 -1.817006875516415446e-02 -7.271240094375779062e-02 -2.438240789624262495e-01
-2.319327731092436784e-01 -1.790501616835149523e-02 -1.806226806797319936e-02 -7.255324941618623846e-02 -2.448770610966916894e-01
-2.369747899159663496e-01 -1.777605977304852827e-02 -1.794737312222916339e-02 -7.238540372698201719e-02 -2.459616780998915009e-01
-2.420168067226890485e-01 -1.763173507492446501e-02 -1.781824482295286255e-02 -7.221330253502719621e-02 -2.470774325246124503e-01
-2.470588235294117474e-01 -1.749383817889208631e-02 -1.769587237424421339e-02 -7.203064552634774742e-02 -2.482214046374193184e-01
-2.521008403361344463e-01 -1.735210496707395925e-02 -1.757027527351306614e-02 -7.184023983843292049e-02 -2.493910972349345501e-01
-2.571428571428571175e-01 -1.720313771242045278e-02 -1.743852333328091073e-02 -7.164382888547066175e-02 -2.505849017327047568e-01
-2.621848739495797886e-01 -1.706169813703873814e-02 -1.731535232855452300e-02 -7.144076711448064942e-02 -2.517945248695958593e-01
-2.672268907563025153e-01 -1.692444259760238559e-02 -1.719803052627848911e-02 -7.123454682129030935e-02 -2.530134060243099392e-01
-2.722689075630251865e-01 -1.678277113682418581e-02 -1.707752880628240350e-02 -7.102388012937778383e-02 -2.542557628366689526e-01
-2.773109243697478576e-01 -1.663756713271393600e-02 -1.695382973964183401e-02 -7.080639264363552954e-02 -2.555286011400622614e-01
-2.823529411764705843e-01 -1.648427032076656487e-02 -1.682250110393309142e-02 -7.058113725640693947e-02 -2.568355444916858854e-01
-2.873949579831932555e-01 -1.632388879837272724e-02 -1.668437683617375947e-02 -7.034687597471903087e-02 -2.581776543809565783e-01
-2.924369747899159266e-01 -1.615659714607394978e-02 -1.653956340867549293e-02 -7.010258111271630566e-02 -2.595552242656982700e-01
-2.974789915966385978e-01 -1.598263406866271691e-02 -1.638842515744885070e-02 -6.984838350815017471e-02 -2.609666879571395648e-01
-3.025210084033613245e-01 -1.578278861985472209e-02 -1.620881252250426507e-02 -6.956456701633896567e-02 -2.624579158803721501e-01
-3.075630252100839956e-01 -1.558466235419447496e-02 -1.603101951043100007e-02 -6.927766172527738409e-02 -2.639655310051936543e-01
-3.126050420168066668e-01 -1.538597858887508218e-02 -1.585280323364199329e-02 -6.898348705420703775e-02 -2.654961831306005826e-01
-3.176470588235293935e-01 -1.518523616811000981e-02 -1.567265741752216224e-02 -6.867998906908126533e-02 -2.670535359547900334e-01
-3.226890756302520646e-01 -1.498143806972706583e-02 -1.548955872598518219e-02 -6.836629934389265584e-02 -2.686395734185725304e-01
-3.277310924369747358e-01 -1.477391405269331409e-02 -1.530279927361158365e-02 -6.804215070360589146e-02 -2.702553595195502090e-01
-3.327731092436974625e-01 -1.456220569707937680e-02 -1.511187703652477898e-02 -6.770754810547890967e-02 -2.719014651963364559e-01
-3.378151260504201336e-01 -1.434585217366764025e-02 -1.491620369654522021e-02 -6.736237382858278888e-02 -2.735785151981286467e-01
-3.428571428571428048e-01 -1.412482254813904499e-02 -1.471579362568312815e-02 -6.700702336010153082e-02 -2.752862448249859262e-01
-3.478991596638655315e-01 -1.389892273073817935e-02 -1.451040967297047464e-02 -6.664157675526406754e-02 -2.770248046996262037e-01
-3.529411764705882026e-01 -1.366799926541801408e-02 -1.429984700341256632e-02 -6.626610289824698408e-02 -2.787942996408578900e-01
-3.579831932773108738e-01 -1.343193064786252569e-02 -1.408393426122365316e-02 -6.588066016973093131e-02 -2.805947965717863202e-01
-3.630252100840335450e-01 -1.319061439546609718e-02 -1.386251993909516297e-02 -6.548528578682283330e-02 -2.824263478165337515e-01
-3.680672268907562716e-01 -1.294395941027818957e-02 -1.363546520571951720e-02 -6.507999531805797044e-02 -2.842890005637842554e-01
-3.731092436974789428e-01 -1.269188091866970368e-02 -1.340263909633430256e-02 -6.466478382818295623e-02 -2.861828022525105819e-01
-3.781512605042016140e-01 -1.243443677775207118e-02 -1.316412395455780239e-02 -6.423863948698591009e-02 -2.881081465657948093e-01
-3.831932773109243406e-01 -1.217138996282438393e-02 -1.291958368527474678e-02 -6.380301032757453028e-02 -2.900645058329602843e-01
-3.882352941176470118e-01 -1.190265492722511476e-02 -1.266888397299404875e-02 -6.335753168973769223e-02 -2.920521067713132135e-01
-3.932773109243696830e-01 -1.162814922881666435e-02 -1.241189906095251615e-02 -6.290201354032835812e-02 -2.940710795339524508e-01
-3.983193277310924096e-01 -1.134778840450609456e-02 -1.214850468585103316e-02 -6.243631800414589650e-02 -2.961215282601842302e-01
-4.033613445378150808e-01 -1.106148409354147828e-02 -1.187857529237471878e-02 -6.196031386215910403e-02 -2.982035570823122206e-01
-4.084033613445377520e-01 -1.076914335186889005e-02 -1.160198292314094937e-02 -6.147385986076447928e-02 -3.003172799002074567e-01
-4.134453781512604786e-01 -1.047066839200497430e-02 -1.131859675536430430e-02 -6.097679854343147909e-02 -3.024628244067819605e-01
-4.184873949579831498e-01 -1.016595648068893167e-02 -1.102828289437935046e-02 -6.046895388017368977e-02 -3.046403341239097839e-01
-4.235294117647058210e-01 -9.854818443161201744e-03 -1.073110178128849901e-02 -5.995020316969031787e-02 -3.068505830460781514e-01
-4.285714285714285476e-01 -9.537284774650219010e-03 -1.042651669434484576e-02 -5.942018719077320210e-02 -3.090926072218728171e-01
-4.336134453781512188e-01 -9.213180167947801133e-03 -1.011458333800365622e-02 -5.887873987178539326e-02 -3.113671181050950421e-01
-4.386554621848738900e-01 -8.882381970299323484e-03 -9.795155001815259582e-03 -5.832560651779697403e-02 -3.136743342523972133e-01
-4.436974789915966166e-01 -8.544724309710099650e-03 -9.468084809741636465e-03 -5.776051502154795625e-02 -3.160145782373765533e-01
-4.487394957983192878e-01 -8.200176996594647078e-03 -9.133174497033241801e-03 -5.718317152621627680e-02 -3.183878202443697902e-01
-4.537815126050419590e-01 -7.848145737460156257e-03 -8.789897248643516875e-03 -5.659287025740650928e-02 -3.207950525671012243e-01
-4.588235294117646301e-01 -7.488975725660423390e-03 -8.438660948415476967e-03 -5.599003660113353181e-02 -3.232359296808111626e-01
-4.638655462184873568e-01 -7.122547104025432271e-03 -8.079250515774297897e-03 -5.537397651021699202e-02 -3.257108110045058291e-01
-4.689075630252100280e-01 -6.748660061964758053e-03 -7.711487193790356534e-03 -5.474430186780006313e-02 -3.282201451455669106e-01
-4.739495798319326991e-01 -6.367154464789842767e-03 -7.335195703572496354e-03 -5.410062851514813032e-02 -3.307643273942990625e-01
-4.789915966386554258e-01 -5.977872597310939819e-03 -6.950204222801287593e-03 -5.344257183569195435e-02 -3.333437719062793403e-01
-4.840336134453780970e-01 -5.580658907548977435e-03 -6.556344352568970954e-03 -5.276974107143114767e-02 -3.359589157381747127e-01
-4.890756302521007681e-01 -5.175361022324089476e-03 -6.153452286452745432e-03 -5.208174088747760666e-02 -3.386102194195129145e-01
-4.941176470588234948e-01 -4.761831154430894511e-03 -5.741370230936824332e-03 -5.137817453974206222e-02 -3.412981666799054792e-01
-4.991596638655461660e-01 -4.339927579494699990e-03 -5.319947818251333227e-03 -5.065864776951325976e-02 -3.440232638781379748e-01
-5.042016806722688926e-01 -3.909516191388888277e-03 -4.889043591591906573e-03 -4.992277344253970295e-02 -3.467860391282837629e-01
-5.092436974789915638e-01 -3.470472216962528725e-03 -4.448526772025986065e-03 -4.917017664347832911e-02 -3.495870414251568969e-01
-5.142857142857142350e-01 -3.022682359233094286e-03 -3.998278997544840209e-03 -4.840050194687534058e-02 -3.524268373294205947e-01
-5.193277310924369061e-01 -2.566046944331300001e-03 -3.538197106777113063e-03 -4.761341810546972086e-02 -3.553060111671599852e-01
-5.243697478991595773e-01 -2.100482696668081600e-03 -3.068195526307518090e-03 -4.680862674610269947e-02 -3.582251606417851675e-01
-5.294117647058822484e-01 -1.626094836499403402e-03 -2.588284694765905121e-03 -4.598617838986925055e-02 -3.611851366085155335e-01
-5.344537815126050306e-01 -1.142493318993203664e-03 -2.098277259728662143e-03 -4.514533775969590407e-02 -3.641861800685006756e-01
-5.394957983193277018e-01 -6.498372585264017894e-04 -1.598224957999510535e-03 -4.428618482725159289e-02 -3.672290404207140257e-01
-5.445378151260503730e-01 -1.481404685250070955e-04 -1.088145224972553822e-03 -4.340863637691155102e-02 -3.703143300947225880e-01
-5.495798319327730441e-01 3.625490277990198553e-04 -5.680915136059283554e-04 -4.251268694777468604e-02 -3.734426514960061949e-01
-5.546218487394957153e-01 8.821445450249141597e-04 -3.815788359384569492e-05 -4.159841968294183262e-02 -3.766145898418996607e-01
-5.596638655462183864e-01 1.407749829886779111e-03 4.989970618607024802e-04 -4.066835014343596344e-02 -3.798290411350828677e-01
-5.647058823529411686e-01 1.937845345673327091e-03 1.042097585256717297e-03 -3.971866370222077586e-02 -3.830869693364559736e-01
-5.697478991596638398e-01 2.478325894162428534e-03 1.596492872192689736e-03 -3.874310242028253248e-02 -3.863929744286542234e-01
-5.747899159663865110e-01 3.028105647634739793e-03 2.160990305637466077e-03 -3.774933878088686245e-02 -3.897453891275101112e-01
-5.798319327731091821e-01 3.586739809752615468e-03 2.735090137385040761e-03 -3.673926664524667512e-02 -3.931442714626319779e-01
-5.848739495798318533e-01 4.153889781890356299e-03 3.318403806571434793e-03 -3.571396644479934990e-02 -3.965898589073489355e-01
-5.899159663865545244e-01 4.729192610959343998e-03 3.910514401665662020e-03 -3.467456294071511597e-02 -4.000823780495766924e-01
-5.949579831932771956e-01 5.311992242536637231e-03 4.510729899429758750e-03 -3.362288876268958171e-02 -4.036217421603234268e-01
-5.999999999999999778e-01 5.902952122141583678e-03 5.119666470992602705e-03 -3.255670814012063402e-02 -4.072090436756783394e-01
