0.000000000000000000e+00 -5.058033480981694662e-18 3.659074815326040377e-18 0.000000000000000000e+00 -3.098194524551099919e-19 1.242371610608513273e-17 0.000000000000000000e+00 -6.575028458832816050e-18 -3.159155069213524653e-18 -1.110223024625156540e-16 1.303694126603642731e-20 9.148051188630468993e-19 -1.789275919881655012e-19 -5.551115123125782702e-17
-5.042016806722688510e-03 -1.109547296985442786e-17 5.853067653313059803e-18 0.000000000000000000e+00 9.899863386538651474e-20 8.709988342397113072e-17 -3.330669073875469621e-16 -4.395357135029103062e-18 2.422941134526289471e-18 1.665334536937734811e-16 -1.924636736784412702e-18 -6.494732929115977635e-19 -1.792796492699477320e-20 -1.110223024625156540e-16
-1.008403361344537702e-02 1.283125699222753460e-03 1.228377471702154665e-03 5.801091733342636503e-02 2.564047693361827876e-03 3.038052044534912070e-03 -5.786939247954381305e-02 1.276007719222706357e-03 1.216483594120761243e-03 5.801268083915692153e-02 2.552741922779574405e-03 3.026107262093070439e-03 -1.647235262578630537e-04 -5.786178930137270138e-02
-1.512605042016806553e-02 1.677795766604519819e-03 1.588839164525189356e-03 5.759742945670409675e-02 2.040192335438515640e-03 2.563473939229000270e-03 -5.751147627670161189e-02 1.668210475776840066e-03 1.573733191220255245e-03 5.760085473437265291e-02 2.025962947485817310e-03 2.547567887818219697e-03 -1.708960332657202276e-04 -5.750125355404311911e-02
-2.016806722689075404e-02 2.132575645037844587e-03 1.945363704801817686e-03 5.714347735240937753e-02 1.483769815599141192e-03 2.034453057844916226e-03 -5.711101655744210692e-02 2.129254667410982078e-03 1.939506391392513797e-03 5.714472253114258327e-02 1.481107250703329360e-03 2.031346598917095451e-03 -1.769698493896664231e-04 -5.710916662975751290e-02
-2.521008403361344255e-02 2.612564868180484046e-03 2.390362694131502319e-03 5.663053284136718157e-02 8.910027142358392053e-04 1.481988529095148392e-03 -5.665553700642017576e-02 2.608218468849088714e-03 2.383084516728562439e-03 5.663273660822323863e-02 8.881969132757069636e-04 1.478930272185088532e-03 -1.828200227816429877e-04 -5.665418124506060860e-02
-3.025210084033613106e-02 3.101637044062474126e-03 2.846018466546637333e-03 5.609812548835199641e-02 3.052039745910358425e-04 9.333196380298255327e-04 -5.617806669561387078e-02 3.096905576920685327e-03 2.837917137942920671e-03 5.610249575104708786e-02 3.018376741533806387e-04 9.293008686596952641e-04 -1.880273954675944974e-04 -5.617693693538422517e-02
-3.529411764705882304e-02 3.573168949898091005e-03 3.290955664943433570e-03 5.557760521120538866e-02 -2.424654589973499787e-04 4.174946794969906002e-04 -5.570766287261119665e-02 3.567810987439058723e-03 3.281218625331115690e-03 5.558350212215443231e-02 -2.463695898350524082e-04 4.119466403585070541e-04 -1.923096764999909455e-04 -5.570615548146384821e-02
-4.033613445378150808e-02 3.998421525162371322e-03 3.694853445848215231e-03 5.509961469555016422e-02 -7.201604572590215164e-04 -3.640946855723434976e-05 -5.527434296524513790e-02 3.995834925880232050e-03 3.685251647711922790e-03 5.510817944217896724e-02 -7.262006157426380629e-04 -4.164864079321928638e-05 -1.954428764422593879e-04 -5.527350151763843478e-02
-4.537815126050419312e-02 4.368588896440081526e-03 4.046657109749967306e-03 5.468924505739178321e-02 -1.114641130140235159e-03 -4.096784123754907596e-04 -5.490187658895229195e-02 4.365374416878411989e-03 4.035627141225720318e-03 5.469954002237911728e-02 -1.120773366233189646e-03 -4.151325303113337145e-04 -1.973861347991817694e-04 -5.490175985411271942e-02
-5.042016806722688510e-02 4.673506393396711922e-03 4.337769396189418945e-03 5.435735120694709654e-02 -1.418269165879556615e-03 -6.966802972262424020e-04 -5.460205584017152614e-02 4.669896540956152038e-03 4.325207205651939238e-03 5.436934657073613786e-02 -1.424808559610239072e-03 -7.016797070528020238e-04 -1.981705780306754704e-04 -5.460293547529954106e-02
-5.546218487394957708e-02 4.915965234474108103e-03 4.570720227112211320e-03 5.410345425380042039e-02 -1.636193420720879338e-03 -9.004941009079019901e-04 -5.437602603712116123e-02 4.911312272000528147e-03 4.555529796755721297e-03 5.411742076728681683e-02 -1.642127723959979375e-03 -9.061643824282982233e-04 -1.979195251127129291e-04 -5.437751570236731835e-02
-6.050420168067226212e-02 5.103997090066181817e-03 4.749838895716517601e-03 5.392198154216945594e-02 -1.778808691963759941e-03 -1.032657974268326581e-03 -5.421643094747952141e-02 5.099143796121710648e-03 4.734069092740806825e-03 5.393693778944244621e-02 -1.784464673464927200e-03 -1.036832034941351580e-03 -1.968307503699664638e-04 -5.421914511276426651e-02
-6.554621848739494716e-02 1.246725106710340827e-02 1.162366931600537084e-02 1.264259797485204062e-01 -4.514299724999110489e-03 -2.744737278940651958e-03 -1.272211623713255801e-01 1.245312545452359129e-02 1.158633235399551820e-02 1.264647258806550212e-01 -4.525388005857609516e-03 -2.753092449295654019e-03 -1.004881083725662908e-03 -1.272276506740455670e-01
-7.058823529411764608e-02 1.272201098004152077e-02 1.186545673196253391e-02 1.262488935576866755e-01 -4.582743188407231022e-03 -2.796504446282932488e-03 -1.270858194915503447e-01 1.270684313234813831e-02 1.182760356394433124e-02 1.262895427611986643e-01 -4.592245604873733573e-03 -2.803339328586400888e-03 -9.928814637554909690e-04 -1.270942728463767546e-01
-7.563025210084033112e-02 1.291370522755831522e-02 1.204620387658459149e-02 1.261569346495688415e-01 -4.554706132169707850e-03 -2.754575351942123440e-03 -1.270307649678081297e-01 1.289763747816402399e-02 1.200829874415812459e-02 1.261991103566956485e-01 -4.562505852364839853e-03 -2.759831132229093043e-03 -9.786710702979516726e-04 -1.270410817027981532e-01
-8.067226890756301616e-02 1.305881565114320152e-02 1.218179276050480528e-02 1.261284930885919475e-01 -4.449389769700646743e-03 -2.637536278171343819e-03 -1.270355617529234649e-01 1.304173655349293547e-02 1.214421745283929613e-02 1.261719424808884771e-01 -4.454750881160027265e-03 -2.641921578922781441e-03 -9.627242960156394977e-04 -1.270478736826328170e-01
-8.571428571428570120e-02 1.316998470868097418e-02 1.228449963065535860e-02 1.261466054785760071e-01 -4.281064826338790152e-03 -2.459208080146147585e-03 -1.270841165328709943e-01 1.315238567017701712e-02 1.224732830800955366e-02 1.261911722312152040e-01 -4.284834967304448732e-03 -2.461862950601423523e-03 -9.453919196305459382e-04 -1.270981950487977130e-01
-9.075630252100838624e-02 2.446111295277845349e-02 2.285623426391287377e-02 2.295381844787206527e-01 -7.756589120401972612e-03 -4.439137952462229864e-03 -2.315087359756924368e-01 2.442725721451297072e-02 2.280134490809730685e-02 2.296411415875467266e-01 -7.759126187461495849e-03 -4.443048426693000166e-03 -2.803607955005462792e-03 -2.315059299217342437e-01
-9.579831932773108516e-02 2.458110459815943810e-02 2.296365659172653478e-02 2.296865390434807419e-01 -7.260499681367589206e-03 -3.931417693515296824e-03 -2.317100119067582176e-01 2.454587849970259195e-02 2.291082631786806392e-02 2.297885987639903260e-01 -7.259049715825013037e-03 -3.931569129551713317e-03 -2.744874764311768835e-03 -2.317092850507168622e-01
-1.008403361344537702e-01 8.139014191987752056e-02 7.670156008042366969e-02 7.279057874685904705e-01 -2.488062973615906559e-02 -1.444822340036752521e-02 -7.364599511988627611e-01 8.139120688651846347e-02 7.670254806662410441e-02 7.279414386217030186e-01 -2.488106104606647995e-02 -1.444609668053353953e-02 -1.821346499272258335e-02 -7.364415574099073547e-01
-1.058823529411764552e-01 8.158902697122986936e-02 7.689754541584727099e-02 7.287438035778851519e-01 -2.272003064275443518e-02 -1.228341998614894057e-02 -7.375429542881462019e-01 8.159007827008160629e-02 7.689858033611282617e-02 7.287796018277233889e-01 -2.272043242775654767e-02 -1.228101253215397454e-02 -1.778578091885372678e-02 -7.375244887844832897e-01
-1.109243697478991542e-01 8.173788267835244148e-02 7.704689157880169337e-02 7.296423551341046920e-01 -2.031993370729726425e-02 -9.886690041389327790e-03 -7.386755650770040482e-01 8.173891269699337658e-02 7.704792958692394111e-02 7.296783212819867304e-01 -2.032030646333046753e-02 -9.883914304007949611e-03 -1.734207069012721342e-02 -7.386570219400581117e-01
-1.159663865546218392e-01 8.184462433785219537e-02 7.715775281354478321e-02 7.305858755387213410e-01 -1.768056970371095771e-02 -7.258633652584414037e-03 -7.398392119506642661e-01 8.184560510248950482e-02 7.715862837154842391e-02 7.306220641795847515e-01 -1.768092597847096062e-02 -7.255317790313483770e-03 -1.688270425512676531e-02 -7.398206217642675497e-01
-1.210084033613445242e-01 8.191404112695679918e-02 7.723562910825078343e-02 7.315636678039639795e-01 -1.479818178957418955e-02 -4.396170839412289269e-03 -7.410191402051680143e-01 8.191452861136724883e-02 7.723528616905155075e-02 7.316002129530828624e-01 -1.479866131327985460e-02 -4.391426344733028939e-03 -1.640780784842608975e-02 -7.409997412730187083e-01
-1.260504201680672232e-01 9.405902678619587620e-02 8.935897279815130378e-02 8.330843025481580177e-01 -1.439972964708203379e-02 -2.615900445807907079e-03 -8.449164860269648969e-01 9.405914491783276543e-02 8.935956763061260466e-02 8.331000688992918901e-01 -1.439977244510000885e-02 -2.616124417801924187e-03 -1.977931778132551235e-02 -8.449086158563716698e-01
-1.310924369747898943e-01 9.405434030390563693e-02 8.937403457053524902e-02 8.343923054363960867e-01 -1.049400065653938174e-02 1.232665108483445293e-03 -8.464327290091496758e-01 9.405446378573148469e-02 8.937464407208221828e-02 8.344081266529776997e-01 -1.049403310484272114e-02 1.232448827733479552e-03 -1.915420253752162655e-02 -8.464248242933675170e-01
-1.361344537815125932e-01 9.400998365670296120e-02 8.935531495053587736e-02 8.357162083975104849e-01 -6.286171937140976052e-03 5.370715064792603438e-03 -8.479240904726679240e-01 9.401011080108005735e-02 8.935592927330580915e-02 8.357320782986829011e-01 -6.286195282497164180e-03 5.370515936529641349e-03 -1.850951937639062558e-02 -8.479161497423572946e-01
-1.411764705882352922e-01 9.392416631698939644e-02 8.930216631952908601e-02 8.370518709633104626e-01 -1.767954368976880700e-03 9.805046490925121289e-03 -8.493769298904357834e-01 9.392430255638889447e-02 8.930279820543264580e-02 8.370677919331589445e-01 -1.767970430007507684e-03 9.804880399809909330e-03 -1.784522272342299251e-02 -8.493689649971295497e-01
-1.462184873949579633e-01 9.379793290479683521e-02 8.921473093686711764e-02 8.383942144239010519e-01 3.062735523385554104e-03 1.453879291632353271e-02 -8.507760803790325177e-01 9.379806477075781912e-02 8.921533664762598681e-02 8.384101979937094162e-01 3.062738681741443425e-03 1.453875200767648992e-02 -1.716169947303301108e-02 -8.507680541486136727e-01
-1.512605042016806622e-01 9.363089048476530563e-02 8.909316450936514975e-02 8.397389297357062965e-01 8.207403097118363966e-03 1.957266504158437087e-02 -8.521062334240785408e-01 9.363102776414936046e-02 8.909378916623196532e-02 8.397549780460076274e-01 8.207422232686445440e-03 1.957259847812435269e-02 -1.645950918072653507e-02 -8.520981739984446746e-01
-1.563025210084033334e-01 9.738778654911772747e-02 9.298184850106325228e-02 8.714639076340753299e-01 1.357158456553055753e-02 2.519621409650160682e-02 -8.849081368524119862e-01 9.737435187501373990e-02 9.296680548381662523e-02 8.715042824162591018e-01 1.357562773815410018e-02 2.520197661135520004e-02 -1.683748283964940293e-02 -8.849050694805867812e-01
-1.613445378151260323e-01 9.712864235103679800e-02 9.278493036079897560e-02 8.728894252390874131e-01 1.957777329327392221e-02 3.105103165722599215e-02 -8.861590809502717381e-01 9.711590243966887470e-02 9.277086307345071281e-02 8.729288199459181996e-01 1.958200515809922077e-02 3.105682383251970671e-02 -1.605122321664485124e-02 -8.861559917958167221e-01
-1.663865546218487312e-01 9.683724161528302343e-02 9.256351141629692858e-02 8.742991353498567042e-01 2.588433201710052534e-02 3.719013260466616511e-02 -8.872850974319447248e-01 9.682524137250596297e-02 9.255040760511912268e-02 8.743374953608583633e-01 2.588874842874153842e-02 3.719590681935112941e-02 -1.524933664687675924e-02 -8.872818778413572582e-01
-1.714285714285714024e-01 9.652357612728611203e-02 9.233436344633150217e-02 8.756851625898079972e-01 3.248469631795667528e-02 4.359756424815183773e-02 -8.882693179349804291e-01 9.651231307747411281e-02 9.232223426027350022e-02 8.757224971705956929e-01 3.248916010604240706e-02 4.360322994074911779e-02 -1.443248176773792232e-02 -8.882659495011963058e-01
-1.764705882352941013e-01 9.618862452486533210e-02 9.210554816785544718e-02 8.770440271712938163e-01 3.937010808709835719e-02 5.025644865696668462e-02 -8.890970512259739333e-01 9.617810909387068674e-02 9.209438198365899053e-02 8.770803266793864017e-01 3.937455698821240579e-02 5.026195146917601664e-02 -1.360236185109833448e-02 -8.890934847321898538e-01
-1.815126050420167725e-01 9.583672816654295601e-02 9.186788984133702207e-02 8.783695819097658841e-01 4.648244757307309905e-02 5.712641818362428070e-02 -8.897528563109023958e-01 9.582696183543325252e-02 9.185766703176134751e-02 8.784048467795946280e-01 4.648682449085742019e-02 5.713171039792886569e-02 -1.276520129100110028e-02 -8.897490525723340538e-01
-1.865546218487394714e-01 9.696081265391601200e-02 9.318115551718680889e-02 8.900890809627247657e-01 5.418500182350415029e-02 6.467489253554178918e-02 -9.012965822168902408e-01 9.695233541425600510e-02 9.317156222848177460e-02 8.901020655768687728e-01 5.418888828655182149e-02 6.467930981687838865e-02 -1.221741890198687480e-02 -9.013002824771951804e-01
-1.915966386554621703e-01 9.661833639174398358e-02 9.293107060810892883e-02 8.913573736958874116e-01 6.175500553899604395e-02 7.201022214704691504e-02 -9.016011917319166624e-01 9.661053731187366211e-02 9.292230885492661074e-02 8.913693414564104467e-01 6.175874823184275553e-02 7.201442251212673840e-02 -1.135512549081562836e-02 -9.016046262374262099e-01
-1.966386554621848415e-01 9.629326017571145091e-02 9.270767282628353256e-02 8.925719350917904471e-01 6.944931898746206644e-02 7.945099116705167663e-02 -9.017022609419362844e-01 9.628611447029755688e-02 9.269970097768537309e-02 8.925829256365921394e-01 6.945289115312511252e-02 7.945495533897431462e-02 -1.049520112985354199e-02 -9.017054196258881271e-01
-2.016806722689075404e-01 9.601399264635976372e-02 9.252194304370818523e-02 8.937241015051359261e-01 7.725113645928680106e-02 8.700560520239913886e-02 -9.015900473254792047e-01 9.600747207153723095e-02 9.251471745858202977e-02 8.937341594113423771e-01 7.725451901278521105e-02 8.700932184089482657e-02 -9.636784443976502065e-03 -9.015929270027386311e-01
-2.067226890756302393e-01 9.581606500742984034e-02 9.242410975312931321e-02 8.947359982018835423e-01 8.505698494195149117e-02 9.455114298628362890e-02 -9.012428223626456347e-01 9.577238911431221191e-02 9.237618668407000799e-02 8.948074728114480125e-01 8.508028770640264915e-02 9.457651296158794962e-02 -8.790197644500371069e-03 -9.012604823197557513e-01
-2.117647058823529105e-01 9.620331114014203655e-02 9.294912519123026129e-02 8.992363245302688046e-01 9.316878373230209898e-02 1.024185128222559055e-01 -9.045581208880066892e-01 9.616432449511674863e-02 9.290616331769602221e-02 8.992939020070259692e-01 9.319020321157564513e-02 1.024415780918955243e-01 -8.027099033206716236e-03 -9.045756084231544314e-01
-2.168067226890756094e-01 9.605829065427376467e-02 9.290426320658988490e-02 9.002181917183179616e-01 1.010262234105984425e-01 1.099896965846083596e-01 -9.038575833646717017e-01 9.602229323616601198e-02 9.286480859677728739e-02 9.002712890026531856e-01 1.010465530102215292e-01 1.100114383557331960e-01 -7.200299395791413815e-03 -9.038736438674653817e-01
-2.218487394957983083e-01 9.597528759514831198e-02 9.292929443625796981e-02 9.011336549539181728e-01 1.088383166233298921e-01 1.174951715678764497e-01 -9.029690189920137611e-01 9.594212621434615451e-02 9.289313812958063798e-02 9.011825100726081894e-01 1.088575213572876288e-01 1.175155771744143263e-01 -6.389584967900268850e-03 -9.029837002787537426e-01
-2.268907563025209795e-01 9.595827987309948903e-02 9.302878941464212681e-02 9.019844802047786159e-01 1.166016091450815390e-01 1.249308440945999521e-01 -9.018987126272912658e-01 9.592779844903659425e-02 9.299572389483615198e-02 9.020293353306942929e-01 1.166196744012855807e-01 1.249499207021336350e-01 -5.594720095064871848e-03 -9.019120755946745671e-01
-2.319327731092436784e-01 9.600988301491369947e-02 9.320477923403459874e-02 9.027729284402875587e-01 1.243149422457531239e-01 1.322962321053802182e-01 -9.006524117185186196e-01 9.598192525449605883e-02 9.317460142911927756e-02 9.028140253188695619e-01 1.243318696796046618e-01 1.323140020879483014e-01 -4.815348703670946709e-03 -9.006645258788135155e-01
-2.369747899159663496e-01 9.637503677135617064e-02 9.372736858936540905e-02 9.045262833581825257e-01 1.321267564942103512e-01 1.397380582685319172e-01 -9.004609659339227745e-01 9.635012299422543447e-02 9.370057599926660818e-02 9.045626715180316024e-01 1.321421650001647907e-01 1.397542023951103829e-01 -4.066386060321633932e-03 -9.004713758809462787e-01
-2.420168067226890485e-01 9.656533573677968108e-02 9.406454371446942853e-02 9.051965133180145395e-01 1.397915471326965364e-01 1.470028641778781953e-01 -8.988640343615269535e-01 9.654262107696520712e-02 9.404022641410508809e-02 9.052296411731709513e-01 1.398058639737443376e-01 1.470177912776854390e-01 -3.312641518110118460e-03 -8.988733707048617294e-01
-2.470588235294117474e-01 9.682153976731450173e-02 9.448696568397604856e-02 9.058143397089439830e-01 1.474577527117562903e-01 1.542330327893174646e-01 -8.970934880619572116e-01 9.680088769802575044e-02 9.446495105290307615e-02 9.058444182496531161e-01 1.474710047135930902e-01 1.542467864713784609e-01 -2.569516871647433472e-03 -8.971018235628738235e-01
-2.521008403361344463e-01 9.714853220345406881e-02 9.498542621586478218e-02 9.063716306282645352e-01 1.550461372761537671e-01 1.613675472971339564e-01 -8.951658152020374182e-01 9.712979063089083320e-02 9.496553174817772003e-02 9.063988906231253972e-01 1.550583680431683042e-01 1.613801854062342223e-01 -1.843219569510681560e-03 -8.951732318521387066e-01
-2.571428571428571175e-01 9.765059281478649655e-02 9.568055705915906595e-02 9.071038813383802690e-01 1.626057397317671183e-01 1.684460280817224875e-01 -8.934318855916275615e-01 9.763391768784457359e-02 9.566291810921556671e-02 9.071281148426765251e-01 1.626168151568744002e-01 1.684574516437909730e-01 -1.138744553645421953e-03 -8.934382211964607690e-01
-2.621848739495797886e-01 9.810986056003447031e-02 9.633462371952544734e-02 9.075297209215947847e-01 1.699853218444684066e-01 1.753187607745595733e-01 -8.912149979908066122e-01 9.809478620143458061e-02 9.631873883176443607e-02 9.075516042604783173e-01 1.699954886088628492e-01 1.753292084303680332e-01 -4.508052184326552417e-04 -8.912205900758168875e-01
-2.672268907563025153e-01 9.862894146252471073e-02 9.706523255826821073e-02 9.078936745419282639e-01 1.772494899857313122e-01 1.820426662827061559e-01 -8.888717842546518533e-01 9.861532959349947336e-02 9.705094092252648796e-02 9.079134162628277327e-01 1.772588057881498702e-01 1.820522063937941026e-01 2.170133503360232707e-04 -8.888767082448227885e-01
-2.722689075630251865e-01 9.920821829048917517e-02 9.786500381766444212e-02 9.082016631096238024e-01 1.844133925770212457e-01 1.886412518245478842e-01 -8.864056536934274977e-01 9.919594106188225902e-02 9.785216027489021529e-02 9.082194537290328995e-01 1.844219140857123462e-01 1.886499492516564569e-01 8.662282619850199695e-04 -8.864099784394046111e-01
-2.773109243697478576e-01 9.989489170887763669e-02 9.877885319106843864e-02 9.084823771521871594e-01 1.915433004504908665e-01 1.951866496462347778e-01 -8.838800875290333536e-01 9.988396907732989549e-02 9.876746453010781801e-02 9.084981976277288762e-01 1.915509963046258535e-01 1.951944899330623484e-01 1.498609256687984809e-03 -8.838837772778446178e-01
-2.823529411764705843e-01 1.005821542436123872e-01 9.968786053258016366e-02 9.087057670132085985e-01 1.986235266794653120e-01 2.016714536648695766e-01 -8.811465031520945290e-01 1.005723494452697153e-01 9.967767609127316242e-02 9.087199563824138737e-01 1.986305276404866649e-01 2.016785637808122811e-01 2.120080699861478981e-03 -8.811497120731206500e-01
-2.873949579831932555e-01 1.013403120181416706e-01 1.006686073934008330e-01 9.088770577955496144e-01 2.056990007915266427e-01 2.081378240773058552e-01 -8.782807460497169538e-01 1.013315916487429469e-01 1.006595825338458816e-01 9.088896698442298083e-01 2.057053142927392497e-01 2.081442213386739126e-01 2.729184668175177030e-03 -8.782834835368761306e-01
-2.924369747899159266e-01 1.021302813351850081e-01 1.016796240208726471e-01 9.090217857826400349e-01 2.127679683301336722e-01 2.145850890799911870e-01 -8.752637945391492647e-01 1.021225266637895701e-01 1.016716252260165682e-01 9.090329831747925304e-01 2.127736519870389031e-01 2.145907377066906818e-01 3.328370879449173408e-03 -8.752661372666566963e-01
-2.974789915966385978e-01 1.029587472810646887e-01 1.027290937698777940e-01 9.091433251622804690e-01 2.198401585206842812e-01 2.210215989115429658e-01 -8.721042459314538586e-01 1.029518564165518846e-01 1.027220865875183853e-01 9.091532686088084070e-01 2.198452767169547240e-01 2.210267507444168278e-01 3.918080242933916039e-03 -8.721062336422479300e-01
-3.025210084033613245e-01 1.038249609697721454e-01 1.038176411429118096e-01 9.092453594679391626e-01 2.269203851789428905e-01 2.274506511634359351e-01 -8.688037406726424328e-01 1.038188787982684269e-01 1.038114767217809264e-01 9.092541717473906493e-01 2.269249760854840647e-01 2.274552523941050786e-01 4.498957372600567196e-03 -8.688054325270772038e-01
-3.075630252100839956e-01 1.047335664306493358e-01 1.049510717190597631e-01 9.093200069167951538e-01 2.340111864624554450e-01 2.338734722262121590e-01 -8.653580605170025919e-01 1.047281831117435613e-01 1.049455906504851294e-01 9.093277653372904279e-01 2.340152881663455364e-01 2.338775875970712792e-01 5.071165472638410054e-03 -8.653594715627578315e-01
-3.126050420168066668e-01 1.056833805249147995e-01 1.061294676341475451e-01 9.093685159895328329e-01 2.411067779843565906e-01 2.402824937983315534e-01 -8.617706276175035596e-01 1.056786483567878354e-01 1.061246704595843054e-01 9.093753289959617403e-01 2.411104286860422663e-01 2.402861492266858690e-01 5.634570665243614739e-03 -8.617718011370779641e-01
-3.176470588235293935e-01 1.066737651202887133e-01 1.073535314508086147e-01 9.093910063232579777e-01 2.482055098055226672e-01 2.466744396845225173e-01 -8.580423353488142446e-01 1.066696227693945120e-01 1.073493507646431921e-01 9.093969637559906616e-01 2.482087456616953736e-01 2.466776741647199456e-01 6.189288007967214816e-03 -8.580433011464393411e-01
-3.226890756302520646e-01 1.077753610903665060e-01 1.086043006507227682e-01 9.094113052843812994e-01 2.556742061213891914e-01 2.535510199020938882e-01 -8.539328056636732445e-01 1.077717905610071220e-01 1.086007167688588793e-01 9.094164298114850720e-01 2.556770314132849609e-01 2.535538392485836012e-01 6.774553818947185238e-03 -8.539335764989743893e-01
-3.277310924369747358e-01 1.089546457997482704e-01 1.099264532334167654e-01 9.093879160716178411e-01 2.629549149624486604e-01 2.602424629300669756e-01 -8.497658433939989653e-01 1.089515768853810129e-01 1.099233900493547939e-01 9.093923112485684523e-01 2.629573748400977906e-01 2.602449146729048368e-01 7.342649106079079252e-03 -8.497664512659437452e-01
-3.327731092436974625e-01 1.101955049570982614e-01 1.113066640379554162e-01 9.093239641092223380e-01 2.701043859983449646e-01 2.668005095244139757e-01 -8.455158768291598514e-01 1.101928771379464544e-01 1.113040561357739877e-01 9.093277191302623352e-01 2.701065200238210728e-01 2.668026351035947541e-01 7.896351287695646190e-03 -8.455163486001164852e-01
-3.378151260504201336e-01 1.114944349382637201e-01 1.127337267788578734e-01 9.092245064464989923e-01 2.771775052130387995e-01 2.732900736933995822e-01 -8.411524402098164988e-01 1.114921964816712185e-01 1.127315187355429627e-01 9.092276971654715823e-01 2.771793475320499800e-01 2.732919085711918439e-01 8.439583052126758272e-03 -8.411527982725710562e-01
-3.428571428571428048e-01 1.128424866102355761e-01 1.142053836064320649e-01 9.090913519230237050e-01 2.841888265869030872e-01 2.797170637618414113e-01 -8.366717921990804996e-01 1.128405910544190149e-01 1.142035255555800821e-01 9.090940466035861700e-01 2.841904084637726924e-01 2.797186403297418633e-01 8.973005363374910934e-03 -8.366720560485113589e-01
-3.478991596638655315e-01 1.142372720771156480e-01 1.157186161093945176e-01 9.089276420286688252e-01 2.911542795924367266e-01 2.860985275494140612e-01 -8.320668487004421188e-01 1.142356778758891050e-01 1.157170637221601739e-01 9.089299015878024024e-01 2.911556294237853115e-01 2.860998750030405713e-01 9.497921227717105036e-03 -8.320670351713406188e-01
-3.529411764705882026e-01 1.156778031819936797e-01 1.172718814630080431e-01 9.087360262720636239e-01 2.980815233551055710e-01 2.924433284267135003e-01 -8.273350583975876971e-01 1.156764728430226402e-01 1.172705949930034353e-01 9.087379055839386321e-01 2.980826671887673585e-01 2.924444733277365982e-01 1.001519445295331531e-02 -8.273351820959192748e-01
-3.579831932773108738e-01 1.171638132110426889e-01 1.188644029934216167e-01 9.085187393252093235e-01 3.049738887152683708e-01 2.987560623835392448e-01 -8.224761873044510452e-01 1.171627127733546048e-01 1.188633466824632612e-01 9.085202880162244199e-01 3.049748505385551089e-01 2.987570289854799555e-01 1.052546293445847693e-02 -8.224762608945427322e-01
-3.630252100840335450e-01 1.186954081302648289e-01 1.204958154365244477e-01 9.082776668534660036e-01 3.118324654473333402e-01 3.050391146995229397e-01 -8.174911316266743055e-01 1.186945068162026246e-01 1.204949571066931679e-01 9.082789298335237627e-01 3.118332673587039250e-01 3.050399251539484546e-01 1.102924972844319604e-02 -8.174911660441497308e-01
-3.680672268907562716e-01 1.202728924607304739e-01 1.221659863768407017e-01 9.080144044694700156e-01 3.186572012882332716e-01 3.112937422896278061e-01 -8.123812934505829642e-01 1.202721624208971385e-01 1.221652971229830048e-01 9.080154223209109254e-01 3.186578636094427042e-01 3.112944167907402693e-01 1.152702124704034839e-02 -8.123812980746701884e-01
-3.731092436974789428e-01 1.218965015825846099e-01 1.238747515786324110e-01 9.077300940573996835e-01 3.254498394502288727e-01 3.175229787920891833e-01 -8.071460347401484547e-01 1.218959177315532272e-01 1.238742055533791075e-01 9.077309032888714047e-01 3.254503807766129797e-01 3.175235356601182057e-01 1.201933989969488845e-02 -8.071460175355170685e-01
-3.781512605042016140e-01 1.235667042935088555e-01 1.256223789216501241e-01 9.074256637007221959e-01 3.322098144064634107e-01 3.237272960162302926e-01 -8.017864097849618510e-01 1.235662440822972996e-01 1.256219530669607787e-01 9.074262970866054934e-01 3.322102517174492231e-01 3.237277518345518801e-01 1.250664597355224429e-02 -8.017863774468193538e-01
-3.831932773109243406e-01 1.252844880781990022e-01 1.274095610036933834e-01 9.071025621105318626e-01 3.389307419918149988e-01 3.299015439632671520e-01 -7.963091664481123377e-01 1.252841312771425519e-01 1.274092348053506019e-01 9.071030490058366036e-01 3.389310907621814195e-01 3.299019137115248301e-01 1.298909525505941888e-02 -7.963091245290031539e-01
-3.882352941176470118e-01 1.270502824321709801e-01 1.292363054773585096e-01 9.067615737835881262e-01 3.456130897981487538e-01 3.360476186143434019e-01 -7.907144691375986856e-01 1.270500111004227439e-01 1.292360608901640950e-01 9.067619401767106346e-01 3.456133639644163313e-01 3.360479156673686907e-01 1.346719026416909326e-02 -7.907144221414560414e-01
-3.932773109243696830e-01 1.288646987380652753e-01 1.311028712386718975e-01 9.064033927502010979e-01 3.522564083905510013e-01 3.421664277390831232e-01 -7.850032055528228803e-01 1.288644970691056879e-01 1.311026924985305431e-01 9.064036614909299905e-01 3.522566204245012322e-01 3.421666639644823094e-01 1.394139668404619642e-02 -7.850031570465670905e-01
-3.983193277310924096e-01 1.307284537978502248e-01 1.330096735740189662e-01 9.060286032895146224e-01 3.588598956539320040e-01 3.482584738683758840e-01 -7.791765152353987700e-01 1.307283079834099526e-01 1.330095470316487449e-01 9.060287942890009605e-01 3.588600566273919545e-01 3.482586597141125728e-01 1.441216960421352541e-02 -7.791764679512643843e-01
-4.033613445378150808e-01 1.326423410137467507e-01 1.349572454213890105e-01 9.056376740989769969e-01 3.654226408247848723e-01 3.543241078490191875e-01 -7.732355808221798021e-01 1.326422391158910141e-01 1.349571593869870467e-01 9.056378045173048008e-01 3.654227604732681045e-01 3.543242524283709005e-01 1.487996492483670968e-02 -7.732355367539431867e-01
-4.084033613445377520e-01 1.346072211282226538e-01 1.369462229877694004e-01 9.052309569715532023e-01 3.719437296133959459e-01 3.603636377965311333e-01 -7.671815356672458952e-01 1.346071529548645562e-01 1.369461675818463009e-01 9.052310414003209571e-01 3.719438164017866977e-01 3.603637489735408983e-01 1.534524436006273404e-02 -7.671814961618744766e-01
-4.134453781512604786e-01 1.366240206434869708e-01 1.389773416934854122e-01 9.048086861994568686e-01 3.784222903050966091e-01 3.663773757021287492e-01 -7.610154211072004404e-01 1.366239776247429316e-01 1.389773087011498265e-01 9.048087368436261713e-01 3.784223514969578539e-01 3.663774601791628394e-01 1.580847771185333109e-02 -7.610153869528810677e-01
-4.184873949579831498e-01 1.386937331113475835e-01 1.410514364094482831e-01 9.043709772852297490e-01 3.848575149956728891e-01 3.723656573483827281e-01 -7.547381639908132822e-01 1.386937081749687328e-01 1.410514191363271552e-01 9.043710041471187955e-01 3.848575567269921227e-01 3.723657207565181926e-01 1.627014397544496518e-02 -7.547381355020744698e-01
-4.235294117647058210e-01 1.408174214493048970e-01 1.431694434682295458e-01 9.039178245386386701e-01 3.912486701541036949e-01 3.783288506113523519e-01 -7.483505620231999389e-01 1.408174088939371238e-01 1.431694365966833249e-01 9.039178356063136688e-01 3.912486975120568200e-01 3.783288976042186724e-01 1.673073192883920562e-02 -7.483505391237208482e-01
-4.285714285714285476e-01 1.429962206321361839e-01 1.453324034449834101e-01 9.034490975177804639e-01 3.975951022531648560e-01 3.842673583702054252e-01 -7.418532718971163620e-01 1.429962159971830959e-01 1.453324028894631970e-01 9.034490989596688504e-01 3.975951193601388600e-01 3.842673927214962926e-01 1.719074047698695984e-02 -7.418532542007771902e-01
-4.336134453781512188e-01 1.452336529901823992e-01 1.475399597070510549e-01 9.029657059944330433e-01 4.038962349331514656e-01 3.901822872391793040e-01 -7.352469488719789448e-01 1.452325294849079185e-01 1.475407238045395864e-01 9.029654792352034276e-01 4.038968147695922162e-01 3.901831855405513694e-01 1.765076385427175043e-02 -7.352462681007533307e-01
-4.386554621848738900e-01 1.475257726114551360e-01 1.497974349595282695e-01 9.024648347815836802e-01 4.101515051016817459e-01 3.960723425204200066e-01 -7.285317789645051612e-01 1.475256073465633921e-01 1.497975877479376938e-01 9.024648156841820201e-01 4.101517545749485127e-01 3.960733990998376863e-01 1.811117284750205988e-02 -7.285312258219820425e-01
-4.436974789915966166e-01 1.498778144355803199e-01 1.521031491917564926e-01 9.019473272223254012e-01 4.163606751233399073e-01 4.019394392642594571e-01 -7.217078411874475741e-01 1.498777590442797181e-01 1.521033661002686999e-01 9.019471778627508041e-01 4.163607559909278666e-01 4.019402782286657927e-01 1.857257299425202346e-02 -7.217074036322286279e-01
-4.487394957983192878e-01 1.522902259636123301e-01 1.544591306133490383e-01 9.014122368043935296e-01 4.225235433333348056e-01 4.077838842440524858e-01 -7.147749739253902446e-01 1.522902244587978626e-01 1.544593608127047546e-01 9.014120373643719208e-01 4.225235096355567932e-01 4.077845457202047830e-01 1.903549727624868904e-02 -7.147746401272472294e-01
-4.537815126050419590e-01 1.547645410659808929e-01 1.568669943865811378e-01 9.008587647089728589e-01 4.286397308986366617e-01 4.136060696869389153e-01 -7.077331675123739174e-01 1.547645530691570126e-01 1.568672027215418374e-01 9.008585717336702325e-01 4.286396261571061017e-01 4.136065828228382424e-01 1.950049075923301900e-02 -7.077329189633571049e-01
-4.588235294117646301e-01 1.573023637002888553e-01 1.593284635347479716e-01 9.002859403994566412e-01 4.347090537125743448e-01 4.194065138764045964e-01 -7.005820678192297146e-01 1.573023644697251755e-01 1.593286305255507407e-01 9.002857865192595010e-01 4.347089108802900670e-01 4.194068970731709145e-01 1.996811233867542765e-02 -7.005818792632414471e-01
-4.638655462184873568e-01 1.599053795299855141e-01 1.618453842836655721e-01 8.996926165222491889e-01 4.407314398916219456e-01 4.251857702023601471e-01 -6.933210562834699608e-01 1.599053478074512202e-01 1.618455008736167655e-01 8.996924735062904466e-01 4.407311644142120621e-01 4.251850420342994097e-01 2.043893076021942312e-02 -6.933209178498433989e-01
-4.689075630252100280e-01 1.625753706201086835e-01 1.644197390501618006e-01 8.990774626730413388e-01 4.467068855720668918e-01 4.309443954333315174e-01 -6.859493087540100564e-01 1.625753232851218089e-01 1.644198183290176973e-01 8.990773566283967178e-01 4.467066148944399129e-01 4.309435838586394563e-01 2.091352746962905906e-02 -6.859491520404170650e-01
-4.739495798319326991e-01 1.653142011312311310e-01 1.670536350790815250e-01 8.984389544430214647e-01 4.526354709864830461e-01 4.366829427569033362e-01 -6.784657242605588445e-01 1.653141654520138837e-01 1.670537103065655726e-01 8.984388453453829859e-01 4.526352010911026125e-01 4.366820400190636331e-01 2.139249105453849484e-02 -6.784655096252841799e-01
-4.789915966386554258e-01 1.681238330070220777e-01 1.697493159662101514e-01 8.977753634044440822e-01 4.585173329521025076e-01 4.424019483717686607e-01 -6.708689618478580474e-01 1.681238471340184559e-01 1.697494301968308639e-01 8.977751869033731014e-01 4.585170586311516083e-01 4.424009361162728471e-01 2.187641880065335429e-02 -6.708686356191437827e-01
-4.840336134453780970e-01 1.710063282740898472e-01 1.725091486228287341e-01 8.970847490970297322e-01 4.643526581275747023e-01 4.481019467551470847e-01 -6.631574066285583768e-01 1.710064462733553170e-01 1.725093604277407044e-01 8.970844173624010764e-01 4.643523641044736694e-01 4.481007966498737338e-01 2.236591715475279990e-02 -6.631569077451392458e-01
-4.890756302521007681e-01 1.739644847712868425e-01 1.753352623305104718e-01 8.963648987345361752e-01 4.701411151260296850e-01 4.537840820450431689e-01 -6.553290766176946835e-01 1.739647765177272931e-01 1.753356456222451010e-01 8.963643010597347471e-01 4.701407767233978241e-01 4.537827565004762254e-01 2.286162807688369575e-02 -6.553283364184028237e-01
-4.941176470588234948e-01 1.770000066559667129e-01 1.782307054552682013e-01 8.956134446204584432e-01 4.758831943603148429e-01 4.594478618095893530e-01 -6.473823754691432342e-01 1.770005575906758999e-01 1.782313491960447749e-01 8.956124482970634348e-01 4.758827782859725852e-01 4.594463149133145019e-01 2.336413937182601000e-02 -6.473813174674989401e-01
-4.991596638655461660e-01 1.801151933370441771e-01 1.811983478774709944e-01 8.948276988269038279e-01 4.815792737941937407e-01 4.650935671504745073e-01 -6.393148577586800219e-01 1.801161041232894611e-01 1.811993556983740317e-01 8.948261502447824034e-01 4.815787391079152102e-01 4.650917456513263826e-01 2.387407600210789474e-02 -6.393133973716597085e-01
-5.042016806722688926e-01 1.833125007376910087e-01 1.842411240554809315e-01 8.940047103495158964e-01 4.872297868292901346e-01 4.707216245208701300e-01 -6.311235773782930547e-01 1.833138867627801261e-01 1.842426137425843546e-01 8.940024363825381792e-01 4.872290860482537123e-01 4.707194689508625296e-01 2.439207477494759191e-02 -6.311216216176778193e-01
-5.092436974789915638e-01 1.865944950705193950e-01 1.873621251635417539e-01 8.931412507383543753e-01 4.928350594853478372e-01 4.763322467836196283e-01 -6.228054601255514910e-01 1.865964857741924665e-01 1.873642279905647079e-01 8.931380604340979357e-01 4.928341398357524161e-01 4.763296927050739149e-01 2.491877345766989327e-02 -6.228029072524792209e-01
-5.142857142857142350e-01 1.899638513861812150e-01 1.905645889621205846e-01 8.922337890750327016e-01 4.983953724477558911e-01 4.819255098126003500e-01 -6.143571659030682142e-01 1.899665893991575039e-01 1.905674488518513399e-01 8.922294756568021068e-01 4.983941772527307190e-01 4.819224891727610371e-01 2.545481209735043007e-02 -6.143539050355335540e-01
-5.193277310924369061e-01 1.934233542021142338e-01 1.938518967096428680e-01 8.912784721751173533e-01 5.039109619880531854e-01 4.875013580752660669e-01 -6.057750524707912199e-01 1.934269942742796455e-01 1.938556692020409200e-01 8.912728153664007946e-01 5.039094321823394118e-01 4.874978006617197157e-01 2.600083223076874589e-02 -6.057709631416463569e-01
-5.243697478991595773e-01 1.969758979014966938e-01 1.972275713753536552e-01 8.902711052691294480e-01 5.093820063604950210e-01 4.930595923622443366e-01 -5.970551641779481278e-01 1.969806056001297545e-01 1.972324223802688903e-01 8.902638739445736249e-01 5.093800821172783655e-01 4.930554273485640016e-01 2.655747544656855003e-02 -5.970501158419250221e-01
-5.294117647058822484e-01 2.006254169441922530e-01 2.006971343478162473e-01 8.892069504079691544e-01 5.148180087750203748e-01 4.986071715098477353e-01 -5.881792475871425729e-01 2.006313684588759139e-01 2.007032400395887539e-01 8.891979036678524517e-01 5.148156307120660413e-01 4.986023283389946492e-01 2.712593555684311014e-02 -5.881730975738177492e-01
-5.344537815126050306e-01 2.043738360585785618e-01 2.042625697817621044e-01 8.880815279132800999e-01 5.202048978615869679e-01 5.041308102530498436e-01 -5.791654346068498826e-01 2.043812135112649253e-01 2.042701119418450506e-01 8.880704225441409250e-01 5.202020099153354948e-01 5.041252220784497862e-01 2.770612239490035517e-02 -5.791580310280461941e-01
-5.394957983193277018e-01 2.082243995993266761e-01 2.079276825344594237e-01 8.868891287879756558e-01 5.255462745947315772e-01 5.096338111700089435e-01 -5.700017302521541707e-01 2.082333906877269492e-01 2.079368483051832195e-01 8.868757202080876922e-01 5.255428251991202115e-01 5.096274153378103078e-01 2.829877753964380946e-02 -5.699929089298595430e-01
-5.445378151260503730e-01 2.121804772314355159e-01 2.116965209233352407e-01 8.856239348682611867e-01 5.308426585088891203e-01 5.151160787334477797e-01 -5.606814331772592697e-01 2.121912726674951566e-01 2.117075003247028964e-01 8.856079812813077989e-01 5.308386024854148122e-01 5.151088186787362577e-01 2.890454941912868475e-02 -5.606710173065212466e-01
-5.495798319327730441e-01 2.162625596621557678e-01 2.155902521865547539e-01 8.842601647330993186e-01 5.360834476886965350e-01 5.205674244480117396e-01 -5.512053486440604555e-01 2.162619092693360279e-01 2.155895911145511157e-01 8.842611153494571719e-01 5.360837132819291639e-01 5.205677486917819063e-01 2.952401615542345897e-02 -5.512059589191458109e-01
-5.546218487394957153e-01 2.204447385132818071e-01 2.195806000227878418e-01 8.828273096825518529e-01 5.412871425426405425e-01 5.260031319702125341e-01 -5.415560536253358759e-01 2.204439345647697113e-01 2.195797797753742953e-01 8.828284740826766175e-01 5.412874060393256803e-01 5.260035999402464801e-01 3.015724922173338221e-02 -5.415568174654283862e-01
-5.596638655462183864e-01 2.247417875033894397e-01 2.236899315025664969e-01 8.813009380972303131e-01 5.464442734998830042e-01 5.314143494804305368e-01 -5.317320641492691013e-01 2.247408665369521052e-01 2.236888873703655467e-01 8.813023325879978387e-01 5.464445935694437484e-01 5.314149089270152615e-01 3.080615126693334732e-02 -5.317329766155882709e-01
-5.647058823529411686e-01 2.291590188683958473e-01 2.279205313756936246e-01 8.796737424168625807e-01 5.515537319471636168e-01 5.367986089389665816e-01 -5.217273174065160113e-01 2.291578870425430570e-01 2.279193030098096984e-01 8.796754075513969484e-01 5.515544353553613055e-01 5.367993474184890035e-01 3.147052943863725555e-02 -5.217283930009168902e-01
-5.697478991596638398e-01 2.337001119283352302e-01 2.322769975772261131e-01 8.779375220249128198e-01 5.566142164859136932e-01 5.421535295932133902e-01 -5.115351540882815407e-01 2.336987481155052282e-01 2.322755660331181637e-01 8.779394827974784654e-01 5.566150303309480574e-01 5.421543562100804570e-01 3.215091094559632129e-02 -5.115364427567402617e-01
-5.747899159663865110e-01 2.383688722425292561e-01 2.367639028139831292e-01 8.760834995131808745e-01 5.616241215864018477e-01 5.474763681628141976e-01 -5.011486660695609885e-01 2.383672576986155811e-01 2.367622422279063166e-01 8.760857804902054680e-01 5.616250335294675766e-01 5.474772879168882112e-01 3.284778934408747603e-02 -5.011501950771202196e-01
-5.798319327731091821e-01 2.431691373866978756e-01 2.413858437027648629e-01 8.741023157003569022e-01 5.665815097123304556e-01 5.527639909593805578e-01 -4.905607423092280261e-01 2.431672544922609536e-01 2.413839292914188306e-01 8.741049393394554334e-01 5.665825035659718401e-01 5.527650088121639493e-01 3.356161954884896714e-02 -4.905625406058305993e-01
-5.848739495798318533e-01 2.481047565727589610e-01 2.461474153327176673e-01 8.719840115212962317e-01 5.714840812519693669e-01 5.580128501254896234e-01 -4.797641065673447502e-01 2.481025894087431072e-01 2.461452240110413858e-01 8.719869974478104968e-01 5.714851366228190788e-01 5.580139709997742337e-01 3.429281143675923932e-02 -4.797662045811000309e-01
-5.899159663865545244e-01 2.531795661349131588e-01 2.510531816246402981e-01 8.697180127386641146e-01 5.763291448632615888e-01 5.632189594717654790e-01 -4.687513631362925093e-01 2.531771010945620959e-01 2.510506926622388946e-01 8.697213770216225548e-01 5.763302368217647631e-01 5.632201883055875102e-01 3.504172298633519145e-02 -4.687537924663943145e-01
-5.949579831932771956e-01 2.583973602379550649e-01 2.561076409083500871e-01 8.672931184746468514e-01 5.811135884991847078e-01 5.683778713372864555e-01 -4.575150513404394603e-01 2.583945866577372352e-01 2.561048366069574866e-01 8.672968729253662801e-01 5.811146872761639992e-01 5.683792132070315528e-01 3.580865275739342907e-02 -4.575178443274024453e-01
-5.999999999999999778e-01 2.637618561688822583e-01 2.613151861387548180e-01 8.646974947272668688e-01 5.858338517282375424e-01 5.734846550533683196e-01 -4.460477098557655840e-01 2.637587669572351579e-01 2.613120525088645230e-01 8.647016462459660158e-01 5.858349224317697113e-01 5.734861153812684798e-01 3.659383168833046929e-02 -4.460508990052685085e-01
