0.000000000000000000e+00 7.375255677834094573e-19 2.428708194359173089e-18 2.775557561562891351e-17 5.369159068399864858e-18 -6.154298391753479359e-17 1.110223024625156540e-16 -3.103310067277528344e-19 1.556235410436075785e-17 8.326672684688674053e-17 7.263717459265012466e-18 -1.212351135997965145e-18 3.442022625454433802e-20 2.220446049250313081e-16
-5.042016806722688510e-03 3.361697903119274827e-18 -7.065158104288090041e-18 0.000000000000000000e+00 6.206072664488082102e-18 1.695817667873604514e-16 1.110223024625156540e-16 1.727713347983820760e-18 -1.728019076765785885e-17 -5.551115123125782702e-17 6.798525038946646640e-19 -6.155523491101589856e-18 -6.153126334905291452e-20 0.000000000000000000e+00
-1.008403361344537702e-02 -1.920213662336747827e-18 3.607096860193565023e-18 0.000000000000000000e+00 -7.783428693261042990e-18 1.159997918167604697e-16 0.000000000000000000e+00 -2.953759871155843612e-18 -4.321712988829089111e-18 -1.110223024625156540e-16 3.641699766488864021e-18 -1.190968136833658931e-18 -1.534427025896357375e-19 3.330669073875469621e-16
-1.512605042016806553e-02 -2.093930654580019938e-17 1.438463646568172374e-18 -5.551115123125782702e-17 1.740203536874811920e-18 5.625216276610760555e-18 1.110223024625156540e-16 3.064911463479504058e-19 1.329320726171406001e-17 0.000000000000000000e+00 2.649793925479326090e-18 -3.909650595969048664e-18 -3.199237047537053762e-20 -1.110223024625156540e-16
-2.016806722689075404e-02 9.486398258830218085e-19 -5.438926426862645279e-18 5.551115123125782702e-17 8.180162763325302721e-18 6.773627431632219381e-17 0.000000000000000000e+00 3.927556171877044563e-18 -1.522274454444885201e-18 -1.665334536937734811e-16 4.345620865396407945e-18 1.980493149481017510e-18 3.230538490193289091e-19 -1.665334536937734811e-16
-2.521008403361344255e-02 1.266741042121280018e-18 1.790872593256014304e-17 5.551115123125782702e-17 5.520661470082226512e-18 -8.094800597525572409e-17 0.000000000000000000e+00 -2.219401032420634184e-18 -1.718123107223004369e-17 0.000000000000000000e+00 -2.941540063296795636e-18 -2.783448054626711229e-18 -1.885788908721459506e-19 0.000000000000000000e+00
-3.025210084033613106e-02 7.125288945924220616e-18 -1.752952164127955557e-17 8.326672684688674053e-17 -5.432789193824232274e-18 -2.385691767472680363e-16 1.110223024625156540e-16 3.901482714238701036e-19 -6.869127389373248522e-18 -5.551115123125782702e-17 -1.586366670719019832e-19 -8.946045443400233210e-19 -2.720269356755697613e-19 -1.110223024625156540e-16
-3.529411764705882304e-02 -2.240302052128474925e-18 -1.677672831339968316e-17 0.000000000000000000e+00 1.231148325402854665e-17 -4.155389380636281130e-17 0.000000000000000000e+00 -4.911367217571206349e-18 -1.685935822423882788e-17 0.000000000000000000e+00 4.058015415441691843e-19 -2.079756989227997353e-18 3.603494252741133761e-19 1.110223024625156540e-16
-4.033613445378150808e-02 1.724200099568931494e-18 -3.409355100646028336e-18 5.551115123125782702e-17 -6.354216508653451388e-18 3.126792275725537321e-17 0.000000000000000000e+00 4.378764935464140123e-18 -3.772644595068627611e-18 5.551115123125782702e-17 -1.615148364285549875e-18 -8.138048897822888425e-20 2.688068300068167406e-20 5.551115123125782702e-17
-4.537815126050419312e-02 -8.011681129716028956e-18 -3.448333701608047439e-17 0.000000000000000000e+00 5.485387573116156213e-18 5.425653528350319640e-18 1.110223024625156540e-16 1.379314851676019543e-18 4.874141120910900481e-18 -2.775557561562891351e-17 -3.173754992453642207e-18 1.412863662417880476e-18 1.792202545127950013e-19 -1.110223024625156540e-16
-5.042016806722688510e-02 -9.314510852263578002e-18 3.975617347226451743e-17 -5.551115123125782702e-17 1.064289321464250353e-17 -2.722252826904268804e-17 5.551115123125782702e-17 1.284358902998968587e-18 2.930278322613622142e-17 0.000000000000000000e+00 -4.684318312307302046e-19 1.546456962545293686e-19 2.945827140021811953e-19 5.551115123125782702e-17
-5.546218487394957708e-02 1.220809015537465175e-18 3.639419947910598770e-18 0.000000000000000000e+00 1.069179733860849822e-17 5.255017130205482803e-17 0.000000000000000000e+00 1.916614281115892571e-18 1.663013260611057951e-17 0.000000000000000000e+00 2.512166192440430014e-18 -1.408371248676261481e-18 -4.485395122342593584e-20 0.000000000000000000e+00
-6.050420168067226212e-02 8.534872105921298413e-03 8.630788952913352741e-03 4.713128425790549803e-02 -6.475014209660274675e-03 -6.257978473923823774e-03 -4.761661260140159779e-02 8.534288741763752101e-03 8.621257537300384965e-03 4.716121293240033152e-02 -6.481263068491255330e-03 -6.260326613782342745e-03 -2.530510427977938600e-04 -4.763187222001724619e-02
-6.554621848739494716e-02 8.508565689698502355e-03 8.611348506255661964e-03 4.727400846044210736e-02 -6.355581913766248335e-03 -6.137493967409458039e-03 -4.777762309504601790e-02 8.505978413741897490e-03 8.590712391641778384e-03 4.730580484849217227e-02 -6.359746167211977226e-03 -6.137367989433848564e-03 -2.484904499648435167e-04 -4.779441719989258042e-02
-7.058823529411764608e-02 8.472222517303191341e-03 8.563429908631884149e-03 4.742411609201838130e-02 -6.219512151733132960e-03 -5.996813109037806705e-03 -4.794508341002956531e-02 8.470181716528281390e-03 8.553778485529683895e-03 4.745387798983966010e-02 -6.224000863706461752e-03 -5.998147672820289614e-03 -2.436833810001021996e-04 -4.796296566283542173e-02
-7.563025210084033112e-02 8.432133041714860375e-03 8.521509103725911569e-03 4.757286673814956068e-02 -6.071001169930130212e-03 -5.846626977799252757e-03 -4.811260810171458235e-02 8.429289670547542371e-03 8.511957482893994439e-03 4.760260694954437932e-02 -6.074424402935303322e-03 -5.847254895529540794e-03 -2.387801665668197590e-04 -4.813111407904629990e-02
-8.067226890756301616e-02 8.436396240048793863e-03 8.563967539725297895e-03 4.762520747125428833e-02 -5.979980577107850415e-03 -5.754012572504884834e-03 -4.821048404066186066e-02 8.428450887660816904e-03 8.532639865856790629e-03 4.768841486308345035e-02 -5.989184321854423149e-03 -5.757483598336591082e-03 -2.339961624419735963e-04 -4.824314788249012276e-02
-8.571428571428570120e-02 8.387078586344336867e-03 8.517331196897830886e-03 4.778222405032561682e-02 -5.800635349946679439e-03 -5.581973213087154315e-03 -4.838295271680181919e-02 8.375469547163182787e-03 8.481151865825507785e-03 4.784129127301298134e-02 -5.805865493632023609e-03 -5.576491919797549150e-03 -2.288866807721751540e-04 -4.841773241682256756e-02
-9.075630252100838624e-02 8.330782307916104190e-03 8.455857180074792534e-03 4.793529506859262046e-02 -5.605055595327933064e-03 -5.386964622210662496e-03 -4.855668076158015101e-02 8.318372630471911749e-03 8.424272239266370615e-03 4.799461945581176558e-02 -5.608356008347139057e-03 -5.380931894570114421e-03 -2.235542072610580014e-04 -4.859330739385081532e-02
-9.579831932773108516e-02 8.273019225844958566e-03 8.394641524894545792e-03 4.808508805445607659e-02 -5.395501199607743992e-03 -5.178566917633702429e-03 -4.872882946241452462e-02 8.258544206229526119e-03 8.364970838191260541e-03 4.814648786967454241e-02 -5.395827780176323460e-03 -5.171449190272342858e-03 -2.180889210784014737e-04 -4.876783437992171510e-02
-1.008403361344537702e-01 8.211118894123747153e-03 8.331564553408979737e-03 4.823619968270279057e-02 -5.168092383856348615e-03 -4.954699448869019120e-03 -4.890042056493426603e-02 8.195499383124976375e-03 8.303089971149616930e-03 4.829780555615426074e-02 -5.166743457774267828e-03 -4.946497372079042276e-03 -2.124623208784511019e-04 -4.894192200448993502e-02
-1.058823529411764552e-01 1.943603231915263727e-02 1.964296737454322359e-02 1.137384696812778484e-01 -1.184656002018204604e-02 -1.134674122902746413e-02 -1.154487073291860511e-01 1.939312073487560809e-02 1.956571234960280403e-02 1.138785421305692491e-01 -1.183668444829697602e-02 -1.131951330926355380e-02 -1.067047009360256281e-03 -1.155332512286107449e-01
-1.109243697478991542e-01 1.926201521751996076e-02 1.947291032682502837e-02 1.140965439667844805e-01 -1.121298460149789712e-02 -1.072901527801432831e-02 -1.158590635593478302e-01 1.921938458260388088e-02 1.939694065456766883e-02 1.142324573043462799e-01 -1.119988601997337282e-02 -1.070062233884288075e-02 -1.036236081586309598e-03 -1.159438414849689458e-01
-1.159663865546218392e-01 1.908130429395608549e-02 1.929792260986061547e-02 1.144536332190673189e-01 -1.053141087163262518e-02 -1.006914972727461326e-02 -1.162649758309611259e-01 1.903798113453474342e-02 1.922165986258636897e-02 1.145826331944357346e-01 -1.051465525076997545e-02 -1.003680784759522146e-02 -1.004551692255703076e-03 -1.163496655918616618e-01
-1.210084033613445242e-01 3.503104607551456307e-02 3.518580048048266379e-02 2.088931275549456845e-01 -1.843161407966848603e-02 -1.757953917799531113e-02 -2.125971278956314547e-01 3.495979588997837062e-02 3.506273384221948730e-02 2.091178664892788253e-01 -1.839959562879748406e-02 -1.754549797940795075e-02 -2.945857064356530598e-03 -2.126973124617997923e-01
-1.260504201680672232e-01 3.464139223546770785e-02 3.480176023342652913e-02 2.095479423575682953e-01 -1.695260275013870527e-02 -1.614989450813035521e-02 -2.133534845661148593e-01 3.457329351218089986e-02 3.468572317870032007e-02 2.097696572148889660e-01 -1.692110603346447598e-02 -1.611260185323227026e-02 -2.843621568375393795e-03 -2.134584078014548636e-01
-1.310924369747898943e-01 1.140354078512600400e-01 1.126581184146818460e-01 6.665635200902464419e-01 -5.400196094845417794e-02 -5.136959837770958132e-02 -6.820431055830551426e-01 1.140369819599498236e-01 1.126600436775763991e-01 6.665953901533968606e-01 -5.400259201362260508e-02 -5.137019826306354897e-02 -1.868406273138671289e-02 -6.820248635981419616e-01
-1.361344537815125932e-01 1.125079377951644366e-01 1.112387643993877628e-01 6.691418361656340519e-01 -4.826017970885683461e-02 -4.583446414969205573e-02 -6.850940587602520893e-01 1.125095486915693443e-01 1.112408266310712379e-01 6.691741343089042671e-01 -4.826083337209571833e-02 -4.583494385318256925e-02 -1.795319763133812127e-02 -6.850755506105979942e-01
-1.411764705882352922e-01 1.108919960068322774e-01 1.097463960176703612e-01 6.717152520811789929e-01 -4.206789556767706606e-02 -3.987796916937448588e-02 -6.880836050884791000e-01 1.108936876440495545e-01 1.097487441877942477e-01 6.717480890798686044e-01 -4.206854808208215085e-02 -3.987851908159707748e-02 -1.719741546964933740e-02 -6.880649077359525245e-01
-1.462184873949579633e-01 1.091825738352037584e-01 1.081773264299553255e-01 6.742808925413213972e-01 -3.540385145035586378e-02 -3.348040301506802208e-02 -6.909872899755371556e-01 1.091843145582178654e-01 1.081799526103966180e-01 6.743142621790739755e-01 -3.540446313799409939e-02 -3.348094323059307154e-02 -1.641683629432133876e-02 -6.909683078256502187e-01
-1.512605042016806622e-01 1.236120651356386047e-01 1.227482373157998824e-01 7.699287263615530730e-01 -3.357672388002012898e-02 -3.174526160722820900e-02 -7.906450763826244899e-01 1.236114832608632141e-01 1.227502024578960294e-01 7.699784727719569677e-01 -3.357612004953879070e-02 -3.174482008149049489e-02 -1.942474036229801734e-02 -7.906228717516177174e-01
-1.563025210084033334e-01 1.214590932715138155e-01 1.207761980888782949e-01 7.731056246432912449e-01 -2.478597040523668540e-02 -2.332842045513489754e-02 -7.940240084384656560e-01 1.214586256000616954e-01 1.207782516724230093e-01 7.731556603888389834e-01 -2.478535542661808658e-02 -2.332799929868772243e-02 -1.840477415089187413e-02 -7.940015619339318986e-01
-1.613445378151260323e-01 1.192033804172364098e-01 1.187187178724387615e-01 7.762426429481168455e-01 -1.543130805897688015e-02 -1.438282137500649684e-02 -7.971814225576184798e-01 1.192030454373559367e-01 1.187208560512723610e-01 7.762929428959755018e-01 -1.543070925117731584e-02 -1.438240891257683632e-02 -1.735870793608034618e-02 -7.971587277722042009e-01
-1.663865546218487312e-01 1.168555465982483998e-01 1.165856424464030289e-01 7.793245339558754203e-01 -5.538930253155077699e-03 -4.933454020765230125e-03 -8.000676589595790977e-01 1.168553580499990252e-01 1.165878881150063523e-01 7.793750821162324094e-01 -5.538378942813285827e-03 -4.933019446440103928e-03 -1.629102649909100475e-02 -8.000447294044152891e-01
-1.714285714285714024e-01 1.144344098123581538e-01 1.143924770178924716e-01 7.823446559919865484e-01 4.845926070859738616e-03 4.978412604230410266e-03 -8.026433668710016844e-01 1.144343758543651668e-01 1.143947434273197700e-01 7.823954934137297146e-01 4.846480740123192132e-03 4.978675449423902721e-03 -1.520754175204411598e-02 -8.026202242908428985e-01
-1.764705882352941013e-01 1.169972119830445939e-01 1.171846095185351405e-01 8.141743660543642180e-01 1.553335742724796728e-02 1.516711655925917501e-02 -8.355897494653178326e-01 1.169759660243283039e-01 1.171639380540815539e-01 8.142293765346017009e-01 1.554645220685551762e-02 1.518025997301027455e-02 -1.512409458328939187e-02 -8.355973001761333174e-01
-1.815126050420167725e-01 1.144302062903419931e-01 1.148543266988174688e-01 8.171581899998474618e-01 2.713311721057935430e-02 2.623581063921598053e-02 -8.375611946875786140e-01 1.144107800476498460e-01 1.148356880809267427e-01 8.172102525525093419e-01 2.714553201793191289e-02 2.624813917224111393e-02 -1.395800466918025069e-02 -8.375675396373958304e-01
-1.865546218487394714e-01 1.118800155846754046e-01 1.125483413663477816e-01 8.200064633220383037e-01 3.897800077273055885e-02 3.752961945700740432e-02 -8.390754002717442095e-01 1.118623764216320066e-01 1.125316718845565805e-01 8.200556364155018318e-01 3.898964308900202541e-02 3.754105921929702661e-02 -1.280072773892876152e-02 -8.390805063023947241e-01
-1.915966386554621703e-01 1.093840446021199647e-01 1.103015424804994621e-01 8.227079719293378668e-01 5.095437589727359884e-02 4.893930247579663523e-02 -8.401211521081295430e-01 1.093681282812097172e-01 1.102867290639567982e-01 8.227543751531166683e-01 5.096519402199384263e-02 4.894982261909230914e-02 -1.166139129000404520e-02 -8.401250324639836231e-01
-1.966386554621848415e-01 1.087917509892884077e-01 1.099407694111912137e-01 8.352126503109221778e-01 6.343191296619155040e-02 6.081861150104490854e-02 -8.516067556314496079e-01 1.087786519467888180e-01 1.099276601804493603e-01 8.352345058153315405e-01 6.344093141820569826e-02 6.082721613847158482e-02 -1.081638949947473678e-02 -8.516156385515839533e-01
-2.016806722689075404e-01 1.064871915230433952e-01 1.078834864537798893e-01 8.376407578006684895e-01 7.551862515604805537e-02 7.231487596398476769e-02 -8.517628913941468483e-01 1.064754967942332375e-01 1.078718771293182555e-01 8.376602627190835593e-01 7.552685811489665002e-02 7.232268190787630169e-02 -9.711223763287597788e-03 -8.517707570438890485e-01
-2.067226890756302393e-01 1.043399869387558604e-01 1.059821582090681585e-01 8.399081015901919134e-01 8.742088022189004048e-02 8.362099679844026134e-02 -8.514911525247678137e-01 1.043295768908236582e-01 1.059719084890565349e-01 8.399254636033478549e-01 8.742835491365827383e-02 8.362803912274165141e-02 -8.645654050538686963e-03 -8.514980815916812773e-01
-2.117647058823529105e-01 1.023713720928653981e-01 1.042561380909508562e-01 8.420214915260089139e-01 9.906879729896689302e-02 9.466922657936736873e-02 -8.508304609881900404e-01 1.023621250637439806e-01 1.042471099088571052e-01 8.420369196939434531e-01 9.907555422489755514e-02 9.467555162962919268e-02 -7.622943461019598445e-03 -8.508365413878535843e-01
-2.168067226890756094e-01 1.005933622517972553e-01 1.027171280003656290e-01 8.439909724370391331e-01 1.104192566661288399e-01 1.054165142185820025e-01 -8.498219503838578825e-01 1.005851595711080571e-01 1.027091902751637170e-01 8.440046690051309364e-01 1.104253450297775496e-01 1.054221753568778119e-01 -6.644236859593233811e-03 -8.498272718016484095e-01
-2.218487394957983083e-01 9.976629879798470935e-02 1.020955026618321354e-01 8.490664397023501841e-01 1.218331417957074642e-01 1.162160428606713453e-01 -8.522859155791723262e-01 9.971666631726915087e-02 1.020472159835824622e-01 8.491460584781843624e-01 1.218703325469618071e-01 1.162506660794068170e-01 -5.768130055473260319e-03 -8.523172624275755505e-01
-2.268907563025209795e-01 9.836301032645879128e-02 1.009208089955466181e-01 8.507888993663688115e-01 1.326268950179639305e-01 1.263975234216895560e-01 -8.506716728306813469e-01 9.831802815280721308e-02 1.008773131581524873e-01 8.508608600722062931e-01 1.326610577574093564e-01 1.264291871779364695e-01 -4.866718103068348039e-03 -8.506997014721312533e-01
-2.319327731092436784e-01 9.714213717812701654e-02 9.992608252148656167e-02 8.524002577048941376e-01 1.431254267647471545e-01 1.362770191200644576e-01 -8.488008854329848196e-01 9.710140262390837274e-02 9.988693331541215192e-02 8.524652536337231634e-01 1.431567487568325692e-01 1.363059201032361667e-01 -4.004240674566793973e-03 -8.488259145253453930e-01
-2.369747899159663496e-01 9.609911643396927550e-02 9.904941975851114244e-02 8.539456747271426673e-01 1.535133481480111806e-01 1.461087674019239946e-01 -8.466544005420008068e-01 9.606232174148858494e-02 9.901427608850912887e-02 8.540042343852123352e-01 1.535419725210979136e-01 1.461350583083218801e-01 -3.163006856263624565e-03 -8.466766771043823248e-01
-2.420168067226890485e-01 9.551650722182483677e-02 9.861790818699119054e-02 8.563858320292010440e-01 1.638756478079769208e-01 1.558909160957657747e-01 -8.455155264254250458e-01 9.548436799494788851e-02 9.858734744086142254e-02 8.564364673311312126e-01 1.639009242081752027e-01 1.559141619484546160e-01 -2.367660306387099015e-03 -8.455340676761764485e-01
-2.470588235294117474e-01 9.476555193352689810e-02 9.805984100463452369e-02 8.577550727091771687e-01 1.739105222724454947e-01 1.653104827254764653e-01 -8.428759733750977867e-01 9.473665411882353782e-02 9.803252121462320556e-02 8.578004731293544793e-01 1.739334873576243445e-01 1.653315213470873957e-01 -1.584093954178825755e-03 -8.428923478547513115e-01
-2.521008403361344463e-01 9.415283501991163206e-02 9.765123702112052384e-02 8.590382190280732022e-01 1.837445919761252489e-01 1.745028521314369307e-01 -8.400181362232725935e-01 9.412688158621879131e-02 9.762684114813444114e-02 8.590788848949051371e-01 1.837654222147375727e-01 1.745218619193140419e-01 -8.295961027558007659e-04 -8.400325744536634165e-01
-2.571428571428571175e-01 9.380981642460993475e-02 9.750898241495074836e-02 8.604497876820280666e-01 1.933970415582023372e-01 1.834901230235908010e-01 -8.373280775644371676e-01 9.378700331353903574e-02 9.748763533473132903e-02 8.604853644304953919e-01 1.934155342457272164e-01 1.835069967291572401e-01 -1.122120155766493342e-04 -8.373402471546107506e-01
-2.621848739495797886e-01 9.345449171019074019e-02 9.741548658726759125e-02 8.614927467260518057e-01 2.025519476359148030e-01 1.919121464833681012e-01 -8.341463222935219246e-01 9.343400326592513072e-02 9.739641185205917540e-02 8.615246299635836991e-01 2.025687076973736178e-01 1.919273917950892472e-01 5.656981668284672771e-04 -8.341570367872004343e-01
-2.672268907563025153e-01 9.320588110769319201e-02 9.748735972851127474e-02 8.623919844506190424e-01 2.112160837908391431e-01 1.997603038614199633e-01 -8.309012896759200295e-01 9.318742171931522489e-02 9.747025365246000939e-02 8.624206643155131191e-01 2.112313174258243220e-01 1.997741216260291164e-01 1.194277566065469771e-03 -8.309107624331703024e-01
-2.722689075630251865e-01 9.309434984590614359e-02 9.771461042308558775e-02 8.632488578507111487e-01 2.197280626539805937e-01 2.074062320766819068e-01 -8.276117523179797875e-01 9.307793424817481509e-02 9.769945909185880073e-02 8.632742918860377701e-01 2.197417343811133017e-01 2.074186244462652706e-01 1.792089938487684449e-03 -8.276198953614553044e-01
-2.773109243697478576e-01 9.297259250433206890e-02 9.795495071221860250e-02 8.640745667764000437e-01 2.281928888700887892e-01 2.149665801180177249e-01 -8.240731388766352472e-01 9.295784363399031691e-02 9.794140386662174291e-02 8.640973815875480080e-01 2.282052771952025327e-01 2.149777786266633961e-01 2.375050501398122751e-03 -8.240802984623697425e-01
-2.823529411764705843e-01 9.293469067508061676e-02 9.827311041227348998e-02 8.648828173237272932e-01 2.367102450298647909e-01 2.225645810631499688e-01 -8.203526435032331143e-01 9.292157364863043445e-02 9.826112007603177156e-02 8.649030573105476183e-01 2.367213594369727281e-01 2.225746113611399846e-01 2.944592147292237651e-03 -8.203588134772322737e-01
-2.873949579831932555e-01 9.294177321981231255e-02 9.863997737321539283e-02 8.656900338769749625e-01 2.452786135744640661e-01 2.301937966034355298e-01 -8.164147012761315825e-01 9.293014830957460615e-02 9.862945261770381111e-02 8.657079539283552005e-01 2.452885632553787332e-01 2.302027435731644200e-01 3.504001916770062286e-03 -8.164199997487204818e-01
-2.924369747899159266e-01 9.298949800227203355e-02 9.905623426342073656e-02 8.665181966751479559e-01 2.538983446400638333e-01 2.378512512631729969e-01 -8.122708615381869501e-01 9.297917494203922217e-02 9.904695545027712711e-02 8.665340946288552226e-01 2.539072610899490989e-01 2.378592420821493414e-01 4.054705524964260024e-03 -8.122754446081232871e-01
-2.974789915966385978e-01 9.310308661411186015e-02 9.954552988255110924e-02 8.673362607462029583e-01 2.625349350958604555e-01 2.455020854624463400e-01 -8.079305423045273216e-01 9.309392455785067688e-02 9.953729366632860232e-02 8.673502940383869264e-01 2.625428948039580934e-01 2.455092196289369311e-01 4.594168114641666856e-03 -8.079344677111702788e-01
-3.025210084033613245e-01 9.338565827560967036e-02 1.000144019753498315e-01 8.682775958340609446e-01 2.718765770315417774e-01 2.541006950878494375e-01 -8.029744873161702712e-01 9.337769226761541419e-02 1.000072959228723857e-01 8.682897429128323408e-01 2.718835528857962425e-01 2.541069302755913917e-01 5.182608369558623293e-03 -8.029777589830713325e-01
-3.075630252100839956e-01 9.382497873195602689e-02 1.006310385535746088e-01 8.691155661381734232e-01 2.807945015686136858e-01 2.622873637348815956e-01 -7.979887038942851119e-01 9.381804586820630121e-02 1.006249020424516832e-01 8.691260910678133556e-01 2.808006205800365196e-01 2.622928202328529967e-01 5.740898511369527807e-03 -7.979914278403933414e-01
-3.126050420168066668e-01 9.438039384413653143e-02 1.013549865480267431e-01 8.698771849018914759e-01 2.894513996852583482e-01 2.702220906152801860e-01 -7.929047867901704016e-01 9.437436732978411735e-02 1.013496946416977545e-01 8.698862918913413678e-01 2.894567605584151826e-01 2.702268619450428622e-01 6.277310798866382255e-03 -7.929070441506802513e-01
-3.176470588235293935e-01 9.503058153436880207e-02 1.021645923680975787e-01 8.705809546367032636e-01 2.979354559929290325e-01 2.779924873376747319e-01 -7.876877007800157093e-01 9.502535656600721858e-02 1.021600420383697444e-01 8.705888115695343821e-01 2.979401404417787447e-01 2.779966508182772911e-01 6.796589196101859159e-03 -7.876895574556772583e-01
-3.226890756302520646e-01 9.576478107950797680e-02 1.030484880522162805e-01 8.712399201048350861e-01 3.062931401295596046e-01 2.856456230933905882e-01 -7.823218737528258027e-01 9.576026736891760094e-02 1.030445908951169304e-01 8.712466710169124440e-01 3.062972188936989304e-01 2.856492454451151075e-01 7.301562119137740628e-03 -7.823233854975788493e-01
-3.277310924369747358e-01 9.657779937951850580e-02 1.040007459323462891e-01 8.718635103469816183e-01 3.145483251215481779e-01 2.932066040967948872e-01 -7.768023034712707720e-01 9.657391713250465526e-02 1.039974242354302220e-01 8.718692821559701489e-01 3.145518611830681599e-01 2.932097444417032239e-01 7.794043430372779580e-03 -7.768035186528787772e-01
-3.327731092436974625e-01 9.746730069535192165e-02 1.050182474615772577e-01 8.724586977970465451e-01 3.227129501647927334e-01 3.006889398280275794e-01 -7.711293461829304974e-01 9.746397836335859988e-02 1.050154319808075942e-01 8.724636040749194077e-01 3.227160005119021902e-01 3.006916513460146101e-01 8.275319046455785130e-03 -7.711303073616276871e-01
-3.378151260504201336e-01 9.843589503408339825e-02 1.060985379759748493e-01 8.730311608484053743e-01 3.307954152878654908e-01 3.081081351292155879e-01 -7.653020755925648011e-01 9.843306802101350894e-02 1.060961668282104642e-01 8.730353038510472174e-01 3.307980318554749055e-01 3.081104658582203837e-01 8.746738581670795293e-03 -7.653028204205533092e-01
-3.428571428571428048e-01 9.947978887427605388e-02 1.072414068762927858e-01 8.735840569221009488e-01 3.387934556858645530e-01 3.154584809867329587e-01 -7.593292555119843801e-01 9.947739843332900622e-02 1.072394239723529763e-01 8.735875297459002597e-01 3.387956862624841858e-01 3.154604749105892059e-01 9.208711993375400667e-03 -7.593298176148871592e-01
-3.478991596638655315e-01 1.005988529205971427e-01 1.084462826188785922e-01 8.741207618854129890e-01 3.467093124571348217e-01 3.227436179511098957e-01 -7.532144433481082757e-01 1.005968458047185043e-01 1.084446375137753937e-01 8.741236488687397221e-01 3.467112008296278636e-01 3.227453150406420779e-01 9.662083559953047601e-03 -7.532148526004168732e-01
-3.529411764705882026e-01 1.017934490983938844e-01 1.097128032973807565e-01 8.746440191346093185e-01 3.545439505515472489e-01 3.299663446477972828e-01 -7.469613519204302277e-01 1.017917770348968631e-01 1.097114506377202536e-01 8.746463967049979971e-01 3.545455368571415189e-01 3.299677812111471709e-01 1.010765651822846146e-02 -7.469616348424414909e-01
-3.579831932773108738e-01 1.030641752035220959e-01 1.110408856993045923e-01 8.751560108033661356e-01 3.622975204683568373e-01 3.371286261990208977e-01 -7.405738077365662253e-01 1.030627944640451488e-01 1.110397847547607841e-01 8.751579481664997218e-01 3.622988414783550604e-01 3.371298351739950294e-01 1.054619993495821244e-02 -7.405739878187914682e-01
-3.630252100840335450e-01 1.044117812248919336e-01 1.124306102168614319e-01 8.756584986128466142e-01 3.699698454747776255e-01 3.442321080179814308e-01 -7.340554915771638766e-01 1.044106522730362252e-01 1.124297244902285609e-01 8.756600583046173503e-01 3.699709348195412972e-01 3.442331192098637693e-01 1.097847057787205635e-02 -7.340555895442257839e-01
-3.680672268907562716e-01 1.058371357622289455e-01 1.138822052729573930e-01 8.761529031811698953e-01 3.775606276791851901e-01 3.512782870326644491e-01 -7.274098691761433644e-01 1.058362229478120031e-01 1.138815021584577147e-01 8.761541415372111619e-01 3.775615160410988880e-01 3.512791273223650479e-01 1.140522166925364220e-02 -7.274099032104601736e-01
-3.731092436974789428e-01 1.073412139261714082e-01 1.153960451034835438e-01 8.766403560662326955e-01 3.850695535638976041e-01 3.582685963314111155e-01 -7.206401655884699942e-01 1.073404852126645936e-01 1.153954955810891081e-01 8.766413236325993896e-01 3.850702688489281433e-01 3.582692898636583578e-01 1.182720769319270566e-02 -7.206401515234788224e-01
-3.781512605042016140e-01 1.089227309004877908e-01 1.169709072577719555e-01 8.771182889596961241e-01 3.925029805674853378e-01 3.652106750528261725e-01 -7.137375125927390984e-01 1.089221576831950061e-01 1.169704856560232209e-01 8.771190307731263625e-01 3.925035480081843220e-01 3.652112433760304477e-01 1.224525671305155133e-02 -7.137374640689297944e-01
-3.831932773109243406e-01 1.105862649219100380e-01 1.186106940014311495e-01 8.775916395336631481e-01 3.998495075812845689e-01 3.720943224856827491e-01 -7.067229541457311637e-01 1.105858215961911667e-01 1.186103776053731851e-01 8.775921957370820259e-01 3.998499500540371177e-01 3.720947848337260444e-01 1.265994200035896154e-02 -7.067228828093530257e-01
-3.882352941176470118e-01 1.123324082659691026e-01 1.203152494364158887e-01 8.780604782083519799e-01 4.071121480345832877e-01 3.789245626178932014e-01 -6.995948980457633581e-01 1.123320722152453544e-01 1.203150184033872361e-01 8.780608840696879636e-01 4.071124860187730898e-01 3.789249359358818348e-01 1.307211671196590805e-02 -6.995948136295300213e-01
-3.932773109243696830e-01 1.141623341570031369e-01 1.220851897185124268e-01 8.785248518739775525e-01 4.142919130418340479e-01 3.857041129689028347e-01 -6.923540642408169132e-01 1.141620855099194781e-01 1.220850268200520394e-01 8.785251381481922195e-01 4.142921647892380821e-01 3.857044120981299451e-01 1.348258566779008023e-02 -6.923539747078782947e-01
-3.983193277310924096e-01 1.160774807493496069e-01 1.239215220743046381e-01 8.789846681596594768e-01 4.213892092212508933e-01 3.924348873792143366e-01 -6.850018247592892795e-01 1.160773021797651128e-01 1.239214124809177586e-01 8.789848613869025717e-01 4.213893908896584328e-01 3.924351252129061884e-01 1.389214315901130155e-02 -6.850017364279120669e-01
-4.033613445378150808e-01 1.180794452070461770e-01 1.258255064075540219e-01 8.794396478010204632e-01 4.284043243493021458e-01 3.991185335983042926e-01 -6.775395857171242486e-01 1.180793217515620358e-01 1.258254374932700759e-01 8.794397705834853252e-01 4.284044501230635515e-01 3.991187212280647989e-01 1.430158576814544863e-02 -6.775395033794839872e-01
-4.084033613445377520e-01 1.201699500983803848e-01 1.277986066276595445e-01 8.798893020907908591e-01 4.353375880174081280e-01 4.057566179791294858e-01 -6.699685579976971672e-01 1.201698689825795308e-01 1.277985677863042735e-01 8.798893733641455217e-01 4.353376702225562056e-01 4.057567648388868964e-01 1.471171648795585769e-02 -6.699684850391394164e-01
-4.134453781512604786e-01 1.223508334087916871e-01 1.298424746503025196e-01 8.803329190557221962e-01 4.421894200808343944e-01 4.123506837808689207e-01 -6.622896687003831939e-01 1.223507838785170276e-01 1.298424571196578059e-01 8.803329543627038678e-01 4.421894692977741403e-01 4.123507977913905553e-01 1.512334585833166947e-02 -6.622896072234446541e-01
-4.184873949579831498e-01 1.246240456917327988e-01 1.319589461944324082e-01 8.807695522943026489e-01 4.489603413294721568e-01 4.189022645827971680e-01 -6.545035223017595660e-01 1.246240188473884403e-01 1.319589428861284719e-01 8.807695640651355129e-01 4.489603665047851022e-01 4.189023522984246517e-01 1.553729206902964254e-02 -6.545034732585716108e-01
-4.235294117647058210e-01 1.269946773368082205e-01 1.341490493524930827e-01 8.811994466562309558e-01 4.556501183612622352e-01 4.254127632994768593e-01 -6.466106570159557698e-01 1.269934960114295908e-01 1.341486713955815369e-01 8.812000931352920174e-01 4.556512749666459250e-01 4.254156862161355690e-01 1.595447470483554037e-02 -6.466086935094564891e-01
-4.285714285714285476e-01 1.294589078167139862e-01 1.364172987069743048e-01 8.816186780539988499e-01 4.622614037037798829e-01 4.318840591021719799e-01 -6.386104682951665446e-01 1.294582146269014633e-01 1.364172425042852743e-01 8.816188274144787229e-01 4.622620293338655650e-01 4.318865548825426282e-01 1.637559919742574699e-02 -6.386087979396917191e-01
-4.336134453781512188e-01 1.320220582934148457e-01 1.387648351568706862e-01 8.820263682974688324e-01 4.687938048088854948e-01 4.383172766316493774e-01 -6.305026958545728588e-01 1.320217348696237913e-01 1.387650023160535706e-01 8.820261971625629194e-01 4.687940197844722712e-01 4.383194111421727102e-01 1.680153132428584273e-02 -6.305013479364935947e-01
-4.386554621848738900e-01 1.346864963153588668e-01 1.411942165096933266e-01 8.824205536632894198e-01 4.752482084088631153e-01 4.447138462080398313e-01 -6.222864915698942401e-01 1.346864395334208819e-01 1.411945230008916086e-01 8.824202079238143703e-01 4.752481219895167697e-01 4.447156709695671006e-01 1.723311484882257549e-02 -6.222854767279866195e-01
-4.436974789915966166e-01 1.374554305818462829e-01 1.437077485182690073e-01 8.827992517799331251e-01 4.816257737499957670e-01 4.510757580708931180e-01 -6.139606547698854833e-01 1.374548169167508216e-01 1.437085417603320703e-01 8.827985893078014179e-01 4.816252998067234170e-01 4.510767304795275656e-01 1.767121326502891707e-02 -6.139599361363590191e-01
-4.487394957983192878e-01 1.403293516085913906e-01 1.463094884201542600e-01 8.831591365024115126e-01 4.879270420005714093e-01 4.574028259309071975e-01 -6.055234901287709359e-01 1.403294523897698209e-01 1.463100625028228852e-01 8.831587094655950487e-01 4.879264509717123333e-01 4.574037052906544387e-01 1.811664251966181929e-02 -6.055230341378921022e-01
-4.537815126050419590e-01 1.433145847698923669e-01 1.490034995004185792e-01 8.835001460082965163e-01 4.941598482350115784e-01 4.637034194718706037e-01 -5.969663940203322472e-01 1.433147574278959002e-01 1.490040219401780053e-01 8.834998028923094493e-01 4.941591901290526279e-01 4.637040870456934361e-01 1.857078831496315752e-02 -5.969661858290216117e-01
-4.588235294117646301e-01 1.464114921539027836e-01 1.517914851696880452e-01 8.838170047431830323e-01 5.003152411560043422e-01 4.699683158498487723e-01 -5.882984553717707232e-01 1.464116955807719112e-01 1.517919257631637209e-01 8.838167893715417334e-01 5.003145484760798123e-01 4.699687308964762833e-01 1.903378299061921769e-02 -5.882986003168290123e-01
-4.638655462184873568e-01 1.496226909383355785e-01 1.546768617410775315e-01 8.841042322644803164e-01 5.063965918968615920e-01 4.762012187183590206e-01 -5.795123008785189045e-01 1.496228820965861683e-01 1.546772157806985681e-01 8.841041053359670610e-01 5.063959856061340803e-01 4.762013902452956748e-01 1.950669309864867113e-02 -5.795125156575067216e-01
-4.689075630252100280e-01 1.529510375222671581e-01 1.576631104164237240e-01 8.843590277818506040e-01 5.124056652676817203e-01 4.824034617000420022e-01 -5.706039241279547980e-01 1.529512032372542518e-01 1.576633790704995153e-01 8.843589511986167384e-01 5.124051941368451546e-01 4.824033622399462318e-01 1.999030037815274080e-02 -5.706040797172748924e-01
-4.739495798319326991e-01 1.563995790537456299e-01 1.607540277293074693e-01 8.845772204118601545e-01 5.183436960207727928e-01 4.885759999492164107e-01 -5.615692442112784066e-01 1.563997208113619974e-01 1.607542261572995623e-01 8.845771284805989954e-01 5.183433989479079296e-01 4.885755885663546350e-01 2.048545984122491018e-02 -5.615691856331417320e-01
-4.789915966386554258e-01 1.599714374573295017e-01 1.639535872675272621e-01 8.847542212283210361e-01 5.242117586212220459e-01 4.947194891828611829e-01 -5.524038638087803710e-01 1.599715712194452466e-01 1.639537444445093306e-01 8.847540224080794324e-01 5.242116651256685245e-01 4.947187122596463094e-01 2.099301677186835718e-02 -5.524034095317583715e-01
-4.840336134453780970e-01 1.636697925117362173e-01 1.672659348542622770e-01 8.848849991979681473e-01 5.300108182075505825e-01 5.008343137239552600e-01 -5.431029541944929484e-01 1.636699484749664646e-01 1.672660933497300273e-01 8.848845782812688743e-01 5.300109490487814323e-01 5.008331059131471141e-01 2.151380495590210842e-02 -5.431018957377902190e-01
-4.890756302521007681e-01 1.674978726069651924e-01 1.706953741089953236e-01 8.849640611188339667e-01 5.357417162711741732e-01 5.069205740852753550e-01 -5.336612330906607138e-01 1.674980948817328119e-01 1.706955897953340295e-01 8.849632818626587127e-01 5.357420841889908303e-01 5.069188594410102278e-01 2.204864322228415607e-02 -5.336593348757980859e-01
-4.941176470588234948e-01 1.714589450896354950e-01 1.742463433325943667e-01 8.849854350109764844e-01 5.414051407397026949e-01 5.129780733465897358e-01 -5.240729603268032832e-01 1.714592912740410258e-01 1.742466849944220297e-01 8.849841432215614923e-01 5.414057513091894425e-01 5.129757666427332552e-01 2.259833131000305723e-02 -5.240699598177479546e-01
-4.991596638655461660e-01 1.755563052478516239e-01 1.779233915645394570e-01 8.849426555049109133e-01 5.470015939484326184e-01 5.190063021273151334e-01 -5.143319394576482129e-01 1.755568458687656319e-01 1.779239403765229544e-01 8.849406825651461306e-01 5.470024465385507906e-01 5.190033103641196188e-01 2.316364550125918007e-02 -5.143275476268168722e-01
-5.042016806722688926e-01 1.797932638907678848e-01 1.817311572363969063e-01 8.848287494261343200e-01 5.525313607300564867e-01 5.250044178234628545e-01 -5.044315258673592872e-01 1.797940816829405319e-01 1.817320060750179100e-01 8.848259162369727093e-01 5.525324495490847587e-01 5.250006419152327686e-01 2.374533402742553742e-02 -5.044254280218141151e-01
-5.092436974789915638e-01 1.841731315194618246e-01 1.856743468993406199e-01 8.846362207212951079e-01 5.579944786816039004e-01 5.309712158945866234e-01 -4.943646327217954273e-01 1.841743072549827942e-01 1.856756020369966509e-01 8.846323209244933983e-01 5.579955422994822278e-01 5.309649971030027116e-01 2.434411115778771853e-02 -4.943565140491300580e-01
-5.142857142857142350e-01 1.886992089723825705e-01 1.897577206263151295e-01 8.843570353445557863e-01 5.633906926171416973e-01 5.369051053096917103e-01 -4.841237905869775759e-01 1.887008631549513538e-01 1.897594921263349999e-01 8.843519074946659675e-01 5.633919715264210648e-01 5.368980700415285634e-01 2.496065554315112303e-02 -4.841132619944362725e-01
-5.193277310924369061e-01 1.933747573534555786e-01 1.939860587522325985e-01 8.839826059069436637e-01 5.687194372060174752e-01 5.428040640956464102e-01 -4.737011151831336253e-01 1.933770024041300273e-01 1.939884684351883271e-01 8.839760658185640274e-01 5.687209248454169197e-01 5.427961045333017376e-01 2.559559785053666311e-02 -4.736877938800841958e-01
-5.243697478991595773e-01 1.982029841348423582e-01 1.983641413460845715e-01 8.835037785319101999e-01 5.739797870520594314e-01 5.486656115785828458e-01 -4.630883838145172793e-01 1.982059396413156371e-01 1.983673175989206228e-01 8.834956502195859818e-01 5.739814746365805576e-01 5.486566180091830836e-01 2.624951828536106063e-02 -4.630718690606213661e-01
-5.294117647058822484e-01 2.031963512117785919e-01 2.029067659220086806e-01 8.828998501113027864e-01 5.791639192431186078e-01 5.544817455134848361e-01 -4.522804751011648694e-01 2.031961782763729296e-01 2.029065878001933276e-01 8.829002767521825223e-01 5.791636387523279028e-01 5.544813534598052041e-01 2.692336092072055570e-02 -4.522813614426707263e-01
-5.344537815126050306e-01 2.083417964106041576e-01 2.076010715317410937e-01 8.821799665083702724e-01 5.842818364572720524e-01 5.602581530704696666e-01 -4.412627206068754915e-01 2.083415690090713590e-01 2.076008320276735986e-01 8.821805131937670019e-01 5.842815551027686904e-01 5.602579725561597224e-01 2.761688501897905865e-02 -4.412638506079641365e-01
-5.394957983193277018e-01 2.136491488654087556e-01 2.124593260937517047e-01 8.813244944201990005e-01 5.893260097542000198e-01 5.659865737705224165e-01 -4.300287296239627133e-01 2.136488547067649235e-01 2.124590128105867948e-01 8.813251770893961723e-01 5.893257297296145003e-01 5.659866051026544165e-01 2.833075030449298468e-02 -4.300301466000670536e-01
-5.445378151260503730e-01 2.191210890875571471e-01 2.174859128468544789e-01 8.803219662819758984e-01 5.942937251284768907e-01 5.716623612956415190e-01 -4.185693862136775079e-01 2.191207152781871892e-01 2.174855126977273956e-01 8.803228000610168191e-01 5.942934476799934806e-01 5.716626045236945508e-01 2.906524748805903655e-02 -4.185711360792226388e-01
-5.495798319327730441e-01 2.247600769599613635e-01 2.226849999123044765e-01 8.791603422209934848e-01 5.991817225895976762e-01 5.772802460243605660e-01 -4.068755269835279686e-01 2.247596103050732153e-01 2.226844994592941107e-01 8.791613408083741588e-01 5.991814481422494953e-01 5.772807010463930633e-01 2.982057147734910527e-02 -4.068776575801211770e-01
-5.546218487394957153e-01 2.305683079395408897e-01 2.280604837246896222e-01 8.778270259446618873e-01 6.039861613871709833e-01 5.828343086458435129e-01 -3.949380372136343520e-01 2.305677353077102976e-01 2.280598695844480994e-01 8.778282010022471216e-01 6.039858897156218376e-01 5.828349752122625738e-01 3.059681095357890193e-02 -3.949405974868953062e-01
-5.596638655462183864e-01 2.365238989056588081e-01 2.335913017656507662e-01 8.763074584418704127e-01 6.086764326273019776e-01 5.883033164102645651e-01 -3.827781245968120971e-01 2.365232083325314039e-01 2.335905619368017494e-01 8.763088182394973558e-01 6.086761617008781267e-01 5.883041907519545033e-01 3.138998345749405283e-02 -3.827811635908541232e-01
-5.647058823529411686e-01 2.426118080393147580e-01 2.392628407587273076e-01 8.745877756514180978e-01 6.132527006865401420e-01 5.936909942319310574e-01 -3.703386308279871253e-01 2.426109861885298868e-01 2.392619383469933581e-01 8.745893235739603533e-01 6.132523904782869462e-01 5.936922125080555945e-01 3.219586445447874395e-02 -3.703422185472985406e-01
-5.697478991596638398e-01 2.488825516433527396e-01 2.451356233809114382e-01 8.726563273544867272e-01 6.177682265957694652e-01 5.990254662022223009e-01 -3.575264578684748118e-01 2.488815908611594907e-01 2.451345764348141498e-01 8.726580691848883076e-01 6.177679673202866040e-01 5.990268808468334205e-01 3.302511606970016250e-02 -3.575306217863920555e-01
-5.747899159663865110e-01 2.553375830301213845e-01 2.512084110540481752e-01 8.705006123240873750e-01 6.221905632819895171e-01 6.042693792888627069e-01 -3.444209634117753049e-01 2.553364758806482837e-01 2.512072125283424939e-01 8.705025461981896751e-01 6.221903512484896481e-01 6.042709877382916872e-01 3.387581854955230842e-02 -3.444257482877623455e-01
-5.798319327731091821e-01 2.619777087035413676e-01 2.574828133430520083e-01 8.681053194786774174e-01 6.265081195909528722e-01 6.094089417324309865e-01 -3.310296640136832225e-01 2.619764713764239916e-01 2.574814020152075833e-01 8.681074323430695294e-01 6.265079519013512233e-01 6.094107443688991932e-01 3.474750215710253193e-02 -3.310350992838733131e-01
-5.848739495798318533e-01 2.688040697281839364e-01 2.639601945860247101e-01 8.654543785601730432e-01 6.307121641789581457e-01 6.144339370782743170e-01 -3.173489355013731084e-01 2.688026684257437404e-01 2.639586453372099739e-01 8.654566719139653586e-01 6.307120337467159166e-01 6.144359255240654516e-01 3.563966054775002251e-02 -3.173550642989106385e-01
-5.899159663865545244e-01 2.758174798445367504e-01 2.706415195747676750e-01 8.625313947781978463e-01 6.347936395595042969e-01 6.193344816549992693e-01 -3.033745110237333065e-01 2.758159167162302361e-01 2.706398276062821906e-01 8.625338546066814160e-01 6.347935398913626681e-01 6.193366530717359097e-01 3.655167582570208185e-02 -3.033813545260756750e-01
-5.949579831932771956e-01 2.830162406725790225e-01 2.775250897178442866e-01 8.593200274520047532e-01 6.387404112929875311e-01 6.240983309286106673e-01 -2.891098367111237244e-01 2.830145212242770048e-01 2.775232542414612369e-01 8.593226360035531863e-01 6.387403344233686386e-01 6.241006823353740796e-01 3.748247600980130628e-02 -2.891174049974332139e-01
-5.999999999999999778e-01 2.904080460195371804e-01 2.846173360535208530e-01 8.558025028661294664e-01 6.425552467077908503e-01 6.287293264430567907e-01 -2.745066942119985809e-01 2.904061797204881556e-01 2.846153591365711000e-01 8.558052393546136116e-01 6.425551845671423346e-01 6.287318549419957936e-01 3.843239500895755112e-02 -2.745149845896755481e-01
