0.000000000000000000e+00 9.999999999999977796e-01
-5.042016806722688510e-03 9.999999999999990008e-01
-1.008403361344537702e-02 9.901445495581873146e-01
-1.512605042016806553e-02 9.901312140530734718e-01
-2.016806722689075404e-02 9.901163080136519135e-01
-2.521008403361344255e-02 9.901001702161706941e-01
-3.025210084033613106e-02 9.900872351494641732e-01
-3.529411764705882304e-02 9.900712665203272866e-01
-4.033613445378150808e-02 9.526625569555291495e-01
-4.537815126050419312e-02 9.525987247993992213e-01
-5.042016806722688510e-02 9.525446473000178660e-01
-5.546218487394957708e-02 9.525027874421880814e-01
-6.050420168067226212e-02 9.524727401880177524e-01
-6.554621848739494716e-02 9.524545822883312418e-01
-7.058823529411764608e-02 9.524464503880918365e-01
-7.563025210084033112e-02 9.524470455446703010e-01
-8.067226890756301616e-02 8.706455600918943105e-01
-8.571428571428570120e-02 8.706776984351516369e-01
-9.075630252100838624e-02 7.116016051586829816e-01
-9.579831932773108516e-02 3.831676033488354283e-01
-1.008403361344537702e-01 3.833006726973745559e-01
-1.058823529411764552e-01 3.834484639970934805e-01
-1.109243697478991542e-01 3.836086282667816039e-01
-1.159663865546218392e-01 3.837788886599568516e-01
-1.210084033613445242e-01 2.187360886152296124e-01
-1.260504201680672232e-01 2.188741908956663706e-01
-1.310924369747898943e-01 2.190168573608572700e-01
-1.361344537815125932e-01 2.191630262196613277e-01
-1.411764705882352922e-01 2.193114930126822404e-01
-1.462184873949579633e-01 2.194608979084724798e-01
-1.512605042016806622e-01 2.196097939140246313e-01
-1.563025210084033334e-01 1.287819328652532458e-01
-1.613445378151260323e-01 1.289131380657038972e-01
-1.663865546218487312e-01 1.290400063173444967e-01
-1.714285714285714024e-01 1.291617786694893577e-01
-1.764705882352941013e-01 1.292752764215425454e-01
-1.815126050420167725e-01 7.418039729201468535e-02
-1.865546218487394714e-01 7.427050005071120231e-02
-1.915966386554621703e-01 7.434832258845329445e-02
-1.966386554621848415e-01 7.441253059119463942e-02
-2.016806722689075404e-01 7.446548660084932603e-02
-2.067226890756302393e-01 7.449861594226372952e-02
-2.117647058823529105e-01 4.079911615819996340e-02
-2.168067226890756094e-01 4.080112286868272514e-02
-2.218487394957983083e-01 4.078587384556056628e-02
-2.268907563025209795e-01 4.075321990393018096e-02
-2.319327731092436784e-01 4.070306299960314150e-02
-2.369747899159663496e-01 2.053233491950264694e-02
-2.420168067226890485e-01 2.045108692895624206e-02
-2.470588235294117474e-01 2.035260692286708015e-02
-2.521008403361344463e-01 2.023696696891089802e-02
-2.571428571428571175e-01 8.643235664032760182e-03
-2.621848739495797886e-01 8.496235827017554684e-03
-2.672268907563025153e-01 8.333215552265037240e-03
-2.722689075630251865e-01 8.154441079078133051e-03
-2.773109243697478576e-01 1.832987407095735492e-03
-2.823529411764705843e-01 1.624192732287454413e-03
-2.873949579831932555e-01 -1.606789215170776122e-03
-2.924369747899159266e-01 -1.846186108704314091e-03
-2.974789915966385978e-01 -3.902489433409204230e-03
-3.025210084033613245e-01 -4.315121832690782533e-03
-3.075630252100839956e-01 -4.458319711614722528e-03
-3.126050420168066668e-01 -4.932740002673312654e-03
-3.176470588235293935e-01 -5.249049441786939919e-03
-3.226890756302520646e-01 -5.580298900074977253e-03
-3.277310924369747358e-01 -5.926204985814770981e-03
-3.327731092436974625e-01 -6.306037445679007168e-03
-3.378151260504201336e-01 -6.695350616977081490e-03
-3.428571428571428048e-01 -7.095566324809459043e-03
-3.478991596638655315e-01 -7.507872379766532961e-03
-3.529411764705882026e-01 -7.932729112556364745e-03
-3.579831932773108738e-01 -8.370156101059948728e-03
-3.630252100840335450e-01 -8.819912664790428500e-03
-3.680672268907562716e-01 -9.281601478551967585e-03
-3.731092436974789428e-01 -9.754853217835696491e-03
-3.781512605042016140e-01 -1.023915124943334566e-02
-3.831932773109243406e-01 -1.073359523326258662e-02
-3.882352941176470118e-01 -1.123759997094341857e-02
-3.932773109243696830e-01 -1.175050611398736899e-02
-3.983193277310924096e-01 -1.227160298139361519e-02
-4.033613445378150808e-01 -1.280013941599924925e-02
-4.084033613445377520e-01 -1.333532894269195274e-02
-4.134453781512604786e-01 -1.387635231414215999e-02
-4.184873949579831498e-01 -1.442235891425262470e-02
-4.235294117647058210e-01 -1.497246769669476237e-02
-4.285714285714285476e-01 -1.552576795989377492e-02
-4.336134453781512188e-01 -1.608188569519372266e-02
-4.386554621848738900e-01 -1.663854380026081464e-02
-4.436974789915966166e-01 -1.719576557347330531e-02
-4.487394957983192878e-01 -1.775225825564274648e-02
-4.537815126050419590e-01 -1.830696561687384163e-02
-4.588235294117646301e-01 -1.885881112956332845e-02
-4.638655462184873568e-01 -1.940670599816421427e-02
-4.689075630252100280e-01 -1.994950696878057539e-02
-4.739495798319326991e-01 -2.048608203915408543e-02
-4.789915966386554258e-01 -2.101526659566978206e-02
-4.840336134453780970e-01 -2.153587602735225828e-02
-4.890756302521007681e-01 -2.204670627829653437e-02
-4.941176470588234948e-01 -2.254653564880044689e-02
-4.991596638655461660e-01 -2.303415342472496172e-02
-5.042016806722688926e-01 -2.350825982164432906e-02
-5.092436974789915638e-01 -2.396759218323024632e-02
-5.142857142857142350e-01 -2.441087807638291779e-02
-5.193277310924369061e-01 -2.483682712587297059e-02
-5.243697478991595773e-01 -2.524413657905493630e-02
-5.294117647058822484e-01 -2.563149477742727653e-02
-5.344537815126050306e-01 -2.599758337065770364e-02
-5.394957983193277018e-01 -2.634107935584308405e-02
-5.445378151260503730e-01 -2.666088187368286302e-02
-5.495798319327730441e-01 -2.695505613153299090e-02
-5.546218487394957153e-01 -2.722240289993523715e-02
-5.596638655462183864e-01 -2.746232190824633712e-02
-5.647058823529411686e-01 -2.767293138793226401e-02
-5.697478991596638398e-01 -2.785306677693092856e-02
-5.747899159663865110e-01 -2.800143135227022712e-02
-5.798319327731091821e-01 -2.811675826935772227e-02
-5.848739495798318533e-01 -2.819780499690650172e-02
-5.899159663865545244e-01 -2.824335833842431948e-02
-5.949579831932771956e-01 -2.825223992407535287e-02
-5.999999999999999778e-01 -2.822331228132601150e-02
