0.000000000000000000e+00 9.999999999999963363e-01
-5.042016806722688510e-03 1.000000000000000666e+00
-1.008403361344537702e-02 1.000000000000001998e+00
-1.512605042016806553e-02 9.999999999999961142e-01
-2.016806722689075404e-02 1.000000000000001776e+00
-2.521008403361344255e-02 1.000000000000001776e+00
-3.025210084033613106e-02 9.999999999999994449e-01
-3.529411764705882304e-02 1.000000000000001554e+00
-4.033613445378150808e-02 9.999999999999988898e-01
-4.537815126050419312e-02 1.000000000000000444e+00
-5.042016806722688510e-02 9.999999999999986677e-01
-5.546218487394957708e-02 1.000000000000000888e+00
-6.050420168067226212e-02 9.896857027702792298e-01
-6.554621848739494716e-02 9.897052757664381861e-01
-7.058823529411764608e-02 9.897268723130334678e-01
-7.563025210084033112e-02 9.897489360403449732e-01
-8.067226890756301616e-02 9.897863487969076335e-01
-8.571428571428570120e-02 9.898060685979894746e-01
-9.075630252100838624e-02 9.898273765195083618e-01
-9.579831932773108516e-02 9.898493719017275039e-01
-1.008403361344537702e-01 9.898717160936105763e-01
-1.058823529411764552e-01 9.519116022708673519e-01
-1.109243697478991542e-01 9.520140618889243456e-01
-1.159663865546218392e-01 9.521186055632953060e-01
-1.210084033613445242e-01 8.700014507376132578e-01
-1.260504201680672232e-01 8.702574483817171469e-01
-1.310924369747898943e-01 3.819951722563977303e-01
-1.361344537815125932e-01 3.825337968997906679e-01
-1.411764705882352922e-01 3.830840682843553724e-01
-1.462184873949579633e-01 3.836395985351168658e-01
-1.512605042016806622e-01 2.190525041667307493e-01
-1.563025210084033334e-01 2.194547116500098483e-01
-1.613445378151260323e-01 2.198501241049625743e-01
-1.663865546218487312e-01 2.202305654108317190e-01
-1.714285714285714024e-01 2.205869475723236106e-01
-1.764705882352941013e-01 1.296716045618303836e-01
-1.815126050420167725e-01 1.299373834510027248e-01
-1.865546218487394714e-01 1.301634749682887282e-01
-1.915966386554621703e-01 1.303439788171966152e-01
-1.966386554621848415e-01 7.523532925525948378e-02
-2.016806722689075404e-01 7.532346538366796462e-02
-2.067226890756302393e-01 7.536306288089893168e-02
-2.117647058823529105e-01 7.535452919734213217e-02
-2.168067226890756094e-01 7.529929484927143368e-02
-2.218487394957983083e-01 4.150634866599382800e-02
-2.268907563025209795e-01 4.137894694767096232e-02
-2.319327731092436784e-01 4.121265906066857998e-02
-2.369747899159663496e-01 4.100538727838164837e-02
-2.420168067226890485e-01 2.069111624121042214e-02
-2.470588235294117474e-01 2.042077055825516907e-02
-2.521008403361344463e-01 2.011639753696384952e-02
-2.571428571428571175e-01 8.348459407780060501e-03
-2.621848739495797886e-01 7.998408180461330161e-03
-2.672268907563025153e-01 7.633976590873417685e-03
-2.722689075630251865e-01 1.138701747789290985e-03
-2.773109243697478576e-01 7.296895023366047669e-04
-2.823529411764705843e-01 -2.704036875893643145e-03
-2.873949579831932555e-01 -5.106006087355512320e-03
-2.924369747899159266e-01 -5.598427643196686454e-03
-2.974789915966385978e-01 -6.148485026859987733e-03
-3.025210084033613245e-01 -6.748356188826571192e-03
-3.075630252100839956e-01 -7.357836416714233843e-03
-3.126050420168066668e-01 -7.982416797353857410e-03
-3.176470588235293935e-01 -8.624827515557348390e-03
-3.226890756302520646e-01 -9.286064426451169640e-03
-3.277310924369747358e-01 -9.966083038091754290e-03
-3.327731092436974625e-01 -1.066422985974904702e-02
-3.378151260504201336e-01 -1.137993615509445659e-02
-3.428571428571428048e-01 -1.211139618022277244e-02
-3.478991596638655315e-01 -1.285730937467625089e-02
-3.529411764705882026e-01 -1.361627007795980331e-02
-3.579831932773108738e-01 -1.438677571596377186e-02
-3.630252100840335450e-01 -1.516725683917436937e-02
-3.680672268907562716e-01 -1.595608880147740549e-02
-3.731092436974789428e-01 -1.675159808056506106e-02
-3.781512605042016140e-01 -1.755303427639040223e-02
-3.831932773109243406e-01 -1.835719713603347139e-02
-3.882352941176470118e-01 -1.916258936957512815e-02
-3.932773109243696830e-01 -1.996747825560045431e-02
-3.983193277310924096e-01 -2.077002329071858319e-02
-4.033613445378150808e-01 -2.156832403125028691e-02
-4.084033613445377520e-01 -2.236043818149051343e-02
-4.134453781512604786e-01 -2.314438896798147807e-02
-4.184873949579831498e-01 -2.391816881620428131e-02
-4.235294117647058210e-01 -2.468141776213192765e-02
-4.285714285714285476e-01 -2.542878844958322213e-02
-4.336134453781512188e-01 -2.615978436357100159e-02
-4.386554621848738900e-01 -2.687229807109827937e-02
-4.436974789915966166e-01 -2.756404241365005212e-02
-4.487394957983192878e-01 -2.823298121148352241e-02
-4.537815126050419590e-01 -2.887708266152549594e-02
-4.588235294117646301e-01 -2.949394297597696113e-02
-4.638655462184873568e-01 -3.008163955172278928e-02
-4.689075630252100280e-01 -3.063797463621058259e-02
-4.739495798319326991e-01 -3.116079597427148448e-02
-4.789915966386554258e-01 -3.164795113043026437e-02
-4.840336134453780970e-01 -3.209730227300445354e-02
-4.890756302521007681e-01 -3.250673592275951651e-02
-4.941176470588234948e-01 -3.287417211525114902e-02
-4.991596638655461660e-01 -3.319757378926483510e-02
-5.042016806722688926e-01 -3.347495668343625219e-02
-5.092436974789915638e-01 -3.370440165984470854e-02
-5.142857142857142350e-01 -3.388405961319189419e-02
-5.193277310924369061e-01 -3.401217414935588101e-02
-5.243697478991595773e-01 -3.408708865654472286e-02
-5.294117647058822484e-01 -3.410720547152606280e-02
-5.344537815126050306e-01 -3.407127280871889013e-02
-5.394957983193277018e-01 -3.397791722018316668e-02
-5.445378151260503730e-01 -3.382604189559171304e-02
-5.495798319327730441e-01 -3.361473175979851763e-02
-5.546218487394957153e-01 -3.334327073458205615e-02
-5.596638655462183864e-01 -3.301677755815964760e-02
-5.647058823529411686e-01 -3.264100373613749995e-02
-5.697478991596638398e-01 -3.220408346158641633e-02
-5.747899159663865110e-01 -3.170412116274428510e-02
-5.798319327731091821e-01 -3.114103079356013437e-02
-5.848739495798318533e-01 -3.051507933481143256e-02
-5.899159663865545244e-01 -2.982676641570835424e-02
-5.949579831932771956e-01 -2.907739489569083000e-02
-5.999999999999999778e-01 -2.826525888188782809e-02
