#kx=8.0, ky=0.0, Jx=1.0, Jy=1.0, Jz=2.5, h=0.0
3.0715787157076235e-05 0.00018270149766522935
0.0005900348232976138 0.0005905873135710298
0.0009060777719100965 0.0011504381038895644
0.0015924620543582568 0.00028966922612118536
0.002190966176874254 0.003962978038510989
0.0025823486631177395 0.001319707960248704
0.0029901383952206095 0.0005768246238747495
0.0036732731138215957 0.0017840881911226735
0.005613014190872401 0.0006999148224275958
0.009617070192890986 0.0004188005228208167
0.036511718228572465 0.0004374211296960764
0.0400032088377954 0.0010251990250741444
0.040730683256069156 0.0015557033603715387
0.04132877734022272 0.0007535461364575467
0.04174205411578552 0.001254361305425458
0.042067453573509606 0.004949451630947978
0.04249492449410103 0.00032821054768086746
0.04289653897586615 2.06063568658291e-05
0.04340988434398685 0.0002567851111704959
0.04361483732391813 0.0006589627056565408
0.04653128418363239 0.00028968240192923884
0.049408056013934554 6.437760220880764e-05
0.04992312272320326 0.00044335086188900127
0.052734324040428215 8.510161121022677e-08
0.055171644077990856 0.00021686545902333841
0.060654390723665186 0.0003492509480517251
0.06093149201992193 0.0003507725109463534
0.06168433835295989 0.0021982887060313793
0.062315052383675074 0.0021828080504707865
0.06251391091001646 0.0002751999981567167
0.0629131153454745 0.002272425167531931
0.063340145399432 0.00011490310443882014
0.0638197420297909 0.0016622883299430946
0.06425578345405886 0.0001249164429420881
0.06462268069246374 8.688499518933093e-05
0.07528648737481586 9.614548300650679e-05
0.07826103188770311 0.0006174186977549991
0.08518961690448923 0.0005988589420837233
0.08797771326641168 0.00031617106015801384
0.09211474567830175 0.00010306125782456718
0.0975236752710876 0.00025821995708313346
0.10000830293596738 0.00022865649652712883
0.100563654708963 0.00016204070047560342
0.10110021757041879 0.0001900168559064353
0.10142068179310318 0.0006191835256855434
0.1018167148248155 0.0007086774585253026
0.1023920269026084 0.0011805735531609518
0.10255243281321189 0.00039869440048223234
0.10273209005632278 0.003979106673532974
0.10305150681757147 0.0007802266716031897
0.10343816596114067 0.00013911343541661854
0.10362159470914076 0.0014636761918816656
0.10387603777721888 0.0005341888005547003
0.10465716740368883 0.0006016661758313831
0.10481391971482151 0.0005803521252318643
0.1058389257597239 0.0001497141921766484
0.10976179723183954 0.0003211647684309512
0.13264047558900202 3.402272091438965e-05
0.15434325395502269 0.00019504317652467958
0.19061597601034677 1.3432217565476896e-06
