#kx=8.0, ky=0.0, Jx=1.0, Jy=1.0, Jz=2.5, h=0.0
3.0715787157076235e-05 -0.505936317662585
0.0005900348232976138 -0.505936317662585
0.0009060777719100965 -0.505936317662585
0.0015924620543582568 -0.505936317662585
0.002190966176874254 -0.505936317662585
0.0025823486631177395 -0.505936317662585
0.0029901383952206095 -0.505936317662585
0.0036732731138215957 -0.505936317662585
0.005613014190872401 -0.505936317662585
0.009617070192890986 -0.505936317662585
0.036511718228572465 -0.505936317662585
0.0400032088377954 -0.505936317662585
0.040730683256069156 -0.505936317662585
0.04132877734022272 -0.505936317662585
0.04174205411578552 -0.505936317662585
0.042067453573509606 -0.505936317662585
0.04249492449410103 -0.505936317662585
0.04289653897586615 -0.505936317662585
0.04340988434398685 -0.505936317662585
0.04361483732391813 -0.505936317662585
0.04653128418363239 -0.505936317662585
0.049408056013934554 -0.505936317662585
0.04992312272320326 -0.505936317662585
0.052734324040428215 -0.505936317662585
0.055171644077990856 -0.505936317662585
0.060654390723665186 -0.505936317662585
0.06093149201992193 -0.505936317662585
0.06168433835295989 -0.505936317662585
0.062315052383675074 -0.505936317662585
0.06251391091001646 -0.505936317662585
0.0629131153454745 -0.505936317662585
0.063340145399432 -0.505936317662585
0.0638197420297909 -0.505936317662585
0.06425578345405886 -0.505936317662585
0.06462268069246374 -0.505936317662585
0.07528648737481586 -0.505936317662585
0.07826103188770311 -0.505936317662585
0.08518961690448923 -0.505936317662585
0.08797771326641168 -0.505936317662585
0.09211474567830175 -0.505936317662585
0.0975236752710876 -0.505936317662585
0.10000830293596738 -0.505936317662585
0.100563654708963 -0.505936317662585
0.10110021757041879 -0.505936317662585
0.10142068179310318 -0.505936317662585
0.1018167148248155 -0.505936317662585
0.1023920269026084 -0.505936317662585
0.10255243281321189 -0.505936317662585
0.10273209005632278 -0.505936317662585
0.10305150681757147 -0.505936317662585
0.10343816596114067 -0.505936317662585
0.10362159470914076 -0.505936317662585
0.10387603777721888 -0.505936317662585
0.10465716740368883 -0.505936317662585
0.10481391971482151 -0.505936317662585
0.1058389257597239 -0.505936317662585
0.10976179723183954 -0.505936317662585
0.13264047558900202 -0.505936317662585
0.15434325395502269 -0.505936317662585
0.19061597601034677 -0.505936317662585
