0.000000000000000000e+00 -2.152680102581042143e-02 -1.898241732446786373e-02 -8.529833036463231599e-02 -2.516150974298211884e-01
-5.042016806722688510e-03 -2.143706806514152768e-02 -1.634952082120817718e-02 -8.743729133100344719e-02 -2.504477619049783610e-01
-1.008403361344537702e-02 -2.203852201096904301e-02 -1.723040599803475625e-02 -8.618811402047574233e-02 -2.509140962759260907e-01
-1.512605042016806553e-02 -2.232939213359236286e-02 -1.789705388810389902e-02 -8.540675723853145829e-02 -2.512664428826565932e-01
-2.016806722689075404e-02 -2.248397087889738438e-02 -1.844483485669753953e-02 -8.483326988182617046e-02 -2.515242233499026536e-01
-2.521008403361344255e-02 -2.257703431672232475e-02 -1.892003863523683896e-02 -8.436243642330315540e-02 -2.517191372446075937e-01
-3.025210084033613106e-02 -2.262929755583847902e-02 -1.933336241873411659e-02 -8.396808471475480928e-02 -2.518616631454081989e-01
-3.529411764705882304e-02 -2.265304468780509478e-02 -1.968915519993181401e-02 -8.364051142119867388e-02 -2.519656622718950967e-01
-4.033613445378150808e-02 -2.265540896463981435e-02 -1.999101987697320115e-02 -8.337418001005426904e-02 -2.520415358462873567e-01
-4.537815126050419312e-02 -2.264169392296384170e-02 -2.024318717492876174e-02 -8.316366086494332566e-02 -2.520974960160706768e-01
-5.042016806722688510e-02 -2.261901568695560624e-02 -2.045421593310527142e-02 -8.299616377213669960e-02 -2.521393158616384578e-01
-5.546218487394957708e-02 -2.259265842908930733e-02 -2.063200069718863425e-02 -8.286045475478552580e-02 -2.521708887350365136e-01
-6.050420168067226212e-02 -2.256530020900250622e-02 -2.078222303353323072e-02 -8.274972130463711939e-02 -2.521953128874649952e-01
-6.554621848739494716e-02 -2.253915603262150735e-02 -2.091006261716317829e-02 -8.265756396952392282e-02 -2.522145788144568579e-01
-7.058823529411764608e-02 -2.251452136635902906e-02 -2.101920704578580726e-02 -8.258087675444401865e-02 -2.522304434421633323e-01
-7.563025210084033112e-02 -2.249073285648517731e-02 -2.111022450363593539e-02 -8.251931762924988312e-02 -2.522420287786410475e-01
-8.067226890756301616e-02 -2.246657210982527103e-02 -2.118618493335568120e-02 -8.247277533147774620e-02 -2.522528248830087638e-01
-8.571428571428570120e-02 -2.244350787888350907e-02 -2.125073733674631704e-02 -8.243589451070777729e-02 -2.522623547341888428e-01
-9.075630252100838624e-02 -2.241967317896193662e-02 -2.130376775745048551e-02 -8.241063193717500235e-02 -2.522705705324044256e-01
-9.579831932773108516e-02 -2.239708499105010422e-02 -2.134863709135407378e-02 -8.239182620602120144e-02 -2.522779073081270473e-01
-1.008403361344537702e-01 -2.237712697368585135e-02 -2.138840136091302302e-02 -8.237515589395849602e-02 -2.522846021073743006e-01
-1.058823529411764552e-01 -2.235996044776811589e-02 -2.142458205880594380e-02 -8.235901458440536560e-02 -2.522908078939339327e-01
-1.109243697478991542e-01 -2.234947039620781978e-02 -2.146171862170579564e-02 -8.233502758228712637e-02 -2.522966209781519753e-01
-1.159663865546218392e-01 -2.234178703174054953e-02 -2.149740008384448675e-02 -8.230954021935908693e-02 -2.523021706319356627e-01
-1.210084033613445242e-01 -2.233419710896508703e-02 -2.152977208237637913e-02 -8.228717294321165332e-02 -2.523075631938609953e-01
-1.260504201680672232e-01 -2.232685274177434107e-02 -2.155953855405123507e-02 -8.226708271643434767e-02 -2.523128240623924712e-01
-1.310924369747898943e-01 -2.231985251927028069e-02 -2.158710184478987437e-02 -8.224887228430258213e-02 -2.523181606291160506e-01
-1.361344537815125932e-01 -2.231338080987651032e-02 -2.161271094688225342e-02 -8.223204204116858762e-02 -2.523234393953608379e-01
-1.411764705882352922e-01 -2.230722717602684133e-02 -2.163630708383248308e-02 -8.221673006083715651e-02 -2.523283975620238540e-01
-1.462184873949579633e-01 -2.230110336118715925e-02 -2.165780448664668748e-02 -8.220314223914575169e-02 -2.523326979205667842e-01
-1.512605042016806622e-01 -2.229471854643684525e-02 -2.167730383843351899e-02 -8.219142450127209232e-02 -2.523362510993331087e-01
-1.563025210084033334e-01 -2.228803751665682509e-02 -2.169512101210337163e-02 -8.218139243200432709e-02 -2.523392489739225697e-01
-1.613445378151260323e-01 -2.228121924088256878e-02 -2.171157045696393839e-02 -8.217268955546062903e-02 -2.523419252103965560e-01
-1.663865546218487312e-01 -2.227432511150362338e-02 -2.172766433379378498e-02 -8.216483267202107088e-02 -2.523454660864447585e-01
-1.714285714285714024e-01 -2.226808283877509953e-02 -2.174313481634793793e-02 -8.215637135631655152e-02 -2.523478745320898997e-01
-1.764705882352941013e-01 -2.226181561571169421e-02 -2.175738525481445834e-02 -8.214909845560568191e-02 -2.523501966389138929e-01
-1.815126050420167725e-01 -2.225549910799298065e-02 -2.177048620715340416e-02 -8.214298656584052838e-02 -2.523524731153283795e-01
-1.865546218487394714e-01 -2.224908312955842238e-02 -2.178251264213284383e-02 -8.213801733337533495e-02 -2.523547203403095907e-01
-1.915966386554621703e-01 -2.224239709197837339e-02 -2.179347467636368746e-02 -8.213434961738211304e-02 -2.523569343253889707e-01
-1.966386554621848415e-01 -2.223577484458476999e-02 -2.180359532423643831e-02 -8.213142510649604211e-02 -2.523591132171574825e-01
-2.016806722689075404e-01 -2.222941191980346703e-02 -2.181309552412579594e-02 -8.212882683172050002e-02 -2.523612536220157798e-01
-2.067226890756302393e-01 -2.222377802101613981e-02 -2.182249593377073860e-02 -8.212556280800104025e-02 -2.523633514500145392e-01
-2.117647058823529105e-01 -2.221887985682115957e-02 -2.183185098128138241e-02 -8.212157184689698741e-02 -2.523654066748968194e-01
-2.168067226890756094e-01 -2.221288057737327848e-02 -2.183941834026559281e-02 -8.212044206575006000e-02 -2.523674483134877300e-01
-2.218487394957983083e-01 -2.220625208649023088e-02 -2.184572473165389411e-02 -8.212117367236526633e-02 -2.523694769278991834e-01
-2.268907563025209795e-01 -2.219944928116193011e-02 -2.185128814565942545e-02 -8.212279150282596196e-02 -2.523714898619913716e-01
-2.319327731092436784e-01 -2.219272606472302151e-02 -2.185641556039443975e-02 -8.212473315010884733e-02 -2.523734861792764073e-01
-2.369747899159663496e-01 -2.218557659738985485e-02 -2.186076474636666767e-02 -8.212805095139025235e-02 -2.523758788121462926e-01
-2.420168067226890485e-01 -2.217837573485071517e-02 -2.186392839925504344e-02 -8.213235306632901689e-02 -2.523778241817941081e-01
-2.470588235294117474e-01 -2.217208084911390098e-02 -2.186774829151525226e-02 -8.213505457048418668e-02 -2.523797472192421676e-01
-2.521008403361344463e-01 -2.216498702648142180e-02 -2.186786580174542027e-02 -8.213676175434710125e-02 -2.523705502955820301e-01
-2.571428571428571175e-01 -2.215521675189880552e-02 -2.186764504835678885e-02 -8.214694611050313289e-02 -2.523726145097149320e-01
-2.621848739495797886e-01 -2.214554966705443995e-02 -2.186720468383646435e-02 -8.215719046709064888e-02 -2.523746801398587536e-01
-2.672268907563025153e-01 -2.213787428840369512e-02 -2.186859566175121741e-02 -8.216356102935262751e-02 -2.523767252946070849e-01
-2.722689075630251865e-01 -2.213135271289503464e-02 -2.187096301483047733e-02 -8.216775467159892488e-02 -2.523787674794879532e-01
-2.773109243697478576e-01 -2.212527553914304598e-02 -2.187364452365704592e-02 -8.217114375060240172e-02 -2.523808189860496931e-01
-2.823529411764705843e-01 -2.211979211761686340e-02 -2.187651511807836568e-02 -8.217337480308732622e-02 -2.523822587779754878e-01
-2.873949579831932555e-01 -2.211467190329366797e-02 -2.187926207657957256e-02 -8.217563264413967061e-02 -2.523843370538223496e-01
-2.924369747899159266e-01 -2.210922349975689982e-02 -2.188168104165554018e-02 -8.217849639083765756e-02 -2.523864454981655236e-01
-2.974789915966385978e-01 -2.210348451374206935e-02 -2.188381743284212311e-02 -8.218188031706907815e-02 -2.523885906831401238e-01
-3.025210084033613245e-01 -2.209747385593584593e-02 -2.188569793572247776e-02 -8.218573570362457115e-02 -2.523907796452160013e-01
-3.075630252100839956e-01 -2.209119899099198925e-02 -2.188733835939496442e-02 -8.219003575331500222e-02 -2.523930201092884906e-01
-3.126050420168066668e-01 -2.208466040940539055e-02 -2.188874837567390819e-02 -8.219476633823973033e-02 -2.523953206107729663e-01
-3.176470588235293935e-01 -2.207785422604229691e-02 -2.188993423984401943e-02 -8.219992061432375430e-02 -2.523976906024847366e-01
-3.226890756302520646e-01 -2.207077334991152523e-02 -2.189090012284889558e-02 -8.220549644074355566e-02 -2.524001405808224963e-01
-3.277310924369747358e-01 -2.206341044029426490e-02 -2.189164555434031101e-02 -8.221149599686783382e-02 -2.524026823844711664e-01
-3.327731092436974625e-01 -2.205575103452054112e-02 -2.189216783515005732e-02 -8.221793001864341477e-02 -2.524053292768301260e-01
-3.378151260504201336e-01 -2.204776960850686474e-02 -2.189247231547102393e-02 -8.222481102665211983e-02 -2.524080957862744334e-01
-3.428571428571428048e-01 -2.203943776388914838e-02 -2.189255112963908734e-02 -8.223216680348610641e-02 -2.524109987693490265e-01
-3.478991596638655315e-01 -2.203070429890974583e-02 -2.189238212087727536e-02 -8.224006113131793194e-02 -2.524140578460171147e-01
-3.529411764705882026e-01 -2.202152619645060885e-02 -2.189195211766273297e-02 -8.224853916601898574e-02 -2.524172953338225667e-01
-3.579831932773108738e-01 -2.201159551871581521e-02 -2.189114462226316588e-02 -8.225801427777358621e-02 -2.524207486171515802e-01
-3.630252100840335450e-01 -2.200089942701465018e-02 -2.188998159461392687e-02 -8.226846408485766204e-02 -2.524244526170885128e-01
-3.680672268907562716e-01 -2.198937107665423912e-02 -2.188845934197242160e-02 -8.227994374377926856e-02 -2.524284523463683483e-01
-3.731092436974789428e-01 -2.197743525517551963e-02 -2.188675177135651975e-02 -8.229183042068834164e-02 -2.524327673183517362e-01
-3.781512605042016140e-01 -2.196513447520806808e-02 -2.188490024842781878e-02 -8.230401746294895016e-02 -2.524374390751269459e-01
-3.831932773109243406e-01 -2.195252437138824758e-02 -2.188296395337387470e-02 -8.231636301456217442e-02 -2.524425123116451064e-01
-3.882352941176470118e-01 -2.193963570120463849e-02 -2.188099525030400699e-02 -8.232875248164929494e-02 -2.524480375544865818e-01
-3.932773109243696830e-01 -2.192646632250904587e-02 -2.187892414679334582e-02 -8.234122254509632088e-02 -2.524540749740902812e-01
-3.983193277310924096e-01 -2.191287207447151913e-02 -2.187661267806078474e-02 -8.235401424940533288e-02 -2.524607005845427854e-01
-4.033613445378150808e-01 -2.189849208842286482e-02 -2.187405452806686149e-02 -8.236744473156516755e-02 -2.524680103117252772e-01
-4.084033613445377520e-01 -2.188319167020934611e-02 -2.187116217984714367e-02 -8.238167632735195200e-02 -2.524761169495048918e-01
-4.134453781512604786e-01 -2.186673983390589188e-02 -2.186783266120953528e-02 -8.239697158770148411e-02 -2.524851567992983936e-01
-4.184873949579831498e-01 -2.184844120527724282e-02 -2.186372772632284162e-02 -8.241428748042047003e-02 -2.524953144192889631e-01
-4.235294117647058210e-01 -2.182805160565225860e-02 -2.185873026394028612e-02 -8.243388722438313443e-02 -2.525068053049531192e-01
-4.285714285714285476e-01 -2.180547144591470782e-02 -2.185278062863770659e-02 -8.245586500420691578e-02 -2.525197817910973530e-01
-4.336134453781512188e-01 -2.178027799526037825e-02 -2.184559377662642632e-02 -8.248074887841616576e-02 -2.525346979339108122e-01
-4.386554621848738900e-01 -2.175209269641654314e-02 -2.183686262607990869e-02 -8.250896101928108239e-02 -2.525521229253009925e-01
-4.436974789915966166e-01 -2.171753468619225941e-02 -2.182396901136530662e-02 -8.254606337857206544e-02 -2.525727705603463269e-01
-4.487394957983192878e-01 -2.167854653258323439e-02 -2.180888265448065882e-02 -8.258823259102331116e-02 -2.525974707106709571e-01
-4.537815126050419590e-01 -2.163732533651781947e-02 -2.179454545295844009e-02 -8.263254252037204040e-02 -2.526319855234269163e-01
-4.588235294117646301e-01 -2.159107629988950977e-02 -2.178092973884853192e-02 -8.267607524968458022e-02 -2.526652922848392491e-01
-4.638655462184873568e-01 -2.154051698016072602e-02 -2.176539361238967116e-02 -8.272363632388093913e-02 -2.527037594028211931e-01
-4.689075630252100280e-01 -2.148356273564900817e-02 -2.174564225842426368e-02 -8.277821461677789538e-02 -2.527505076299317310e-01
-4.739495798319326991e-01 -2.141321143314962872e-02 -2.171691846733450962e-02 -8.284891676037924035e-02 -2.528110729012638669e-01
-4.789915966386554258e-01 -2.132965640412629385e-02 -2.168093190516521412e-02 -8.293281022785191359e-02 -2.528881138334878598e-01
-4.840336134453780970e-01 -2.122845483440575359e-02 -2.163444899649335715e-02 -8.303449628752460066e-02 -2.529875825899415842e-01
-4.890756302521007681e-01 -2.110319629988047577e-02 -2.157952336932195819e-02 -8.315395711550277458e-02 -2.531190495348491498e-01
-4.941176470588234948e-01 -2.094365076743449211e-02 -2.149114530285813063e-02 -8.335385994978833368e-02 -2.533616372845289288e-01
-4.991596638655461660e-01 -2.074871841748467810e-02 -2.139091013649780521e-02 -8.352795027463799649e-02 -2.536363300699358003e-01
-5.042016806722688926e-01 -2.046396451469997477e-02 -2.122988019724656589e-02 -8.380220290347524525e-02 -2.541175202905134323e-01
-5.092436974789915638e-01 -2.002115984847400998e-02 -2.097778078103873858e-02 -8.413622462059655582e-02 -2.549806255566614555e-01
-5.142857142857142350e-01 1.112385229101483554e-02 -1.670278112120877553e-03 -6.235303330037749586e-02 -3.572142163480775956e-01
-5.193277310924369061e-01 1.085532667723734454e-02 2.677990032362564769e-03 -4.397641709943825306e-02 -3.682152493481275490e-01
-5.243697478991595773e-01 1.035010183220275333e-02 3.663783715974647942e-03 -3.971711844846945866e-02 -3.717191768105110317e-01
-5.294117647058822484e-01 9.980373780878256870e-03 3.539739172637979513e-03 -4.076123013455900529e-02 -3.750715832444761477e-01
-5.344537815126050306e-01 9.684396802534000689e-03 3.497631102052272192e-03 -4.126287095116588227e-02 -3.783314006695740472e-01
-5.394957983193277018e-01 9.450236954024894553e-03 3.517583900659365138e-03 -4.137167393795213033e-02 -3.815500100398557803e-01
-5.445378151260503730e-01 9.267893440561820670e-03 3.584861508973005186e-03 -4.119717545972562123e-02 -3.847540344535185231e-01
-5.495798319327730441e-01 9.129471177287892814e-03 3.688645021518953664e-03 -4.081916438509403805e-02 -3.879572194559334219e-01
-5.546218487394957153e-01 9.028945763054293389e-03 3.821040573614604974e-03 -4.029550871490794606e-02 -3.911670299083431224e-01
-5.596638655462183864e-01 8.961628986976498054e-03 3.976672667516240739e-03 -3.966445671951033397e-02 -3.943882387369814779e-01
-5.647058823529411686e-01 8.923630151435881300e-03 4.150489301371433279e-03 -3.895969444554966965e-02 -3.976239326897793580e-01
-5.697478991596638398e-01 8.911936119385942615e-03 4.338906054722719424e-03 -3.820531089992859619e-02 -4.008766411651173422e-01
-5.747899159663865110e-01 8.924218808004586237e-03 4.539836402888537854e-03 -3.741664224885555418e-02 -4.041487067044891024e-01
-5.798319327731091821e-01 8.958855644638608062e-03 4.752065853099243786e-03 -3.660426446778178994e-02 -4.074419307648645683e-01
-5.848739495798318533e-01 9.015520063760952205e-03 4.975561561544610163e-03 -3.577266707924109390e-02 -4.107576217320388912e-01
-5.899159663865545244e-01 9.093315338823987348e-03 5.209641745969954309e-03 -3.492710872234661840e-02 -4.140974138652809833e-01
-5.949579831932771956e-01 9.191186916407079188e-03 5.453679022276516040e-03 -3.407149923141266495e-02 -4.174630058088080187e-01
-5.999999999999999778e-01 9.308302075207202514e-03 5.706749058138579564e-03 -3.321299214851638343e-02 -4.208550091329066323e-01
