0.000000000000000000e+00 -2.168404344971008868e-18
-5.042016806722688510e-03 6.303291222309326258e-14
-1.008403361344537702e-02 2.417587397635090340e-12
-1.512605042016806553e-02 2.143054570608038389e-11
-2.016806722689075404e-02 9.837011023458575032e-11
-2.521008403361344255e-02 3.129094062852277869e-10
-3.025210084033613106e-02 7.902624422906345814e-10
-3.529411764705882304e-02 1.699162429681655428e-09
-4.033613445378150808e-02 3.245494406209359362e-09
-4.537815126050419312e-02 5.660574392031547664e-09
-5.042016806722688510e-02 9.197635960148109469e-09
-5.546218487394957708e-02 1.413697416161735498e-08
-6.050420168067226212e-02 2.071633277769824311e-08
-6.554621848739494716e-02 2.910746050525242490e-08
-7.058823529411764608e-02 3.951686203870069525e-08
-7.563025210084033112e-02 5.214730224283731230e-08
-8.067226890756301616e-02 6.708215853374471793e-08
-8.571428571428570120e-02 8.426452763983169336e-08
-9.075630252100838624e-02 1.035444133863291927e-07
-9.579831932773108516e-02 1.248849621133564514e-07
-1.008403361344537702e-01 1.481862416260158744e-07
-1.058823529411764552e-01 1.732632295232613973e-07
-1.109243697478991542e-01 1.999815411567185119e-07
-1.159663865546218392e-01 2.283353048369678173e-07
-1.210084033613445242e-01 2.584039047273146983e-07
-1.260504201680672232e-01 2.841428245541847281e-07
-1.310924369747898943e-01 3.163361887155262397e-07
-1.361344537815125932e-01 3.434737908271888462e-07
-1.411764705882352922e-01 3.687137999940949540e-07
-1.462184873949579633e-01 4.222153833785893817e-07
-1.512605042016806622e-01 8.020299321219361705e-07
-1.563025210084033334e-01 1.606209411755864583e-06
-1.613445378151260323e-01 2.425718583384979532e-06
-1.663865546218487312e-01 3.193680681537252805e-06
-1.714285714285714024e-01 3.879900178090740434e-06
-1.764705882352941013e-01 4.480326098733368456e-06
-1.815126050420167725e-01 4.996317988528687845e-06
-1.865546218487394714e-01 5.437030448137997879e-06
-1.915966386554621703e-01 5.835065283140480202e-06
-1.966386554621848415e-01 6.243975590646639803e-06
-2.016806722689075404e-01 6.658623096577253805e-06
-2.067226890756302393e-01 6.979364455883280832e-06
-2.117647058823529105e-01 7.174662566082276594e-06
-2.168067226890756094e-01 7.300112706941233945e-06
-2.218487394957983083e-01 7.324438299363342231e-06
-2.268907563025209795e-01 7.219048646054998172e-06
-2.319327731092436784e-01 7.078132301876040658e-06
-2.369747899159663496e-01 6.953573373957334935e-06
-2.420168067226890485e-01 6.839042634822125460e-06
-2.470588235294117474e-01 6.744967175201623324e-06
-2.521008403361344463e-01 6.677305247182636905e-06
-2.571428571428571175e-01 6.630526984856234193e-06
-2.621848739495797886e-01 6.613967740603512654e-06
-2.672268907563025153e-01 6.615456026037207574e-06
-2.722689075630251865e-01 6.625324876237577432e-06
-2.773109243697478576e-01 6.678276796431240753e-06
-2.823529411764705843e-01 6.749362965771492362e-06
-2.873949579831932555e-01 6.896554682203973052e-06
-2.924369747899159266e-01 7.040936463948094595e-06
-2.974789915966385978e-01 7.189058392713084181e-06
-3.025210084033613245e-01 7.473521537766127099e-06
-3.075630252100839956e-01 7.486523276051303480e-06
-3.126050420168066668e-01 7.318138776023306452e-06
-3.176470588235293935e-01 6.903404805486818008e-06
-3.226890756302520646e-01 6.414106216664529347e-06
-3.277310924369747358e-01 6.006321066263442879e-06
-3.327731092436974625e-01 5.595531417769547197e-06
-3.378151260504201336e-01 5.274521403115335280e-06
-3.428571428571428048e-01 4.997989183433589055e-06
-3.478991596638655315e-01 4.742864244468595822e-06
-3.529411764705882026e-01 4.563425301262920286e-06
-3.579831932773108738e-01 4.418925549796916957e-06
-3.630252100840335450e-01 4.303919969965213851e-06
-3.680672268907562716e-01 4.223854171528460683e-06
-3.731092436974789428e-01 4.186065228879145769e-06
-3.781512605042016140e-01 4.184743926715977710e-06
-3.831932773109243406e-01 4.334985314409641952e-06
-3.882352941176470118e-01 4.587248987844355294e-06
-3.932773109243696830e-01 5.011893877868069808e-06
-3.983193277310924096e-01 5.917721631606715632e-06
-4.033613445378150808e-01 6.812133833836728561e-06
-4.084033613445377520e-01 7.908623540387772766e-06
-4.134453781512604786e-01 9.753804512334721122e-06
-4.184873949579831498e-01 1.185138390850308358e-05
-4.235294117647058210e-01 1.365154831956482372e-05
-4.285714285714285476e-01 1.513006530278284724e-05
-4.336134453781512188e-01 1.632498859071370052e-05
-4.386554621848738900e-01 1.732045678681684402e-05
-4.436974789915966166e-01 1.815320198908986979e-05
-4.487394957983192878e-01 1.881255168123215950e-05
-4.537815126050419590e-01 1.935952942513723650e-05
-4.588235294117646301e-01 1.969386703857363072e-05
-4.638655462184873568e-01 2.038158712254056065e-05
-4.689075630252100280e-01 2.096622913817553120e-05
-4.739495798319326991e-01 2.121274369761548019e-05
-4.789915966386554258e-01 2.136307736900263515e-05
-4.840336134453780970e-01 2.136107645361439572e-05
-4.890756302521007681e-01 2.208889978223631777e-05
-4.941176470588234948e-01 2.342667249597232305e-05
-4.991596638655461660e-01 2.450789309029095808e-05
-5.042016806722688926e-01 2.528333383496539008e-05
-5.092436974789915638e-01 2.591072709632919087e-05
-5.142857142857142350e-01 2.627212509550636357e-05
-5.193277310924369061e-01 2.619613171699628276e-05
-5.243697478991595773e-01 2.661565781795333617e-05
-5.294117647058822484e-01 2.798833477714855224e-05
-5.344537815126050306e-01 2.950182636315143783e-05
-5.394957983193277018e-01 3.079989980911673059e-05
-5.445378151260503730e-01 3.190135684368955796e-05
-5.495798319327730441e-01 3.283930530166307565e-05
-5.546218487394957153e-01 3.369885189420315785e-05
-5.596638655462183864e-01 3.455278774633732154e-05
-5.647058823529411686e-01 3.541300542609510105e-05
-5.697478991596638398e-01 3.623394600619210017e-05
-5.747899159663865110e-01 3.707893104874684757e-05
-5.798319327731091821e-01 3.793357303884053143e-05
-5.848739495798318533e-01 3.874073528554317081e-05
-5.899159663865545244e-01 3.955172971282995727e-05
-5.949579831932771956e-01 4.029106557320986416e-05
-5.999999999999999778e-01 4.075349550620326923e-05
