0.000000000000000000e+00 5.312590645178971727e-18
-5.042016806722688510e-03 5.391278320044518013e-11
-1.008403361344537702e-02 9.341684451534028322e-08
-1.512605042016806553e-02 4.291619920928409909e-08
-2.016806722689075404e-02 9.968941627053196086e-09
-2.521008403361344255e-02 5.152066602986601906e-09
-3.025210084033613106e-02 2.354136024280365641e-08
-3.529411764705882304e-02 6.370283582612153855e-08
-4.033613445378150808e-02 1.237110775882893990e-07
-4.537815126050419312e-02 2.020395072428911309e-07
-5.042016806722688510e-02 2.935238170818921244e-07
-5.546218487394957708e-02 3.936506106415414014e-07
-6.050420168067226212e-02 4.967238443237846288e-07
-6.554621848739494716e-02 5.968928252864189737e-07
-7.058823529411764608e-02 6.887277446773363773e-07
-7.563025210084033112e-02 7.662343207097800993e-07
-8.067226890756301616e-02 8.242456566251053426e-07
-8.571428571428570120e-02 8.573195384475092856e-07
-9.075630252100838624e-02 8.602906378426655037e-07
-9.579831932773108516e-02 8.280723497435188776e-07
-1.008403361344537702e-01 7.544952961976644779e-07
-1.058823529411764552e-01 6.315191681451753913e-07
-1.109243697478991542e-01 4.572369557696073089e-07
-1.159663865546218392e-01 2.320488708194672067e-07
-1.210084033613445242e-01 -4.439421358412749818e-08
-1.260504201680672232e-01 -3.716320187605558212e-07
-1.310924369747898943e-01 -7.515162608192575006e-07
-1.361344537815125932e-01 -1.181039719706962476e-06
-1.411764705882352922e-01 -1.669173665392546108e-06
-1.462184873949579633e-01 -2.215920988887223539e-06
-1.512605042016806622e-01 -2.820754546300173471e-06
-1.563025210084033334e-01 -3.484920679690034148e-06
-1.613445378151260323e-01 -4.213601992760418122e-06
-1.663865546218487312e-01 -5.007395607665564990e-06
-1.714285714285714024e-01 -5.865338863850037832e-06
-1.764705882352941013e-01 -6.772791538297521369e-06
-1.815126050420167725e-01 -7.733406302983013639e-06
-1.865546218487394714e-01 -8.761911773754512550e-06
-1.915966386554621703e-01 -9.870500374976193259e-06
-1.966386554621848415e-01 -1.101146552980156353e-05
-2.016806722689075404e-01 -1.219636091685425382e-05
-2.067226890756302393e-01 -1.342834003550453549e-05
-2.117647058823529105e-01 -1.470492020118297979e-05
-2.168067226890756094e-01 -1.602239797632624106e-05
-2.218487394957983083e-01 -1.736607526419678069e-05
-2.268907563025209795e-01 -1.873697229081892034e-05
-2.319327731092436784e-01 -2.011321427550097699e-05
-2.369747899159663496e-01 -2.147245774925107473e-05
-2.420168067226890485e-01 -2.279319570108154398e-05
-2.470588235294117474e-01 -2.406506817505347368e-05
-2.521008403361344463e-01 -2.527051224702776128e-05
-2.571428571428571175e-01 -2.633923065574949804e-05
-2.621848739495797886e-01 -2.722522938662804391e-05
-2.672268907563025153e-01 -2.791516166570436226e-05
-2.722689075630251865e-01 -2.834489345950649136e-05
-2.773109243697478576e-01 -2.843759657519644157e-05
-2.823529411764705843e-01 -2.811123828460422233e-05
-2.873949579831932555e-01 -2.725337789570895196e-05
-2.924369747899159266e-01 -2.577220873456454158e-05
-2.974789915966385978e-01 -2.355618940442746109e-05
-3.025210084033613245e-01 -2.033511053150095869e-05
-3.075630252100839956e-01 -1.590710252814635500e-05
-3.126050420168066668e-01 -9.778572641378760130e-06
-3.176470588235293935e-01 -1.384378667081197049e-06
-3.226890756302520646e-01 1.014825518223327980e-05
-3.277310924369747358e-01 2.503851786487577835e-05
-3.327731092436974625e-01 4.167062464536857788e-05
-3.378151260504201336e-01 4.676563303332979295e-05
-3.428571428571428048e-01 7.470717029258041285e-05
-3.478991596638655315e-01 1.102713538755720766e-04
-3.529411764705882026e-01 1.559877258887588328e-04
-3.579831932773108738e-01 2.153053870539043887e-04
-3.630252100840335450e-01 2.764618658985721180e-04
-3.680672268907562716e-01 3.653497412576420201e-04
-3.731092436974789428e-01 4.902381148582511021e-04
-3.781512605042016140e-01 6.652605927361240554e-04
-3.831932773109243406e-01 9.033408043947758126e-04
-3.882352941176470118e-01 1.255131431773902264e-03
-3.932773109243696830e-01 1.804573142873621859e-03
-3.983193277310924096e-01 2.775089250720929376e-03
-4.033613445378150808e-01 4.932915705758808556e-03
-4.084033613445377520e-01 2.432243684298656641e-04
-4.134453781512604786e-01 3.424436763621945511e-04
-4.184873949579831498e-01 -3.870878071283481952e-04
-4.235294117647058210e-01 -6.962356748238065531e-04
-4.285714285714285476e-01 -7.920414397030454056e-04
-4.336134453781512188e-01 -7.636165440092822308e-04
-4.386554621848738900e-01 -6.518416115221099772e-04
-4.436974789915966166e-01 -4.764603698925594009e-04
-4.487394957983192878e-01 -2.486723456235555123e-04
-4.537815126050419590e-01 2.588920218289780654e-05
-4.588235294117646301e-01 3.421261361194937118e-04
-4.638655462184873568e-01 6.979066717897106477e-04
-4.689075630252100280e-01 1.091812773704432717e-03
-4.739495798319326991e-01 1.522587234921479130e-03
-4.789915966386554258e-01 1.984329734797083376e-03
-4.840336134453780970e-01 2.473615317290309666e-03
-4.890756302521007681e-01 2.980895820486816408e-03
-4.941176470588234948e-01 3.501104741235789436e-03
-4.991596638655461660e-01 4.027261804740292495e-03
-5.042016806722688926e-01 4.550854858131152952e-03
-5.092436974789915638e-01 5.062895402509827968e-03
-5.142857142857142350e-01 5.554983734836520942e-03
-5.193277310924369061e-01 6.024210738137311151e-03
-5.243697478991595773e-01 6.467426515838156122e-03
-5.294117647058822484e-01 6.870109236671114242e-03
-5.344537815126050306e-01 7.229162727116567391e-03
-5.394957983193277018e-01 7.538295815130303078e-03
-5.445378151260503730e-01 7.801109627515992809e-03
-5.495798319327730441e-01 8.041102832175000409e-03
-5.546218487394957153e-01 8.255158520659888755e-03
-5.596638655462183864e-01 8.449829299797937190e-03
-5.647058823529411686e-01 8.635795975033576377e-03
-5.697478991596638398e-01 8.822615232590862167e-03
-5.747899159663865110e-01 9.020563182301863381e-03
-5.798319327731091821e-01 9.237878880005403331e-03
-5.848739495798318533e-01 9.480610674701406282e-03
-5.899159663865545244e-01 9.752433274713655925e-03
-5.949579831932771956e-01 1.005637825662044141e-02
-5.999999999999999778e-01 1.039410691677575271e-02
