0.000000000000000000e+00 1.734723475976807094e-18
-5.042016806722688510e-03 8.131993342597176877e-14
-1.008403361344537702e-02 3.429816326783186042e-12
-1.512605042016806553e-02 3.201469601574191692e-11
-2.016806722689075404e-02 1.494653060173101178e-10
-2.521008403361344255e-02 4.745122511064236992e-10
-3.025210084033613106e-02 1.185498582547545032e-09
-3.529411764705882304e-02 2.512354707953634581e-09
-4.033613445378150808e-02 4.720511860741016807e-09
-4.537815126050419312e-02 8.087028608837892873e-09
-5.042016806722688510e-02 1.288922155421798332e-08
-5.546218487394957708e-02 1.937770143780812027e-08
-6.050420168067226212e-02 2.775662975807932642e-08
-6.554621848739494716e-02 3.818953634403265962e-08
-7.058823529411764608e-02 5.079031423303043136e-08
-7.563025210084033112e-02 6.564263766752065354e-08
-8.067226890756301616e-02 8.281980410284814353e-08
-8.571428571428570120e-02 1.024029720477458161e-07
-9.075630252100838624e-02 1.244983999131379915e-07
-9.579831932773108516e-02 1.490739145277794608e-07
-1.008403361344537702e-01 1.760159260002711057e-07
-1.058823529411764552e-01 2.053108360522935827e-07
-1.109243697478991542e-01 2.368404113731181759e-07
-1.159663865546218392e-01 2.700929484511505052e-07
-1.210084033613445242e-01 3.049682178826208789e-07
-1.260504201680672232e-01 3.418256272601921664e-07
-1.310924369747898943e-01 3.649002118738878253e-07
-1.361344537815125932e-01 4.087992112066819728e-07
-1.411764705882352922e-01 4.683719629608625035e-07
-1.462184873949579633e-01 5.324742315135702619e-07
-1.512605042016806622e-01 5.973531528266108614e-07
-1.563025210084033334e-01 6.646149067462275850e-07
-1.613445378151260323e-01 7.324502993050381605e-07
-1.663865546218487312e-01 7.984177058544851546e-07
-1.714285714285714024e-01 8.610444866296619593e-07
-1.764705882352941013e-01 9.269813290770784198e-07
-1.815126050420167725e-01 9.837393126791924014e-07
-1.865546218487394714e-01 1.020822272985826007e-06
-1.915966386554621703e-01 1.055656076714463210e-06
-1.966386554621848415e-01 1.100523023198941852e-06
-2.016806722689075404e-01 1.170295769098439465e-06
-2.067226890756302393e-01 1.278129209756565660e-06
-2.117647058823529105e-01 1.393312340957058443e-06
-2.168067226890756094e-01 1.509232259598938808e-06
-2.218487394957983083e-01 1.621972538422451759e-06
-2.268907563025209795e-01 1.749957801200005547e-06
-2.319327731092436784e-01 1.910930982677166989e-06
-2.369747899159663496e-01 2.113304105536527311e-06
-2.420168067226890485e-01 2.271460918296889370e-06
-2.470588235294117474e-01 2.381517418375157097e-06
-2.521008403361344463e-01 2.540723130032077060e-06
-2.571428571428571175e-01 2.729174108905604162e-06
-2.621848739495797886e-01 2.520558641273644429e-06
-2.672268907563025153e-01 2.380511780745130090e-06
-2.722689075630251865e-01 2.305722317394887783e-06
-2.773109243697478576e-01 2.271687844579775573e-06
-2.823529411764705843e-01 2.242783319244927298e-06
-2.873949579831932555e-01 2.230770197174901381e-06
-2.924369747899159266e-01 2.293066192283425148e-06
-2.974789915966385978e-01 2.437884852273149161e-06
-3.025210084033613245e-01 2.742369347052964201e-06
-3.075630252100839956e-01 2.950105314220713426e-06
-3.126050420168066668e-01 3.377599977529618241e-06
-3.176470588235293935e-01 3.798257693385029277e-06
-3.226890756302520646e-01 4.210884154704462590e-06
-3.277310924369747358e-01 4.603017631942072502e-06
-3.327731092436974625e-01 4.937116973771377842e-06
-3.378151260504201336e-01 5.187835548145676434e-06
-3.428571428571428048e-01 5.326357212894622384e-06
-3.478991596638655315e-01 5.349734540739409933e-06
-3.529411764705882026e-01 5.302281960291050505e-06
-3.579831932773108738e-01 5.237417097645868241e-06
-3.630252100840335450e-01 5.252184575628513624e-06
-3.680672268907562716e-01 5.278323672953076640e-06
-3.731092436974789428e-01 5.352498876372638326e-06
-3.781512605042016140e-01 5.370560210224764597e-06
-3.831932773109243406e-01 5.360694393921963674e-06
-3.882352941176470118e-01 5.385979892386094647e-06
-3.932773109243696830e-01 5.375293855212036342e-06
-3.983193277310924096e-01 5.432791806243928573e-06
-4.033613445378150808e-01 5.485536387126940805e-06
-4.084033613445377520e-01 5.539310248468126696e-06
-4.134453781512604786e-01 5.641752868628356621e-06
-4.184873949579831498e-01 5.713504266197013542e-06
-4.235294117647058210e-01 5.730560342405086049e-06
-4.285714285714285476e-01 5.665259547454892797e-06
-4.336134453781512188e-01 5.635618197921601208e-06
-4.386554621848738900e-01 5.604993284728104763e-06
-4.436974789915966166e-01 5.601260269861695756e-06
-4.487394957983192878e-01 5.647715947565239147e-06
-4.537815126050419590e-01 5.724805358798667337e-06
-4.588235294117646301e-01 5.816959635938923068e-06
-4.638655462184873568e-01 5.961095430113538124e-06
-4.689075630252100280e-01 6.037940983256127880e-06
-4.739495798319326991e-01 6.053730468206976884e-06
-4.789915966386554258e-01 6.060441073570902587e-06
-4.840336134453780970e-01 5.991987569117958323e-06
-4.890756302521007681e-01 5.972125874001681795e-06
-4.941176470588234948e-01 5.955185265521870108e-06
-4.991596638655461660e-01 5.961480687751395668e-06
-5.042016806722688926e-01 6.008905051293512989e-06
-5.092436974789915638e-01 6.045465195302947292e-06
-5.142857142857142350e-01 6.163487910997630242e-06
-5.193277310924369061e-01 6.360826618206569250e-06
-5.243697478991595773e-01 6.311824153049788722e-06
-5.294117647058822484e-01 5.910896013957070427e-06
-5.344537815126050306e-01 5.539673458509163095e-06
-5.394957983193277018e-01 5.387202278118660703e-06
-5.445378151260503730e-01 5.318582868713613715e-06
-5.495798319327730441e-01 5.304006855817375299e-06
-5.546218487394957153e-01 5.414479947228253987e-06
-5.596638655462183864e-01 5.594791069721705840e-06
-5.647058823529411686e-01 5.844818337282127463e-06
-5.697478991596638398e-01 6.290613600171048730e-06
-5.747899159663865110e-01 6.858980926209828216e-06
-5.798319327731091821e-01 7.576429426394207245e-06
-5.848739495798318533e-01 8.247704735774800261e-06
-5.899159663865545244e-01 8.666801316601670246e-06
-5.949579831932771956e-01 8.833294857936001970e-06
-5.999999999999999778e-01 8.714148303693488445e-06
