#kx=0.0, ky=8.0, Jx=1.0, Jy=1.0, Jz=2.1, h=0.08
-0.016333436288776315 0.10647442063506832 0.14432392702598026 0.16281198140394168 0.18084194845437435 0.2587293948916841 0.3170249002892253 0.38943861390424456 0.42807747966236565 0.4325531562609859 0.50450551512387 0.5824650379500909 0.6234894495095671 0.6549074154739085 0.6711296875447698 0.8251463651735427
#kx=0.0, ky=6.0, Jx=1.0, Jy=1.0, Jz=2.1, h=0.08
-0.016716589259050563 0.11339393463434785 0.13948299079700835 0.16777968301712265 0.18146164356828365 0.23515156398439047 0.34203019016321423 0.39887552973245327 0.41894662030679936 0.43366508415192445 0.5341349363450707 0.6003977149621935 0.63058951276063 0.6507769778057343 0.667593036109722 0.7023507732389019
#kx=0.0, ky=4.0, Jx=1.0, Jy=1.0, Jz=2.1, h=0.08
-0.016678648819138053 0.11267660045649114 0.13803330555283386 0.18001195258882213 0.19962506397074742 0.22965933701466235 0.3500365767581011 0.3907870832353465 0.40619984658873287 0.42872545471225565 0.4470817903308981 0.5651558901527131 0.6160474051253497 0.6248769022633873 0.6500408368596853 0.6676137990754771
#kx=0.0, ky=2.0, Jx=1.0, Jy=1.0, Jz=2.1, h=0.08
-0.016476831219012666 0.09608759109868828 0.1107919409773434 0.13913518508793402 0.19401068016107523 0.21694565922548392 0.2627715699539264 0.3512775103121005 0.3961629785046904 0.4319716531398358 0.4611647922394251 0.56205986336224 0.5950357952068459 0.6210008660074289 0.6431238988525163 0.6668701812841961
#kx=0.0, ky=0.0, Jx=1.0, Jy=1.0, Jz=2.1, h=0.08
-0.08150330446819332 -0.019114380532939568 0.05369519112805787 0.11795175518303158 0.15447528674206168 0.23231345887978405 0.29027531219479563 0.3865531789898115 0.3980130393754551 0.4364920631974335 0.4531750780347792 0.4909271966196761 0.5699156716116016 0.6061029474788313 0.6574201388213132 0.7710946220821766
#kx=4.0, ky=2.0, Jx=1.0, Jy=1.0, Jz=2.1, h=0.08
0.09652022929240212 0.11214180699775103 0.1399431627833002 0.16297566755054776 0.2108046572947871 0.2464300222885266 0.3344903371897375 0.39007784557131187 0.40609684397207807 0.4274181609532591 0.45317393389908345 0.5436200503243533 0.616549829978264 0.6429185639033912 0.6523698382386678 0.6677716659200351
#kx=8.0, ky=4.0, Jx=1.0, Jy=1.0, Jz=2.1, h=0.08
0.12020097328742912 0.14263276611035705 0.16508274087093416 0.18259010759174113 0.25578409976657074 0.3392916353173906 0.38718856790141293 0.41037036224547035 0.4170285914598987 0.4273937260679386 0.5400440473151741 0.6183472707745215 0.6362355695171167 0.6570363169883731 0.6716629259644704 0.8257483614281556
#kx=12.0, ky=6.0, Jx=1.0, Jy=1.0, Jz=2.1, h=0.08
0.10925599962297666 0.14089621995365748 0.16548618140313842 0.20471103520554645 0.28133567642243024 0.34897188852933975 0.3953451729151435 0.4079043504094157 0.42096356510664 0.42516846286313625 0.5198953127168499 0.5824552266376054 0.635593469953169 0.6477289731664349 0.6705234815309714 0.7034687009903455
#kx=16.0, ky=8.0, Jx=1.0, Jy=1.0, Jz=2.1, h=0.08
-0.016333436288777037 0.10647442063507845 0.14432392702597677 0.16281198140393985 0.1808419484543702 0.2587293948916874 0.31702490028921576 0.38943861390425044 0.4280774796623662 0.4325531562609916 0.5045055151238536 0.5824650379500884 0.6234894495095777 0.6549074154739163 0.6711296875447763 0.8251463651735382
#kx=14.0, ky=8.0, Jx=1.0, Jy=1.0, Jz=2.1, h=0.08
0.10116745570411004 0.10634710477108478 0.1426187337570007 0.16675048588670466 0.18822214942894244 0.2596687338867155 0.33147316250260744 0.38440563944974054 0.42054748314218365 0.4365809055744456 0.49545694557080316 0.5725285588176411 0.62784156849983 0.6532633163499155 0.6718563744174333 0.82505855227298
#kx=12.0, ky=8.0, Jx=1.0, Jy=1.0, Jz=2.1, h=0.08
0.10253081362425501 0.14187895800831976 0.16980354346883425 0.20571508185821025 0.27840819693302254 0.3337283931849104 0.38011967766234134 0.4046790592299148 0.41502382649743036 0.4256302996772422 0.4882385387399685 0.5705987952721331 0.6327996904541933 0.6497010767556293 0.6741269247726012 0.8252068044491923
#kx=10.0, ky=8.0, Jx=1.0, Jy=1.0, Jz=2.1, h=0.08
0.1057730494881865 0.14133034945435607 0.17467294286136112 0.2079846860088541 0.2868138659012791 0.3378981366628395 0.380327468586111 0.411266491351683 0.4230383858136627 0.4732760983012914 0.5807178761380289 0.6293157749512603 0.6480305360670564 0.6756633126811852 0.7032028896411768 0.8254619427351131
#kx=8.0, ky=8.0, Jx=1.0, Jy=1.0, Jz=2.1, h=0.08
0.11601157176419721 0.14009872785442143 0.179020814840607 0.20648682439862404 0.27251484845181406 0.3399371966548844 0.3753495391269128 0.4123486255149632 0.42820276645643607 0.4727552494336362 0.5907043043946613 0.6254373145607801 0.6486642132450906 0.6748746035044209 0.8246695988408485 0.8267281130917916
#kx=6.0, ky=8.0, Jx=1.0, Jy=1.0, Jz=2.1, h=0.08
0.12505491415231035 0.14202063653744854 0.18161089886402093 0.21831396677938972 0.24589255056073883 0.34257393684227 0.37618383842393166 0.4130195174736111 0.4279904746143633 0.48630880892699235 0.5846917919706329 0.6284275668607736 0.646988351732647 0.6687443487475139 0.7037971234804358 0.8255025737506652
#kx=4.0, ky=8.0, Jx=1.0, Jy=1.0, Jz=2.1, h=0.08
0.12118674938016569 0.14682161660943113 0.1798421260942511 0.2132585802033062 0.2516313740236401 0.3380856724969167 0.3822015384021412 0.40570614165903157 0.41767421726060394 0.43026743781484456 0.5015279250592101 0.5708364781008255 0.6294081648591359 0.6451543795360659 0.6628698678822553 0.825324282437998
#kx=2.0, ky=8.0, Jx=1.0, Jy=1.0, Jz=2.1, h=0.08
0.10475019209288183 0.11763867854113133 0.1444464179694848 0.1701147022418013 0.20047172184796752 0.2684175838904513 0.3238137598152231 0.39481450291631026 0.4184618898124007 0.4369852568819449 0.5058651227006784 0.5800549872024278 0.6212721988890764 0.6487500233556162 0.6642992908457915 0.8251402678854403
#kx=0.0, ky=8.0, Jx=1.0, Jy=1.0, Jz=2.1, h=0.08
-0.016333436288776426 0.1064744206350682 0.14432392702598015 0.16281198140394157 0.18084194845437424 0.258729394891684 0.3170249002892252 0.38943861390424445 0.42807747966236553 0.4325531562609858 0.5045055151238699 0.5824650379500907 0.623489449509567 0.6549074154739084 0.6711296875447696 0.8251463651735425
