#kx=0.0, ky=8.0, Jx=1.0, Jy=1.0, Jz=2.1, h=0.08
-0.016333436288776315 0.032185662121667395
0.10647442063506832 0.17801105988041668
0.14432392702598026 0.8755515342089079
0.16281198140394168 1.158795353488625
0.18084194845437435 0.2532740125610904
0.2587293948916841 0.6286316127766859
0.3170249002892253 1.116562089732542
0.38943861390424456 0.6044302827003482
0.42807747966236565 0.22544953186042122
0.4325531562609859 0.2420342714869088
0.50450551512387 0.19887305595278446
0.5824650379500909 0.8558908029818459
0.6234894495095671 0.5586699924577689
0.6549074154739085 0.47163713594160406
0.6711296875447698 0.3356330375655416
0.8251463651735427 0.10848854523066521
#kx=0.0, ky=6.0, Jx=1.0, Jy=1.0, Jz=2.1, h=0.08
-0.016716589259050563 0.032608611788448434
0.11339393463434785 0.15742798848399847
0.13948299079700835 0.7865914020426199
0.16777968301712265 1.2209427940815116
0.18146164356828365 0.5515265612103446
0.23515156398439047 0.23201562910224433
0.34203019016321423 1.3384514946186303
0.39887552973245327 1.0068589715575171
0.41894662030679936 0.2809722782921125
0.43366508415192445 0.34953335292890675
0.5341349363450707 0.29572588150415735
0.6003977149621935 1.0120327010278938
0.63058951276063 0.7514701339367211
0.6507769778057343 0.22050134210514827
0.667593036109722 0.27139246367315023
0.7023507732389019 0.15363442977062713
#kx=0.0, ky=4.0, Jx=1.0, Jy=1.0, Jz=2.1, h=0.08
-0.016678648819138053 0.03253409985219181
0.11267660045649114 0.28351538067194737
0.13803330555283386 0.5798568023031957
0.18001195258882213 0.9750532414278406
0.19962506397074742 0.5745875997581891
0.22965933701466235 0.34099053022612336
0.3500365767581011 0.7717391604661995
0.3907870832353465 1.3291728741862257
0.40619984658873287 0.2611988469411282
0.42872545471225565 0.22965360674423005
0.4470817903308981 0.9655910746889645
0.5651558901527131 0.5853472086078626
0.6160474051253497 0.6567822810529726
0.6248769022633873 0.4369964236369813
0.6500408368596853 0.46405430228086914
0.6676137990754771 0.29559058646524183
#kx=0.0, ky=2.0, Jx=1.0, Jy=1.0, Jz=2.1, h=0.08
-0.016476831219012666 0.029724076392545446
0.09608759109868828 0.06897211771359693
0.1107919409773434 0.5208071449775137
0.13913518508793402 0.5358477765455996
0.19401068016107523 0.6264427501914255
0.21694565922548392 0.37148474774786183
0.2627715699539264 0.71967097182036
0.3512775103121005 0.4190422607554564
0.3961629785046904 1.201894822715154
0.4319716531398358 0.1793322709347796
0.4611647922394251 1.321624082036193
0.56205986336224 0.7441556760082547
0.5950357952068459 0.6174982632779745
0.6210008660074289 0.20595591503301297
0.6431238988525163 0.4212825809443463
0.6668701812841961 0.3584050449733969
#kx=0.0, ky=0.0, Jx=1.0, Jy=1.0, Jz=2.1, h=0.08
-0.08150330446819332 2.686432627787618
-0.019114380532939568 52.72688785762777
0.05369519112805787 28.90771351746731
0.11795175518303158 2.9392060806108624
0.15447528674206168 3.2550718864952968
0.23231345887978405 0.3593908012968149
0.29027531219479563 1.3185859764769174
0.3865531789898115 4.677926318352503
0.3980130393754551 5.765372916283177
0.4364920631974335 1.7970908646437782
0.4531750780347792 4.768653034320188
0.4909271966196761 0.9338090322875835
0.5699156716116016 8.173496284425125
0.6061029474788313 6.0761757218553125
0.6574201388213132 7.762800099743439
0.7710946220821766 13.322352433311282
#kx=4.0, ky=2.0, Jx=1.0, Jy=1.0, Jz=2.1, h=0.08
0.09652022929240212 0.07422106888105566
0.11214180699775103 0.5732004831423767
0.1399431627833002 0.5123019511056228
0.16297566755054776 1.0717171609993517
0.2108046572947871 0.6058142370914797
0.2464300222885266 0.2230693500990384
0.3344903371897375 1.235723495218681
0.39007784557131187 1.641605144025912
0.40609684397207807 6.6595745902800765
0.4274181609532591 0.9009467927143878
0.45317393389908345 1.3948729269432114
0.5436200503243533 0.5706740385287223
0.616549829978264 1.0310562552370897
0.6429185639033912 0.3417244567876278
0.6523698382386678 0.04236451306571492
0.6677716659200351 0.957378042431323
#kx=8.0, ky=4.0, Jx=1.0, Jy=1.0, Jz=2.1, h=0.08
0.12020097328742912 0.9574011654071073
0.14263276611035705 0.698300132796475
0.16508274087093416 0.9170988928159478
0.18259010759174113 0.5365764215856719
0.25578409976657074 0.307659009981493
0.3392916353173906 1.2614184213916442
0.38718856790141293 1.125359856532482
0.41037036224547035 1.0178175259284172
0.4170285914598987 2.429636423232356
0.4273937260679386 2.5717682562191024
0.5400440473151741 1.8737131288596116
0.6183472707745215 0.6261363828126678
0.6362355695171167 0.7494850008229019
0.6570363169883731 0.2087589298524285
0.6716629259644704 2.9544627298672843
0.8257483614281556 6.43334046471015
#kx=12.0, ky=6.0, Jx=1.0, Jy=1.0, Jz=2.1, h=0.08
0.10925599962297666 0.5109808140932941
0.14089621995365748 0.8122019807385976
0.16548618140313842 0.6431716314120857
0.20471103520554645 1.0771830659196189
0.28133567642243024 0.4846281617342828
0.34897188852933975 1.5275955367491614
0.3953451729151435 2.7201895288176914
0.4079043504094157 2.8061469623297075
0.42096356510664 1.9836014503696302
0.42516846286313625 0.47918544800652346
0.5198953127168499 1.3963108017291899
0.5824552266376054 0.8495985171947257
0.635593469953169 0.4974981378003046
0.6477289731664349 0.12586690221663352
0.6705234815309714 1.4698693718091604
0.7034687009903455 0.13310111327903767
#kx=16.0, ky=8.0, Jx=1.0, Jy=1.0, Jz=2.1, h=0.08
-0.016333436288777037 0.03218566212167397
0.10647442063507845 0.1780110598801586
0.14432392702597677 0.8755515342095455
0.16281198140393985 1.1587953534882354
0.1808419484543702 0.2532740125607607
0.2587293948916874 0.6286316127767371
0.31702490028921576 1.1165620897322495
0.38943861390425044 0.6044302827007172
0.4280774796623662 0.22544953186039488
0.4325531562609916 0.2420342714869395
0.5045055151238536 0.19887305595287974
0.5824650379500884 0.8558908029805637
0.6234894495095777 0.5586699924574989
0.6549074154739163 0.4716371359419949
0.6711296875447763 0.33563303756624996
0.8251463651735382 0.10848854523065508
#kx=14.0, ky=8.0, Jx=1.0, Jy=1.0, Jz=2.1, h=0.08
0.10116745570411004 0.8082336735753647
0.10634710477108478 1.4847097303862042
0.1426187337570007 0.9695099977941084
0.16675048588670466 0.49902689512786397
0.18822214942894244 0.8395328533552531
0.2596687338867155 0.4737432058196139
0.33147316250260744 1.1032409283192324
0.38440563944974054 0.43960877822548516
0.42054748314218365 0.32647928479355914
0.4365809055744456 1.0363091110737759
0.49545694557080316 0.39882072798279217
0.5725285588176411 1.0058113827396558
0.62784156849983 0.6296064581012282
0.6532633163499155 0.22142293638053143
0.6718563744174333 0.635892756362451
0.82505855227298 0.11850311619247429
#kx=12.0, ky=8.0, Jx=1.0, Jy=1.0, Jz=2.1, h=0.08
0.10253081362425501 0.3754321777949404
0.14187895800831976 1.074738947658445
0.16980354346883425 0.5191557218811459
0.20571508185821025 1.1486750282395584
0.27840819693302254 0.46003735687370884
0.3337283931849104 1.0519295959711847
0.38011967766234134 0.9035883188636997
0.4046790592299148 3.521757950753058
0.41502382649743036 1.431653850682591
0.4256302996772422 1.5717784759193565
0.4882385387399685 1.3354433145367635
0.5705987952721331 1.0419788056592671
0.6327996904541933 0.4373560421628297
0.6497010767556293 0.06262440139662079
0.6741269247726012 1.6384590095401363
0.8252068044491923 0.12736920761867834
#kx=10.0, ky=8.0, Jx=1.0, Jy=1.0, Jz=2.1, h=0.08
0.1057730494881865 0.3810897176119424
0.14133034945435607 1.1829430346610232
0.17467294286136112 0.8983660612923313
0.2079846860088541 0.722423696539224
0.2868138659012791 0.7386380624524063
0.3378981366628395 0.9595339256811568
0.380327468586111 1.1833024038961146
0.411266491351683 1.527180116398056
0.4230383858136627 1.45867079494092
0.4732760983012914 1.5730732353658552
0.5807178761380289 1.712296043181899
0.6293157749512603 0.0934995844342549
0.6480305360670564 0.13771423563768556
0.6756633126811852 3.0874825515197712
0.7032028896411768 6.007597455934111
0.8254619427351131 0.14614633244867017
#kx=8.0, ky=8.0, Jx=1.0, Jy=1.0, Jz=2.1, h=0.08
0.11601157176419721 0.4057071811942151
0.14009872785442143 1.3338111685778211
0.179020814840607 1.2046356615896334
0.20648682439862404 0.24482977196601094
0.27251484845181406 0.7500056517877475
0.3399371966548844 0.9713534910997423
0.3753495391269128 2.152075460097885
0.4123486255149632 1.4435318989807864
0.42820276645643607 3.3239707417347013
0.4727552494336362 1.153643062879268
0.5907043043946613 1.2873521373844936
0.6254373145607801 0.2922427493243074
0.6486642132450906 0.1475388336857768
0.6748746035044209 3.812024883307208
0.8246695988408485 3.278158082325646
0.8267281130917916 3.1740604791695652
#kx=6.0, ky=8.0, Jx=1.0, Jy=1.0, Jz=2.1, h=0.08
0.12505491415231035 0.11733155560839612
0.14202063653744854 1.6011643400800164
0.18161089886402093 0.6044711031643811
0.21831396677938972 0.4745898611829756
0.24589255056073883 0.8470732383967546
0.34257393684227 1.152762521104171
0.37618383842393166 2.261618857409908
0.4130195174736111 1.604884642788855
0.4279904746143633 3.165573954886297
0.48630880892699235 0.9037029757258751
0.5846917919706329 0.6202718559139263
0.6284275668607736 0.7697518108249434
0.646988351732647 0.17313454145680288
0.6687443487475139 2.312963482105269
0.7037971234804358 6.8522152640062695
0.8255025737506652 0.15439540939641833
#kx=4.0, ky=8.0, Jx=1.0, Jy=1.0, Jz=2.1, h=0.08
0.12118674938016569 0.17627057965372264
0.14682161660943113 1.2265742871499268
0.1798421260942511 0.6015391650682176
0.2132585802033062 0.7055549985786436
0.2516313740236401 0.5782923384469479
0.3380856724969167 1.3611268988306309
0.3822015384021412 2.1981154474095512
0.40570614165903157 5.260674705714741
0.41767421726060394 0.8490564429034309
0.43026743781484456 1.0447129559311108
0.5015279250592101 1.0010646474761342
0.5708364781008255 0.6495989142667162
0.6294081648591359 1.0589125949512188
0.6451543795360659 0.14337735976011828
0.6628698678822553 0.98476387471559
0.825324282437998 0.12404664010640506
#kx=2.0, ky=8.0, Jx=1.0, Jy=1.0, Jz=2.1, h=0.08
0.10475019209288183 1.815391832791028
0.11763867854113133 0.24993009286489104
0.1444464179694848 0.7072210897110333
0.1701147022418013 1.192964325033764
0.20047172184796752 0.37140847971467955
0.2684175838904513 0.4366373604101964
0.3238137598152231 1.7206579956951815
0.39481450291631026 0.623514509956625
0.4184618898124007 0.3401460082248215
0.4369852568819449 0.9400814975973693
0.5058651227006784 0.5257128505747719
0.5800549872024278 0.5442269299941027
0.6212721988890764 0.829514668838401
0.6487500233556162 0.34179492364760033
0.6642992908457915 0.4309785597272139
0.8251402678854403 0.10441438504153311
#kx=0.0, ky=8.0, Jx=1.0, Jy=1.0, Jz=2.1, h=0.08
-0.016333436288776426 0.032185662121667395
0.1064744206350682 0.17801105988041668
0.14432392702598015 0.8755515342089079
0.16281198140394157 1.158795353488625
0.18084194845437424 0.2532740125610904
0.258729394891684 0.6286316127766859
0.3170249002892252 1.116562089732542
0.38943861390424445 0.6044302827003482
0.42807747966236553 0.22544953186042122
0.4325531562609858 0.2420342714869088
0.5045055151238699 0.19887305595278446
0.5824650379500907 0.8558908029818459
0.623489449509567 0.5586699924577689
0.6549074154739084 0.47163713594160406
0.6711296875447696 0.3356330375655416
0.8251463651735425 0.10848854523066521
