#kx=0.0, ky=8.0, Jx=1.0, Jy=1.0, Jz=2.1, h=0.08
-0.016333436288776315 0.407021262831778
0.10647442063506832 0.04660323420685151
0.14432392702598026 0.004329245717648848
0.16281198140394168 0.04784296480257215
0.18084194845437435 0.13702539837558192
0.2587293948916841 0.1088942509691187
0.3170249002892253 0.045310388712150824
0.38943861390424456 0.11730073072499482
0.42807747966236565 0.16995726693966562
0.4325531562609859 0.06306880936847029
0.50450551512387 0.00752166752545698
0.5824650379500909 0.0731212925841169
0.6234894495095671 0.2496778625629875
0.6549074154739085 0.022197715332199063
0.6711296875447698 0.13934120487293725
0.8251463651735427 0.024769586539815057
#kx=0.0, ky=6.0, Jx=1.0, Jy=1.0, Jz=2.1, h=0.08
-0.016716589259050563 0.41715621898615335
0.11339393463434785 0.035551269667673406
0.13948299079700835 0.038704418961205994
0.16777968301712265 0.1652962817772762
0.18146164356828365 0.044910215293014394
0.23515156398439047 0.12022862290961404
0.34203019016321423 0.0519440823223637
0.39887552973245327 0.11008523214158517
0.41894662030679936 0.011845205013629826
0.43366508415192445 0.2104631336575039
0.5341349363450707 0.011527394328654333
0.6003977149621935 0.15983127659544458
0.63058951276063 0.19152080709402364
0.6507769778057343 0.08890042789261803
0.667593036109722 0.1886680399951088
0.7023507732389019 0.2954742254786454
#kx=0.0, ky=4.0, Jx=1.0, Jy=1.0, Jz=2.1, h=0.08
-0.016678648819138053 0.4102331020282498
0.11267660045649114 0.20174074983562879
0.13803330555283386 0.026867255023545613
0.18001195258882213 0.0308828538819727
0.19962506397074742 0.1251332256276394
0.22965933701466235 0.11008677858853828
0.3500365767581011 0.08140201955678197
0.3907870832353465 0.17773739706648786
0.40619984658873287 1.2406667700773553
0.42872545471225565 0.11664843667929786
0.4470817903308981 0.021836004310347896
0.5651558901527131 0.06692253307325925
0.6160474051253497 0.12368978258835547
0.6248769022633873 0.19477442071740153
0.6500408368596853 0.12490345962806645
0.6676137990754771 0.13975986656973932
#kx=0.0, ky=2.0, Jx=1.0, Jy=1.0, Jz=2.1, h=0.08
-0.016476831219012666 0.3816806690385263
0.09608759109868828 2.01514084426247
0.1107919409773434 0.22709043173635057
0.13913518508793402 0.049193635263107084
0.19401068016107523 0.0012325244615539776
0.21694565922548392 0.03520639006948876
0.2627715699539264 0.3196389907515356
0.3512775103121005 0.034097725925763496
0.3961629785046904 0.23159201710209523
0.4319716531398358 0.04266625994518606
0.4611647922394251 0.05769541464499357
0.56205986336224 0.11010778459524004
0.5950357952068459 0.07183438912902897
0.6210008660074289 0.1842082852484732
0.6431238988525163 0.1244594975108579
0.6668701812841961 0.15563649433246146
#kx=0.0, ky=0.0, Jx=1.0, Jy=1.0, Jz=2.1, h=0.08
-0.08150330446819332 50.12739240680039
-0.019114380532939568 4.690995819888051
0.05369519112805787 49.67228280214186
0.11795175518303158 0.7744192276135242
0.15447528674206168 2.305877097863598
0.23231345887978405 4.446923386861533
0.29027531219479563 0.264304454114816
0.3865531789898115 3.0406282403196996
0.3980130393754551 4.133777592433775
0.4364920631974335 0.46368903162307246
0.4531750780347792 9.225690565801703
0.4909271966196761 52.79408884508543
0.5699156716116016 1.7939767285054946
0.6061029474788313 0.5782502972540936
0.6574201388213132 1.1669230799289783
0.7710946220821766 134.69674140844924
#kx=4.0, ky=2.0, Jx=1.0, Jy=1.0, Jz=2.1, h=0.08
0.09652022929240212 2.3386681555942466
0.11214180699775103 0.43792167043637403
0.1399431627833002 0.09239601141643193
0.16297566755054776 0.20839345514632537
0.2108046572947871 0.02960865425000569
0.2464300222885266 0.08695645588590073
0.3344903371897375 0.7437031997079001
0.39007784557131187 0.48666102273278405
0.40609684397207807 0.25474073998428254
0.4274181609532591 1.2694754568893036
0.45317393389908345 0.29162272642206283
0.5436200503243533 0.4738808313931045
0.616549829978264 0.04182912935894981
0.6429185639033912 0.31164899460469064
0.6523698382386678 0.004124313274157093
0.6677716659200351 0.25105253934437805
#kx=8.0, ky=4.0, Jx=1.0, Jy=1.0, Jz=2.1, h=0.08
0.12020097328742912 0.4644823173989961
0.14263276611035705 0.09197395253125848
0.16508274087093416 0.2896880012890584
0.18259010759174113 0.1556230625922062
0.25578409976657074 0.5557258842661471
0.3392916353173906 1.6291195774304967
0.38718856790141293 0.7906531159528412
0.41037036224547035 0.8941521919444823
0.4170285914598987 0.0026405836969985944
0.4273937260679386 2.321564844629775
0.5400440473151741 0.5746952523174571
0.6183472707745215 0.21744544956580736
0.6362355695171167 0.6070322499340158
0.6570363169883731 0.09489100898873064
0.6716629259644704 0.43788562127640146
0.8257483614281556 2.973135376963549
#kx=12.0, ky=6.0, Jx=1.0, Jy=1.0, Jz=2.1, h=0.08
0.10925599962297666 0.25476748226250506
0.14089621995365748 0.21516396345906746
0.16548618140313842 0.04307520657826488
0.20471103520554645 0.06293898839597935
0.28133567642243024 0.16878539669789297
0.34897188852933975 0.3473529601370782
0.3953451729151435 0.7875728934765868
0.4079043504094157 2.423794692352717
0.42096356510664 2.7270767867623253
0.42516846286313625 0.00026769630690820484
0.5198953127168499 0.24358050593555092
0.5824552266376054 0.011407873049833584
0.635593469953169 0.432371512412375
0.6477289731664349 0.13971926043968672
0.6705234815309714 0.5811569566929546
0.7034687009903455 0.37373796197399345
#kx=16.0, ky=8.0, Jx=1.0, Jy=1.0, Jz=2.1, h=0.08
-0.016333436288777037 0.4070212628317695
0.10647442063507845 0.0466032342068402
0.14432392702597677 0.004329245717671238
0.16281198140393985 0.04784296480259451
0.1808419484543702 0.13702539837559347
0.2587293948916874 0.10889425096907002
0.31702490028921576 0.04531038871215912
0.38943861390425044 0.11730073072502824
0.4280774796623662 0.16995726693970237
0.4325531562609916 0.06306880936850455
0.5045055151238536 0.007521667525458275
0.5824650379500884 0.0731212925839474
0.6234894495095777 0.24967786256316213
0.6549074154739163 0.022197715332257926
0.6711296875447763 0.13934120487283513
0.8251463651735382 0.024769586539805526
#kx=14.0, ky=8.0, Jx=1.0, Jy=1.0, Jz=2.1, h=0.08
0.10116745570411004 0.35611314182317366
0.10634710477108478 1.0752299453181826
0.1426187337570007 0.024338100313795127
0.16675048588670466 0.0008224379660812436
0.18822214942894244 0.12190422246170401
0.2596687338867155 0.21670924409850953
0.33147316250260744 0.12403078281672113
0.38440563944974054 0.33630973786681184
0.42054748314218365 0.635896826023335
0.4365809055744456 0.771167003030719
0.49545694557080316 0.019599887409385976
0.5725285588176411 0.03710876948045791
0.62784156849983 0.3325447731939332
0.6532633163499155 0.009980550068874735
0.6718563744174333 0.34670239855443624
0.82505855227298 0.01827527894126073
#kx=12.0, ky=8.0, Jx=1.0, Jy=1.0, Jz=2.1, h=0.08
0.10253081362425501 0.14175883462613573
0.14187895800831976 0.0953939011643967
0.16980354346883425 0.022571228196541674
0.20571508185821025 0.04317468128034843
0.27840819693302254 0.30174016378519863
0.3337283931849104 0.07537860684094876
0.38011967766234134 0.47561919314929524
0.4046790592299148 2.5341140743639525
0.41502382649743036 2.1603883956522
0.4256302996772422 1.244868224646817
0.4882385387399685 0.21725263430485062
0.5705987952721331 0.062322771600965575
0.6327996904541933 0.28386813867099003
0.6497010767556293 0.09196325972651913
0.6741269247726012 0.5880823146726999
0.8252068044491923 0.017159618469936532
#kx=10.0, ky=8.0, Jx=1.0, Jy=1.0, Jz=2.1, h=0.08
0.1057730494881865 0.18785402393321077
0.14133034945435607 0.12536609343688696
0.17467294286136112 0.07187433563907572
0.2079846860088541 0.034254788834116416
0.2868138659012791 0.6413924373368792
0.3378981366628395 0.015283459838864324
0.380327468586111 1.2516157836506652
0.411266491351683 0.8875255313345635
0.4230383858136627 1.8816344862140926
0.4732760983012914 0.8572479942049983
0.5807178761380289 0.3740222464921746
0.6293157749512603 0.29522815055980245
0.6480305360670564 0.05531078800695123
0.6756633126811852 0.37333420288798735
0.7032028896411768 3.5237986409637716
0.8254619427351131 0.02109644470606008
#kx=8.0, ky=8.0, Jx=1.0, Jy=1.0, Jz=2.1, h=0.08
0.11601157176419721 0.11918412342125274
0.14009872785442143 0.10542902591158096
0.179020814840607 0.12950602600123462
0.20648682439862404 0.04356834618554462
0.27251484845181406 0.9761242454434925
0.3399371966548844 0.0036409542791634116
0.3753495391269128 1.253863865204869
0.4123486255149632 0.5944027566535044
0.42820276645643607 1.9579538704920192
0.4727552494336362 0.9521086635572182
0.5907043043946613 0.4410480142264168
0.6254373145607801 0.1682516185616747
0.6486642132450906 0.04891748610491368
0.6748746035044209 0.48548661101959717
0.8246695988408485 1.400583871282298
0.8267281130917916 1.6291669280555912
#kx=6.0, ky=8.0, Jx=1.0, Jy=1.0, Jz=2.1, h=0.08
0.12505491415231035 0.058243582060392936
0.14202063653744854 0.11131127669390149
0.18161089886402093 0.11713619586049435
0.21831396677938972 0.15650452634519935
0.24589255056073883 0.7668362047562074
0.34257393684227 0.013449023987446362
0.37618383842393166 0.7743673260536579
0.4130195174736111 0.46974927694825513
0.4279904746143633 1.3367767490920852
0.48630880892699235 0.7653147684691314
0.5846917919706329 0.49039926331568456
0.6284275668607736 0.021455336950739208
0.646988351732647 0.07647763095493311
0.6687443487475139 0.3562185056987086
0.7037971234804358 1.7769532423940606
0.8255025737506652 0.029115158584777798
#kx=4.0, ky=8.0, Jx=1.0, Jy=1.0, Jz=2.1, h=0.08
0.12118674938016569 0.02884711638387105
0.14682161660943113 0.21082353351372077
0.1798421260942511 0.12633611536310985
0.2132585802033062 0.17003318921139568
0.2516313740236401 0.18966719364721238
0.3380856724969167 0.06398015510610687
0.3822015384021412 0.20241570059938369
0.40570614165903157 0.7918840832614746
0.41767421726060394 0.21736283404276285
0.43026743781484456 0.4106457933343213
0.5015279250592101 0.22332482736207382
0.5708364781008255 0.6871927888326566
0.6294081648591359 0.004700634727866436
0.6451543795360659 0.016804067823835443
0.6628698678822553 0.1023485373177339
0.825324282437998 0.030667816263182004
#kx=2.0, ky=8.0, Jx=1.0, Jy=1.0, Jz=2.1, h=0.08
0.10475019209288183 0.02512417112474402
0.11763867854113133 0.0021682991880189032
0.1444464179694848 0.11402007079205406
0.1701147022418013 0.05187365049940418
0.20047172184796752 0.10723073268526004
0.2684175838904513 0.08848826016346657
0.3238137598152231 0.008828323707040365
0.39481450291631026 0.08535850615715593
0.4184618898124007 0.10818232817937277
0.4369852568819449 0.030380542107647984
0.5058651227006784 0.0025347866277378524
0.5800549872024278 0.3689660846318574
0.6212721988890764 0.09478578924535865
0.6487500233556162 0.00226308982919185
0.6642992908457915 0.03740140733315182
0.8251402678854403 0.029914197501567954
#kx=0.0, ky=8.0, Jx=1.0, Jy=1.0, Jz=2.1, h=0.08
-0.016333436288776426 0.407021262831778
0.1064744206350682 0.04660323420685151
0.14432392702598015 0.004329245717648848
0.16281198140394157 0.04784296480257215
0.18084194845437424 0.13702539837558192
0.258729394891684 0.1088942509691187
0.3170249002892252 0.045310388712150824
0.38943861390424445 0.11730073072499482
0.42807747966236553 0.16995726693966562
0.4325531562609858 0.06306880936847029
0.5045055151238699 0.00752166752545698
0.5824650379500907 0.0731212925841169
0.623489449509567 0.2496778625629875
0.6549074154739084 0.022197715332199063
0.6711296875447696 0.13934120487293725
0.8251463651735425 0.024769586539815057
