#kx=6.0, ky=6.0, Jx=1.0, Jy=1.0, Jz=1.0, h=0.1
0.06671223685927652 0.001014418614960491
0.1010531307119289 0.0015400062757964454
0.1121487255720921 0.00042056770540219423
0.13974182883377595 0.00019925794691729324
0.1567788654648561 0.0004978973496769005
0.20163127705640493 0.0001262765288255988
0.22967942779634876 0.0014657006825971183
0.24777213483235472 0.0008099860309170078
0.28897225808648175 0.00044206851092899973
0.2985449914338889 0.00019851718034443892
0.31384628081579047 0.00017267028201324943
0.32118225918819465 0.00020111614749056123
0.35769027554627464 0.0021000950597486003
0.3675102351590598 0.001049306189390491
0.38612085505180194 0.000692252581285458
0.39144560041162957 0.0004730627830468446
0.39532500856928887 0.0001290960628215705
0.4014425723440185 0.00036354647952784085
0.40791466865677195 0.0001606672439834305
0.4141746830837789 0.000248176874485243
0.42348439763676027 0.00011298148291299953
0.45489676443341787 0.00021139536040102783
0.4868349009803541 0.0001444559808391696
0.5066122924615168 0.0001698308304980136
0.5303454258862295 0.0003355838507628548
0.5424374345418975 0.00020002089646427936
0.5815903714607074 0.00038570659984043734
0.5992542653236899 0.00030085513431231956
0.6328365464468644 0.0020731480928732494
0.660887347536781 0.0001956726024147541
0.6975270112588161 0.0003033014164377207
0.7367865461651979 0.0003497226636480574
0.7912018062381082 0.000308976239484267
0.82711480618188 0.00046863498160289424
0.859353675340373 0.00015736426095302458
0.8952858928370355 0.00038907151040242654
0.9043971239993553 0.00013807209155165687
0.9307019707560904 0.0002748194302042082
0.9387964872059162 7.026464252164994e-05
0.9532742651508536 0.000189746027264904
0.9722343621514468 0.00032860306141651154
0.9772623705845557 0.0001835340234453367
0.9909576714625856 0.00021286613930135683
0.9991687845986991 0.00011092471207450182
1.007867605864086 0.0005230112820739463
1.0135268350421567 0.000380398611441251
1.0205621469641408 0.00017667293778264403
1.0256965416892072 0.0001899770943345729
1.0421004433131138 4.491153901393878e-05
1.050138598125279 0.00015877362086370026
1.0604749389025325 0.0001770043102840016
1.0683747883916073 0.00019871770989083083
1.07790077877512 0.00024624730211002027
1.088521713314753 0.0004620671351490128
1.0994822333938874 0.0002778902667532647
1.1111560097493784 0.0005161616142726116
1.1238741089026112 0.00029614036947502845
1.13107472858544 0.00028081157731975136
1.1401493877590125 0.0003136782398868005
1.1531019165022887 0.0003565241979942963
1.174300071864462 0.0002719487549576404
1.2128221870676015 0.0008780669010529359
1.2214038687582334 0.0006311985964389011
1.2508616092732554 0.0002310630421109199
1.2770849691291901 0.0006173718685074204
1.283847938638118 0.00013409508118821667
1.309080123011338 0.0003955044798344043
1.3264381706348543 0.0001336002563325468
1.349874526538457 0.0003453371790415149
1.3692715020824835 0.0002972887578716931
1.393624793303629 0.00011007701530324113
1.4107551022374838 0.0001162184300361924
1.426213658015193 6.208743171090466e-05
1.4680988164689373 0.00048424733237710255
1.5516093400595088 7.39180821302616e-05
#kx=4.0, ky=4.0, Jx=1.0, Jy=1.0, Jz=1.0, h=0.1
0.08694832172223499 0.0011197218294359448
0.096512407340541 0.0011268636659697358
0.12242338565753463 0.0007926922860542982
0.12918367064370828 0.0004992039458950145
0.15410202603504175 0.00022881200063828603
0.20868725639327346 0.0005492476873466661
0.22162941327833918 0.0010164976103939367
0.25276653410781 0.001229115801718693
0.28645397924462523 0.00022592310209208348
0.2953519987797315 0.0001317252159771042
0.31213335499347683 0.00017048187792771417
0.31911875371524456 0.0011156832467356566
0.3505955378658132 0.0009246988303145033
0.36626708154365584 0.0008829167413182259
0.3808969939787904 0.0001323394861228001
0.3933199002773863 0.0004750657962986508
0.3946549859813836 0.0001742652218976158
0.40169691102054317 0.00022646103084202797
0.4102670329338315 8.045346553278338e-05
0.4157700913590856 0.0001881040466711375
0.4216014145688213 0.00014343090781474715
0.4514730790807714 7.767496724260907e-05
0.4801366043168487 0.000279892555579649
0.5134217342718267 0.0003829404516143991
0.532377477084503 0.0002608246721922772
0.5623097039262226 0.00018591541175164437
0.5995506611907714 0.0008545674782615766
0.6248620984652581 0.00036709827620214015
0.6346161560047214 0.00025121534382884614
0.6602440201565718 0.00027195412188938637
0.6776401087456607 0.00013406750771247146
0.7183498870850308 0.00027735840431188037
0.7462994310360921 0.0002962334366293434
0.8219010155267198 0.0003410670730951769
0.8557269728915806 0.0008139475825061882
0.8953091350473602 0.0006553686806911295
0.8988426083020362 0.00022577015286389347
0.9337465104413617 0.00015892487717617784
0.9443818194167097 0.0005486954471588715
0.9564524761989152 0.00014317694886013666
0.9668692051797656 0.00015281454161317207
0.9707067709173328 0.00010445375169766844
0.9806323410908763 0.0004270473980198575
0.994433804349456 0.0004413657480670921
0.9964107596791438 0.0003728728781879849
1.007322474722907 0.0002628826897709595
1.0110135356343453 8.491932162253288e-05
1.0265138542754153 0.00038001401947236277
1.0379643883665635 0.0003146637569967119
1.0431487066992329 0.00014999309400268672
1.056887236686535 0.0006605787143793522
1.064599010200994 0.0002587749021390218
1.0731870703426067 0.00019895254039960342
1.083429413171948 0.0003080456106551669
1.0887964572622173 0.0005778971170023076
1.103098335141145 0.0004422701483402745
1.1214564120108568 7.009172518298594e-05
1.1305287954826904 0.00012746406267896422
1.1509162371181625 0.0007074017482501307
1.165047293757605 0.00029831695068988903
1.1766667717385508 0.0006124024250242278
1.205257267206532 0.00019660835711728195
1.2218862639919688 0.0005181814106984695
1.2455138278264384 0.00010243167572780887
1.2752966691017509 0.0004924114346321698
1.284704982827597 0.00018393092036356299
1.3022506141987318 0.0011754096461774664
1.3304547397188105 8.466077433899491e-05
1.350709276045086 0.00039726772567942695
1.3644035983431841 0.00028048477738151355
1.3866987196027654 8.682367037513232e-05
1.4147746718335286 0.0005137593637415806
1.4288870618693 0.00016141555905686725
1.4509435305179381 0.0008587222341122281
1.5238667993273918 0.00021691946884189512
#kx=2.0, ky=2.0, Jx=1.0, Jy=1.0, Jz=1.0, h=0.1
0.0875696916990304 0.0007180102679446585
0.09817406572354581 0.00045334391047575207
0.11414001610353386 0.0007770084607414618
0.12626224084537174 0.0002015950146333998
0.16107730678339705 0.0001155673482242788
0.20032841748928332 0.0002701744452865293
0.22687453636734523 0.0007415694675559854
0.256338111256198 0.000668482233820165
0.2819965461870966 0.0002015183910436605
0.2946401663355608 0.00015565721026702392
0.31132055038902817 0.0005268444873213874
0.3222944535532096 0.0007224223586077558
0.33929525889563883 0.0004099692209999185
0.3539719750882697 0.00014172419023946838
0.3654569179244044 0.00022013375427569042
0.3844940317171064 0.00017415667055262305
0.3930961703649116 1.2272123293003713e-05
0.39949263939414614 0.00016821401020828327
0.40804214466647504 0.00010300944583378972
0.40873887249300245 8.501475847301964e-05
0.4170383154596391 7.053796113833954e-05
0.4279884884522478 0.00011613949493332031
0.4569425177770531 3.342020939033122e-05
0.48113819553603665 2.7835080057117023e-05
0.5219484155571885 0.0002898266132303144
0.5327464395022796 0.0001822542216104491
0.5407024800139126 0.00018930773449076015
0.5651126292605257 0.0005757881947506709
0.6187194486661024 0.00015844184489996753
0.6381277378735833 5.6823935059886245e-05
0.6576301833000675 0.00018544179264806915
0.7026121443243777 0.00029544465454163705
0.7179333871780358 0.0002853402388506985
0.7832052742116657 0.00015061641369237453
0.810330090768055 7.330063016408009e-05
0.8630067370358241 0.0014045704336149195
0.895012620498426 0.00036631348588802193
0.9036606010816955 0.00017227896053930924
0.9392606441590173 0.00014024035977808924
0.9504752288914109 0.00014016337942268436
0.9564239065054125 0.00036143787899835
0.9691905190911482 0.0004838515551765682
0.9790605932330515 0.00014489227818603053
0.9934587031876624 0.0010436726175573631
1.0009004474152121 9.066457012322284e-05
1.003823503604449 9.065932318876611e-05
1.0095322798298896 0.0002475211945296497
1.0142796146198445 0.00024486814044999454
1.031164147385597 0.00010244983460590672
1.046922949853215 0.00042259526259645196
1.0538644636153616 0.00040247195824020783
1.0679808074917245 0.00019648481491241925
1.0770882353439077 7.945071133938405e-05
1.0832027830857471 0.0005230297671278362
1.0886269675958304 0.00018325950718398395
1.11157915951124 0.000263785132908868
1.116120020962612 0.00022921839645275975
1.131016812187331 4.8469457089432825e-05
1.1467505089904502 0.0001687342010173204
1.161789702425133 0.0002879957094018943
1.1790964054925306 0.00017715553687644534
1.1967498935345051 0.0005110645069388754
1.2127027253983163 0.0003070387719347136
1.2287138329677387 0.00026420106554403134
1.254535197443638 0.00011742193608005529
1.2786174582675514 0.0001760644677090391
1.286432540655273 0.0002476344118102646
1.3077963579514766 0.0007188582564985371
1.3206959222531873 0.00012565899927030545
1.3472492115538548 0.0004059539585009246
1.3777561597395165 0.000102532788162223
1.3871938551251928 0.00016037317708301514
1.4279967522879318 0.00042943948889310465
1.4503412106315594 0.0001710691445766133
1.4665937047204531 0.00012382424915570315
#kx=0.0, ky=0.0, Jx=1.0, Jy=1.0, Jz=1.0, h=0.1
-0.014235358946502186 0.00030437777433900225
0.09630946186001854 0.003377537526083641
0.1074012629939819 0.0008483887936719362
0.1203835489893107 0.00027394021671094175
0.13793410880508283 0.0002328096868900509
0.1603707513582131 0.0002706512373132859
0.1902782019043575 0.00041578993048478526
0.23580690523464343 0.0006509912830255716
0.2586423811975319 0.00030253252619704546
0.27761622894512117 0.0003632726236799512
0.2906903562641394 0.00033702507451486554
0.302192667516874 4.872216983286003e-05
0.32083776616495363 0.0002546297901096868
0.3395667994566637 8.319978718896955e-05
0.34895536941394467 0.0006325409205368192
0.3646414519517882 0.006000488325966121
0.3858573863427839 0.0008463391637577761
0.3938452544957477 0.00014038710031565475
0.3998329647309362 0.00021603194820879657
0.40261756829611417 7.613086861768466e-05
0.40716347385671314 0.0007147684919946271
0.41349566266844884 0.00023788956115930845
0.4203756545489412 0.0002092449261109107
0.4273078869480379 0.0003271541618029975
0.4405956265196376 0.0009066254542816191
0.46860717266787866 0.0010339440292134383
0.5004251618067806 4.5426217211362234e-05
0.5312345888855935 2.8573066504415428e-05
0.5445806740555376 0.0005449025854860013
0.5555827480276537 0.0001466613537356228
0.6054465922876989 0.00023928030636087254
0.6303451422397088 0.0014851185685790824
0.6512865246232924 0.00037370156747646333
0.7076233617588101 0.0009797552121549788
0.7692221973970104 0.0004735048604079582
0.7981397676592 0.0013368305066348927
0.8234485004990272 0.0008668923786953612
0.8635482654861926 6.000685208223091e-05
0.887725088375334 0.0002823408912813337
0.899663544346751 0.0006237779210251078
0.9272228420571782 0.00010030174196940825
0.937709682704671 0.0006874401129623232
0.9495541703167293 0.00019609613580076914
0.9657775519410455 0.0003418671811770849
0.9820978302345401 0.00015406791180734472
0.9916742587448163 0.00025053475260610386
1.0020908316599249 0.0007498465205212684
1.0039627986919752 0.00021442512672624465
1.0127550506338796 0.000384153377149636
1.0186131865098325 5.6274483920651655e-05
1.0339663031408248 0.00023318347461779424
1.0395479034461736 0.0003387886506271547
1.0521871646043057 0.0006205066188036418
1.0581342319533793 3.329220459623744e-05
1.0720509977538484 0.0001250906710335735
1.09050970035985 0.00039862104821903065
1.099316562045451 0.0005396228111234903
1.1145047866265956 0.00012888134805304717
1.1236048384928898 0.00047646700152795696
1.1483565340802293 8.69694673527126e-05
1.151128072449572 0.0003370259988863661
1.162860183643033 0.00025655987990743354
1.196924601464771 6.899414407635799e-05
1.223155152955665 0.0005913352158531144
1.2408399505311736 6.792432090169108e-05
1.2621948475379818 0.00010660253089401836
1.2806710456886217 0.0002458164410190614
1.3099895230241587 0.00015635577054567293
1.3176999533736384 9.81217348776494e-05
1.3285566942266684 0.0006868557106678441
1.3606035123786238 0.0004609598320441937
1.383296253781111 0.00024910791549316233
1.412250347948794 0.0003529675586478456
1.431123602731577 0.00021090973152483597
1.4469472655144788 0.00013586108494077732
1.4592275304904911 0.0001118622950496039
#kx=2.0, ky=4.0, Jx=1.0, Jy=1.0, Jz=1.0, h=0.1
0.08110912137606452 0.0009236224185282626
0.09419859844975342 0.0008457543333481703
0.11218738645203785 0.0011767603763712777
0.1280616313716637 0.00020821600196936296
0.1601656405984131 0.00018088942147319542
0.20024275487125764 0.0003255538944659713
0.22436788340128078 0.0008196694912263534
0.25273261483024667 0.0009915460498830858
0.28891840960420023 0.00015880606543555966
0.295544151178912 0.00013071796015028543
0.31179139206359563 9.31470669583875e-05
0.3186322943029041 0.0012586066474718988
0.3461611388076574 0.00048246392408971315
0.37062300872704346 0.0005706768085852298
0.3829049905172033 0.00019732104527455172
0.39231267622722166 0.00038782740144010727
0.39710713587170543 0.00024708247800843923
0.40487230118721795 0.00013604755412630247
0.4092906764672677 0.000110587271056036
0.4145127281989741 6.426304350481511e-05
0.42190577446307054 0.0003013850378205173
0.45150080627699374 0.00010507577949631864
0.4873916773999548 8.33709227055975e-05
0.5146104019703324 0.0002881698215459109
0.5306738031303077 0.000317950893135186
0.5419731443591141 5.182609577739342e-05
0.5719847968552838 0.0006982383575080073
0.620827374981332 0.00019773610612646843
0.6280837868495509 0.00020626987980058582
0.649171704627966 0.0002371313343803495
0.6681174489392822 0.0002610536390311875
0.7073683558221883 0.0002820596060454845
0.7769526748288808 0.00012497544227934866
0.8099001016897517 0.0002534714515035111
0.8581839891428883 0.0008692225817210934
0.8931999215273229 0.00062801876154446
0.9013196617311126 0.00011902030848497596
0.9384985800154999 0.00040231901874665467
0.9489790425002831 0.00025850921830681574
0.9554952935865807 0.0003083200808282278
0.9685420785874493 0.0001390098666060237
0.9724104845619908 3.959070423123557e-05
0.982824046713639 0.00047010733971581916
0.994375649511694 0.000835724176351659
1.004444139172294 0.00024145394453440488
1.0090549750244615 0.0001535951609515232
1.0125917283366932 8.0695629454861e-05
1.0262877082644613 0.00037051601303907274
1.034629544845585 0.00014158561309395278
1.045926134389668 0.0002529042243174434
1.056061963552386 0.0004525696097482864
1.0696458084095832 0.0001554432170355501
1.0807110746676218 0.0005772264282955667
1.0872531797434788 0.0003211453808539843
1.095719402395476 0.00022191946944778577
1.1169141465605743 3.557354311436614e-05
1.1305463917066398 0.0002614368819756494
1.1348919193580738 0.0002488959900931304
1.1520942495255604 0.00034628160032773174
1.1710692717867444 0.0007947164305858931
1.1817870342627361 0.0004133814142872929
1.21822548484267 0.00040427691224497955
1.2267677514855013 0.00021583830564733976
1.2481492496687046 9.852559666015059e-05
1.2721850889359643 0.00036534791173716534
1.284121265955707 6.24932340560359e-05
1.30453500863758 0.0012818745378329612
1.3251548353166687 8.196617216835005e-05
1.355242186435512 0.0005229596541370474
1.3732195107383016 0.0002748531766864507
1.38744130598156 0.0001236672209253487
1.4068413477216402 0.0002899099347772573
1.4217812731088624 0.00034030632932055397
1.4665129464767972 0.00020776635132248067
1.4839705972816013 9.582594633347087e-05
#kx=4.0, ky=8.0, Jx=1.0, Jy=1.0, Jz=1.0, h=0.1
0.09048457044288971 0.0007331460868459671
0.1083240579790723 0.0006470287091260244
0.12551655537468898 0.00015377926338556782
0.14656260665933563 0.00013768230678995957
0.16030732660260227 0.00019817301662682177
0.20096929412851405 0.0003737147620675008
0.23701449589005052 0.0011780923789389479
0.24957895737576674 0.0008822339916096932
0.28595614085960896 0.00031616693883169776
0.29930649128144804 0.0006756699823850632
0.3085596302433591 2.947878130953641e-05
0.319518709314226 3.113101310665058e-05
0.35420830221333743 0.0017193850696249626
0.3684166514442905 0.0010456931976330984
0.3798837126012261 0.0001138268094559804
0.38775591010269783 0.0007844061197595709
0.3992759339059754 0.0001931752296627198
0.4009857220727636 0.00019262743562387292
0.40672593807797364 8.593100915866115e-05
0.4115513732990628 6.656267751969359e-05
0.4246797752950987 8.979474755131518e-05
0.45355191632069414 2.754473783943827e-05
0.47671254893148607 0.00011089337895571575
0.49000272299066394 7.428573442215015e-05
0.5320318105420002 0.0003961569333239608
0.5510816023487841 0.00024214150657888203
0.5802278288661539 9.847683997538508e-05
0.5843001221609273 9.592447374421255e-05
0.6147444248321882 0.0003726587616103618
0.6347175731660171 0.0018442639941538641
0.6846984011366758 0.0001016168500553564
0.7245435034442987 0.00019096413975724629
0.761259822119334 0.0002452492994598182
0.8219239077107632 0.00012138398754594365
0.8562206816451284 0.0002334281413852094
0.8868259395697231 0.00022494786794767673
0.8940787977293796 7.436876383422408e-05
0.9265081167955053 0.0002475500369837486
0.9379408499351821 0.00014059573435707784
0.9457980090821572 8.634101980621594e-05
0.9589224486811776 0.00011315526108569883
0.9761808480218553 0.0002848929244337622
0.9777673681949228 0.0002513193743584385
0.9941171538946458 0.0001931796161075364
0.9988357982991386 0.00012594974872918774
1.0034637713030485 0.00016703547485868997
1.0153015295217345 0.00012149735863725754
1.0222176000924472 0.00011204799888900281
1.03185702145849 0.00011207072609542215
1.036460815691288 0.0001910134541313138
1.0473630534698803 0.0001701015110997124
1.0613076270050508 0.00016870983699365588
1.069140556434915 0.0001296276685720469
1.0821402773403728 0.0003775360320409398
1.0965939603221169 0.00015571008828846458
1.108973690420341 0.00016111287398620972
1.11541401007488 0.00010172581151733764
1.1275921882949036 0.0003672908317479293
1.1346411892533137 0.0004298894705548519
1.1557295213414238 0.0005565194641439613
1.1632731559049252 0.00019022279794400165
1.2136637876023337 0.0005689995810366301
1.2208350444154703 0.0008969038986374457
1.2377808671499095 0.00025875541907107304
1.272647237598385 0.00017774492755605402
1.2876987036837835 0.0002441158596543664
1.3055153882202593 0.00020688726755584
1.3224035026918686 0.0001374978013670668
1.3454042457778321 0.0004964278375155427
1.3600567212866843 4.0748606151379703e-05
1.3811352097125456 0.0001265612286352057
1.4149690804183206 7.695296820542442e-05
1.431697496424963 9.911891481400815e-05
1.4684480360797165 0.0005341048229041058
1.4946282512985913 3.275431690302015e-05
#kx=5.0, ky=7.0, Jx=1.0, Jy=1.0, Jz=1.0, h=0.1
0.08893567139808156 0.001405353962449291
0.10330367913606642 0.0005443974781543194
0.11435998839631645 0.00021873514592625143
0.1430530297914273 6.702786332470309e-05
0.15458170288364492 0.0003291983483509765
0.2026199035513654 0.0001240417778450046
0.2335703394834554 0.001119038476281848
0.24763209867950609 0.0009436005332293954
0.2899616386100917 0.0003528706931643054
0.29981836164717335 0.000372100611945371
0.31129538901162823 0.00011133124305585868
0.32100112821317917 8.419637100405673e-05
0.357035180506029 0.002070807319117181
0.36818570527842764 0.0007835500754288405
0.3788691927462229 0.0003195899337555296
0.38789838770723395 0.0008483116354983073
0.3983764080922281 1.4323859521619221e-05
0.4009633998077239 0.00040551792072764976
0.40728709883816494 7.973691068118423e-05
0.41301048210786784 0.00011555844648717648
0.4230673177551586 8.73248931620277e-05
0.45441110518981864 8.667970153674516e-05
0.4849588071805111 0.00019553511653306173
0.5081006504293034 9.047098202828591e-05
0.5313863041546196 0.00040691762616884943
0.5479377006587538 0.0002231790977678015
0.5857071841856049 0.00021805872367962315
0.6092460642645753 0.00023196792836899797
0.6335548092407944 0.0020793870073941476
0.6676594364374638 0.00010666169115195038
0.7160688258957087 0.0003798823355331707
0.7474805325071066 0.00022353962414186756
0.8022983671748884 0.0002995585216619621
0.8375930981899216 9.51628366242355e-05
0.8639325144419163 0.00018728855187950978
0.8918527468455817 0.0002151229757326956
0.9013970804741955 5.3553255641467854e-05
0.9226870167379309 0.0001474341127322047
0.9391673979759474 0.00021120775786019313
0.9548748142872254 0.00014979683486270482
0.9692284218457065 0.00016647412442069283
0.9797603053913423 0.00024803434741532936
0.9884599005873307 0.00015235572416321378
0.9960221121889185 0.00010094880572539248
1.0061858620478714 0.00011038485348099049
1.012062938842158 0.0003098130873221822
1.0199760412441183 0.0001178672784341626
1.0286151525834153 0.0004231354300874439
1.0421192660262486 4.676306348607224e-05
1.047400742757293 0.00010171872649541322
1.0617143159130327 0.0001317008488832339
1.0646753200794286 4.902305403804229e-05
1.0754294944808733 0.0003235793387028299
1.0866588476359385 0.0003354698206893585
1.099339131558506 0.0001405858924766816
1.1124662001162855 0.00017399187128946388
1.1212521354904608 0.00031319518298668554
1.1306376312429096 0.0002870210149664331
1.1433697879270732 0.0002753965263706432
1.1510263821747961 0.00046478775441455555
1.1720137689232741 0.00018982379008056633
1.2133873161075592 0.0007120384369051393
1.2202570277036262 0.0007275942513545364
1.2491310604582235 0.00034036916075962147
1.2767414910708097 0.00024160326629468995
1.2892948427833595 0.0002319094519390568
1.3088784067269954 0.00023177691550708035
1.3295761590726403 0.00010425136094075743
1.3493618024917025 0.0004373338272318933
1.3709643180881854 6.768408972054735e-05
1.384339103192565 9.600325485781509e-05
1.406506145624481 7.941057886164247e-05
1.426925332363852 6.58607220321619e-05
1.479908054514603 0.00043783467619748295
1.535022679573833 3.253048495364725e-05
