#kx=6.0, ky=6.0, Jx=1.0, Jy=1.0, Jz=1.0, h=0.1
0.06671223685927652 0.0001012905803457594
0.1010531307119289 0.00016347016515065986
0.1121487255720921 3.7651813463335025e-05
0.13974182883377595 4.652100013022848e-05
0.1567788654648561 0.00030567268976839816
0.20163127705640493 6.418588942832138e-05
0.22967942779634876 4.2393655272782445e-05
0.24777213483235472 6.978519209271818e-05
0.28897225808648175 1.0894724333278427e-05
0.2985449914338889 1.1104308588518832e-05
0.31384628081579047 3.452910648256853e-05
0.32118225918819465 3.081667890444548e-06
0.35769027554627464 4.516446228582651e-05
0.3675102351590598 0.0003222982651475975
0.38612085505180194 4.8859355236738165e-05
0.39144560041162957 4.5446271387938684e-05
0.39532500856928887 2.017903262736428e-06
0.4014425723440185 6.872779510607063e-05
0.40791466865677195 4.7817495471461446e-05
0.4141746830837789 1.5178339199038882e-05
0.42348439763676027 8.650167508347009e-07
0.45489676443341787 0.00013537643847080116
0.4868349009803541 9.630057086281792e-05
0.5066122924615168 1.6298934178082882e-06
0.5303454258862295 4.412922841752475e-05
0.5424374345418975 0.00010721683107005168
0.5815903714607074 0.00027664858484054405
0.5992542653236899 7.444737597312123e-05
0.6328365464468644 1.7035279990624248e-05
0.660887347536781 7.716713470636309e-05
0.6975270112588161 2.375014543664611e-05
0.7367865461651979 0.0001414411326817616
0.7912018062381082 0.0001738329954637004
0.82711480618188 0.0004451365308908191
0.859353675340373 5.749061935019478e-05
0.8952858928370355 0.0002194708009688691
0.9043971239993553 0.00011017846669532785
0.9307019707560904 0.0001174997374766842
0.9387964872059162 3.6758884829050494e-06
0.9532742651508536 4.283633091559362e-05
0.9722343621514468 7.745691535657534e-05
0.9772623705845557 2.2581009909997616e-05
0.9909576714625856 0.00012706042436435054
0.9991687845986991 7.905689478254412e-05
1.007867605864086 0.00023198247055254695
1.0135268350421567 5.927722402972465e-05
1.0205621469641408 0.0001086273320004352
1.0256965416892072 0.00010466407020379026
1.0421004433131138 1.3483114904074023e-05
1.050138598125279 5.33912314114237e-05
1.0604749389025325 3.613892287631589e-05
1.0683747883916073 4.815638394376618e-05
1.07790077877512 0.0001725463706851742
1.088521713314753 0.00011404245599952464
1.0994822333938874 0.0001747199373754732
1.1111560097493784 0.0003884518804356588
1.1238741089026112 3.5609922511340434e-05
1.13107472858544 0.00011557512347540879
1.1401493877590125 5.308235843555879e-05
1.1531019165022887 8.783675156575286e-06
1.174300071864462 8.876025947407344e-05
1.2128221870676015 0.0001292558581332514
1.2214038687582334 0.00021374361213113166
1.2508616092732554 0.00019879362818735937
1.2770849691291901 0.00019544928197039201
1.283847938638118 4.805940279037009e-05
1.309080123011338 7.528732915785237e-05
1.3264381706348543 0.00010388543087329592
1.349874526538457 9.320864170413546e-05
1.3692715020824835 0.00012590194077838674
1.393624793303629 9.889424447355808e-05
1.4107551022374838 7.370927263772501e-06
1.426213658015193 1.423087682561683e-06
1.4680988164689373 0.0004492782434497678
1.5516093400595088 3.343156382028858e-05
#kx=4.0, ky=4.0, Jx=1.0, Jy=1.0, Jz=1.0, h=0.1
0.08694832172223499 2.519868251190138e-05
0.096512407340541 2.6409446281271054e-05
0.12242338565753463 5.93355287615141e-06
0.12918367064370828 6.468056936428561e-06
0.15410202603504175 8.311578104694215e-05
0.20868725639327346 3.10971217571657e-05
0.22162941327833918 8.611420405572065e-06
0.25276653410781 4.964391170706606e-05
0.28645397924462523 1.2821597979717822e-05
0.2953519987797315 3.5279520170228867e-06
0.31213335499347683 3.183415066888784e-06
0.31911875371524456 8.762583352301708e-06
0.3505955378658132 7.874259623537258e-05
0.36626708154365584 0.00012115932602156453
0.3808969939787904 2.313841789754289e-05
0.3933199002773863 4.806862725201817e-08
0.3946549859813836 2.6965988271757703e-05
0.40169691102054317 4.5468747011214316e-06
0.4102670329338315 4.411627628816152e-05
0.4157700913590856 2.7746099362883405e-05
0.4216014145688213 1.8001772035811988e-05
0.4514730790807714 2.1811091999315702e-05
0.4801366043168487 1.0672374652699471e-05
0.5134217342718267 4.726120714744987e-06
0.532377477084503 6.969191953544356e-06
0.5623097039262226 4.056248726253621e-05
0.5995506611907714 0.00030578606719281224
0.6248620984652581 7.98140559902509e-06
0.6346161560047214 2.6407482686705966e-06
0.6602440201565718 4.709316892078929e-05
0.6776401087456607 9.706028710877288e-05
0.7183498870850308 5.099402403067274e-05
0.7462994310360921 9.479213425541237e-05
0.8219010155267198 0.00022443399572316685
0.8557269728915806 4.2325165271521057e-05
0.8953091350473602 0.00023339520922672775
0.8988426083020362 2.7687756736080904e-05
0.9337465104413617 1.5940388226363275e-05
0.9443818194167097 4.2489319364001335e-05
0.9564524761989152 4.753454508401215e-05
0.9668692051797656 5.855263505709219e-06
0.9707067709173328 5.1529546528802406e-05
0.9806323410908763 6.367781476463459e-05
0.994433804349456 4.7273726075627654e-05
0.9964107596791438 5.50617361489891e-05
1.007322474722907 8.077132144495781e-05
1.0110135356343453 5.6177750308037964e-05
1.0265138542754153 4.860558000080533e-05
1.0379643883665635 0.00022401683171821332
1.0431487066992329 2.09707328398493e-07
1.056887236686535 0.00020600505876285904
1.064599010200994 1.4547457154189324e-05
1.0731870703426067 9.029408161894529e-05
1.083429413171948 0.00016094747669466927
1.0887964572622173 8.994278202446144e-06
1.103098335141145 1.350303346866027e-05
1.1214564120108568 2.663261339961254e-05
1.1305287954826904 6.2740807635038825e-06
1.1509162371181625 0.0001522255207088216
1.165047293757605 1.021644478331654e-06
1.1766667717385508 0.00028166119419111626
1.205257267206532 7.386200095764493e-05
1.2218862639919688 2.4867439752562182e-05
1.2455138278264384 4.024921235313058e-05
1.2752966691017509 0.0001635353585453804
1.284704982827597 3.2650552510116706e-05
1.3022506141987318 9.906821378913312e-05
1.3304547397188105 4.388265009149524e-06
1.350709276045086 8.55757073159435e-05
1.3644035983431841 0.00018173044158653287
1.3866987196027654 1.0491506121655928e-05
1.4147746718335286 3.5856692859568896e-05
1.4288870618693 8.597178409379003e-05
1.4509435305179381 0.0008321963430177692
1.5238667993273918 9.810832008915805e-05
#kx=2.0, ky=2.0, Jx=1.0, Jy=1.0, Jz=1.0, h=0.1
0.0875696916990304 1.2480363958016036e-05
0.09817406572354581 9.571791221427727e-06
0.11414001610353386 4.332638270835932e-07
0.12626224084537174 1.7975987846378617e-05
0.16107730678339705 5.251925919650397e-05
0.20032841748928332 1.4294833536607741e-05
0.22687453636734523 2.4029588681899312e-05
0.256338111256198 8.685548590110004e-06
0.2819965461870966 4.343998283431082e-06
0.2946401663355608 9.432696231909385e-06
0.31132055038902817 5.117197355481087e-06
0.3222944535532096 3.8435186230186585e-06
0.33929525889563883 6.8880757387169575e-06
0.3539719750882697 1.2235531532260317e-05
0.3654569179244044 5.548497321824357e-05
0.3844940317171064 0.00010872467536879748
0.3930961703649116 1.3336395931234468e-06
0.39949263939414614 3.893367683476935e-06
0.40804214466647504 2.8573208806802346e-05
0.40873887249300245 5.082048619098387e-06
0.4170383154596391 1.675405714653503e-05
0.4279884884522478 2.069338741590537e-06
0.4569425177770531 9.471067982410745e-06
0.48113819553603665 4.1865911165386716e-07
0.5219484155571885 4.270411630834184e-05
0.5327464395022796 2.8188315831890014e-05
0.5407024800139126 0.0001250478739678973
0.5651126292605257 0.00012434276413577651
0.6187194486661024 0.00011672622831920044
0.6381277378735833 4.553767910104128e-06
0.6576301833000675 0.0001225716923492534
0.7026121443243777 4.9067879426100405e-08
0.7179333871780358 2.4147632003682736e-05
0.7832052742116657 0.00014054454442733797
0.810330090768055 5.3242013691467146e-05
0.8630067370358241 2.1173834322918785e-05
0.895012620498426 0.00012355728811977405
0.9036606010816955 1.5645036535234558e-05
0.9392606441590173 3.321728249156333e-06
0.9504752288914109 5.054673053347109e-05
0.9564239065054125 6.8165871199827425e-06
0.9691905190911482 0.0003079835426002134
0.9790605932330515 4.4915462559246486e-05
0.9934587031876624 8.27696471471668e-05
1.0009004474152121 2.3213019519997553e-05
1.003823503604449 9.16478355403608e-06
1.0095322798298896 0.00010199605792111768
1.0142796146198445 1.6714163880292457e-05
1.031164147385597 6.373180385117374e-06
1.046922949853215 2.27832850232899e-05
1.0538644636153616 0.0002179162009649012
1.0679808074917245 0.0001432829812905493
1.0770882353439077 3.8958932515581045e-05
1.0832027830857471 0.000285000415428511
1.0886269675958304 5.9054969201470986e-05
1.11157915951124 0.00013982845214475544
1.116120020962612 3.179889458403148e-05
1.131016812187331 2.1969051074970648e-05
1.1467505089904502 1.5449888021272677e-05
1.161789702425133 0.000184040289083352
1.1790964054925306 0.00013787993232434244
1.1967498935345051 0.00014062055973269934
1.2127027253983163 3.053809764063175e-05
1.2287138329677387 6.789883347377873e-05
1.254535197443638 4.159872588836072e-05
1.2786174582675514 8.764643058718258e-05
1.286432540655273 2.5001814018551725e-06
1.3077963579514766 3.435546619410939e-05
1.3206959222531873 3.080311615462321e-05
1.3472492115538548 0.00011332748327438077
1.3777561597395165 3.9290189728980477e-05
1.3871938551251928 9.359625987243934e-05
1.4279967522879318 3.3783802032843186e-05
1.4503412106315594 0.00011376443107477157
1.4665937047204531 0.00010599181356113336
#kx=0.0, ky=0.0, Jx=1.0, Jy=1.0, Jz=1.0, h=0.1
-0.014235358946502186 0.0001122898806573177
0.09630946186001854 0.0011389285646440284
0.1074012629939819 0.00041296122577700207
0.1203835489893107 0.00020775834921590156
0.13793410880508283 0.00013239095211466413
0.1603707513582131 3.688080674145116e-05
0.1902782019043575 6.261955943346675e-05
0.23580690523464343 0.0001996002261543329
0.2586423811975319 7.914316947209163e-05
0.27761622894512117 7.978252161937744e-05
0.2906903562641394 7.981477232772088e-05
0.302192667516874 1.720386894949219e-05
0.32083776616495363 7.059866114468783e-05
0.3395667994566637 1.6335325428539075e-05
0.34895536941394467 0.00011961354635295908
0.3646414519517882 0.0017955105035893024
0.3858573863427839 0.00018717041114840727
0.3938452544957477 4.765516206924607e-05
0.3998329647309362 5.23757351156043e-05
0.40261756829611417 1.2266586315568213e-05
0.40716347385671314 0.0003217602196366541
0.41349566266844884 5.753532387659842e-05
0.4203756545489412 0.0001283230667766319
0.4273078869480379 0.0001846613901070838
0.4405956265196376 0.0001914197173085897
0.46860717266787866 0.0005279887130832758
0.5004251618067806 4.908832168021693e-08
0.5312345888855935 1.3430742758852987e-05
0.5445806740555376 0.00015755948812495296
0.5555827480276537 7.212318159630101e-05
0.6054465922876989 0.00011930520218991711
0.6303451422397088 0.00032235325288575714
0.6512865246232924 2.9524392838086822e-05
0.7076233617588101 0.0005086751502776737
0.7692221973970104 0.00032090433190183794
0.7981397676592 0.000598774988618036
0.8234485004990272 0.00022390964931484134
0.8635482654861926 1.2778627181564345e-05
0.887725088375334 0.00017721629005363352
0.899663544346751 0.00037948843121662906
0.9272228420571782 3.434865321712456e-05
0.937709682704671 0.00017512468122059824
0.9495541703167293 1.1570237972521344e-05
0.9657775519410455 6.618260598871044e-05
0.9820978302345401 2.9280945651247888e-05
0.9916742587448163 9.776660142547382e-05
1.0020908316599249 0.00010051641610773656
1.0039627986919752 1.829051642651587e-05
1.0127550506338796 5.059158676164245e-05
1.0186131865098325 1.9314158615001584e-05
1.0339663031408248 5.507023031654657e-05
1.0395479034461736 9.948984170985364e-06
1.0521871646043057 0.0004284398540538519
1.0581342319533793 6.284833700963744e-07
1.0720509977538484 4.359300236237611e-05
1.09050970035985 0.00013670859876618727
1.099316562045451 0.00015836565214633283
1.1145047866265956 4.572530176312344e-05
1.1236048384928898 0.0001652192689650589
1.1483565340802293 3.5744414756766124e-05
1.151128072449572 0.0001663859931363302
1.162860183643033 4.300350175057947e-05
1.196924601464771 2.0217380873048046e-05
1.223155152955665 0.00026517986522996666
1.2408399505311736 8.938248812823221e-06
1.2621948475379818 2.0384053723270675e-05
1.2806710456886217 1.4265292282530728e-05
1.3099895230241587 8.463443536354876e-06
1.3176999533736384 2.642489803974166e-05
1.3285566942266684 5.391877568626914e-05
1.3606035123786238 0.00017433097251125284
1.383296253781111 0.00010748554698321482
1.412250347948794 0.00013493970117710343
1.431123602731577 1.746650185570881e-05
1.4469472655144788 0.00012144653347595477
1.4592275304904911 2.9164121942433314e-05
#kx=2.0, ky=4.0, Jx=1.0, Jy=1.0, Jz=1.0, h=0.1
0.08110912137606452 1.6712397791371446e-06
0.09419859844975342 2.5998763042863412e-05
0.11218738645203785 9.5053146093327e-06
0.1280616313716637 4.297502095357994e-05
0.1601656405984131 1.0650257087831287e-05
0.20024275487125764 5.423536133178212e-05
0.22436788340128078 2.5624664776541444e-06
0.25273261483024667 9.956651828133035e-06
0.28891840960420023 5.2650136784983e-06
0.295544151178912 1.9355775285978163e-06
0.31179139206359563 5.789810777369347e-07
0.3186322943029041 1.849162774863494e-05
0.3461611388076574 5.7368025653003475e-05
0.37062300872704346 6.228370505811623e-05
0.3829049905172033 4.4049134604328204e-05
0.39231267622722166 2.015982918024891e-05
0.39710713587170543 2.5623355682942736e-05
0.40487230118721795 2.6949256070853035e-05
0.4092906764672677 2.3082745005407973e-06
0.4145127281989741 6.842237866653265e-06
0.42190577446307054 6.960747559968951e-06
0.45150080627699374 5.269822620587416e-05
0.4873916773999548 1.2587526399045682e-05
0.5146104019703324 1.4609130719824133e-06
0.5306738031303077 1.411594826867861e-05
0.5419731443591141 4.086663801334473e-05
0.5719847968552838 2.7797557974094244e-05
0.620827374981332 0.00010279001145568758
0.6280837868495509 1.4702412549808764e-05
0.649171704627966 2.575727171785663e-05
0.6681174489392822 2.3555124214861257e-05
0.7073683558221883 1.851763861106881e-05
0.7769526748288808 6.721599919555273e-05
0.8099001016897517 0.00015368835988723012
0.8581839891428883 3.3549479309362443e-05
0.8931999215273229 0.00015968578277073992
0.9013196617311126 2.892733976419433e-05
0.9384985800154999 1.6666414131015907e-05
0.9489790425002831 3.126919779651753e-05
0.9554952935865807 4.843152721414087e-05
0.9685420785874493 8.557866857570235e-05
0.9724104845619908 2.300373696329347e-05
0.982824046713639 8.092380499914537e-05
0.994375649511694 5.44039949488402e-06
1.004444139172294 5.780006131105845e-05
1.0090549750244615 3.955614755812205e-06
1.0125917283366932 3.4522067765433726e-05
1.0262877082644613 4.402860768986351e-05
1.034629544845585 7.249402150786268e-05
1.045926134389668 1.1607407786138255e-05
1.056061963552386 4.9462529315486294e-05
1.0696458084095832 1.528470161477785e-05
1.0807110746676218 0.00012275515427470716
1.0872531797434788 5.624566932609629e-05
1.095719402395476 4.156944389491239e-05
1.1169141465605743 3.5860433523177904e-06
1.1305463917066398 1.1474167563746684e-05
1.1348919193580738 1.746271068843807e-05
1.1520942495255604 5.014943687238801e-05
1.1710692717867444 2.0415839383151195e-05
1.1817870342627361 0.00033462248846510443
1.21822548484267 1.127760348765207e-05
1.2267677514855013 1.5327234861942486e-05
1.2481492496687046 7.380532146509077e-05
1.2721850889359643 3.948531042143789e-05
1.284121265955707 3.649279607078708e-05
1.30453500863758 9.53798868131338e-05
1.3251548353166687 4.401725004789916e-05
1.355242186435512 0.00037804595612404363
1.3732195107383016 0.00013959952520414386
1.38744130598156 2.1284021744504002e-05
1.4068413477216402 0.00021864407288504803
1.4217812731088624 4.4546744682109485e-05
1.4665129464767972 0.00013425442603562582
1.4839705972816013 5.12944036328556e-05
#kx=4.0, ky=8.0, Jx=1.0, Jy=1.0, Jz=1.0, h=0.1
0.09048457044288971 0.00014303202805527492
0.1083240579790723 1.182774312264369e-07
0.12551655537468898 1.848148405555711e-05
0.14656260665933563 7.019322645376455e-06
0.16030732660260227 7.462867421718298e-05
0.20096929412851405 2.9118395240057542e-05
0.23701449589005052 3.947171919264035e-06
0.24957895737576674 3.707768457253447e-05
0.28595614085960896 1.2765751268662393e-05
0.29930649128144804 3.3078156364241067e-06
0.3085596302433591 1.8496703375106214e-06
0.319518709314226 4.479632616679746e-06
0.35420830221333743 2.7989807361625365e-05
0.3684166514442905 2.6710283832141435e-05
0.3798837126012261 8.423520947013603e-05
0.38775591010269783 4.175340371482079e-05
0.3992759339059754 1.8425227877559997e-06
0.4009857220727636 4.200834017997589e-05
0.40672593807797364 1.5038751305542659e-06
0.4115513732990628 7.335949098075487e-06
0.4246797752950987 4.875503192367441e-05
0.45355191632069414 2.1947575999065486e-05
0.47671254893148607 1.3418356523908043e-05
0.49000272299066394 2.463443727054038e-05
0.5320318105420002 6.071228111540807e-06
0.5510816023487841 5.617588663910426e-06
0.5802278288661539 3.674985128338202e-05
0.5843001221609273 1.6419926940039905e-05
0.6147444248321882 5.465303622617582e-05
0.6347175731660171 1.8305720742763227e-05
0.6846984011366758 4.680220465398583e-06
0.7245435034442987 1.924938339161297e-05
0.761259822119334 1.1186788840010209e-05
0.8219239077107632 5.493079877978983e-05
0.8562206816451284 8.162737378125144e-05
0.8868259395697231 5.519023080446801e-05
0.8940787977293796 9.73489802220769e-06
0.9265081167955053 5.6714061706193716e-05
0.9379408499351821 7.42903341700827e-05
0.9457980090821572 4.915952907475866e-05
0.9589224486811776 3.7203589814686783e-06
0.9761808480218553 0.00016458245145063738
0.9777673681949228 7.050716140806897e-05
0.9941171538946458 0.00012481663199114088
0.9988357982991386 2.1302951225620177e-05
1.0034637713030485 8.717514901327041e-05
1.0153015295217345 0.00010569294941287041
1.0222176000924472 1.766416395656327e-05
1.03185702145849 2.2926275919189945e-05
1.036460815691288 6.362843141725963e-05
1.0473630534698803 3.74093118842991e-05
1.0613076270050508 1.0320136677499091e-05
1.069140556434915 3.103330660668133e-05
1.0821402773403728 0.0001355117898854928
1.0965939603221169 8.663973356510156e-05
1.108973690420341 0.00010562517866842225
1.11541401007488 2.4528579394142587e-05
1.1275921882949036 1.2793476717582716e-05
1.1346411892533137 0.00019944552084533097
1.1557295213414238 0.00011239974858093454
1.1632731559049252 5.1326855360130676e-05
1.2136637876023337 0.00011614122765819427
1.2208350444154703 0.00035045389158365535
1.2377808671499095 0.00014683195978073966
1.272647237598385 3.115230092946922e-05
1.2876987036837835 1.477953842374889e-05
1.3055153882202593 8.229197745710602e-05
1.3224035026918686 4.483933933050115e-05
1.3454042457778321 9.494890999308883e-05
1.3600567212866843 1.6622864279782932e-05
1.3811352097125456 6.319144066002344e-05
1.4149690804183206 1.0635097778024803e-05
1.431697496424963 9.447934514184764e-06
1.4684480360797165 0.0005032796088828074
1.4946282512985913 1.1558594817688306e-05
#kx=5.0, ky=7.0, Jx=1.0, Jy=1.0, Jz=1.0, h=0.1
0.08893567139808156 0.0001968320134062921
0.10330367913606642 1.204715466554942e-05
0.11435998839631645 1.2023081300952066e-05
0.1430530297914273 1.4581631084783242e-06
0.15458170288364492 0.00014437147002300792
0.2026199035513654 1.2196231674080075e-05
0.2335703394834554 1.6508125125838102e-05
0.24763209867950609 2.8164091504094642e-05
0.2899616386100917 7.655651583825146e-06
0.29981836164717335 1.0848753841897161e-05
0.31129538901162823 5.3787891642412944e-06
0.32100112821317917 2.6647824848715493e-06
0.357035180506029 6.296768832585781e-05
0.36818570527842764 0.00010034071619170028
0.3788691927462229 6.265805330223457e-05
0.38789838770723395 5.287424788224307e-06
0.3983764080922281 2.4062155611868736e-06
0.4009633998077239 2.213628706426023e-05
0.40728709883816494 2.0163061945821e-05
0.41301048210786784 8.239843772545317e-06
0.4230673177551586 1.0787310709240389e-05
0.45441110518981864 5.286047555570449e-05
0.4849588071805111 0.00011618655124123722
0.5081006504293034 1.3984229968295112e-06
0.5313863041546196 7.230068365780596e-06
0.5479377006587538 4.651915299530442e-05
0.5857071841856049 0.00015816973498644976
0.6092460642645753 2.182391119813489e-05
0.6335548092407944 3.683904991964981e-06
0.6676594364374638 2.957595923185868e-05
0.7160688258957087 4.252318459724218e-05
0.7474805325071066 0.00011334842461501065
0.8022983671748884 0.00025711316361879484
0.8375930981899216 7.19933938613425e-05
0.8639325144419163 3.831198419535853e-05
0.8918527468455817 0.00011093237226240489
0.9013970804741955 3.913406752393204e-05
0.9226870167379309 3.5769819358404757e-06
0.9391673979759474 0.00015767792825556912
0.9548748142872254 1.4898740222746334e-05
0.9692284218457065 4.464710614384371e-05
0.9797603053913423 4.642632340090458e-05
0.9884599005873307 0.00011262488415077702
0.9960221121889185 4.427461429926776e-05
1.0061858620478714 3.369282815161408e-05
1.012062938842158 5.323323377042651e-05
1.0199760412441183 8.106055002936878e-05
1.0286151525834153 0.0001857443601305966
1.0421192660262486 5.4162242890152863e-08
1.047400742757293 5.4474462809523704e-05
1.0617143159130327 4.406730315513203e-05
1.0646753200794286 2.1075196362945746e-06
1.0754294944808733 0.00020426238582852153
1.0866588476359385 4.730390516861125e-05
1.099339131558506 4.8666823096786277e-05
1.1124662001162855 0.00014432148136555542
1.1212521354904608 2.3329478089883305e-05
1.1306376312429096 0.00015561497346544269
1.1433697879270732 4.474270341712905e-05
1.1510263821747961 2.0371615129370114e-05
1.1720137689232741 6.693818789805221e-05
1.2133873161075592 0.00010885264034683623
1.2202570277036262 0.000284175940893067
1.2491310604582235 0.00023987353921920267
1.2767414910708097 3.514240427390804e-05
1.2892948427833595 2.901467933279206e-05
1.3088784067269954 6.060861004965906e-06
1.3295761590726403 7.54318587184557e-05
1.3493618024917025 9.584162717417187e-05
1.3709643180881854 5.202500241797527e-05
1.384339103192565 2.860020167108858e-05
1.406506145624481 1.7107298379308756e-05
1.426925332363852 5.225654064632226e-06
1.479908054514603 0.00041612140446864503
1.535022679573833 3.640824974285141e-07
