#kx=3.0, ky=3.0, Jx=1.0, Jy=1.0, Jz=1.0, h=0.1
0.011404005090607239 -0.1403345013067539
0.036434825839810614 -0.1403345013067539
0.060701981396329985 -0.1403345013067539
0.08010399124073975 -0.1403345013067539
0.10217936098170566 -0.1403345013067539
0.14656465278678643 -0.1403345013067539
0.17349780008287408 -0.1403345013067539
0.19257733287241952 -0.1403345013067539
0.20621459146356935 -0.1403345013067539
0.22541315015022156 -0.1403345013067539
0.22961892295146946 -0.1403345013067539
0.24397694799336622 -0.1403345013067539
0.24931503136980837 -0.1403345013067539
0.27039675109590877 -0.1403345013067539
0.28321280145321426 -0.1403345013067539
0.2913300388014928 -0.1403345013067539
0.3067463129164094 -0.1403345013067539
0.3152228186643796 -0.1403345013067539
0.33189347238802347 -0.1403345013067539
0.3402360589919462 -0.1403345013067539
0.3421779043607803 -0.1403345013067539
0.36038071535208105 -0.1403345013067539
0.3703411054168615 -0.1403345013067539
0.400724866531193 -0.1403345013067539
0.41980044159444674 -0.1403345013067539
0.43888827769375527 -0.1403345013067539
0.4428949189357312 -0.1403345013067539
0.4606218748447505 -0.1403345013067539
0.4699324719713577 -0.1403345013067539
0.48139907618932 -0.1403345013067539
0.4854666924829004 -0.1403345013067539
0.493214394096097 -0.1403345013067539
0.5021595822649205 -0.1403345013067539
0.5146996526821102 -0.1403345013067539
0.5221049943356615 -0.1403345013067539
0.5293641903147539 -0.1403345013067539
0.5401205441569734 -0.1403345013067539
0.5521709818736936 -0.1403345013067539
0.5624234537359374 -0.1403345013067539
0.57649578630532 -0.1403345013067539
0.5848166237045238 -0.1403345013067539
0.5948140376032829 -0.1403345013067539
0.6022035011173876 -0.1403345013067539
0.6194369508978659 -0.1403345013067539
0.6322350331964721 -0.1403345013067539
0.6413610711051276 -0.1403345013067539
0.6638833917368081 -0.1403345013067539
0.6737829422027913 -0.1403345013067539
0.6776290063226031 -0.1403345013067539
0.704297687198116 -0.1403345013067539
0.744020939926549 -0.1403345013067539
0.7606699669149686 -0.1403345013067539
0.7710541905960722 -0.1403345013067539
0.7831837685323867 -0.1403345013067539
0.8217485970605248 -0.1403345013067539
0.8360273888959724 -0.1403345013067539
0.8690271692177631 -0.1403345013067539
0.8840073358429756 -0.1403345013067539
0.8957222545256 -0.1403345013067539
0.9071236045155212 -0.1403345013067539
0.9222562901262615 -0.1403345013067539
0.9620387109922907 -0.1403345013067539
0.988229335363166 -0.1403345013067539
0.9930881120483265 -0.1403345013067539
1.0055949746112032 -0.1403345013067539
1.0279924486308318 -0.1403345013067539
1.031628336253319 -0.1403345013067539
1.03571991377208 -0.1403345013067539
1.046233801524582 -0.1403345013067539
1.0608579412943442 -0.1403345013067539
1.0718700900246998 -0.1403345013067539
1.0808392717505062 -0.1403345013067539
1.0870519623799106 -0.1403345013067539
1.0945108940837978 -0.1403345013067539
1.1127346570906194 -0.1403345013067539
1.1170348630064701 -0.1403345013067539
1.1212451330501316 -0.1403345013067539
1.1315425505555128 -0.1403345013067539
1.1405695459043748 -0.1403345013067539
1.1493782197316986 -0.1403345013067539
1.1582934643735894 -0.1403345013067539
1.1622909916502944 -0.1403345013067539
1.171495520368152 -0.1403345013067539
1.1814667450941474 -0.1403345013067539
1.1858972668385164 -0.1403345013067539
1.1898721265021002 -0.1403345013067539
1.1968853284629604 -0.1403345013067539
1.2071989145750899 -0.1403345013067539
1.214640605111773 -0.1403345013067539
1.2216994626720363 -0.1403345013067539
1.2342320744022746 -0.1403345013067539
1.2442119428762788 -0.1403345013067539
1.2515865948710092 -0.1403345013067539
1.2646447552799316 -0.1403345013067539
1.2672006157706646 -0.1403345013067539
1.275638179113043 -0.1403345013067539
1.2858584084899167 -0.1403345013067539
1.29248019591587 -0.1403345013067539
1.3026251583641408 -0.1403345013067539
1.3113613431042852 -0.1403345013067539
1.3184818611468252 -0.1403345013067539
1.3284988700204603 -0.1403345013067539
1.3409114826939006 -0.1403345013067539
1.3526117450670905 -0.1403345013067539
1.3634858864869448 -0.1403345013067539
1.3687054216951382 -0.1403345013067539
1.373406575389526 -0.1403345013067539
1.3822376021785883 -0.1403345013067539
1.389620413452171 -0.1403345013067539
1.3998339772231878 -0.1403345013067539
1.4142092093207363 -0.1403345013067539
1.4202542525359734 -0.1403345013067539
1.4390749272646874 -0.1403345013067539
1.4540354201341437 -0.1403345013067539
1.4650812240052886 -0.1403345013067539
1.4727713312883683 -0.1403345013067539
1.4930396909487065 -0.1403345013067539
1.500017175544115 -0.1403345013067539
1.5063484749846872 -0.1403345013067539
1.527714292708788 -0.1403345013067539
1.5332085969498226 -0.1403345013067539
1.5531394215531347 -0.1403345013067539
1.5854639880708499 -0.1403345013067539
1.598408941065994 -0.1403345013067539
1.6192544657284302 -0.1403345013067539
#kx=0.0, ky=0.0, Jx=1.0, Jy=1.0, Jz=1.0, h=0.1
-0.029361466904067046 -2.052120410136456
-0.0049998486623220595 -2.052120410136456
0.049744577251407684 -2.052120410136456
0.05728366327737766 -2.052120410136456
0.06434848152997052 -2.052120410136456
0.10065495861171947 -2.052120410136456
0.145434289818841 -2.052120410136456
0.175603655174964 -2.052120410136456
0.19160045156048855 -2.052120410136456
0.20815006255406332 -2.052120410136456
0.21864690086327965 -2.052120410136456
0.23288543103868298 -2.052120410136456
0.24645864763310543 -2.052120410136456
0.2542001649677794 -2.052120410136456
0.2695942160719711 -2.052120410136456
0.2789992381472084 -2.052120410136456
0.2890926912976921 -2.052120410136456
0.29941611908438026 -2.052120410136456
0.3110356935253977 -2.052120410136456
0.32915881352575727 -2.052120410136456
0.33601738271216763 -2.052120410136456
0.33935238954388436 -2.052120410136456
0.34713098382512797 -2.052120410136456
0.35917267571943357 -2.052120410136456
0.36636064234905896 -2.052120410136456
0.3757148884263667 -2.052120410136456
0.4026647669687411 -2.052120410136456
0.41500076857926116 -2.052120410136456
0.4383342056944056 -2.052120410136456
0.4489172862381924 -2.052120410136456
0.46155039994151603 -2.052120410136456
0.4726113739624588 -2.052120410136456
0.48375205814538913 -2.052120410136456
0.49364367782716634 -2.052120410136456
0.49954427791830014 -2.052120410136456
0.5113606871901188 -2.052120410136456
0.5171053457647279 -2.052120410136456
0.5252363976583141 -2.052120410136456
0.5281387515485658 -2.052120410136456
0.5427948530272808 -2.052120410136456
0.5597308313568122 -2.052120410136456
0.5691245585742938 -2.052120410136456
0.5768437981523533 -2.052120410136456
0.5809749794370145 -2.052120410136456
0.5946671260171849 -2.052120410136456
0.6097595573818487 -2.052120410136456
0.623961632023885 -2.052120410136456
0.6319400286906984 -2.052120410136456
0.6386953854724409 -2.052120410136456
0.6616127619784334 -2.052120410136456
0.6644281459710816 -2.052120410136456
0.6851633242111232 -2.052120410136456
0.7038056556575734 -2.052120410136456
0.71466152631461 -2.052120410136456
0.7512240987480123 -2.052120410136456
0.7637230588351351 -2.052120410136456
0.7842013266335263 -2.052120410136456
0.8160598870385999 -2.052120410136456
0.8343153381329521 -2.052120410136456
0.8550255679417545 -2.052120410136456
0.8913667722778074 -2.052120410136456
0.9124620670119038 -2.052120410136456
0.9200666057215201 -2.052120410136456
0.9844760590046336 -2.052120410136456
0.991319877185517 -2.052120410136456
1.0045240693938355 -2.052120410136456
1.0150230730218364 -2.052120410136456
1.018860872443907 -2.052120410136456
1.0331106185518513 -2.052120410136456
1.0448377337915833 -2.052120410136456
1.0512633283898891 -2.052120410136456
1.0576845973920275 -2.052120410136456
1.0692240791438523 -2.052120410136456
1.0906935692991226 -2.052120410136456
1.100300353253414 -2.052120410136456
1.1082243934542508 -2.052120410136456
1.1101519353375655 -2.052120410136456
1.120874927013582 -2.052120410136456
1.123838433459408 -2.052120410136456
1.1321275111992812 -2.052120410136456
1.137683638059825 -2.052120410136456
1.14473547000471 -2.052120410136456
1.1573314096118192 -2.052120410136456
1.1639512027367382 -2.052120410136456
1.1723655486291458 -2.052120410136456
1.1808326140359853 -2.052120410136456
1.184034166441229 -2.052120410136456
1.191507322870935 -2.052120410136456
1.2002899491385433 -2.052120410136456
1.2095902527026663 -2.052120410136456
1.2220208873109462 -2.052120410136456
1.227539214478306 -2.052120410136456
1.2351954478607645 -2.052120410136456
1.2489871400745862 -2.052120410136456
1.257515270283161 -2.052120410136456
1.2702114273159166 -2.052120410136456
1.2758076042295126 -2.052120410136456
1.2827615443777924 -2.052120410136456
1.2885729591334494 -2.052120410136456
1.3079977235104523 -2.052120410136456
1.3115103812561302 -2.052120410136456
1.3190934268428816 -2.052120410136456
1.326158472192434 -2.052120410136456
1.3328856562971887 -2.052120410136456
1.345330437451981 -2.052120410136456
1.3516794288444016 -2.052120410136456
1.3555625260788051 -2.052120410136456
1.3731573962214683 -2.052120410136456
1.3787631026086293 -2.052120410136456
1.386032565776436 -2.052120410136456
1.3974856547455783 -2.052120410136456
1.4093184466933413 -2.052120410136456
1.4230490574062071 -2.052120410136456
1.4354879148498911 -2.052120410136456
1.4565323141351971 -2.052120410136456
1.4648394156235789 -2.052120410136456
1.4718109400424368 -2.052120410136456
1.4899313469234605 -2.052120410136456
1.496230166097305 -2.052120410136456
1.5141882192430445 -2.052120410136456
1.5209124745359541 -2.052120410136456
1.5432871859620563 -2.052120410136456
1.5566861991339997 -2.052120410136456
1.5709764607756838 -2.052120410136456
1.5951532130359591 -2.052120410136456
1.6391263077722025 -2.052120410136456
#kx=0.0, ky=3.0, Jx=1.0, Jy=1.0, Jz=1.0, h=0.1
0.007577507925883298 -0.14164763311385992
0.026055089813418197 -0.14164763311385992
0.05037186141438055 -0.14164763311385992
0.06705041542546364 -0.14164763311385992
0.1024692451196163 -0.14164763311385992
0.13778278315005277 -0.14164763311385992
0.15757143522098116 -0.14164763311385992
0.18163104482218695 -0.14164763311385992
0.1971067418891259 -0.14164763311385992
0.21205055148824203 -0.14164763311385992
0.22845832906539354 -0.14164763311385992
0.2323943460137795 -0.14164763311385992
0.2426470146755283 -0.14164763311385992
0.2540932721891026 -0.14164763311385992
0.2745752386676209 -0.14164763311385992
0.28320665776186527 -0.14164763311385992
0.2936989955750391 -0.14164763311385992
0.3033980478871712 -0.14164763311385992
0.3252450380388522 -0.14164763311385992
0.3329672096415015 -0.14164763311385992
0.33987646233393065 -0.14164763311385992
0.3450223502976163 -0.14164763311385992
0.36250231343645245 -0.14164763311385992
0.3785023703656404 -0.14164763311385992
0.3971102629907658 -0.14164763311385992
0.4153908381557553 -0.14164763311385992
0.4422816045692912 -0.14164763311385992
0.4463807505732742 -0.14164763311385992
0.46385880243325683 -0.14164763311385992
0.47280071602464113 -0.14164763311385992
0.4829942214155891 -0.14164763311385992
0.48849058222289965 -0.14164763311385992
0.49371240900211444 -0.14164763311385992
0.5037826673007573 -0.14164763311385992
0.5103414889695607 -0.14164763311385992
0.517152146804763 -0.14164763311385992
0.5249517257745118 -0.14164763311385992
0.5432592218558691 -0.14164763311385992
0.5522318738294063 -0.14164763311385992
0.5609345950673916 -0.14164763311385992
0.5721559063794651 -0.14164763311385992
0.5872781822382733 -0.14164763311385992
0.5927847665574892 -0.14164763311385992
0.6012088911696106 -0.14164763311385992
0.6230131985501658 -0.14164763311385992
0.6343161248553497 -0.14164763311385992
0.6587043451845759 -0.14164763311385992
0.6624201684818876 -0.14164763311385992
0.6748479749598174 -0.14164763311385992
0.6859952717987922 -0.14164763311385992
0.7035578809416487 -0.14164763311385992
0.7322363661505932 -0.14164763311385992
0.7479922675755019 -0.14164763311385992
0.7755048033725342 -0.14164763311385992
0.796677502583199 -0.14164763311385992
0.8298654104313319 -0.14164763311385992
0.8421329820830942 -0.14164763311385992
0.8721758140774022 -0.14164763311385992
0.8871012519920296 -0.14164763311385992
0.8974480799219958 -0.14164763311385992
0.9217374767199221 -0.14164763311385992
0.9335755714850619 -0.14164763311385992
0.9673427631173892 -0.14164763311385992
0.9951347192895543 -0.14164763311385992
1.0011629609797335 -0.14164763311385992
1.0190334453097445 -0.14164763311385992
1.029099328940421 -0.14164763311385992
1.0327775054336585 -0.14164763311385992
1.0463842095663667 -0.14164763311385992
1.056631369121976 -0.14164763311385992
1.0666703054689082 -0.14164763311385992
1.0796582897341294 -0.14164763311385992
1.0875495798230639 -0.14164763311385992
1.0974671407727332 -0.14164763311385992
1.1032339771911437 -0.14164763311385992
1.113621320677095 -0.14164763311385992
1.1181688507946679 -0.14164763311385992
1.1292525815193688 -0.14164763311385992
1.1417479510372863 -0.14164763311385992
1.1488503049827132 -0.14164763311385992
1.1539682509558573 -0.14164763311385992
1.1594280774132577 -0.14164763311385992
1.1657387606807097 -0.14164763311385992
1.1745995245850804 -0.14164763311385992
1.1837489308253808 -0.14164763311385992
1.1886906992038337 -0.14164763311385992
1.198613573054987 -0.14164763311385992
1.2036976310710623 -0.14164763311385992
1.2103591460094236 -0.14164763311385992
1.2203997563547342 -0.14164763311385992
1.2290802640247427 -0.14164763311385992
1.2354877989031177 -0.14164763311385992
1.2509794854550411 -0.14164763311385992
1.2640920185250053 -0.14164763311385992
1.2704041983314451 -0.14164763311385992
1.270804372483454 -0.14164763311385992
1.2852959508855584 -0.14164763311385992
1.297281244287939 -0.14164763311385992
1.306617894913591 -0.14164763311385992
1.313381871580236 -0.14164763311385992
1.322386037985714 -0.14164763311385992
1.3352506082582134 -0.14164763311385992
1.3414395345597492 -0.14164763311385992
1.3526652775919383 -0.14164763311385992
1.3610070285760196 -0.14164763311385992
1.3665837592645735 -0.14164763311385992
1.3781619637489873 -0.14164763311385992
1.3888762731064463 -0.14164763311385992
1.39296130385268 -0.14164763311385992
1.404644215885632 -0.14164763311385992
1.414221789602681 -0.14164763311385992
1.4313033717190116 -0.14164763311385992
1.4459922834408405 -0.14164763311385992
1.4575916059086114 -0.14164763311385992
1.4668130304297355 -0.14164763311385992
1.4820118302907304 -0.14164763311385992
1.4935721123871453 -0.14164763311385992
1.5070661748764875 -0.14164763311385992
1.5190299841372372 -0.14164763311385992
1.533925257872066 -0.14164763311385992
1.5449457113217668 -0.14164763311385992
1.5636779999292454 -0.14164763311385992
1.5870518598154204 -0.14164763311385992
1.6143424965700652 -0.14164763311385992
1.6292913382762726 -0.14164763311385992
#kx=0.0, ky=6.0, Jx=1.0, Jy=1.0, Jz=1.0, h=0.1
0.010484957753981727 -0.1347509975921714
0.031502258495162416 -0.1347509975921714
0.056319391641250216 -0.1347509975921714
0.0766724871484592 -0.1347509975921714
0.112017441881192 -0.1347509975921714
0.14737274227943908 -0.1347509975921714
0.17279665288023827 -0.1347509975921714
0.19101962270411887 -0.1347509975921714
0.19671174447140338 -0.1347509975921714
0.20594090344797866 -0.1347509975921714
0.2319283388194665 -0.1347509975921714
0.24201581987142617 -0.1347509975921714
0.24689539414020523 -0.1347509975921714
0.2663515849324982 -0.1347509975921714
0.27407265938184766 -0.1347509975921714
0.2797686266055438 -0.1347509975921714
0.29813009976626725 -0.1347509975921714
0.3204934329451614 -0.1347509975921714
0.3252713286936687 -0.1347509975921714
0.3362737793020504 -0.1347509975921714
0.34758190296901526 -0.1347509975921714
0.3568243452593445 -0.1347509975921714
0.38040400397457763 -0.1347509975921714
0.3954753158743862 -0.1347509975921714
0.41041908386470094 -0.1347509975921714
0.42133060701178393 -0.1347509975921714
0.43654921796745183 -0.1347509975921714
0.4439520004195391 -0.1347509975921714
0.45485038242122855 -0.1347509975921714
0.4705711153829689 -0.1347509975921714
0.48018076984756297 -0.1347509975921714
0.48739173627456833 -0.1347509975921714
0.49355486020361383 -0.1347509975921714
0.5044085449165114 -0.1347509975921714
0.5158693640027867 -0.1347509975921714
0.5231318141993813 -0.1347509975921714
0.5376500734927819 -0.1347509975921714
0.5500916848349952 -0.1347509975921714
0.5623265610317274 -0.1347509975921714
0.5711073587586485 -0.1347509975921714
0.5774241475150382 -0.1347509975921714
0.5910982331147041 -0.1347509975921714
0.5923217849305562 -0.1347509975921714
0.6075087784458 -0.1347509975921714
0.6298348620506256 -0.1347509975921714
0.6490326270598257 -0.1347509975921714
0.6578125488542969 -0.1347509975921714
0.6664993701157967 -0.1347509975921714
0.6741135345313337 -0.1347509975921714
0.7012143107872976 -0.1347509975921714
0.7127618702727762 -0.1347509975921714
0.7358947674780991 -0.1347509975921714
0.7527688098464075 -0.1347509975921714
0.781370566800359 -0.1347509975921714
0.8186798663500255 -0.1347509975921714
0.8348480256459417 -0.1347509975921714
0.8505622512045641 -0.1347509975921714
0.8724825793166963 -0.1347509975921714
0.8854189712332727 -0.1347509975921714
0.9327956515583208 -0.1347509975921714
0.9552715125034383 -0.1347509975921714
0.9812658872195851 -0.1347509975921714
1.0048413336503137 -0.1347509975921714
1.0102459555020253 -0.1347509975921714
1.0138662512644765 -0.1347509975921714
1.0279242799087713 -0.1347509975921714
1.033792636845502 -0.1347509975921714
1.0380487156788898 -0.1347509975921714
1.0509390267220142 -0.1347509975921714
1.064095207142809 -0.1347509975921714
1.074658614390755 -0.1347509975921714
1.080560828838344 -0.1347509975921714
1.0868840334453393 -0.1347509975921714
1.0988325424433492 -0.1347509975921714
1.1167550048724668 -0.1347509975921714
1.1242665553357334 -0.1347509975921714
1.1282370094772731 -0.1347509975921714
1.1349900291446469 -0.1347509975921714
1.1411177070717005 -0.1347509975921714
1.1466394439900218 -0.1347509975921714
1.1515483374972613 -0.1347509975921714
1.1586210721065893 -0.1347509975921714
1.1660030290008168 -0.1347509975921714
1.1714614002287567 -0.1347509975921714
1.1796464396333595 -0.1347509975921714
1.1874713867430986 -0.1347509975921714
1.190137438931974 -0.1347509975921714
1.2007364529919289 -0.1347509975921714
1.2171323780313625 -0.1347509975921714
1.2223271987654138 -0.1347509975921714
1.2329932145633 -0.1347509975921714
1.237298063784571 -0.1347509975921714
1.2440221084291219 -0.1347509975921714
1.261100733399113 -0.1347509975921714
1.2630431456270501 -0.1347509975921714
1.2715483085168082 -0.1347509975921714
1.2841099361433972 -0.1347509975921714
1.2895939353709862 -0.1347509975921714
1.3008936253205083 -0.1347509975921714
1.3130390166937826 -0.1347509975921714
1.3221476252250368 -0.1347509975921714
1.3307391303242255 -0.1347509975921714
1.3376487954994776 -0.1347509975921714
1.3473744118366642 -0.1347509975921714
1.3575504566907708 -0.1347509975921714
1.371851931625424 -0.1347509975921714
1.3779937402681486 -0.1347509975921714
1.389285906726096 -0.1347509975921714
1.3953204609737169 -0.1347509975921714
1.3990748498806926 -0.1347509975921714
1.4169862746109219 -0.1347509975921714
1.4497320081309657 -0.1347509975921714
1.4583808460317038 -0.1347509975921714
1.4762311381556343 -0.1347509975921714
1.4814738700247547 -0.1347509975921714
1.4886169223228913 -0.1347509975921714
1.4957621940996084 -0.1347509975921714
1.5086284292689482 -0.1347509975921714
1.5188825130494044 -0.1347509975921714
1.5459542179142955 -0.1347509975921714
1.5521996780880447 -0.1347509975921714
1.5706313066860778 -0.1347509975921714
1.5899432246194911 -0.1347509975921714
1.620010175429965 -0.1347509975921714
1.6538941739726865 -0.1347509975921714
#kx=3.0, ky=3.0, Jx=1.0, Jy=1.0, Jz=1.0, h=0.1
0.011404005090602243 -0.1403345013067539
0.03643482583980562 -0.1403345013067539
0.06070198139632499 -0.1403345013067539
0.08010399124073475 -0.1403345013067539
0.10217936098170066 -0.1403345013067539
0.14656465278678144 -0.1403345013067539
0.17349780008286908 -0.1403345013067539
0.19257733287241452 -0.1403345013067539
0.20621459146356436 -0.1403345013067539
0.22541315015021657 -0.1403345013067539
0.22961892295146447 -0.1403345013067539
0.24397694799336123 -0.1403345013067539
0.24931503136980337 -0.1403345013067539
0.2703967510959038 -0.1403345013067539
0.28321280145320926 -0.1403345013067539
0.2913300388014878 -0.1403345013067539
0.3067463129164044 -0.1403345013067539
0.3152228186643746 -0.1403345013067539
0.3318934723880185 -0.1403345013067539
0.3402360589919412 -0.1403345013067539
0.34217790436077533 -0.1403345013067539
0.36038071535207605 -0.1403345013067539
0.3703411054168565 -0.1403345013067539
0.400724866531188 -0.1403345013067539
0.41980044159444174 -0.1403345013067539
0.4388882776937503 -0.1403345013067539
0.4428949189357262 -0.1403345013067539
0.4606218748447455 -0.1403345013067539
0.4699324719713527 -0.1403345013067539
0.481399076189315 -0.1403345013067539
0.4854666924828954 -0.1403345013067539
0.493214394096092 -0.1403345013067539
0.5021595822649155 -0.1403345013067539
0.5146996526821052 -0.1403345013067539
0.5221049943356565 -0.1403345013067539
0.5293641903147489 -0.1403345013067539
0.5401205441569684 -0.1403345013067539
0.5521709818736886 -0.1403345013067539
0.5624234537359324 -0.1403345013067539
0.576495786305315 -0.1403345013067539
0.5848166237045188 -0.1403345013067539
0.5948140376032779 -0.1403345013067539
0.6022035011173826 -0.1403345013067539
0.6194369508978609 -0.1403345013067539
0.6322350331964671 -0.1403345013067539
0.6413610711051226 -0.1403345013067539
0.6638833917368031 -0.1403345013067539
0.6737829422027863 -0.1403345013067539
0.6776290063225981 -0.1403345013067539
0.704297687198111 -0.1403345013067539
0.7440209399265441 -0.1403345013067539
0.7606699669149636 -0.1403345013067539
0.7710541905960672 -0.1403345013067539
0.7831837685323817 -0.1403345013067539
0.8217485970605198 -0.1403345013067539
0.8360273888959674 -0.1403345013067539
0.8690271692177581 -0.1403345013067539
0.8840073358429706 -0.1403345013067539
0.895722254525595 -0.1403345013067539
0.9071236045155162 -0.1403345013067539
0.9222562901262565 -0.1403345013067539
0.9620387109922857 -0.1403345013067539
0.988229335363161 -0.1403345013067539
0.9930881120483215 -0.1403345013067539
1.005594974611198 -0.1403345013067539
1.0279924486308267 -0.1403345013067539
1.031628336253314 -0.1403345013067539
1.0357199137720752 -0.1403345013067539
1.046233801524577 -0.1403345013067539
1.0608579412943393 -0.1403345013067539
1.0718700900246947 -0.1403345013067539
1.080839271750501 -0.1403345013067539
1.0870519623799058 -0.1403345013067539
1.0945108940837929 -0.1403345013067539
1.1127346570906145 -0.1403345013067539
1.1170348630064653 -0.1403345013067539
1.1212451330501265 -0.1403345013067539
1.1315425505555077 -0.1403345013067539
1.1405695459043697 -0.1403345013067539
1.1493782197316937 -0.1403345013067539
1.1582934643735843 -0.1403345013067539
1.1622909916502895 -0.1403345013067539
1.171495520368147 -0.1403345013067539
1.1814667450941423 -0.1403345013067539
1.1858972668385115 -0.1403345013067539
1.189872126502095 -0.1403345013067539
1.1968853284629555 -0.1403345013067539
1.207198914575085 -0.1403345013067539
1.214640605111768 -0.1403345013067539
1.2216994626720312 -0.1403345013067539
1.2342320744022695 -0.1403345013067539
1.244211942876274 -0.1403345013067539
1.251586594871004 -0.1403345013067539
1.2646447552799267 -0.1403345013067539
1.2672006157706595 -0.1403345013067539
1.2756381791130378 -0.1403345013067539
1.2858584084899116 -0.1403345013067539
1.292480195915865 -0.1403345013067539
1.3026251583641357 -0.1403345013067539
1.3113613431042803 -0.1403345013067539
1.3184818611468203 -0.1403345013067539
1.3284988700204554 -0.1403345013067539
1.3409114826938957 -0.1403345013067539
1.3526117450670854 -0.1403345013067539
1.3634858864869397 -0.1403345013067539
1.3687054216951333 -0.1403345013067539
1.3734065753895208 -0.1403345013067539
1.3822376021785832 -0.1403345013067539
1.3896204134521661 -0.1403345013067539
1.3998339772231827 -0.1403345013067539
1.4142092093207315 -0.1403345013067539
1.4202542525359685 -0.1403345013067539
1.4390749272646826 -0.1403345013067539
1.4540354201341388 -0.1403345013067539
1.4650812240052835 -0.1403345013067539
1.4727713312883632 -0.1403345013067539
1.4930396909487014 -0.1403345013067539
1.50001717554411 -0.1403345013067539
1.5063484749846823 -0.1403345013067539
1.5277142927087828 -0.1403345013067539
1.5332085969498177 -0.1403345013067539
1.5531394215531296 -0.1403345013067539
1.585463988070845 -0.1403345013067539
1.5984089410659892 -0.1403345013067539
1.6192544657284254 -0.1403345013067539
