#kx=0.0, ky=24.0, Jx=-1.0, Jy=-1.0, Jz=-1.0, h=0.0
-29.88852368950832 -29.888523689508286 -29.888517789129445 -29.88362049907623 -29.849093587456654 -29.845632920321183 -29.74196861735858 -29.732644682870802 -29.7321640357044 -29.694286286425104 -29.681831393645837 -29.64006934167593 -29.598248047676723 -29.598233388515407 -29.54276803686123 -29.540070309429893
#kx=0.0, ky=20.0, Jx=-1.0, Jy=-1.0, Jz=-1.0, h=0.0
-29.89947269578924 -29.888523689508393 -29.888523689508332 -29.883620499076223 -29.852777927291005 -29.84921544432629 -29.74196861735869 -29.73044723418839 -29.72994199592956 -29.694286286425182 -29.67753791882709 -29.64006934167593 -29.598248047676687 -29.57899849030715 -29.546855481979627 -29.544270665116688
#kx=0.0, ky=16.0, Jx=-1.0, Jy=-1.0, Jz=-1.0, h=0.0
-29.916011207049966 -29.888523689508283 -29.888523689508258 -29.883620499076326 -29.862843275507515 -29.859046015722043 -29.74196861735847 -29.724329315145255 -29.723732527844017 -29.69428628642504 -29.64826952587452 -29.64006934167595 -29.598248047676677 -29.570507230052833 -29.558183688446597 -29.555889180856827
#kx=0.0, ky=12.0, Jx=-1.0, Jy=-1.0, Jz=-1.0, h=0.0
-29.94274213037143 -29.88852368950833 -29.888523689508293 -29.88362049907612 -29.876313609230163 -29.872200093073324 -29.741968617358637 -29.715868038094328 -29.715114259827605 -29.69428628642513 -29.640069341675968 -29.604401813217716 -29.598248047676734 -29.574058472551027 -29.572188326088078 -29.5113600140432
#kx=0.0, ky=8.0, Jx=-1.0, Jy=-1.0, Jz=-1.0, h=0.0
-29.958924507802887 -29.88963739700726 -29.888523689508276 -29.888523689508254 -29.885209533969665 -29.883620499076137 -29.74196861735871 -29.706715432107888 -29.70573887011673 -29.694286286425037 -29.640069341675975 -29.598248047676677 -29.590783528402 -29.589401855734234 -29.563499924005438 -29.50692306531277
#kx=0.0, ky=4.0, Jx=-1.0, Jy=-1.0, Jz=-1.0, h=0.0
-29.970610065008064 -29.899399270261693 -29.89474796791291 -29.888523689508368 -29.88852368950829 -29.883620499076244 -29.741968617358577 -29.69895465710438 -29.697726916183022 -29.694286286425186 -29.640069341675854 -29.604091934656665 -29.60314949037385 -29.598248047676716 -29.54386674776682 -29.481833102685425
#kx=0.0, ky=0.0, Jx=-1.0, Jy=-1.0, Jz=-1.0, h=0.0
-32.454063032594284 -29.974379018829218 -29.90303378777801 -29.898314019927344 -29.888523689508546 -29.888523689507824 -29.88362049907617 -29.741968617358662 -29.69562343477909 -29.69428628642516 -29.694267379376715 -29.640069341675776 -29.60940924146648 -29.608650936946862 -29.55966703178495 -27.03026949710732
#kx=8.0, ky=4.0, Jx=-1.0, Jy=-1.0, Jz=-1.0, h=0.0
-29.95189222868568 -29.89956697029606 -29.894954223549792 -29.88852368950826 -29.88852368950823 -29.88362049907623 -29.741968617358644 -29.698675754812623 -29.697448719380237 -29.694286286425143 -29.689297268925642 -29.640069341675908 -29.604249402644804 -29.60326855340405 -29.598248047676698 -29.551448097568013
#kx=16.0, ky=8.0, Jx=-1.0, Jy=-1.0, Jz=-1.0, h=0.0
-29.904290647612534 -29.889942699636453 -29.88852368950839 -29.888523689508336 -29.88558407220889 -29.883620499076258 -29.741968617358626 -29.706275172333036 -29.705293567179798 -29.694286286425154 -29.68208898205935 -29.64006934167587 -29.59824804767668 -29.59099862014396 -29.589554237895026 -29.58241298564082
#kx=24.0, ky=12.0, Jx=-1.0, Jy=-1.0, Jz=-1.0, h=0.0
-29.88852368950833 -29.888523689508318 -29.88362049907613 -29.881693426420178 -29.876695133546264 -29.872666381806095 -29.741968617358754 -29.715384501082447 -29.714615754575938 -29.69428628642516 -29.673673550131827 -29.66558518745268 -29.640069341675865 -29.598248047676694 -29.574253016708287 -29.57231478633551
#kx=32.0, ky=16.0, Jx=-1.0, Jy=-1.0, Jz=-1.0, h=0.0
-29.888523689508332 -29.888523689508297 -29.88362049907624 -29.870011537367137 -29.863207520592425 -29.85948940691584 -29.741968617358715 -29.723906546291 -29.723288370463564 -29.694286286425186 -29.668621984153482 -29.640069341675833 -29.62858868040153 -29.59824804767664 -29.55832234681213 -29.55597156450647
#kx=40.0, ky=20.0, Jx=-1.0, Jy=-1.0, Jz=-1.0, h=0.0
-29.8937265292769 -29.888523689508336 -29.888523689508293 -29.88362049907615 -29.853007886857018 -29.849494545355547 -29.741968617358697 -29.73019277330109 -29.729670837728804 -29.69428628642509 -29.671324237073037 -29.640069341675886 -29.608844233742932 -29.598248047676705 -29.54692624903173 -29.544309844152426
#kx=48.0, ky=24.0, Jx=-1.0, Jy=-1.0, Jz=-1.0, h=0.0
-29.888523689508354 -29.888523689508293 -29.888517776122196 -29.88362049907629 -29.84909358745668 -29.845632920321215 -29.74196861735869 -29.732644682870742 -29.732164035704475 -29.69428628642515 -29.681831393645933 -29.640069341675815 -29.59824804767672 -29.598236497414035 -29.54276803686121 -29.54007030942986
#kx=44.0, ky=24.0, Jx=-1.0, Jy=-1.0, Jz=-1.0, h=0.0
-29.8885236895084 -29.888523689508364 -29.88393524638889 -29.883620499076162 -29.85300788685704 -29.849494545355657 -29.741968617358637 -29.730192773301113 -29.729670837728825 -29.694286286425168 -29.677538192054683 -29.64006934167589 -29.599886212333356 -29.5982480476767 -29.546926249031667 -29.544309844152302
#kx=40.0, ky=24.0, Jx=-1.0, Jy=-1.0, Jz=-1.0, h=0.0
-29.888523689508403 -29.888523689508368 -29.883620499076113 -29.878475050594453 -29.86320752059243 -29.859489406915745 -29.7419686173586 -29.723906546291076 -29.723288370463607 -29.6942862864252 -29.674124445499764 -29.64006934167587 -29.617190493489378 -29.598248047676666 -29.558322346812176 -29.555971564506493
#kx=36.0, ky=24.0, Jx=-1.0, Jy=-1.0, Jz=-1.0, h=0.0
-29.88852368950836 -29.888523689508325 -29.883620499076365 -29.876695133546225 -29.872666381806074 -29.858421708765853 -29.74196861735871 -29.7153845010825 -29.714615754575984 -29.694286286425204 -29.673020078813774 -29.640069341675865 -29.629635215043617 -29.598248047676645 -29.574253016708223 -29.572314786335497
#kx=32.0, ky=24.0, Jx=-1.0, Jy=-1.0, Jz=-1.0, h=0.0
-29.88994269963645 -29.888523689508354 -29.88852368950834 -29.885584072208868 -29.883620499076187 -29.86874163447863 -29.741968617358605 -29.712614815898657 -29.706275172332997 -29.705293567179805 -29.694286286425182 -29.675047455700003 -29.640069341675876 -29.598248047676652 -29.590998620143917 -29.58955423789495
#kx=28.0, ky=24.0, Jx=-1.0, Jy=-1.0, Jz=-1.0, h=0.0
-29.899566970296032 -29.894954223549757 -29.888523689508382 -29.888523689508308 -29.883620499076287 -29.818903783080177 -29.741968617358637 -29.71027631691537 -29.698675754812612 -29.69744871938022 -29.694286286425086 -29.678292346927407 -29.640069341675947 -29.604249402644843 -29.603268553403982 -29.59824804767667
#kx=24.0, ky=24.0, Jx=-1.0, Jy=-1.0, Jz=-1.0, h=0.0
-29.90303378777838 -29.898314019927234 -29.88852368950838 -29.888523689508343 -29.883620499076173 -29.80707896896884 -29.802667820485855 -29.741968617358637 -29.695623434778987 -29.694286286425164 -29.694267379376857 -29.679761696505533 -29.64006934167588 -29.609409241466604 -29.60865093694697 -29.598248047676666
#kx=20.0, ky=24.0, Jx=-1.0, Jy=-1.0, Jz=-1.0, h=0.0
-29.899399270261757 -29.894747967912952 -29.88852368950834 -29.888523689508304 -29.883620499076166 -29.83333631476274 -29.749351755852203 -29.74196861735859 -29.698954657104448 -29.697726916183033 -29.694286286425093 -29.67898640967543 -29.640069341675815 -29.60409193465669 -29.603149490373834 -29.59824804767672
#kx=16.0, ky=24.0, Jx=-1.0, Jy=-1.0, Jz=-1.0, h=0.0
-29.889637397007213 -29.888523689508276 -29.888523689508247 -29.885209533969686 -29.88362049907613 -29.850739722201123 -29.741968617358598 -29.706715432107785 -29.705738870116775 -29.69428628642505 -29.687817852760784 -29.678370721717393 -29.64006934167595 -29.598248047676595 -29.590783528401925 -29.589401855734206
#kx=12.0, ky=24.0, Jx=-1.0, Jy=-1.0, Jz=-1.0, h=0.0
-29.888523689508368 -29.88852368950834 -29.88362049907625 -29.876313609230277 -29.872200093073364 -29.870445489072054 -29.741968617358708 -29.715868038094303 -29.715114259827647 -29.69428628642517 -29.67936089676936 -29.650880172974 -29.640069341675737 -29.59824804767666 -29.57405847255104 -29.572188326087925
#kx=8.0, ky=24.0, Jx=-1.0, Jy=-1.0, Jz=-1.0, h=0.0
-29.888523689508354 -29.888523689508325 -29.887881422719516 -29.883620499076287 -29.862843275507462 -29.859046015722036 -29.741968617358797 -29.724329315145297 -29.723732527844096 -29.694286286425196 -29.68110345427899 -29.640069341675844 -29.630089568005083 -29.598248047676687 -29.55818368844658 -29.55588918085675
#kx=4.0, ky=24.0, Jx=-1.0, Jy=-1.0, Jz=-1.0, h=0.0
-29.88852368950836 -29.88852368950834 -29.88362049907616 -29.882990163410117 -29.852777927291065 -29.849215444326475 -29.74196861735864 -29.730447234188375 -29.72994199592956 -29.69428628642509 -29.681851075140134 -29.640069341675755 -29.5985895509096 -29.59824804767669 -29.5468554819797 -29.544270665116642
#kx=0.0, ky=24.0, Jx=-1.0, Jy=-1.0, Jz=-1.0, h=0.0
-29.88852368950832 -29.888523689508286 -29.888517789129445 -29.88362049907623 -29.849093587456654 -29.845632920321183 -29.74196861735858 -29.732644682870802 -29.7321640357044 -29.694286286425104 -29.681831393645837 -29.64006934167593 -29.598248047676723 -29.598233388515407 -29.54276803686123 -29.540070309429893
