#kx=0.0, ky=24.0, Jx=-1.0, Jy=-1.0, Jz=-1.0, h=0.0
-29.88852368950832 -477.90160243628213
-29.888523689508286 -477.90160243628213
-29.888517789129445 -477.90160243628213
-29.88362049907623 -477.90160243628213
-29.849093587456654 -477.90160243628213
-29.845632920321183 -477.90160243628213
-29.74196861735858 -477.90160243628213
-29.732644682870802 -477.90160243628213
-29.7321640357044 -477.90160243628213
-29.694286286425104 -477.90160243628213
-29.681831393645837 -477.90160243628213
-29.64006934167593 -477.90160243628213
-29.598248047676723 -477.90160243628213
-29.598233388515407 -477.90160243628213
-29.54276803686123 -477.90160243628213
-29.540070309429893 -477.90160243628213
#kx=0.0, ky=20.0, Jx=-1.0, Jy=-1.0, Jz=-1.0, h=0.0
-29.89947269578924 -477.901602436282
-29.888523689508393 -477.901602436282
-29.888523689508332 -477.901602436282
-29.883620499076223 -477.901602436282
-29.852777927291005 -477.901602436282
-29.84921544432629 -477.901602436282
-29.74196861735869 -477.901602436282
-29.73044723418839 -477.901602436282
-29.72994199592956 -477.901602436282
-29.694286286425182 -477.901602436282
-29.67753791882709 -477.901602436282
-29.64006934167593 -477.901602436282
-29.598248047676687 -477.901602436282
-29.57899849030715 -477.901602436282
-29.546855481979627 -477.901602436282
-29.544270665116688 -477.901602436282
#kx=0.0, ky=16.0, Jx=-1.0, Jy=-1.0, Jz=-1.0, h=0.0
-29.916011207049966 -477.9016024362815
-29.888523689508283 -477.9016024362815
-29.888523689508258 -477.9016024362815
-29.883620499076326 -477.9016024362815
-29.862843275507515 -477.9016024362815
-29.859046015722043 -477.9016024362815
-29.74196861735847 -477.9016024362815
-29.724329315145255 -477.9016024362815
-29.723732527844017 -477.9016024362815
-29.69428628642504 -477.9016024362815
-29.64826952587452 -477.9016024362815
-29.64006934167595 -477.9016024362815
-29.598248047676677 -477.9016024362815
-29.570507230052833 -477.9016024362815
-29.558183688446597 -477.9016024362815
-29.555889180856827 -477.9016024362815
#kx=0.0, ky=12.0, Jx=-1.0, Jy=-1.0, Jz=-1.0, h=0.0
-29.94274213037143 -477.9016024362816
-29.88852368950833 -477.9016024362816
-29.888523689508293 -477.9016024362816
-29.88362049907612 -477.9016024362816
-29.876313609230163 -477.9016024362816
-29.872200093073324 -477.9016024362816
-29.741968617358637 -477.9016024362816
-29.715868038094328 -477.9016024362816
-29.715114259827605 -477.9016024362816
-29.69428628642513 -477.9016024362816
-29.640069341675968 -477.9016024362816
-29.604401813217716 -477.9016024362816
-29.598248047676734 -477.9016024362816
-29.574058472551027 -477.9016024362816
-29.572188326088078 -477.9016024362816
-29.5113600140432 -477.9016024362816
#kx=0.0, ky=8.0, Jx=-1.0, Jy=-1.0, Jz=-1.0, h=0.0
-29.958924507802887 -477.9016024362823
-29.88963739700726 -477.9016024362823
-29.888523689508276 -477.9016024362823
-29.888523689508254 -477.9016024362823
-29.885209533969665 -477.9016024362823
-29.883620499076137 -477.9016024362823
-29.74196861735871 -477.9016024362823
-29.706715432107888 -477.9016024362823
-29.70573887011673 -477.9016024362823
-29.694286286425037 -477.9016024362823
-29.640069341675975 -477.9016024362823
-29.598248047676677 -477.9016024362823
-29.590783528402 -477.9016024362823
-29.589401855734234 -477.9016024362823
-29.563499924005438 -477.9016024362823
-29.50692306531277 -477.9016024362823
#kx=0.0, ky=4.0, Jx=-1.0, Jy=-1.0, Jz=-1.0, h=0.0
-29.970610065008064 -477.9016024362817
-29.899399270261693 -477.9016024362817
-29.89474796791291 -477.9016024362817
-29.888523689508368 -477.9016024362817
-29.88852368950829 -477.9016024362817
-29.883620499076244 -477.9016024362817
-29.741968617358577 -477.9016024362817
-29.69895465710438 -477.9016024362817
-29.697726916183022 -477.9016024362817
-29.694286286425186 -477.9016024362817
-29.640069341675854 -477.9016024362817
-29.604091934656665 -477.9016024362817
-29.60314949037385 -477.9016024362817
-29.598248047676716 -477.9016024362817
-29.54386674776682 -477.9016024362817
-29.481833102685425 -477.9016024362817
#kx=0.0, ky=0.0, Jx=-1.0, Jy=-1.0, Jz=-1.0, h=0.0
-32.454063032594284 -477.9016024362645
-29.974379018829218 -477.9016024362645
-29.90303378777801 -477.9016024362645
-29.898314019927344 -477.9016024362645
-29.888523689508546 -477.9016024362645
-29.888523689507824 -477.9016024362645
-29.88362049907617 -477.9016024362645
-29.741968617358662 -477.9016024362645
-29.69562343477909 -477.9016024362645
-29.69428628642516 -477.9016024362645
-29.694267379376715 -477.9016024362645
-29.640069341675776 -477.9016024362645
-29.60940924146648 -477.9016024362645
-29.608650936946862 -477.9016024362645
-29.55966703178495 -477.9016024362645
-27.03026949710732 -477.9016024362645
#kx=8.0, ky=4.0, Jx=-1.0, Jy=-1.0, Jz=-1.0, h=0.0
-29.95189222868568 -477.9016024362815
-29.89956697029606 -477.9016024362815
-29.894954223549792 -477.9016024362815
-29.88852368950826 -477.9016024362815
-29.88852368950823 -477.9016024362815
-29.88362049907623 -477.9016024362815
-29.741968617358644 -477.9016024362815
-29.698675754812623 -477.9016024362815
-29.697448719380237 -477.9016024362815
-29.694286286425143 -477.9016024362815
-29.689297268925642 -477.9016024362815
-29.640069341675908 -477.9016024362815
-29.604249402644804 -477.9016024362815
-29.60326855340405 -477.9016024362815
-29.598248047676698 -477.9016024362815
-29.551448097568013 -477.9016024362815
#kx=16.0, ky=8.0, Jx=-1.0, Jy=-1.0, Jz=-1.0, h=0.0
-29.904290647612534 -477.9016024362824
-29.889942699636453 -477.9016024362824
-29.88852368950839 -477.9016024362824
-29.888523689508336 -477.9016024362824
-29.88558407220889 -477.9016024362824
-29.883620499076258 -477.9016024362824
-29.741968617358626 -477.9016024362824
-29.706275172333036 -477.9016024362824
-29.705293567179798 -477.9016024362824
-29.694286286425154 -477.9016024362824
-29.68208898205935 -477.9016024362824
-29.64006934167587 -477.9016024362824
-29.59824804767668 -477.9016024362824
-29.59099862014396 -477.9016024362824
-29.589554237895026 -477.9016024362824
-29.58241298564082 -477.9016024362824
#kx=24.0, ky=12.0, Jx=-1.0, Jy=-1.0, Jz=-1.0, h=0.0
-29.88852368950833 -477.90160243628225
-29.888523689508318 -477.90160243628225
-29.88362049907613 -477.90160243628225
-29.881693426420178 -477.90160243628225
-29.876695133546264 -477.90160243628225
-29.872666381806095 -477.90160243628225
-29.741968617358754 -477.90160243628225
-29.715384501082447 -477.90160243628225
-29.714615754575938 -477.90160243628225
-29.69428628642516 -477.90160243628225
-29.673673550131827 -477.90160243628225
-29.66558518745268 -477.90160243628225
-29.640069341675865 -477.90160243628225
-29.598248047676694 -477.90160243628225
-29.574253016708287 -477.90160243628225
-29.57231478633551 -477.90160243628225
#kx=32.0, ky=16.0, Jx=-1.0, Jy=-1.0, Jz=-1.0, h=0.0
-29.888523689508332 -477.90160243628236
-29.888523689508297 -477.90160243628236
-29.88362049907624 -477.90160243628236
-29.870011537367137 -477.90160243628236
-29.863207520592425 -477.90160243628236
-29.85948940691584 -477.90160243628236
-29.741968617358715 -477.90160243628236
-29.723906546291 -477.90160243628236
-29.723288370463564 -477.90160243628236
-29.694286286425186 -477.90160243628236
-29.668621984153482 -477.90160243628236
-29.640069341675833 -477.90160243628236
-29.62858868040153 -477.90160243628236
-29.59824804767664 -477.90160243628236
-29.55832234681213 -477.90160243628236
-29.55597156450647 -477.90160243628236
#kx=40.0, ky=20.0, Jx=-1.0, Jy=-1.0, Jz=-1.0, h=0.0
-29.8937265292769 -477.9016024362817
-29.888523689508336 -477.9016024362817
-29.888523689508293 -477.9016024362817
-29.88362049907615 -477.9016024362817
-29.853007886857018 -477.9016024362817
-29.849494545355547 -477.9016024362817
-29.741968617358697 -477.9016024362817
-29.73019277330109 -477.9016024362817
-29.729670837728804 -477.9016024362817
-29.69428628642509 -477.9016024362817
-29.671324237073037 -477.9016024362817
-29.640069341675886 -477.9016024362817
-29.608844233742932 -477.9016024362817
-29.598248047676705 -477.9016024362817
-29.54692624903173 -477.9016024362817
-29.544309844152426 -477.9016024362817
#kx=48.0, ky=24.0, Jx=-1.0, Jy=-1.0, Jz=-1.0, h=0.0
-29.888523689508354 -477.901602436282
-29.888523689508293 -477.901602436282
-29.888517776122196 -477.901602436282
-29.88362049907629 -477.901602436282
-29.84909358745668 -477.901602436282
-29.845632920321215 -477.901602436282
-29.74196861735869 -477.901602436282
-29.732644682870742 -477.901602436282
-29.732164035704475 -477.901602436282
-29.69428628642515 -477.901602436282
-29.681831393645933 -477.901602436282
-29.640069341675815 -477.901602436282
-29.59824804767672 -477.901602436282
-29.598236497414035 -477.901602436282
-29.54276803686121 -477.901602436282
-29.54007030942986 -477.901602436282
#kx=44.0, ky=24.0, Jx=-1.0, Jy=-1.0, Jz=-1.0, h=0.0
-29.8885236895084 -477.9016024362824
-29.888523689508364 -477.9016024362824
-29.88393524638889 -477.9016024362824
-29.883620499076162 -477.9016024362824
-29.85300788685704 -477.9016024362824
-29.849494545355657 -477.9016024362824
-29.741968617358637 -477.9016024362824
-29.730192773301113 -477.9016024362824
-29.729670837728825 -477.9016024362824
-29.694286286425168 -477.9016024362824
-29.677538192054683 -477.9016024362824
-29.64006934167589 -477.9016024362824
-29.599886212333356 -477.9016024362824
-29.5982480476767 -477.9016024362824
-29.546926249031667 -477.9016024362824
-29.544309844152302 -477.9016024362824
#kx=40.0, ky=24.0, Jx=-1.0, Jy=-1.0, Jz=-1.0, h=0.0
-29.888523689508403 -477.90160243628236
-29.888523689508368 -477.90160243628236
-29.883620499076113 -477.90160243628236
-29.878475050594453 -477.90160243628236
-29.86320752059243 -477.90160243628236
-29.859489406915745 -477.90160243628236
-29.7419686173586 -477.90160243628236
-29.723906546291076 -477.90160243628236
-29.723288370463607 -477.90160243628236
-29.6942862864252 -477.90160243628236
-29.674124445499764 -477.90160243628236
-29.64006934167587 -477.90160243628236
-29.617190493489378 -477.90160243628236
-29.598248047676666 -477.90160243628236
-29.558322346812176 -477.90160243628236
-29.555971564506493 -477.90160243628236
#kx=36.0, ky=24.0, Jx=-1.0, Jy=-1.0, Jz=-1.0, h=0.0
-29.88852368950836 -477.901602436282
-29.888523689508325 -477.901602436282
-29.883620499076365 -477.901602436282
-29.876695133546225 -477.901602436282
-29.872666381806074 -477.901602436282
-29.858421708765853 -477.901602436282
-29.74196861735871 -477.901602436282
-29.7153845010825 -477.901602436282
-29.714615754575984 -477.901602436282
-29.694286286425204 -477.901602436282
-29.673020078813774 -477.901602436282
-29.640069341675865 -477.901602436282
-29.629635215043617 -477.901602436282
-29.598248047676645 -477.901602436282
-29.574253016708223 -477.901602436282
-29.572314786335497 -477.901602436282
#kx=32.0, ky=24.0, Jx=-1.0, Jy=-1.0, Jz=-1.0, h=0.0
-29.88994269963645 -477.9016024362827
-29.888523689508354 -477.9016024362827
-29.88852368950834 -477.9016024362827
-29.885584072208868 -477.9016024362827
-29.883620499076187 -477.9016024362827
-29.86874163447863 -477.9016024362827
-29.741968617358605 -477.9016024362827
-29.712614815898657 -477.9016024362827
-29.706275172332997 -477.9016024362827
-29.705293567179805 -477.9016024362827
-29.694286286425182 -477.9016024362827
-29.675047455700003 -477.9016024362827
-29.640069341675876 -477.9016024362827
-29.598248047676652 -477.9016024362827
-29.590998620143917 -477.9016024362827
-29.58955423789495 -477.9016024362827
#kx=28.0, ky=24.0, Jx=-1.0, Jy=-1.0, Jz=-1.0, h=0.0
-29.899566970296032 -477.901602436282
-29.894954223549757 -477.901602436282
-29.888523689508382 -477.901602436282
-29.888523689508308 -477.901602436282
-29.883620499076287 -477.901602436282
-29.818903783080177 -477.901602436282
-29.741968617358637 -477.901602436282
-29.71027631691537 -477.901602436282
-29.698675754812612 -477.901602436282
-29.69744871938022 -477.901602436282
-29.694286286425086 -477.901602436282
-29.678292346927407 -477.901602436282
-29.640069341675947 -477.901602436282
-29.604249402644843 -477.901602436282
-29.603268553403982 -477.901602436282
-29.59824804767667 -477.901602436282
#kx=24.0, ky=24.0, Jx=-1.0, Jy=-1.0, Jz=-1.0, h=0.0
-29.90303378777838 -477.9016024362823
-29.898314019927234 -477.9016024362823
-29.88852368950838 -477.9016024362823
-29.888523689508343 -477.9016024362823
-29.883620499076173 -477.9016024362823
-29.80707896896884 -477.9016024362823
-29.802667820485855 -477.9016024362823
-29.741968617358637 -477.9016024362823
-29.695623434778987 -477.9016024362823
-29.694286286425164 -477.9016024362823
-29.694267379376857 -477.9016024362823
-29.679761696505533 -477.9016024362823
-29.64006934167588 -477.9016024362823
-29.609409241466604 -477.9016024362823
-29.60865093694697 -477.9016024362823
-29.598248047676666 -477.9016024362823
#kx=20.0, ky=24.0, Jx=-1.0, Jy=-1.0, Jz=-1.0, h=0.0
-29.899399270261757 -477.9016024362822
-29.894747967912952 -477.9016024362822
-29.88852368950834 -477.9016024362822
-29.888523689508304 -477.9016024362822
-29.883620499076166 -477.9016024362822
-29.83333631476274 -477.9016024362822
-29.749351755852203 -477.9016024362822
-29.74196861735859 -477.9016024362822
-29.698954657104448 -477.9016024362822
-29.697726916183033 -477.9016024362822
-29.694286286425093 -477.9016024362822
-29.67898640967543 -477.9016024362822
-29.640069341675815 -477.9016024362822
-29.60409193465669 -477.9016024362822
-29.603149490373834 -477.9016024362822
-29.59824804767672 -477.9016024362822
#kx=16.0, ky=24.0, Jx=-1.0, Jy=-1.0, Jz=-1.0, h=0.0
-29.889637397007213 -477.90160243628213
-29.888523689508276 -477.90160243628213
-29.888523689508247 -477.90160243628213
-29.885209533969686 -477.90160243628213
-29.88362049907613 -477.90160243628213
-29.850739722201123 -477.90160243628213
-29.741968617358598 -477.90160243628213
-29.706715432107785 -477.90160243628213
-29.705738870116775 -477.90160243628213
-29.69428628642505 -477.90160243628213
-29.687817852760784 -477.90160243628213
-29.678370721717393 -477.90160243628213
-29.64006934167595 -477.90160243628213
-29.598248047676595 -477.90160243628213
-29.590783528401925 -477.90160243628213
-29.589401855734206 -477.90160243628213
#kx=12.0, ky=24.0, Jx=-1.0, Jy=-1.0, Jz=-1.0, h=0.0
-29.888523689508368 -477.9016024362822
-29.88852368950834 -477.9016024362822
-29.88362049907625 -477.9016024362822
-29.876313609230277 -477.9016024362822
-29.872200093073364 -477.9016024362822
-29.870445489072054 -477.9016024362822
-29.741968617358708 -477.9016024362822
-29.715868038094303 -477.9016024362822
-29.715114259827647 -477.9016024362822
-29.69428628642517 -477.9016024362822
-29.67936089676936 -477.9016024362822
-29.650880172974 -477.9016024362822
-29.640069341675737 -477.9016024362822
-29.59824804767666 -477.9016024362822
-29.57405847255104 -477.9016024362822
-29.572188326087925 -477.9016024362822
#kx=8.0, ky=24.0, Jx=-1.0, Jy=-1.0, Jz=-1.0, h=0.0
-29.888523689508354 -477.90160243628236
-29.888523689508325 -477.90160243628236
-29.887881422719516 -477.90160243628236
-29.883620499076287 -477.90160243628236
-29.862843275507462 -477.90160243628236
-29.859046015722036 -477.90160243628236
-29.741968617358797 -477.90160243628236
-29.724329315145297 -477.90160243628236
-29.723732527844096 -477.90160243628236
-29.694286286425196 -477.90160243628236
-29.68110345427899 -477.90160243628236
-29.640069341675844 -477.90160243628236
-29.630089568005083 -477.90160243628236
-29.598248047676687 -477.90160243628236
-29.55818368844658 -477.90160243628236
-29.55588918085675 -477.90160243628236
#kx=4.0, ky=24.0, Jx=-1.0, Jy=-1.0, Jz=-1.0, h=0.0
-29.88852368950836 -477.90160243628225
-29.88852368950834 -477.90160243628225
-29.88362049907616 -477.90160243628225
-29.882990163410117 -477.90160243628225
-29.852777927291065 -477.90160243628225
-29.849215444326475 -477.90160243628225
-29.74196861735864 -477.90160243628225
-29.730447234188375 -477.90160243628225
-29.72994199592956 -477.90160243628225
-29.69428628642509 -477.90160243628225
-29.681851075140134 -477.90160243628225
-29.640069341675755 -477.90160243628225
-29.5985895509096 -477.90160243628225
-29.59824804767669 -477.90160243628225
-29.5468554819797 -477.90160243628225
-29.544270665116642 -477.90160243628225
#kx=0.0, ky=24.0, Jx=-1.0, Jy=-1.0, Jz=-1.0, h=0.0
-29.88852368950832 -477.90160243628213
-29.888523689508286 -477.90160243628213
-29.888517789129445 -477.90160243628213
-29.88362049907623 -477.90160243628213
-29.849093587456654 -477.90160243628213
-29.845632920321183 -477.90160243628213
-29.74196861735858 -477.90160243628213
-29.732644682870802 -477.90160243628213
-29.7321640357044 -477.90160243628213
-29.694286286425104 -477.90160243628213
-29.681831393645837 -477.90160243628213
-29.64006934167593 -477.90160243628213
-29.598248047676723 -477.90160243628213
-29.598233388515407 -477.90160243628213
-29.54276803686123 -477.90160243628213
-29.540070309429893 -477.90160243628213
