#kx=0.0, ky=24.0, Jx=1.0, Jy=1.0, Jz=1.0, h=0.0
29.976713007619708 46.78374125809616
29.97671300763299 0.0001741441574779808
30.033284083062917 3.38663753488725e-20
30.033284083062938 2.0775086188324678e-19
30.03328408306306 9.690213540358859e-18
30.09135217852745 4.082389245331243e-24
30.11657760389975 12.04218455745955
30.124325946629522 5.238312040610137e-22
30.16830593486267 37.03469545081982
30.1683059348641 0.0055959726890565204
30.28221782060524 34.50273605649876
30.28221782062897 0.000776628572648277
30.295347870838377 3.498567205532489e-23
30.324411117513087 17.549096022464287
30.324411117513314 6.697545362558159
30.324411117513364 17.28543669861423
#kx=0.0, ky=20.0, Jx=1.0, Jy=1.0, Jz=1.0, h=0.0
29.98090226771985 45.40684051890757
29.980902267732432 0.03166291203207141
30.013440884590306 0.2188022399785025
30.033284083063027 2.1208609597236948e-24
30.033284083063034 3.2282023132879724e-25
30.09135217852747 9.761846688546892e-23
30.113656693394294 11.974799474161669
30.124325946629497 9.060134795723027e-22
30.166091329191584 37.8583852436021
30.16609132919245 0.6959485440008645
30.28588683846287 35.49582903904371
30.285886838486686 0.9086461855312448
30.29534787083839 8.345816769891763e-24
30.32441111751329 9.695124322756875
30.324411117513343 6.152281582548094
30.33550556479862 16.859492745358494
#kx=0.0, ky=16.0, Jx=1.0, Jy=1.0, Jz=1.0, h=0.0
29.965823774926793 0.491787250725597
29.992499801782518 41.062761725943595
29.992499801793333 0.13978818675234683
30.033284083062984 5.9262856014617435e-24
30.03328408306303 2.8082252730373614e-24
30.090893755631924 11.975021712628259
30.091352178527508 3.236143898371915e-20
30.124325946629494 6.091334105745343e-24
30.159902978416387 2.7158304289677755
30.159902978416966 41.03646528644926
30.29534787083844 1.3248716514736666e-22
30.295896454671585 38.27647482041097
30.295896454695978 3.9089459917906
30.324411117513286 3.3079907739997942
30.32441111751331 18.40645700741861
30.35922064149943 16.874069407646292
#kx=0.0, ky=12.0, Jx=1.0, Jy=1.0, Jz=1.0, h=0.0
29.910294637570296 0.47816896017989297
30.008752032364765 33.04801303094446
30.008752032372893 0.36370037269654865
30.03328408306294 7.510357219857532e-24
30.03328408306299 3.067154815276473e-24
30.054357226301452 12.11511846882928
30.09135217852749 1.612155990804911e-24
30.12432594662953 3.142413230481523e-23
30.15132732070248 6.9530120045261405
30.151327320704997 47.07307068385096
30.295347870838416 8.621377626904499e-24
30.30928235363485 42.2637306717537
30.309282353660375 10.190783763642319
30.324411117513336 11.924372473753392
30.324411117513403 10.699413891331625
30.382098994547583 16.314299816912925
#kx=0.0, ky=8.0, Jx=1.0, Jy=1.0, Jz=1.0, h=0.0
29.86141764759848 0.16421755310536007
30.01714002549792 12.367793110275684
30.025888096142033 20.874672410010454
30.025888096146844 0.6019915269502328
30.033284083062888 1.504965338409028e-23
30.033284083062934 1.3795344860272987e-22
30.09135217852756 2.7420686954443438e-24
30.124325946629487 4.980074228723042e-24
30.142015099631784 15.057066646214064
30.14201509963672 55.42778559666135
30.295347870838377 2.1719977506222067e-24
30.32252098277815 46.51616233049968
30.322520982805063 20.599664908153823
30.324411117513307 12.185028201149782
30.32441111751335 17.43210146850988
30.398325200152982 15.070349965879679
#kx=0.0, ky=4.0, Jx=1.0, Jy=1.0, Jz=1.0, h=0.0
29.828537710610128 0.06521611082105543
29.994491052443855 12.632059359807744
30.03328408306291 1.4111414660654756e-22
30.033284083062963 2.9913408059998384e-23
30.039552983543043 6.98333530872679
30.039552983544723 0.44531975691738335
30.09135217852752 9.15602756056006e-24
30.124325946629508 3.268215576536788e-23
30.134068774307185 26.59706261356147
30.134068774314674 63.68455871426972
30.2953478708384 3.893804089031918e-24
30.32441111751332 9.565854343710638
30.324411117513357 29.778623035736896
30.332221220247387 49.861284624191924
30.332221220275304 31.846003092523645
30.40730310402029 16.06520436176334
#kx=0.0, ky=0.0, Jx=1.0, Jy=1.0, Jz=1.0, h=0.0
27.471646379594805 7.222609581968668
29.81699409648975 8.535992145090015e-21
30.033284083062956 3.9922212290507e-21
30.033284083063098 3.676270798247535e-21
30.04502851253707 0.0009711907937647336
30.045028512537332 0.0012493259184654859
30.09990123021015 1.1485315781327534e-21
30.130628913343386 32.721325711939095
30.13062891335187 68.59145519635194
30.294612328973848 3.0874430946153986e-23
30.324411117513318 22.70649520238537
30.324411117513467 17.96814931647829
30.33582922457192 51.17035421645807
30.335829224600793 36.794482896999725
30.410097966735577 10.397244441118922
32.893959374538525 9.87679392723283
#kx=8.0, ky=4.0, Jx=1.0, Jy=1.0, Jz=1.0, h=0.0
29.872623142578163 0.2777507901662366
30.03328408306293 2.4503494428889772e-23
30.03328408306296 4.717206989858342e-23
30.039712510704003 1.9301589118251414
30.0397125107059 22.137960980971215
30.09135217852752 6.901048926083473e-22
30.124009198989647 12.61882238026493
30.12432594662953 5.0662864501235613e-20
30.133755166952096 29.11625331325843
30.13375516695958 38.95906501419639
30.29534787083846 5.799958018987954e-23
30.324411117513282 0.9292702598083196
30.32441111751329 19.323286000363165
30.33237530050995 27.93563579482426
30.33237530053783 33.165219276973005
30.395868456202194 16.9109636317156
#kx=16.0, ky=8.0, Jx=1.0, Jy=1.0, Jz=1.0, h=0.0
30.00265105108275 1.1796137075200572
30.026098023410928 7.250072853008392
30.026098023416175 41.68038369565785
30.03328408306295 1.5249448904457106e-23
30.033284083062995 3.571664590770934e-23
30.091352178527526 1.8082847568397826e-24
30.116934564188387 12.277963830812313
30.124325946629558 5.491723940221554e-23
30.14152214165733 20.859207449740566
30.141522141662254 8.08360133987474
30.295347870838402 1.5436701092877965e-25
30.322804013602628 4.247048196673836
30.322804013629437 23.843621275986937
30.324411117513336 19.183455448332666
30.324411117513353 2.5010828060212407
30.355044149493594 15.342366875813449
#kx=24.0, ky=12.0, Jx=1.0, Jy=1.0, Jz=1.0, h=0.0
30.008932592126595 13.482936836115776
30.00893259213512 38.04477105084892
30.033284083063002 1.4830275977080574e-22
30.033284083063073 2.340088305834777e-22
30.09135217852752 7.114587403104495e-23
30.10336408151614 2.394073299099445
30.108378641552232 12.180468372390399
30.124325946629522 2.7513872346918396e-23
30.150788605736953 12.58203603101898
30.150788605739447 2.389947832504534
30.29534787083833 2.9039679166812548e-24
30.309640508975832 0.5633135039537078
30.309640509001312 13.645330855728647
30.319632687951383 13.189252847011906
30.324411117513353 12.345983913798317
30.324411117513417 9.190591930235351
#kx=32.0, ky=16.0, Jx=1.0, Jy=1.0, Jz=1.0, h=0.0
29.99262171765064 20.0613605613855
29.992621717661788 27.117329421418823
30.033284083062917 3.3042642523026537e-24
30.033284083062977 1.55948787398202e-24
30.087388835375567 1.9159322439357303
30.091352178527508 1.4128198440912619e-22
30.103738445040168 12.073019121935452
30.124325946629558 2.3608366307336594e-23
30.159434531343567 5.146867160983071
30.159434531344086 10.76822260138883
30.29534787083841 2.1090541204755223e-21
30.296242985994905 3.457255654654915
30.296242986019333 8.580054585913674
30.324411117513275 20.645305285447357
30.324411117513296 4.455573923493872
30.335607934250277 10.76412284380737
#kx=40.0, ky=20.0, Jx=1.0, Jy=1.0, Jz=1.0, h=0.0
29.98096183987873 35.00094223962566
29.980961839891464 11.227286616348474
30.033284083062867 2.229073878611445e-23
30.03328408306295 3.7373184888114844e-23
30.046317282483496 1.3687675519199607
30.09135217852748 6.27674264651381e-23
30.10740148445844 11.960106638650212
30.124325946629583 2.0159111355168437e-23
30.165810598670024 25.68703069677104
30.165810598670895 1.3116864074554213
30.286107996894035 18.772729786224264
30.28610799691786 4.76459727287186
30.295347870838423 1.3037329584391366e-23
30.3244111175133 4.961200037181477
30.324411117513346 12.889170072070629
30.3352799514303 14.637953193238301
#kx=48.0, ky=24.0, Jx=1.0, Jy=1.0, Jz=1.0, h=0.0
29.9767130076197 46.783852393901284
29.976713007632938 5.8057104256685956e-05
30.03328408306297 2.4579621984136305e-19
30.03328408306298 7.430956311744198e-19
30.033284083063073 9.481558741638659e-18
30.09135217852746 6.398258752145422e-23
30.11657760389982 12.042184557461146
30.124325946629508 7.463793288412747e-22
30.168305934862648 37.03451903995662
30.168305934864087 0.0012334411989422434
30.282217820605275 34.5028328872983
30.282217820628958 0.0007086012604422654
30.295347870838345 5.949637834557153e-23
30.32441111751304 18.653638771788206
30.324411117513332 13.16323435288805
30.32441111751337 1.2974100794317698
#kx=44.0, ky=24.0, Jx=1.0, Jy=1.0, Jz=1.0, h=0.0
29.98096183987877 42.89622220996576
29.98096183989148 3.0343798084374165
30.033284083062956 3.1159491937380103e-24
30.033284083063005 1.2039806757146854e-24
30.04165107971543 0.2331137008391891
30.09135217852757 2.5096045671616267e-23
30.113636736946233 12.081228740115337
30.124325946629547 2.0247395791888996e-22
30.165810598670028 32.9015511945518
30.165810598670912 0.21219248235226218
30.286107996894057 30.11118321737705
30.286107996917814 1.7859192072561494
30.29534787083839 1.2270762196933743e-23
30.324411117513304 19.03874586795796
30.32441111751339 11.664944428262416
30.32479287226442 15.872337833338364
#kx=40.0, ky=24.0, Jx=1.0, Jy=1.0, Jz=1.0, h=0.0
29.992621717650707 33.97427366669864
29.992621717661866 10.658021589337494
30.03328408306299 4.425349758504351e-24
30.033284083063073 2.5855725082306464e-24
30.06589860012606 1.192931596249462
30.091352178527437 4.120348657564304e-24
30.10996029684974 12.103240210334983
30.124325946629533 7.096336649183264e-23
30.15943453134358 0.4298895574580971
30.159434531344157 23.86849490577121
30.295347870838327 4.280030647755665e-22
30.29624298599501 20.066239377063404
30.296242986019404 4.56043969320107
30.32441111751325 9.553566142045383
30.324411117513332 15.228094006576114
30.324447384974935 15.29983824544889
#kx=36.0, ky=24.0, Jx=1.0, Jy=1.0, Jz=1.0, h=0.0
30.008932592126452 25.89124340612388
30.008932592134986 18.816474260038383
30.033284083062878 6.21881058898429e-23
30.03328408306289 2.2947097029135667e-24
30.09135217852743 2.259361337587449e-22
30.10336408151694 2.332783705962174
30.10837864155826 12.180468372590788
30.124325946629476 9.173060562719263e-24
30.150788605736842 0.5475673465831394
30.150788605739372 15.041403298276546
30.295347870838437 1.1780637064698582e-23
30.30964050897571 10.210211603276104
30.3096405090013 5.058753563203419
30.319632687950435 11.039005007102165
30.324411117513304 15.640729798476194
30.32441111751332 12.4286335983292
#kx=32.0, ky=24.0, Jx=1.0, Jy=1.0, Jz=1.0, h=0.0
30.026098023410924 21.43230343282282
30.026098023416154 25.10458665225098
30.033284083062927 5.131692028005755e-22
30.033284083062966 6.360551081420507e-22
30.09135217852753 1.0614665162394972e-21
30.109955712262565 12.352802949174517
30.124325946629433 7.160545973304724e-21
30.141522141657305 0.6126312288444253
30.141522141662268 7.962738615910761
30.149515319259308 3.7083258356023503
30.295347870838462 1.5373436976972493e-24
30.306132234516454 9.071588747965185
30.322804013602582 3.8559687137139473
30.32280401362941 3.235171794269133
30.324411117513346 9.898186062128174
30.324411117513364 11.388511494809462
#kx=28.0, ky=24.0, Jx=1.0, Jy=1.0, Jz=1.0, h=0.0
30.033284083062842 6.3623786293532495e-25
30.033284083062973 5.754827123339172e-23
30.039712510704064 20.52686077786742
30.03971251070593 28.654485834246586
30.091352178527504 1.800004010397738e-22
30.1128029133477 12.542186787524674
30.124325946629575 1.1885127694782549e-21
30.133755166952085 0.31380562358230235
30.13375516695957 2.456228865028911
30.198328196198144 4.757439261890464
30.281221390540473 6.484640228899877
30.29534787083838 2.923403685926359e-25
30.324411117513275 5.837403903328995
30.32441111751333 14.600457915317913
30.33237530051002 0.8511494195691898
30.332375300537873 0.9690901688404739
#kx=24.0, ky=24.0, Jx=1.0, Jy=1.0, Jz=1.0, h=0.0
30.033284083062913 4.143980377822936e-23
30.03328408306296 7.152144607247885e-24
30.045028512537126 18.310614786070865
30.04502851253737 33.69837361663609
30.091352178527607 1.8084136590479606e-22
30.114147507151127 12.601400225705584
30.12432594662939 2.358269294415315e-21
30.130628913343077 0.000260438588000659
30.13062891335183 0.00040872108677965396
30.23872426828926 17.0439614993171
30.24957406963639 6.395950927210082e-17
30.295347870838484 1.6761328184081002e-26
30.32441111751327 18.9938591398161
30.324411117513307 11.86177687084031
30.335829224571935 6.898787523509075e-05
30.33582922460018 0.00010767269410519409
#kx=20.0, ky=24.0, Jx=1.0, Jy=1.0, Jz=1.0, h=0.0
30.03328408306292 7.830315331552328e-23
30.03328408306295 5.62136239853638e-23
30.03955298354298 19.32790569679583
30.039552983544635 29.595571489392736
30.091352178527536 4.436363900345958e-22
30.11359222008981 12.469392080946722
30.124325946629487 1.658187493563095e-21
30.134068774307252 0.3420339971293507
30.134068774314724 2.5173113609796713
30.198328196135957 6.3006607115826805
30.281221390386158 8.137717329586305
30.29534787083841 1.5186355316136504e-24
30.324411117513307 0.2939050678518537
30.32441111751334 20.934218749870375
30.3322212202474 0.8471049625096005
30.332221220275294 0.942214706140058
#kx=16.0, ky=24.0, Jx=1.0, Jy=1.0, Jz=1.0, h=0.0
30.025888096142026 21.19891357535153
30.025888096146897 25.307732418477833
30.033284083062956 1.929326703875719e-21
30.033284083062988 5.748890225529929e-22
30.09135217852749 8.580062000826075e-23
30.113373697301995 12.246792889048082
30.124325946629547 6.059640567227547e-22
30.142015099631784 0.6282072869142322
30.14201509963679 8.028326052420706
30.149515319117647 4.227736759142809
30.29534787083838 2.0589630812594579e-25
30.30613223428326 11.15396086721703
30.322520982778197 3.8637098912383263
30.322520982805113 3.1760107350226954
30.324411117513268 7.541617801464803
30.324411117513304 11.729631368643542
#kx=12.0, ky=24.0, Jx=1.0, Jy=1.0, Jz=1.0, h=0.0
30.008752032364782 25.812467406787945
30.008752032372925 18.86673186841616
30.03328408306293 1.831076582216852e-23
30.03328408306296 1.015382945340246e-23
30.091352178527472 5.453624864000699e-24
30.10336408134286 2.4100057824486374
30.115033883595157 12.068331060970747
30.124325946629444 1.880792895789967e-22
30.15132732070251 0.5099397632839244
30.151327320704993 15.183091436020938
30.295347870838402 4.5672057513333906e-24
30.30928235363486 10.230363520077562
30.309282353660432 4.977369426616702
30.31963268769172 13.693497367704927
30.324411117513307 7.688913894023211
30.324411117513353 14.604968266860947
#kx=8.0, ky=24.0, Jx=1.0, Jy=1.0, Jz=1.0, h=0.0
29.99249980178253 33.923673290846224
29.992499801793283 10.542314058092723
30.033284083062984 1.7383586391374e-24
30.033284083063005 4.441035122136561e-24
30.065898599972112 1.1731476906156433
30.091352178527497 1.9812002740060755e-23
30.11730330513677 11.994283509482319
30.124325946629508 5.120781220856648e-22
30.159902978416365 0.5452298904238144
30.15990297841695 23.88933421231336
30.295347870838405 3.6104862869897854e-22
30.295896454671592 20.09986308378063
30.295896454696063 4.400841625651533
30.32441111751331 3.678474198962818
30.324411117513325 20.408509996571407
30.324447384753945 14.475105211398159
#kx=4.0, ky=24.0, Jx=1.0, Jy=1.0, Jz=1.0, h=0.0
29.980902267719863 42.84729751935485
29.98090226773233 3.079156206332188
30.033284083062934 2.614194734588085e-24
30.03328408306296 2.8894569553720687e-24
30.041651079626007 0.27405240255022595
30.091352178527526 5.00349256890632e-24
30.11773637320935 12.008043755697885
30.124325946629522 7.167625176020223e-23
30.166091329191552 32.70956433256283
30.166091329192383 0.2875208637475979
30.285886838462893 30.138445868060852
30.285886838486725 1.697067216864622
30.295347870838416 2.3693153015669523e-24
30.324411117513385 17.999406183187784
30.32441111751339 4.6574658491052325
30.32479287213751 15.880727192585429
#kx=0.0, ky=24.0, Jx=1.0, Jy=1.0, Jz=1.0, h=0.0
29.976713007619708 46.78374125809616
29.97671300763299 0.0001741441574779808
30.033284083062917 3.38663753488725e-20
30.033284083062938 2.0775086188324678e-19
30.03328408306306 9.690213540358859e-18
30.09135217852745 4.082389245331243e-24
30.11657760389975 12.04218455745955
30.124325946629522 5.238312040610137e-22
30.16830593486267 37.03469545081982
30.1683059348641 0.0055959726890565204
30.28221782060524 34.50273605649876
30.28221782062897 0.000776628572648277
30.295347870838377 3.498567205532489e-23
30.324411117513087 17.549096022464287
30.324411117513314 6.697545362558159
30.324411117513364 17.28543669861423
