#kx=0.0, ky=24.0, Jx=1.0, Jy=1.0, Jz=1.0, h=0.0
29.976713007619708 1.8305812124627588e-25
29.97671300763299 1.751367211079859e-26
30.033284083062917 6.875150924590249e-25
30.033284083062938 4.991715466453888e-25
30.03328408306306 5.378706717816682e-26
30.09135217852745 5.629730266516048e-24
30.11657760389975 33.97927538925099
30.124325946629522 1.4456268514534822e-21
30.16830593486267 8.659140032502459e-25
30.1683059348641 4.140327439544196e-24
30.28221782060524 1.9577169109004592e-24
30.28221782062897 9.82146590954242e-27
30.295347870838377 2.715381739641378e-26
30.324411117513087 7.453432534122746e-26
30.324411117513314 5.573869816151289e-26
30.324411117513364 5.267346937417745e-27
#kx=0.0, ky=20.0, Jx=1.0, Jy=1.0, Jz=1.0, h=0.0
29.98090226771985 9.727396026418749e-24
29.980902267732432 2.244571577322085e-23
30.013440884590306 7.395969116718278e-26
30.033284083063027 4.928274534856631e-26
30.033284083063034 2.3846409945810486e-25
30.09135217852747 5.221306993697632e-23
30.113656693394294 34.58379450160393
30.124325946629497 9.671194103987363e-22
30.166091329191584 1.3408063111682702e-23
30.16609132919245 1.1963399804903948e-23
30.28588683846287 2.7125121712447927e-23
30.285886838486686 4.433037999569688e-23
30.29534787083839 5.227314975855457e-26
30.32441111751329 8.128228911678572e-27
30.324411117513343 2.1992966142785406e-26
30.33550556479862 5.22747369246406e-25
#kx=0.0, ky=16.0, Jx=1.0, Jy=1.0, Jz=1.0, h=0.0
29.965823774926793 2.321624439831196e-25
29.992499801782518 3.307093871269167e-25
29.992499801793333 2.1996090104898303e-25
30.033284083062984 5.87730869075048e-24
30.03328408306303 6.572548985428832e-25
30.090893755631924 36.42366328057228
30.091352178527508 9.845560714111316e-20
30.124325946629494 1.0417403349896915e-23
30.159902978416387 5.8283652874945026e-27
30.159902978416966 9.927925000167446e-25
30.29534787083844 4.2197071605585563e-26
30.295896454671585 5.530736172259178e-25
30.295896454695978 3.6577990920569664e-25
30.324411117513286 4.209759403661746e-25
30.32441111751331 5.752230947881362e-26
30.35922064149943 4.683320077385393e-25
#kx=0.0, ky=12.0, Jx=1.0, Jy=1.0, Jz=1.0, h=0.0
29.910294637570296 7.042969638523029e-26
30.008752032364765 5.939282390284861e-25
30.008752032372893 3.4491464705797886e-24
30.03328408306294 4.082375078693016e-24
30.03328408306299 2.1046442484104532e-23
30.054357226301452 39.339407142899866
30.09135217852749 2.8430462841786954e-24
30.12432594662953 6.810854931845909e-24
30.15132732070248 8.640341120320212e-25
30.151327320704997 4.416092705973876e-24
30.295347870838416 1.0157187045928214e-26
30.30928235363485 1.0385101679354106e-25
30.309282353660375 3.778075622178394e-25
30.324411117513336 1.9094484220938862e-25
30.324411117513403 1.5733273542835511e-25
30.382098994547583 5.644290083721349e-26
#kx=0.0, ky=8.0, Jx=1.0, Jy=1.0, Jz=1.0, h=0.0
29.86141764759848 5.317923215243545e-25
30.01714002549792 42.806049997979294
30.025888096142033 1.5188818662297395e-22
30.025888096146844 5.250667505518691e-22
30.033284083062888 1.7089910539240773e-23
30.033284083062934 7.127425801361673e-23
30.09135217852756 4.7344570922509216e-24
30.124325946629487 1.8113125923438368e-25
30.142015099631784 5.92065582193206e-25
30.14201509963672 4.850678562681233e-25
30.295347870838377 2.1550030500645506e-26
30.32252098277815 7.078695112619571e-26
30.322520982805063 2.940958775282738e-26
30.324411117513307 1.5962455382447055e-25
30.32441111751335 3.3115648804356244e-26
30.398325200152982 2.439450897231895e-26
#kx=0.0, ky=4.0, Jx=1.0, Jy=1.0, Jz=1.0, h=0.0
29.828537710610128 3.2461939048490417e-25
29.994491052443855 45.92885242474263
30.03328408306291 4.496500237331314e-24
30.033284083062963 2.491489124560943e-25
30.039552983543043 1.863966164851493e-22
30.039552983544723 3.0306373336995944e-22
30.09135217852752 3.6879230027029082e-25
30.124325946629508 4.055094147591038e-25
30.134068774307185 1.1872288866345259e-23
30.134068774314674 7.072493130777213e-24
30.2953478708384 2.255362017257652e-27
30.32441111751332 7.676398535046412e-25
30.324411117513357 8.570013086838787e-25
30.332221220247387 8.602941330924116e-25
30.332221220275304 2.9388120357043516e-25
30.40730310402029 4.236834095578958e-25
#kx=0.0, ky=0.0, Jx=1.0, Jy=1.0, Jz=1.0, h=0.0
27.471646379594805 4330.964158548993
29.81699409648975 1.8672055423124156e-22
30.033284083062956 1.0107565828436272e-22
30.033284083063098 1.6495734360986997e-22
30.04502851253707 3.7958456670042623e-23
30.045028512537332 1.8827141192927998e-23
30.09990123021015 3.15604483676275e-23
30.130628913343386 2.0284359351539626e-24
30.13062891335187 1.8172502974406943e-23
30.294612328973848 4.3423987326342874e-24
30.324411117513318 3.7411482472917585e-24
30.324411117513467 7.950165742367734e-24
30.33582922457192 1.629588150941146e-22
30.335829224600793 1.2799011574013312e-22
30.410097966735577 6.285686302781377e-23
32.893959374538525 6955.491820844771
#kx=8.0, ky=4.0, Jx=1.0, Jy=1.0, Jz=1.0, h=0.0
29.872623142578163 1.0527103194501177e-25
30.03328408306293 4.896680493737443e-25
30.03328408306296 1.1599070902892726e-25
30.039712510704003 7.77134923003004e-24
30.0397125107059 3.644131647017553e-24
30.09135217852752 4.453745883608757e-24
30.124009198989647 42.7300934597167
30.12432594662953 1.5650433640805434e-19
30.133755166952096 4.999313963043179e-21
30.13375516695958 2.023027771334374e-21
30.29534787083846 1.0559180128073375e-26
30.324411117513282 8.240884335679439e-25
30.32441111751329 3.2088770767496844e-25
30.33237530050995 1.5157309720349222e-23
30.33237530053783 4.910731704812418e-24
30.395868456202194 5.0533836343344464e-27
#kx=16.0, ky=8.0, Jx=1.0, Jy=1.0, Jz=1.0, h=0.0
30.00265105108275 2.0595107237840525e-25
30.026098023410928 1.0011469225814675e-24
30.026098023416175 8.034194167255597e-25
30.03328408306295 4.8849960165922915e-25
30.033284083062995 1.8585506648658057e-25
30.091352178527526 4.473521482693666e-25
30.116934564188387 35.69161335352478
30.124325946629558 1.2351556865845387e-22
30.14152214165733 6.584874332979059e-23
30.141522141662254 1.9760993107428354e-23
30.295347870838402 6.1281901450303175e-27
30.322804013602628 7.1424582270028215e-25
30.322804013629437 1.0018629414204629e-24
30.324411117513336 1.2179721966466636e-26
30.324411117513353 9.164402565578571e-28
30.355044149493594 1.2213145884122307e-25
#kx=24.0, ky=12.0, Jx=1.0, Jy=1.0, Jz=1.0, h=0.0
30.008932592126595 7.89544152147615e-26
30.00893259213512 3.4951609331609754e-26
30.033284083063002 6.311837133683359e-25
30.033284083063073 9.780953974592941e-26
30.09135217852752 1.185542658557041e-22
30.10336408151614 4.857756579727755e-24
30.108378641552232 31.397551923762588
30.124325946629522 3.8926740125275924e-23
30.150788605736953 4.941016367613498e-24
30.150788605739447 1.2452671181838697e-24
30.29534787083833 3.4605983854818175e-26
30.309640508975832 5.830095536693567e-26
30.309640509001312 6.883380687867181e-26
30.319632687951383 1.4588276990179716e-25
30.324411117513353 6.546015155868131e-27
30.324411117513417 8.678092964875473e-26
#kx=32.0, ky=16.0, Jx=1.0, Jy=1.0, Jz=1.0, h=0.0
29.99262171765064 5.4902336154757314e-27
29.992621717661788 3.644519280997436e-25
30.033284083062917 2.7880761126584762e-24
30.033284083062977 1.0923493919038048e-24
30.087388835375567 9.700568315421952e-24
30.091352178527508 4.0266701459798857e-22
30.103738445040168 30.59579765056831
30.124325946629558 3.356565939706701e-23
30.159434531343567 4.213005472002686e-26
30.159434531344086 6.974035303715184e-26
30.29534787083841 1.0990445109714633e-25
30.296242985994905 2.0955553666411542e-27
30.296242986019333 1.7337725612361546e-25
30.324411117513275 6.446724091485078e-26
30.324411117513296 3.243385732345974e-25
30.335607934250277 4.733821091029594e-26
#kx=40.0, ky=20.0, Jx=1.0, Jy=1.0, Jz=1.0, h=0.0
29.98096183987873 1.1322624929437073e-25
29.980961839891464 1.8385566644116732e-25
30.033284083062867 9.150379222548057e-26
30.03328408306295 2.254595671444184e-25
30.046317282483496 4.857172529274251e-25
30.09135217852748 1.559331419303384e-22
30.10740148445844 32.31103852152264
30.124325946629583 4.230276974587064e-23
30.165810598670024 6.135448354584127e-25
30.165810598670895 1.943630679838394e-24
30.286107996894035 2.6779639403160755e-26
30.28610799691786 4.8221911622389164e-27
30.295347870838423 9.32417537740254e-26
30.3244111175133 1.5536463261298408e-26
30.324411117513346 2.656994077293136e-25
30.3352799514303 1.2471291960517662e-25
#kx=48.0, ky=24.0, Jx=1.0, Jy=1.0, Jz=1.0, h=0.0
29.9767130076197 2.9222794316254314e-26
29.976713007632938 5.954272623194682e-26
30.03328408306297 2.0872223786580381e-26
30.03328408306298 3.756740224766637e-25
30.033284083063073 2.9588901356876087e-25
30.09135217852746 1.355947820938956e-22
30.11657760389982 33.97927538925074
30.124325946629508 2.0475754122510387e-21
30.168305934862648 7.87401833967641e-26
30.168305934864087 2.008147533499834e-24
30.282217820605275 5.522636353588749e-26
30.282217820628958 2.0651701353937104e-26
30.295347870838345 2.4001838910634015e-25
30.32441111751304 3.9708920069077724e-26
30.324411117513332 8.865263765415703e-26
30.32441111751337 5.880746686070341e-26
#kx=44.0, ky=24.0, Jx=1.0, Jy=1.0, Jz=1.0, h=0.0
29.98096183987877 2.785586338573712e-25
29.98096183989148 1.0339337829118484e-26
30.033284083062956 4.503933841541987e-25
30.033284083063005 7.712992039601582e-26
30.04165107971543 7.260470982327274e-26
30.09135217852757 6.51936911146412e-23
30.113636736946233 33.52557855177264
30.124325946629547 5.250003853951284e-22
30.165810598670028 1.1994741214839603e-24
30.165810598670912 5.206754997387093e-25
30.286107996894057 3.0577723374725158e-25
30.286107996917814 3.345279084660015e-26
30.29534787083839 4.561372559861095e-26
30.324411117513304 1.974919069142219e-26
30.32441111751339 1.2580614629458244e-26
30.32479287226442 2.4689619451527633e-25
#kx=40.0, ky=24.0, Jx=1.0, Jy=1.0, Jz=1.0, h=0.0
29.992621717650707 9.37678774292041e-25
29.992621717661866 7.326182770143331e-25
30.03328408306299 4.357486190537541e-25
30.033284083063073 1.521833485373759e-25
30.06589860012606 2.6659342756535174e-24
30.091352178527437 1.1186047787295964e-23
30.10996029684974 32.50461838508794
30.124325946629533 1.8746805338621722e-22
30.15943453134358 4.980148616507898e-26
30.159434531344157 1.2677783437652121e-24
30.295347870838327 2.0372034529631192e-26
30.29624298599501 4.309181570830192e-27
30.296242986019404 8.920107225915038e-26
30.32441111751325 3.4955248730763587e-26
30.324411117513332 5.349678638754085e-27
30.324447384974935 4.0853448646070765e-26
#kx=36.0, ky=24.0, Jx=1.0, Jy=1.0, Jz=1.0, h=0.0
30.008932592126452 4.0785897343907237e-25
30.008932592134986 8.364176495823766e-26
30.033284083062878 5.064450257032142e-26
30.03328408306289 6.033651212911825e-26
30.09135217852743 3.7736218614531714e-22
30.10336408151694 1.5423233949190724e-22
30.10837864155826 31.39755192193824
30.124325946629476 2.2053091347906285e-24
30.150788605736842 1.4603818555924754e-25
30.150788605739372 1.3254881090410723e-24
30.295347870838437 1.956856483733237e-25
30.30964050897571 7.378611994551616e-27
30.3096405090013 3.485612743994021e-26
30.319632687950435 2.553917111389145e-25
30.324411117513304 5.078355747926161e-27
30.32441111751332 1.969838748539335e-26
#kx=32.0, ky=24.0, Jx=1.0, Jy=1.0, Jz=1.0, h=0.0
30.026098023410924 2.4475537856191333e-25
30.026098023416154 2.617970457012991e-27
30.033284083062927 5.834834972844308e-25
30.033284083062966 1.0923508973555674e-24
30.09135217852753 2.6220388347011335e-21
30.109955712262565 30.58679448412237
30.124325946629433 1.778172989990907e-20
30.141522141657305 1.1605385680831246e-24
30.141522141662268 3.718915516330734e-26
30.149515319259308 5.72946531646163e-24
30.295347870838462 3.1946888234848472e-24
30.306132234516454 3.7159099913678838e-25
30.322804013602582 1.9802009307695627e-25
30.32280401362941 1.257787556890423e-26
30.324411117513346 1.8234620409177e-26
30.324411117513364 1.976019379134321e-25
#kx=28.0, ky=24.0, Jx=1.0, Jy=1.0, Jz=1.0, h=0.0
30.033284083062842 9.304177015924987e-25
30.033284083062973 1.2935499181236868e-24
30.039712510704064 6.999678921632154e-25
30.03971251070593 1.3117777478360825e-24
30.091352178527504 4.287522356342354e-22
30.1128029133477 30.15024480223014
30.124325946629575 2.8783186674349004e-21
30.133755166952085 4.612803517038683e-24
30.13375516695957 2.2541508145759897e-24
30.198328196198144 6.686962418079369e-25
30.281221390540473 4.452408448652244e-25
30.29534787083838 1.9417340820088392e-25
30.324411117513275 9.04583776488349e-27
30.32441111751333 4.557303576778162e-26
30.33237530051002 8.568421563035527e-26
30.332375300537873 5.54413687255426e-26
#kx=24.0, ky=24.0, Jx=1.0, Jy=1.0, Jz=1.0, h=0.0
30.033284083062913 1.083991936866571e-24
30.03328408306296 1.918687026413691e-24
30.045028512537126 4.858170785041214e-25
30.04502851253737 1.7474091270279534e-25
30.091352178527607 4.395180446467299e-22
30.114147507151127 29.975726226900818
30.12432594662939 5.516555573142206e-21
30.130628913343077 7.600680357510078e-24
30.13062891335183 4.738281405826272e-25
30.23872426828926 8.580764804821597e-25
30.24957406963639 4.065733185619748e-24
30.295347870838484 2.0076001125275045e-25
30.32441111751327 2.9900419763554726e-27
30.324411117513307 5.862079805051308e-26
30.335829224571935 1.0158100299522009e-27
30.33582922460018 1.401311205198411e-25
#kx=20.0, ky=24.0, Jx=1.0, Jy=1.0, Jz=1.0, h=0.0
30.03328408306292 4.441292068861166e-25
30.03328408306295 5.5837472697497455e-25
30.03955298354298 5.625179021300024e-25
30.039552983544635 1.0161439743356667e-28
30.091352178527536 1.0783704560306841e-21
30.11359222008981 30.035131548020427
30.124325946629487 3.982566358432912e-21
30.134068774307252 6.692374645648873e-25
30.134068774314724 2.0315553462496534e-24
30.198328196135957 9.306500937246772e-26
30.281221390386158 7.353357508121201e-25
30.29534787083841 6.903342313721119e-25
30.324411117513307 5.38230302838837e-26
30.32441111751334 2.3329053907481812e-26
30.3322212202474 1.885415031791961e-25
30.332221220275294 3.2106627467605423e-26
#kx=16.0, ky=24.0, Jx=1.0, Jy=1.0, Jz=1.0, h=0.0
30.025888096142026 3.8683980097467015e-25
30.025888096146897 1.5988007589954935e-24
30.033284083062956 1.4623863157774744e-25
30.033284083062988 1.050510944610228e-25
30.09135217852749 1.9205608787231536e-22
30.113373697301995 30.48029342687419
30.124325946629547 1.5258704664996303e-21
30.142015099631784 1.385423289879141e-24
30.14201509963679 3.94572191850003e-23
30.149515319117647 1.2784536311940715e-24
30.29534787083838 4.9232369442246094e-26
30.30613223428326 5.845450928124663e-26
30.322520982778197 2.3148229259255413e-26
30.322520982805113 3.6083117945808684e-26
30.324411117513268 3.487070861410792e-25
30.324411117513304 3.5008287126948115e-25
#kx=12.0, ky=24.0, Jx=1.0, Jy=1.0, Jz=1.0, h=0.0
30.008752032364782 4.2551169671316835e-25
30.008752032372925 1.9944149046856376e-26
30.03328408306293 8.787284785568709e-26
30.03328408306296 5.556160493891635e-26
30.091352178527472 4.3204600782729145e-23
30.10336408134286 8.202307949014596e-24
30.115033883595157 31.40572941945571
30.124325946629444 4.910439150195629e-22
30.15132732070251 2.494865733532826e-24
30.151327320704993 9.933786768723116e-25
30.295347870838402 7.349382337990077e-26
30.30928235363486 6.487356638854849e-26
30.309282353660432 6.360924818168637e-26
30.31963268769172 1.5546440423267044e-26
30.324411117513307 1.3399577983655393e-26
30.324411117513353 5.724492785557627e-26
#kx=8.0, ky=24.0, Jx=1.0, Jy=1.0, Jz=1.0, h=0.0
29.99249980178253 4.054658976381765e-25
29.992499801793283 2.0455430799673033e-25
30.033284083062984 8.277443295848616e-26
30.033284083063005 1.9362705345311283e-26
30.065898599972112 4.658194428771078e-24
30.091352178527497 3.0410025676336204e-23
30.11730330513677 32.621397864197505
30.124325946629508 1.3727086676040804e-21
30.159902978416365 1.1744963439827123e-24
30.15990297841695 1.779448489576085e-24
30.295347870838405 6.083711636710468e-26
30.295896454671592 5.179983164770916e-26
30.295896454696063 1.0581422382846325e-27
30.32441111751331 1.2888334280947025e-25
30.324411117513325 7.298504933633913e-26
30.324447384753945 9.969718441313163e-26
#kx=4.0, ky=24.0, Jx=1.0, Jy=1.0, Jz=1.0, h=0.0
29.980902267719863 1.0182700616980911e-24
29.98090226773233 6.320770244887362e-25
30.033284083062934 1.0049164971181442e-25
30.03328408306296 2.54820795432543e-25
30.041651079626007 3.788320082930154e-25
30.091352178527526 6.4614113538587274e-24
30.11773637320935 33.63286748351155
30.124325946629522 1.9279457604591456e-22
30.166091329191552 1.824692167477894e-25
30.166091329192383 3.388378663451617e-24
30.285886838462893 1.2479664422163077e-24
30.285886838486725 1.33656322472029e-26
30.295347870838416 1.4342856654236235e-26
30.324411117513385 7.686027523111988e-26
30.32441111751339 4.0019448527548224e-26
30.32479287213751 3.1755114452540795e-26
#kx=0.0, ky=24.0, Jx=1.0, Jy=1.0, Jz=1.0, h=0.0
29.976713007619708 1.8305812124627588e-25
29.97671300763299 1.751367211079859e-26
30.033284083062917 6.875150924590249e-25
30.033284083062938 4.991715466453888e-25
30.03328408306306 5.378706717816682e-26
30.09135217852745 5.629730266516048e-24
30.11657760389975 33.97927538925099
30.124325946629522 1.4456268514534822e-21
30.16830593486267 8.659140032502459e-25
30.1683059348641 4.140327439544196e-24
30.28221782060524 1.9577169109004592e-24
30.28221782062897 9.82146590954242e-27
30.295347870838377 2.715381739641378e-26
30.324411117513087 7.453432534122746e-26
30.324411117513314 5.573869816151289e-26
30.324411117513364 5.267346937417745e-27
