#kx=6.0, ky=6.0, Jx=1.0, Jy=1.0, Jz=1.0, h=0.15
0.13629892826548917 0.00023971980475501946
0.1551919265852275 0.0002125675249026565
0.1726420412515417 0.0004387098957776488
0.18113205612114158 0.00015911477333785507
0.19724482307652502 0.00018034588258411237
0.21913029790100957 0.00035981197785401876
0.22356978056857713 0.00041928563769615546
0.23671085963261007 0.001948779009833961
0.24789188040554855 0.0002873765638051616
0.26118344607977295 0.000420977193878353
0.2727508427907904 0.00013741641004639713
0.29134335511614373 0.0006090288597114439
0.29813445308746245 0.0003527037303446018
0.3025588347760977 5.539308640892196e-05
0.31862330461774613 0.0005020445851860046
0.3295267530038476 0.0005656404390498746
0.333931617089962 0.00010491764351284663
0.34646619997785566 7.620522617975131e-05
0.3635809104565346 0.0010643633317023327
0.37521034603663905 0.00017672221035406837
0.38195574290502576 0.00013313155762077097
0.3963999008471164 0.00013845117349629743
0.4087679068633904 0.00012139346192427923
0.4163234145496786 0.00016727647863397192
0.4265643824362103 0.0002528478396006603
0.43767405447032337 0.0006753731342038563
0.44171566096131876 0.00023349602051386622
0.4504156190415948 0.0003615914957215401
0.4933220666421462 0.00025067750091718397
0.5023674203613188 0.00012259311139627135
0.5154259971063369 0.0003381335506496276
0.531455465186586 0.0006427199662426853
0.5428885753662321 0.0001671579595507048
0.5509559051869517 0.0006667840710865116
0.5630286342076379 0.0005405346571022648
0.5687492640378378 0.00023242312478907504
0.575406225852288 0.00018217340566593015
0.5841662604056685 9.914002810303264e-05
0.5923861994031321 0.0007114167969921534
0.6015484378343622 0.00022656221040440769
0.6079309244584397 0.000436203643085405
0.6218116478671409 6.755260240636852e-05
0.6328624426308316 0.00014723517512449887
0.6387683115905418 0.0003541422117678198
0.6491722955230256 0.0005278995102984151
0.6593305144978362 0.00018696960923470489
0.6685233953950975 0.00038386065991494075
0.6753063465539832 7.722470792473163e-05
0.6836851864977928 0.0004156229636195101
0.7045790316891204 0.00038447108594230774
0.7309606392271484 0.000298635576081561
0.7538709514982739 0.00044827341293465273
0.759567109049577 0.0001878406646698562
0.7645118029074321 0.00020575979069578401
0.7822606706997642 0.00042267878611815745
0.7899963867757248 0.0001985112129420176
0.8034905817305921 0.00021062583483682178
0.8433284230039229 0.00018058396814442886
0.8521671868358982 0.00016153216605413348
0.8799115774470301 0.0005427758528981886
0.8974861661529998 0.00023702241763419473
0.9330898489481754 0.0007507347929970144
0.9808683250842876 8.91931616378032e-05
1.0073843685602206 0.00031519284296570733
1.023750820749737 0.00022488641890445058
1.0481776675515535 0.00013216545607171382
1.0703782108369009 0.0005018955663995278
1.0875661550170164 0.00022516793710392586
1.0904603134579371 0.0003404504880176139
1.1000470442603043 0.0006136538958616019
1.1262586383335593 0.0002992393882515397
1.1312941577928393 0.00026465027625942474
1.1519752122246707 0.0003197903790387146
1.16025639057037 0.0003176173785181185
1.1692829774949893 7.85405545401312e-05
1.1726365360178992 0.00026389292182545066
1.1823020337048162 0.00016751289678343454
1.191772251902261 0.00047659285748484227
1.1977174349013837 0.000540003101297753
1.2067914420192567 0.00026706228496952236
1.215806159289568 8.666697299529126e-05
1.223878515412049 0.0001292812174213522
1.2340274933182827 0.00013167958735306473
1.2392185170650079 0.0001004011757452926
1.250607467278475 0.00023634167380085438
1.2557404427650998 7.690886038053493e-05
1.259959996924434 0.00017626874453045634
1.2671836692657368 8.642142704216947e-05
1.2698982865957342 0.0003926333037724886
1.2747680567761788 0.00034628056407560835
1.284532995004692 0.0005175056780578473
1.2942238092113778 0.0002667309984885344
1.303959944758148 0.0001245366689549063
1.309861861254007 0.0005465817312004318
1.324630679677563 0.0003590264296343165
1.339760172330517 0.00029490876478683963
1.3422012425827634 0.00021052190153179016
1.3547734249724808 0.00010433008048879481
1.3644069889095283 0.00013907253121403027
1.3728180590668593 5.448000098432712e-05
1.3873206928404387 0.00017892481205794528
1.39633979168298 0.000111396825332061
1.4026949076075241 6.882085139975142e-05
1.4170600063563294 0.00015719241999030098
1.4231722408808178 0.00018104515449803184
1.43576168488454 0.00030997274833811857
1.443194324755726 0.0007897411368607072
1.4515739576632136 0.0005345590214940844
1.4573006271417033 6.422392048252046e-05
1.4674992901475896 0.0004381937789199399
1.4755438073386806 0.0005325500023297805
1.4874329156274024 0.00011755907209082486
1.5003912661340917 0.0002220706345165597
1.5110153753005395 8.699731856791947e-05
1.5269019938218702 0.00010290883217967867
1.5523227797814405 0.0003484798885407891
1.559414583922985 0.00038470526231604003
1.5653926250636419 0.00020190476050767312
1.5826352661842158 0.0002666381293383447
1.5943534080878767 0.00040747378101427506
1.603025254200829 0.0001457005061539074
1.6138799286228593 0.00010487586813610333
1.6194987955524716 0.00011087110189030377
1.6760361108646171 4.967940575435107e-05
1.7077799526176811 4.056188617616501e-05
#kx=5.0, ky=5.0, Jx=1.0, Jy=1.0, Jz=1.0, h=0.15
0.13762311321196152 0.00025979727824192075
0.1516824086887869 0.00016776286615238374
0.1631989981393206 0.0005201247913785428
0.16319899813941718 0.0004816393191940679
0.1830160348943055 8.259790337599609e-05
0.20058834848113882 0.00030644153265473744
0.21432673296608418 0.0003451334222837552
0.22138250146478244 0.0002454800103039038
0.24013774563093837 0.0013914110671596545
0.24585468762882035 0.0003650963486011553
0.26501573515429366 0.0003623401509332624
0.27377527604081686 0.00039353773507238974
0.2880249433666521 0.00036754364618665194
0.29929517949592643 0.0007108400164239345
0.3074775286949627 0.00015085441694444174
0.3191892532628543 0.0005303076101194374
0.3275033648294223 0.0006176504374027423
0.33556393749420876 0.00018456491173735978
0.3499037828316104 0.0004474124199670946
0.36527359735678 0.0006206444341564212
0.3768263346770728 0.00020841248311081117
0.3888839899739899 0.00011116270924051512
0.3985536771332493 0.00019959834015907056
0.4101449494019127 0.00014564418338377567
0.4194033358265581 0.00011202334421929651
0.4265009429527822 0.00031920051767776123
0.43833075805024047 0.0005029877326665817
0.4430206758830968 0.0002483051117149834
0.4504778058916842 0.00015789148386427169
0.501152406263799 0.0001236570848855786
0.5130918159856929 0.0004092320599579882
0.526908535624665 0.00032224467677032317
0.540343645269043 0.0005251725682301249
0.5480959929686169 0.00041756837848340217
0.5520661363068369 0.00018811494449469903
0.5607718197455036 0.00051779363824593
0.5685030664737439 0.00031290665621939003
0.5807226071843435 0.0002949491724836563
0.5875258758967455 0.00012865052686734872
0.5941439752467209 0.0006721701685567451
0.6047077150402913 0.0003298132028269689
0.6090393322512822 6.284665891486364e-05
0.6258079577094394 3.157339633866453e-05
0.6327513947906116 0.00015819611166821587
0.6375343760337576 0.00047779825745314104
0.6475774741855189 0.0003564559033127176
0.6594145377963234 0.00024052923023777203
0.6700968884818503 0.0001549513749576925
0.6760240766043657 2.6769653187428893e-05
0.6961060934455354 0.0004190304965559829
0.720088472558082 0.0002481471348872694
0.7277282403287666 0.0006885595152629751
0.7564265277992666 0.000495906670408146
0.7603077948664838 0.00027481521522310396
0.7725335222236152 0.00018692232195488307
0.7786082727419613 0.0003379456517219891
0.7908971630034928 0.00019107726376388896
0.8326186708183952 0.0001462252134283034
0.8437998329897067 0.00016977976474058022
0.8564720805874854 0.00012540933496049726
0.8801138730139862 0.0007447693112021745
0.8842475117076204 0.0003077809077809554
0.9640756563803227 0.00027525398614968203
0.9978728876243947 0.0005799535772869743
1.01113377789952 0.00025641808626943063
1.0411648020938618 0.0002609044500616693
1.0603300285384942 0.0004660902195822971
1.0824279887049104 0.0006236186289051444
1.090314121262503 0.0001141425955527766
1.0970176795557351 0.000382879594550552
1.1028500697775745 0.0006730678341340584
1.122075384591807 0.0007606163064751285
1.1385267504114722 0.00034513350005687543
1.153381151379641 0.0005024873843166874
1.1624977550917777 6.789366672142104e-05
1.1698506146133503 0.0001506982505247559
1.172543660169597 7.795281258824642e-05
1.1842496828121885 0.00020411604761986103
1.1985547564114514 0.00023495593670383986
1.2060866097139193 0.0003579543375758059
1.211777597141435 3.695472337774372e-05
1.2159749960811372 0.00018193488850446387
1.227881908289974 0.00041701278694370803
1.2370270216452002 4.419035285754545e-05
1.2470809235314069 0.00011465453934104322
1.250191910229107 0.0003484827865859483
1.2561894346441642 0.00016308006870578446
1.261861108050556 0.00011002752803988261
1.2664987223659536 0.0006552759703870827
1.2693123479696173 0.00027079860507487214
1.2777351098096235 0.0004027670995855589
1.2869015184663535 0.00040206008971337023
1.3005317182661302 0.00021529937004022265
1.3073417808944654 0.00041976436372604065
1.3131477420659547 7.952579908439221e-05
1.3248209960655954 0.00019342865302975323
1.341030232783837 0.0005732655526895989
1.3478584968452796 2.3193681942183464e-05
1.3573828274724065 4.0465680812815154e-05
1.3603068905203948 7.412192668113209e-05
1.3846402178090345 0.00018221947290863566
1.3922771383834371 0.00015738685626407264
1.3996721586050591 0.00010820012146758621
1.4162646165640465 0.00022859472546463724
1.4243451204747797 0.0002608780577335037
1.4357518918125967 0.0001127026657315146
1.4416730415175927 0.001181654313749511
1.4489444242410836 0.0006353400222559451
1.4568221148728078 0.00034958446914842286
1.4606359024537348 0.00029140054141847373
1.4748599840857946 0.00010550680731937626
1.4873807142916584 0.0002823633397062586
1.4971235048371874 0.00013909867354408158
1.5040491741689344 9.745684140699202e-05
1.5219517317784041 0.00012624842930762832
1.548718277105921 0.00017229894301646253
1.557116227637931 0.0005565057989908838
1.5681616408870758 0.00017818658701827854
1.584322407811004 0.0005106855443181194
1.5862124324778688 0.00034548163592734287
1.6008675332470301 0.0001956900473094331
1.611348938750015 0.00013147391752222395
1.6185390990227493 0.00022277552232009116
1.673694469677725 9.947078528692646e-05
1.7080063378440546 9.46237142378791e-05
#kx=4.0, ky=4.0, Jx=1.0, Jy=1.0, Jz=1.0, h=0.15
0.13368144601633047 0.00021938626053723416
0.1524790122070363 0.00028739935302330013
0.17583429522406657 0.0006774229429308457
0.1844530552075646 4.039254244402959e-05
0.20213895566218276 0.00034442026223921224
0.21158214433881106 0.00015123004710602638
0.2205741437760561 0.0003100212534842061
0.24089707841851105 0.00045600287296385317
0.24719210581877205 0.0008283196098557476
0.2697965044572054 0.00042071571992185114
0.2749992268508433 0.0007883810656246184
0.2849784394976984 0.00032358828196850126
0.29776981685556536 0.0003622656831399928
0.3063952094433209 0.0002732659266080868
0.31874567705119095 0.0005794473450241424
0.32652245531484325 0.0006341254728508957
0.3368913372652127 0.0003577944627315242
0.35115410210900144 0.0006862524981826561
0.36501393166271656 0.0003422508079204301
0.37958974535767687 0.00017286728330120609
0.3895022516308855 0.00011880432213964842
0.3996542637578121 0.0002789596896192147
0.4099940775063493 8.575801581568433e-05
0.4171946448533409 0.0001829019512029252
0.42698142855589705 0.00022691922312328706
0.4404100693336094 0.0001652841688540573
0.4420994485791979 0.00018199736063038622
0.4506979857439364 0.00010710125062385559
0.5016036017980852 0.00010695110955791638
0.5140488365236101 0.00036933208611932634
0.5259305582399482 0.00023105091796467487
0.5418951099435848 0.0010000175124460487
0.5510566444665316 0.00023946693019725714
0.5557184800050297 0.00025981013385410024
0.5653801411042075 0.00021850494790937437
0.5787724494742691 0.0002753104691266567
0.5857120471361804 0.00013910833353621857
0.5876060802686012 6.499251061622028e-05
0.5993459629335335 0.0005256192404202576
0.6053125219502636 8.001302798079941e-05
0.6171294585344178 7.191108583321834e-05
0.6305097348562766 0.0002971819077453588
0.6397498278269004 0.0003688300356543904
0.647330707918064 0.00015480762788788768
0.6503692535398464 0.00027415851341834455
0.6660073080058637 0.00015191004482530265
0.6720625108450345 0.0003135998431896366
0.6811452901962423 0.00014296563391444657
0.6951234049750105 0.00018071929515523413
0.7040613944412483 0.0006185905171619051
0.723490447887894 9.004007332377678e-05
0.7529915835235329 0.0005028945905042094
0.7617374009102845 0.00029163916703551856
0.7649147551316215 0.00042511573193749233
0.7771617459160934 0.00027780800721158186
0.7904040700363302 0.00026820285319553055
0.8059861370374016 0.0001241749166599811
0.8342481557191517 0.0001882721180105272
0.8468193775779226 0.00023975226071157592
0.8638210115218026 0.00017883093287625746
0.8785597946406237 0.0006728724709022581
0.9600949698315298 0.0002171101103133409
0.9903291663437547 0.00029167306667310193
1.008021009281805 0.00031765261189570937
1.032835081142554 0.0003089588344810643
1.050222422663793 0.00016768336562921626
1.0698315339382847 0.00022841310745916815
1.085064751343399 0.0004066696272398115
1.0885155530836876 0.0006567208668018001
1.104340208364976 0.00083678828797063
1.1159745623526185 0.0008169292154748272
1.1287794421309356 0.0003618711486895454
1.1497223626886888 0.00033576597924786034
1.1590515812113162 0.00019824753638227185
1.1652014761641154 0.00011332730598632248
1.169609541210645 0.0001325115941369782
1.1824400350842001 0.00010965448685947119
1.1908342427632572 6.358090815844509e-05
1.2030776296835588 0.00045025830557720355
1.2098296341824684 0.00020240352000766337
1.2123418950648475 0.0002745223083175168
1.2215311562447329 0.00025034345326038234
1.2339316410361727 0.00011628007232473094
1.2375505608818682 0.00012143578414512626
1.2427485338672761 0.00029545805009860725
1.2501109817906664 0.00025403319807364594
1.2580472811850867 0.00025963587031780825
1.2607822960062154 0.0004880791306823473
1.2668844736857237 0.00035941600427990747
1.271998397403774 0.00039679633044418833
1.279350614416369 0.0007815015880450278
1.2888637029375665 0.00018193081101112245
1.3025901578762826 0.00013906461985609456
1.3092739543154304 0.00025817131466745547
1.322012223800468 0.00020599859803576125
1.3359457256306158 0.0005154853891032443
1.3430524207118317 9.636051175290674e-05
1.3473722029865465 2.9436754614056992e-05
1.3589411018238655 0.000105885447015158
1.3717860263887576 0.0001082668017374254
1.3874018646409465 0.0003221166828525422
1.393559693635496 0.0002836552949968861
1.4033579168318195 0.0002015242733281878
1.4119825249423616 0.0002583836433913376
1.4219584238413492 0.0002964866236172211
1.4330965956718518 0.0006453295000665581
1.4381067680494763 0.0008768468974861597
1.4506373678361095 0.0003158318531705653
1.4596324248088726 0.00025987750178606896
1.4685157938349314 0.0002379926277675765
1.479798813554104 0.00020424770475083867
1.485952578534705 0.00013698443929493999
1.495433923290671 0.00031506860344117843
1.5014733752016136 3.184016598072036e-05
1.5189272279255812 0.00027390338999356406
1.5415586703903612 0.00022812099750561528
1.555521574098448 0.000658281111651252
1.5722557037251805 0.00016238639704162266
1.5884503487316164 0.0004368866903650944
1.5937810906181893 0.0003267187861908489
1.6011691668578687 0.00011246828310578841
1.6150973541710367 8.885525925097797e-05
1.6201357972218755 0.0003585590502531695
1.6580252381187088 0.0002519590375571168
1.6872119658027274 5.256993556173841e-05
#kx=3.0, ky=3.0, Jx=1.0, Jy=1.0, Jz=1.0, h=0.15
0.1318830937739024 0.00019870025537899083
0.1574161488785164 0.00028889131891676403
0.17747560263448925 0.00045568368633370506
0.18712816720457048 7.114669473443704e-05
0.2038080612906762 0.00022791216263775885
0.2128897899764226 0.00012594004671330096
0.22044175139691646 0.00030982771693839086
0.24399401628262485 0.0003212557689540352
0.2536208849051713 0.0005797833641216127
0.2721987850581459 0.0008372801835060332
0.27772864541086073 0.00022309731428032023
0.2920578005912944 0.00038937277441939756
0.3057085998395648 0.0003843213805299722
0.3107910439990086 0.0002942699523428362
0.3193373249335324 0.0004743404953778165
0.3266756819527461 0.00041709103942591573
0.3379270662599737 0.0005385857623196981
0.3555855194085006 0.0005119882555777374
0.3684790359553358 0.00027156136771310196
0.3817718405025494 0.00015768287105707047
0.391906156348642 6.781658637545064e-05
0.40570781096362585 0.00016824161687649307
0.41455651404112115 0.00030300766171334985
0.4220821475506953 0.00014253358076292524
0.43140122885869825 0.00018355883268250228
0.443911155495591 0.00013755269377004663
0.4467049347695201 0.00013131256831691758
0.4536261438100808 0.00020070173694934445
0.49817905649069627 0.00012388565689958983
0.5159226502577519 0.00012757835307901423
0.5267141219127258 0.00011705056592906042
0.5439790611498796 0.0003541270013368799
0.5522615529086622 0.00015070719548569873
0.5584537926780231 0.00022414505140023496
0.5632233102190509 0.0002413992249562311
0.5710391647214963 0.00017407327455681683
0.5819732777623149 0.00021062022460456955
0.5882226259355883 6.974895279022042e-05
0.5955173333791564 0.00031824079935403827
0.6006511223785016 0.0001482521661031359
0.6096946300663864 7.496352068257515e-05
0.618837493625603 5.679869173977438e-05
0.6350570571845288 0.0001734826610969088
0.6442297449976853 0.00035565022688410406
0.6503426966666959 3.357788306140276e-05
0.6621937998372884 0.00018459091047990677
0.6716858401748349 0.0003264679141450166
0.6882307977031982 0.00020363162047968726
0.6954206954511855 0.00020797002146961157
0.7200917118325006 8.817145026067448e-05
0.7269477732502366 0.0005404649939178927
0.7419099409035246 0.00016527963134132953
0.7557562348727631 0.0003763222808736306
0.7669676607062909 0.00041126855456797613
0.7738329876982397 0.0002469139354199242
0.7843044222381779 0.0001802836481400415
0.8002592185669932 0.00012585323975368177
0.8331312785322165 0.0001303663400969497
0.8489523675941851 0.0002537534624472422
0.8597595149543363 0.0002513966525662992
0.887071168688906 0.00019217692513661815
0.9539014947097468 0.0002140640637901453
0.9687446022868335 0.00029936392916450426
0.9927560413764863 0.00016523305729288805
1.0100241637867384 0.00017047147160074904
1.0197960092099179 0.00015119657794567012
1.0394373337939795 0.0003374105546395396
1.0563342558140043 0.0005032575080813991
1.0756543497326498 0.0003754596216125486
1.0893363177078181 0.0002677487743799984
1.1034116998096088 0.00022627618533399528
1.1099559279494087 0.0013253019264694594
1.1419307967356251 0.00034342643496770934
1.1476190310479932 0.00026927633023660893
1.1605541068021523 9.39805317356477e-05
1.1741626530796423 0.00020127542532712888
1.1797948926629438 0.0001607356467486614
1.188538679089945 7.710213200982929e-05
1.192799432191129 0.0002533700052556437
1.2012337605348133 0.00023587112991613568
1.2112486697073104 0.0001285266008466042
1.215263226513742 0.00037485414331077003
1.2246215739017308 0.00013967747659874004
1.2332247953509579 0.0001398997384517556
1.238589063052888 0.00010190829514267658
1.2432035206395224 0.0004279109531867949
1.2551023111868491 0.00017268727547302146
1.2609255703718603 0.0002690595177512361
1.2663668241725679 0.0003666858558119691
1.2735083923101598 0.00025538165970742524
1.2788073213250555 0.0004379266700810008
1.2833403832983876 0.0003398056684766498
1.2915047406076692 0.000250408574074921
1.301570564222465 0.0004944539084837574
1.31295587584369 0.0003531313901014091
1.3240713651176328 0.000259247026779739
1.341290140934472 5.941871972854245e-05
1.346389556498211 0.000256066531112909
1.349562207952442 7.391874383966485e-05
1.3650268140095356 0.00021099123998835113
1.3698915399511087 0.00014315967882512877
1.390400658901811 0.00013527975388648487
1.4014254876187238 0.000270564674681631
1.4106249085017382 0.00029505094825641283
1.4206418643965135 0.000943249086896903
1.4259939460614741 0.00047697284988311764
1.4354814550795592 0.00023128273849917032
1.4480993161486104 0.00029705028066831675
1.458178468319284 0.0003753278306380912
1.46646397634417 0.0003038596158110976
1.4773979747434507 0.0002387716279379542
1.4835951429320893 6.754933728017682e-05
1.4893200180049881 0.000389196362333527
1.5046304020008583 0.0001271118376846226
1.5133800223284721 0.0002557355094537121
1.5253431404108009 0.00027975382658742296
1.5447886274305123 0.0002985323283309544
1.5661185917105058 0.0003758727684344674
1.5811157779407785 0.00022742954740519075
1.5928920786508054 0.0002676240889500205
1.6032832352790438 0.0001119194337505054
1.613155058974181 0.00016309230262762786
1.6192100282736592 0.0001296176801771695
1.6315986471979271 0.00045494645429940286
1.667471883365872 5.3231254077468306e-05
#kx=2.0, ky=2.0, Jx=1.0, Jy=1.0, Jz=1.0, h=0.15
0.13481993770338707 0.0001549939226683364
0.16304843852599893 0.00017221511854784556
0.17337724174856017 0.0002924275324463661
0.18709475738699632 0.0001078372269375808
0.20417672523810437 0.00017580611639461208
0.2156526423878291 0.00016734178736130557
0.2208274141823735 0.00015198130019301723
0.24533827902360916 0.00013294349945941966
0.2613573126751423 0.0003636663571115479
0.2714761644117536 0.0006265839490541476
0.279883726994159 9.701846540693295e-05
0.2927844102394872 0.00023950758072104734
0.3016477558442682 0.0002263068814642211
0.307873056057022 0.00024849223374733215
0.3187315632169563 0.0004325241805329666
0.3250447539536938 0.000151781058047508
0.33467104867761666 0.0004721488986513911
0.3526681161944034 0.00025629719714276604
0.3667505398004506 0.00024570856864798067
0.38075046189933015 8.107975656338194e-05
0.38993721889689914 4.946537357631383e-05
0.4009869186997228 6.890742216025106e-05
0.40754289774561914 0.0001215838165860183
0.4134830003202872 0.00020385563278144087
0.42803573298585473 0.00019053997528289837
0.43380242107173395 4.829717533861178e-05
0.44520768526792764 7.008649305485307e-05
0.45078657086982443 9.145326795511393e-05
0.45999084089291487 0.0001666451349575991
0.49805010060470334 0.00010248352807822765
0.5171749674715442 7.686026640087047e-05
0.5292237390133997 0.00010490311392357658
0.5445397695761506 0.00012049403433728412
0.5556815996179737 0.00011212304505979804
0.5587008492287637 0.0001942595928711182
0.5676532243565019 0.0001356465816207005
0.5810146474142441 0.0001525234864221859
0.587522697992704 7.308698659042021e-05
0.5886550450416439 4.3544823470692366e-05
0.5963235967770869 6.216070120679003e-05
0.6105386365114579 6.4576727196419e-05
0.6132642687064421 7.383232207283712e-05
0.6338203283366944 0.00012456581056285938
0.6393380755419525 0.0001033544919957495
0.6483120613208826 0.0001304862818563319
0.6596808626522321 8.740282712118384e-05
0.668825599612663 0.00028585470855636955
0.6795362415802286 7.70372081185132e-05
0.6956063939380247 0.000139568627654397
0.7009847250513501 0.0003832836599549624
0.7175128922514623 0.00017865749555457248
0.7283850485823051 3.2355234297362095e-05
0.7529602493481435 0.0001513998177992092
0.7662983340878277 0.0002699170749547782
0.7732092034133958 0.00013515126693270632
0.7774411057951564 0.00013122871981980245
0.7995840436065743 7.04517650029729e-05
0.8097046050262074 0.00012634807308371717
0.8362696359234567 7.007747857580485e-05
0.8538981253060834 4.4208604589491516e-05
0.8677644252769406 0.00018496270085119275
0.8722643484126003 0.0003102663859125896
0.9040028281635354 9.474466666271616e-05
0.9773859359034726 0.000194511788378214
0.9937857191775729 0.0002717725071687115
1.0068746920489517 7.033172652141162e-05
1.030994126836509 0.0001271212243284136
1.047101142196078 0.0003225957404311244
1.078357900446059 0.00016309507408905744
1.0848565997503172 0.0002862635777368168
1.0936691760059651 0.0009664636853726432
1.1076756369811303 0.0006898716491238551
1.1338308758034543 0.00016732869325290932
1.1467231407656135 0.00031464146301712133
1.162182574320945 0.00026089151014011436
1.1733823832181567 0.00025375033823663744
1.1758945267946892 0.0002178935789070735
1.1822289371824313 0.00038975178642287775
1.1864519854022282 0.00010509658051411193
1.194793649459069 0.00023599290232806955
1.205952513769426 0.00015293444015995755
1.2119592960576613 0.00022951725870701031
1.2251147688616708 0.00012402623608864064
1.2274806014120903 4.924167952450664e-05
1.237677045353025 7.086506130583574e-05
1.2480066144254849 0.0005586053840369206
1.2531441576358322 0.0001631457829120206
1.2572891013517495 0.00042291990884849343
1.260803623458543 0.0003947440634575699
1.2678639204298248 0.0001398294400609497
1.273533163578816 7.789852052394723e-05
1.2839083604637658 0.00019081039524714623
1.2886268755862518 0.0001639055878291377
1.3033779773242742 0.0004055768033737469
1.3105639777723288 0.00035050941019167483
1.3256837867678102 0.00037771203622693567
1.333072481199895 0.00015572071143145813
1.3400384881371914 0.0003502139359738523
1.3526187809509076 0.00011207601223847807
1.3598320396382397 0.0001277698974709046
1.3699887361684715 6.436172966471373e-05
1.3903816640775024 0.00014761273263774207
1.4003839863874807 0.0004202619662288379
1.4106981962840575 0.0002277568585025354
1.4178913665112476 0.0006221334116009722
1.4243623638867913 0.0006483028265573693
1.4334990985160545 0.00016824773885869786
1.4460485408473138 0.00020982603069521233
1.4566149822665326 0.00030486011768741966
1.4624092452600674 0.00017857799252701193
1.468552569893558 0.0002289982788240762
1.481161438590937 0.00015633052135659387
1.4903248080330056 0.00012257904014086832
1.4982305567889305 0.00020930536280847116
1.5059773488615458 0.00016669758817713565
1.5167124356903416 0.00023908695107168924
1.5470412228207597 0.0002982995364505142
1.5629772139907017 0.00036949944263664123
1.5793684688001592 8.741299935453449e-05
1.5927275060098722 0.00013741482244654997
1.6035193264276881 0.00010821980816614821
1.6131632298532694 0.00018506801595808228
1.620365871347698 0.00011547041457218713
1.6263273914259135 0.00029765529199634883
1.664301142135135 8.535988792803364e-05
#kx=1.0, ky=1.0, Jx=1.0, Jy=1.0, Jz=1.0, h=0.15
0.024837243440477552 0.00046989284752155887
0.13659353572536337 0.0001932978135665532
0.16289871154366475 0.000251962486375978
0.1688845884224699 0.00012082130278549577
0.18728567693480913 0.0009647407725877158
0.20422426921224368 0.0001571741419774101
0.21748325085538645 0.0001621025874296075
0.23006234542359505 0.0006412878063315731
0.24865961054926833 0.0004729403946012712
0.26287145867591954 0.00020447271527598417
0.26974994662171514 0.00024419251545190686
0.27990808816548585 0.00024779829812955146
0.2897087834833634 9.563006702348505e-05
0.30628127932071814 0.0002249717247036279
0.3084788468361205 0.0007004043032418135
0.31395795209731403 0.0025309660867486733
0.3222050957765582 0.00034554403038857743
0.32648985569899647 0.0007460733695177942
0.3461314801942639 0.00025774463078271845
0.3564801252048011 4.7574999527444985e-05
0.36084882080273273 0.00042501201239828867
0.3847639356751914 9.523744699896471e-05
0.39605957816862325 9.409143394080669e-05
0.4054496941503144 0.00016104306012752442
0.41280557118480166 0.0002242965783142868
0.42414663150092957 0.0003429622255828118
0.43481223219842324 8.70808775482452e-05
0.4409766839141577 0.00023195963698487653
0.4536876728255085 0.00016220348720639508
0.47125839868303543 0.000284390750185254
0.5006076975699886 0.0001805420986787093
0.5175861523595643 0.00021669199339383863
0.5292021564697424 0.00013121699023102185
0.5348426723651395 0.00020264491586015682
0.5417472073407464 0.0001246391113379306
0.5574513093030359 0.0002092722073238095
0.5664978820946764 3.304973787235624e-05
0.5719400517489137 9.713136398175862e-05
0.5813297947898283 0.0005835527538287503
0.5880124739518583 0.0004699774645162894
0.593970389183604 0.0001541517274779983
0.603284941286874 9.737259037094502e-05
0.609343949060957 0.00016567691945447498
0.6180829800099635 0.0002158647960402664
0.6261810298519116 0.0005253427272414576
0.6378679389247627 0.00029681220105524974
0.6472425151784461 3.224544081661478e-05
0.6558294957709471 0.00016458178651795687
0.6715801212036426 0.00019584735455281253
0.6838555541047847 8.25476537920575e-05
0.7027714636453453 0.0002535526309767333
0.7145017275839188 6.698834286363652e-05
0.7267327443996613 0.0002473864801278942
0.7406811463067214 5.6834748303794205e-05
0.7645435893092611 7.462536505279158e-05
0.7698548939126926 0.00047718066468776155
0.7805072229122273 7.025074018893803e-05
0.7853533613791175 0.0001448166678129432
0.7920363598816482 4.46592740441758e-05
0.8184177367638268 0.00033882152954278907
0.8333309040477044 0.00019165305742530812
0.8588702214594313 0.000403067066771331
0.8771927417281261 1.0236537072304344e-05
0.8968802258607395 0.0005563818292715197
0.973493191406184 0.00022253129209358173
0.9924567371468307 0.00036899497482791396
1.006096693005503 0.00036947834353510115
1.020581929157699 0.00014486810791135746
1.0474453424888641 0.00032742643936749445
1.0666129241658306 0.0002900163196205591
1.089175310611924 0.0012385914929840811
1.0996083301966786 9.723160282679521e-05
1.1152464897936913 0.00025955697336629466
1.1283397659165324 0.00041433640116992303
1.1436444209664383 0.00012412480034461332
1.1515318843513722 0.00043931467396606395
1.1666842134742328 0.0002420536691408677
1.176783305995367 0.0003261451789372258
1.1781209864943016 0.00023454046180727142
1.1828077267926025 0.00015932962905529613
1.1959815651793066 0.00047421189554367664
1.2002465860552176 0.000198719777346152
1.2151970065839772 0.00017232265871778115
1.2265536819466027 0.0001521529175949042
1.2317060024298403 0.0001506114026219372
1.2425251998536002 0.00020832363225630073
1.245812708522311 0.00012865587454517663
1.2505301023290434 0.00015869296950217273
1.2582493491841151 0.00015075861913996745
1.2656343222027395 0.0002031327463900921
1.268930743505459 0.0002486612919032605
1.2815226071377106 0.0001811234618128663
1.284860545851601 0.00014991388263519906
1.295064218417118 0.0003074785947115892
1.2990151387804478 0.0005418846010644638
1.3114552825984371 0.00013039748339390239
1.3255940242543163 6.793469827525709e-05
1.335096762386128 0.00027901735168448004
1.3448879386880068 0.00011968427681495217
1.3537277116708135 9.508195404797127e-05
1.3625565377238473 5.836610212243435e-05
1.384965993761832 0.0002479019794811187
1.3924397377437296 0.00027126132727795915
1.3980663317451674 0.00024295915222812936
1.413238176741352 0.0007778986703106197
1.419743147806466 0.0006645267166571222
1.4270408976216287 0.00014478469453037162
1.4410564574761002 9.37452691412855e-05
1.4536852738146218 0.00018471274430417202
1.4587735787588714 0.0004221825822512205
1.467269950326694 0.00013640472679256316
1.479064223447562 4.6884167492148244e-05
1.4808034979503097 0.00022276069185300855
1.499988401820025 0.00017882875043619711
1.5079842715486924 0.00021323283889724967
1.5216250479198346 0.00014884767307347447
1.5470769366322679 0.0003973449385428929
1.5615656364197323 0.00011885136934346222
1.5794864534573598 6.969319301924729e-05
1.589410525297884 0.00011314502890462173
1.6021572051310478 0.00014700703659728222
1.6087940739871875 0.000109946185613977
1.6219646857471277 6.404833377328213e-05
1.624636082779121 5.540690425101568e-05
1.6562257637880817 9.984785916350043e-05
#kx=0.0, ky=0.0, Jx=1.0, Jy=1.0, Jz=1.0, h=0.15
-0.10659125610308906 0.0023090380074156144
0.1388357376828414 0.000561648134089371
0.158230186086043 0.0005783186948009482
0.16285351040274954 0.00019088357218995306
0.18684624883190393 0.00289065597251923
0.20068918748792686 0.0001377511806286979
0.21247867999947823 0.001906259996591706
0.2339292446263891 0.0016112469630771955
0.24495272047410033 0.005870248219828308
0.25325253999929964 0.0006221947150479643
0.2638737533134611 4.147766516310443e-05
0.2775104621806962 0.0002603148871377604
0.2882556552553256 0.0008389116332186303
0.2993561369488301 0.0005354914570725822
0.31040987817916477 0.0033584698662070746
0.31327658596995267 0.009513298192692917
0.32109375553060704 0.0006591028609481129
0.32625579676311356 0.006764175955894191
0.34042234482989986 0.0007343845632685573
0.352117692632018 0.000737035383850882
0.36187139079553066 0.0013910786260226435
0.3808956594551105 0.0001271093987127974
0.39202294688784833 0.00014903045653873512
0.40295487951348186 0.0007679977543596204
0.41029199572233277 0.0017110066858014804
0.4208069920532087 0.0024456350481104343
0.42949623509183743 0.0007471797730619584
0.43981517539264436 0.0014013357906433913
0.45155567385732287 0.002895096116265366
0.4559668040220016 0.0012555993582019096
0.4826381922064432 0.00021430189214194625
0.5015590663028652 0.001381231032561984
0.5079954204057935 0.00011512211046694747
0.5214966441000396 0.0023575050090930785
0.5368314532404 0.0012999651480369604
0.5482406029015535 0.0007755635287929578
0.5498665805284852 0.0012097099858601147
0.5624367429225119 2.6376701813268907e-05
0.5674419294090616 0.001066449814765954
0.5779323993837415 0.004365447367045677
0.5880558532672581 0.0005083105182279038
0.5924045222396285 0.0026239955772986187
0.5993881512008031 0.0013721098115604792
0.6078614195243914 0.002327849857837607
0.6160049255953087 0.001534035023325754
0.6364543999115679 0.0007720132030989131
0.6413563121677834 0.0003535380193639912
0.6556045605766181 0.0003667583472797281
0.6713905596120873 0.0008440910110786539
0.6826925890400404 0.0008051055380036098
0.6995972035611081 0.0001079478891615748
0.7169988917836223 0.0010335384989805234
0.7289744421596772 0.0012937142035665326
0.7376178781976817 0.0006398715764418645
0.7588044221983309 0.0013999473221506366
0.764731301443316 0.0004099728738362908
0.7708910985821199 0.0006488606939718274
0.7850685588894091 3.475778285119438e-05
0.7907782219911536 0.0004882776926797024
0.8029985136178625 0.0007328548933964148
0.8120429788017314 0.0011460818025347624
0.836056851347346 0.0025694416404726615
0.8687903510909262 0.0006477003047198669
0.8782461730023711 0.00023996016110200527
0.9062052530847986 0.003275015694071063
0.9731975194235032 0.0003632554481064154
0.9861028042741815 0.0005707466357925049
0.9969870934694608 9.740511809914648e-05
1.0132501831476186 0.0002630004290228549
1.0457051999990359 0.001353586956681066
1.0722157056052162 0.0008354591507379426
1.090397572777368 0.0023555111121874267
1.1039143592955536 0.0002621415043759874
1.1168936403267034 0.001270248134608592
1.1369555328552865 0.00045617649278149983
1.1474436723697667 0.0005295514649457364
1.1584468751508592 0.0006797119584038839
1.1693744382219695 9.623813159645272e-05
1.1766629603487988 0.0013494607753431632
1.1815641895964912 0.0002753178536351314
1.190225849754587 0.0011271318959614712
1.198812649597341 0.000285459322694532
1.2104411760948013 0.0011509195132748192
1.2180031458679985 0.000666347185238253
1.2284453145197287 0.000902731118364124
1.231919196905011 0.0003129180002510159
1.2432334577436532 0.0009504631332220392
1.2467115026974467 0.0002654401020896684
1.2498702794685572 0.0004015163360411081
1.260699001782342 0.00020869695927941108
1.2673483704711774 0.00032807713806431505
1.2724891600064288 0.0001511611790716507
1.2795491605049674 0.00014661009725327182
1.287888426649323 0.0001447224427787861
1.2936549185552866 0.00034185681298577194
1.3033634185474137 0.0010394532620663988
1.315364365462652 0.00018864751665481587
1.3271611018787692 0.00012531681344121222
1.339363257487426 0.0006125854142505
1.3492440497373255 0.0005026277275723192
1.3587819272909163 0.00024832803301266023
1.3778840107456403 0.0007018666726524213
1.3911142239659875 0.00012616725383054724
1.396295263145636 0.0009067120334810317
1.4099715802436714 0.0010114031620910128
1.4135163216106754 0.0004432130941337608
1.42507791686038 0.00025499963240207006
1.4319055020780462 0.00029023669628626235
1.4445654453076289 0.00022458019911987531
1.4481335426236863 0.00015901956972003503
1.4593060242316913 0.00029184519049526246
1.4689896471229458 0.00020048575708104876
1.4790521183033567 0.0003522945587277878
1.493609016496587 0.00014768860062847492
1.5103222885197605 0.00022332958428781158
1.520504418314888 0.0003018065000574854
1.5358433880587334 0.00015194137106689767
1.5541657199471453 0.0003321573274440865
1.5693221045331862 0.0003929146937205476
1.5859643586938388 0.0003232949533325709
1.5962875988537095 0.00013289754608885254
1.6015380319399508 0.00019960319815805804
1.6085360618604887 7.683259854185108e-05
1.6220751467911558 0.00024720693559518523
1.6355328119798096 0.000245973428506927
1.6764060032040051 0.0002504617527962955
#kx=1.0, ky=2.0, Jx=1.0, Jy=1.0, Jz=1.0, h=0.15
0.13700729609554263 0.00013689890265001573
0.16306396360087627 0.00016686103478109115
0.1733061119813839 0.00023197589103184335
0.1869467299601718 7.399791614148772e-05
0.20316926075659492 0.0002028437936710188
0.2150421420734122 0.0001828187938852936
0.22145064233615452 6.229996322252726e-05
0.24586914302405616 0.00010216090305635414
0.26404025923522145 0.00041424388433257647
0.2711422640937672 0.00041104070160940224
0.27974191511190516 5.272607192977981e-05
0.29223635593795094 0.00022012351024106524
0.301297244344535 0.00021073884503905417
0.30539411691356266 0.00010422480018783733
0.3170361160189089 0.00047571851538336606
0.3205498473562657 0.00022216410840045448
0.334126003325918 0.00035703050366226455
0.34449770470190544 0.0001752490768713591
0.35968220218076996 0.0002850500356881781
0.381514602797256 9.428499729733728e-05
0.3896995607043019 4.1196471075121724e-05
0.4002719648329017 5.756458853189725e-05
0.4050031519656089 0.00011831468384072974
0.412063088231685 0.0001162681821825659
0.42468416631239014 0.00011729534177381935
0.4330968001926122 0.00012118895507704595
0.4420062859619439 5.952170058127061e-05
0.4517485097442614 4.6204729243174426e-05
0.4658932004397831 0.00022143346330425677
0.49694265398894877 8.866979653217998e-05
0.5169106562859294 5.10374040479339e-05
0.5302869457971632 0.00011026041436931216
0.5373926473494384 7.014349993932285e-05
0.5524198999435531 0.00014582635949288
0.5566704385881849 9.151475885486144e-05
0.5665100971802178 7.830303171563612e-05
0.5800808303129157 0.00010909881341210692
0.5846186260847774 3.260880136305875e-05
0.5886714149672057 2.7242842007402676e-05
0.5952585562799689 3.4396200777246595e-05
0.6092664622859406 3.744707694773517e-05
0.6137761285082977 3.39601178977539e-05
0.6265943807970503 0.00018637450433921148
0.6374934393243403 6.702402869029802e-05
0.6492608883532841 0.00011046171236469891
0.6584356937019342 9.510969236647139e-05
0.6697331644015575 0.00017555941306080544
0.6785702122124693 0.00010277228652365159
0.6922015150635713 0.00020731628362947012
0.6984215806257354 0.00018272485920115217
0.7135985779625775 8.477037300801417e-05
0.7210795258390962 3.3795053768211594e-05
0.7433188512430783 4.461871017498613e-05
0.7628128292554509 9.271214813832782e-05
0.7684903572867591 0.000310011823823474
0.774386997371242 6.707228455270564e-05
0.7839054299863518 5.7337851305463904e-05
0.8007265169209571 9.323154883885101e-05
0.8326301177918743 7.025850683904724e-05
0.8412907096256944 9.195169600808564e-05
0.865647616847342 0.0002638033924992829
0.8682597943913806 6.290645167754763e-05
0.8999587499259792 5.577998296764765e-05
0.9795461317661741 0.00017864096533444865
0.9944839519853116 0.00027959822000694364
1.00741730302836 3.448807084531248e-05
1.0335886634074287 0.00017876201316071433
1.04466593094368 0.00026579354898869306
1.0647527236529557 0.00032797642420933016
1.0776181049797189 0.00017867390467264795
1.091775990041282 0.0011878832745149798
1.1026058056046795 0.0003363413558632801
1.1202749500896174 0.00032759391659578467
1.1432736269645254 0.00037864597999564203
1.1486326697762383 0.00022777800940912383
1.1629595911986153 0.000333630191140985
1.1754082875254372 0.00018801198661812918
1.1772534275648938 0.0002327152150437187
1.1839554693971976 0.00023178878992851086
1.1914752168358027 0.00018899686613995843
1.200767614848196 4.39364075480112e-05
1.208909265854753 0.00021053622557380504
1.2184929711345194 0.00021089631269244217
1.2252777089369815 8.581932441588974e-05
1.2287238997488792 0.00011764422231793775
1.2429372059823756 0.00029331082770093743
1.245068829739674 0.00026067644260961795
1.253339966745074 6.596856702855339e-05
1.2601909058289396 0.0001967182851256474
1.2619099136066207 0.00029621362100773485
1.2704112464136212 0.00016991504323153313
1.280270154205407 0.0001518415802512838
1.2861664739768703 0.00016043292428505738
1.289789991990364 0.00012624096702152813
1.3051605167176772 0.000711915334608245
1.3142695579702686 0.00014233401934242727
1.3260978632383469 0.00018091474751521917
1.3373590275148688 0.00036430402076082294
1.3495110651301885 0.00019044038985569948
1.354528613946303 7.474330845188521e-05
1.367728975659116 0.00014330598096602747
1.3914639141872938 0.00016850184604967592
1.3971753711454482 0.00029602819979521194
1.4108070671386042 0.0005195063363820052
1.4175440145298097 0.0003640507479912278
1.424425820526819 0.0005647578265337216
1.4327134098622691 0.00020838834018480838
1.448790948231714 0.00016955355123640528
1.456047365728737 0.00035120063048576437
1.460699852008015 0.0002621337903329994
1.467017668964465 0.00012220465702122196
1.4833042280801894 0.00010011260331727219
1.4895910512988912 0.00016958920049299974
1.5016002514935995 0.00016514129906726173
1.5118870726497473 0.0002615657774321527
1.526151061347178 0.0001278646396010999
1.5475400825177943 0.0002733839569416521
1.5646740433923907 0.00027637241989392675
1.5792609288044273 0.00011467636707152836
1.5956985220764537 7.024000187444093e-05
1.6015706000228047 0.0001306606121548958
1.6115314911837246 0.00014634231425082807
1.620811288056453 8.999134545209274e-05
1.6275814879552442 0.0002879613772418928
1.665716417561776 8.172746796238697e-05
#kx=2.0, ky=4.0, Jx=1.0, Jy=1.0, Jz=1.0, h=0.15
0.13205759178930965 0.00021276086400444822
0.15335643203095994 0.0003586914351193836
0.18152522013166972 0.0003034980089966181
0.18653059832983598 0.00013654688577404372
0.2002917871251464 0.00031622711756061205
0.20850922452694098 0.00012507084942087123
0.21627907035264127 0.00033814205463356806
0.2446127935282072 0.0004486816186385421
0.2587779515393479 0.00042653923310800456
0.26863532512892974 0.0006154246407357673
0.277183231989937 0.0003457308594893922
0.2874421708406222 0.00039754507238219894
0.3009509238597452 0.00024138138688177698
0.30605687792413017 0.0002995033620536443
0.3161574119308552 0.0004842367079508797
0.32728302989135427 0.000656644812426633
0.33529017006824813 0.0004778163581208177
0.3565972347005586 0.0005019542493991234
0.3668683816782464 0.000261126584311159
0.3792065424476948 0.0001756674029679381
0.3957797283353348 0.00014571298772274194
0.40150916608502507 0.00011833378478132229
0.4103804315147702 0.00019532216297852146
0.42056230927250526 0.00010670471621304075
0.4273281269460638 0.00027608488062585686
0.4423176989875838 0.00016144228066806738
0.4452343248559132 0.00012774555647315905
0.45595525527472647 0.00029634006988909763
0.5002133689415617 0.00010237502326059855
0.5152645529549693 0.00015890172225472643
0.5258506794329026 0.00011108148755716453
0.5388154511981602 0.00040686909018869557
0.551089059029537 0.0004626395030314848
0.5528237602227004 0.00030874341361723583
0.5662909094290536 0.00020729214648215627
0.5761757585801297 0.00020405622605861533
0.5847662139890353 9.056873294179994e-05
0.5884477346365347 6.208856177933497e-05
0.5977091814455759 0.00022269130231117963
0.6064863792176661 2.9355246858012916e-05
0.6174008464943326 2.969792010757577e-05
0.6330516332828079 0.0002231540531264413
0.6417943948073879 0.0001746292913237754
0.6450340630272994 0.0002624756758784325
0.6562867081806328 0.00022943715559499487
0.6639343419915467 5.216229448940256e-05
0.6741807204317202 0.00038122799250290266
0.6857454851742728 0.00016203346768559637
0.6933377638598232 5.0661628354488147e-05
0.7093525781998877 0.00034012114164320734
0.7331921568666361 9.690331363837758e-05
0.7476577219331348 0.00027970440545029934
0.761051965331857 0.00017942333155229685
0.767273976513087 0.00044448759077565537
0.7731018243324922 0.00018767986500508303
0.7908427177603189 0.00020896570515451706
0.8003681239967259 8.360967336067297e-05
0.8326560221753659 0.00014102256733617102
0.851985497351444 0.00023618853316012965
0.8662450349373069 0.0003042255707368609
0.8782955910799861 0.0002793131881769854
0.960319002757592 0.00011791064591056344
0.9885140674192006 0.0001367185220826537
1.0025210700665343 0.00029439716065805664
1.01809784342711 0.00020039114058204645
1.0481714043978747 0.0001691061504413555
1.0528340976690291 0.00012370093155116482
1.0781006585999116 0.0005038756929919521
1.088641165100409 0.000568963900555475
1.1056714105003667 0.0015934721374344417
1.1112724363618627 0.00029269178436272194
1.1361918155133544 0.00013604013266707628
1.1479064625064543 0.0002772547101433297
1.1611030730057008 0.00010951145857096923
1.1699240824071488 0.00034162203372203794
1.1764117067026154 0.00011248751632481614
1.183356877268658 5.083963265633949e-05
1.1964269002978352 0.0001482889794560748
1.2015001679885824 0.0002693070345644094
1.2069910434044666 7.785186098010184e-05
1.2146860312842818 0.0005458106934072948
1.226011478480586 0.00019696212570556322
1.2315257046490002 0.00011275799747868361
1.2368733610794302 7.544789148069138e-05
1.239614112037336 0.00022207493541746766
1.248137004289767 0.0003656290166461581
1.2568707945726194 0.0003959530161700023
1.2649857334111603 0.00011897891654062935
1.269140229724301 0.0003007582630069951
1.2740275091171305 0.00025823748892707583
1.279139323009853 0.0005289449022628646
1.2866061722001632 0.00030361540125674547
1.3034005628418037 0.00023002428510493538
1.308718636622166 0.0003312360828350663
1.323642728396301 0.0002967578263325755
1.3358689353492736 0.0004285268405659692
1.3443036493724914 0.00011909341288461142
1.3491170999305035 0.00014343650936659446
1.359677258265584 0.0001793735729980971
1.3728373772177682 0.00019609026635937835
1.3819018918481518 0.000260103714119361
1.3912966370624336 0.00029048182876041943
1.405095483533888 0.0002487504732135373
1.41107669859879 0.0003758800955057256
1.4261848775872954 0.0003943953139720953
1.4319804149389659 0.0009295083512939101
1.438019080639255 0.00046945627269009017
1.455397258806745 0.0003631123063717826
1.460127718578209 0.00015785770008806046
1.4658320530528406 0.0001304568721770822
1.4747717872878678 0.00028748973817262186
1.48335159624059 0.00021987940792720794
1.4956366537916976 0.000305112984733985
1.4999411371383515 0.00017579760291660653
1.5100108520187088 0.00034799649106073753
1.5279852982554198 0.00019522514934078734
1.5506952501174998 0.0003361072156091636
1.5741894483524304 0.00027869272654658926
1.5807281731941514 0.0003170113183648261
1.5952065181597423 0.0002062815273887042
1.599601439178802 5.767801952031371e-05
1.6149911144546643 7.996495289072665e-05
1.6196090167947115 0.00023827826837556558
1.635949969825658 0.0003753073561977514
1.6788616565454313 4.5376002117445976e-05
#kx=3.0, ky=6.0, Jx=1.0, Jy=1.0, Jz=1.0, h=0.15
0.13621757621974928 0.00031508448022872065
0.15117763722216349 0.00019117257018754966
0.17165583134511386 0.00033552429473259924
0.18388010013894507 8.040986715012559e-05
0.19976036390711882 0.0005012789568568693
0.20528617595669096 0.00011612845455244917
0.21825449832414245 0.0005294485174430442
0.24154731182812694 0.0008095540885978145
0.25664558311540797 0.0004956534242531969
0.26306571039462656 0.00019104413381920243
0.27556840113594827 0.00016750105734835677
0.2912559392857811 0.00039246493007024134
0.2982688707819292 0.00020297969172932407
0.3032914522233304 0.00014184854340489386
0.31783495948150997 0.0006638040777880627
0.32524084776277606 0.0006486737428375001
0.3314996312634705 0.00021061020829443798
0.353067008723153 0.00023218276319375434
0.3622015439019177 0.0008957322099213633
0.3796312133595109 0.00011641315374034413
0.38843775060753816 0.00021677488619242015
0.39985996077505803 0.00020000536321049074
0.4071277591521444 0.0001286045968468433
0.42356959744760503 0.0001689345442709223
0.42844779024776125 0.00013874929591307618
0.43940881802645493 0.0003457483218691573
0.4429244133206539 0.00024088763525948446
0.4540126863976873 0.00021027852389740326
0.49115466380206474 0.0001383294388026418
0.5054138140147857 4.3030322127362165e-05
0.5174670152672145 0.0001646096669179121
0.5245959097615932 0.00023694423231604208
0.5412702945352194 0.00024300403583284928
0.5487916323017472 0.0004540013377052133
0.559273961876165 0.0005473453166698497
0.5658889603329265 0.00014966398079665162
0.5772881321788076 0.00016920590454977725
0.5841642725977853 0.00014095753685200451
0.5918111496700557 0.0005911419240406231
0.6006025267393639 0.00013466346761495943
0.6111869023381039 3.561120384360662e-05
0.6186445678864472 7.766837543001386e-05
0.6320724309001247 0.00016621219526563537
0.6387297329130742 0.0005359695289714263
0.6489137722939564 0.00011546264329959663
0.6559477098030836 7.723587820818073e-05
0.6655890039287404 0.00019897858593631546
0.6759353367754622 0.0001224688935477508
0.6859984637797334 0.0002326684219796214
0.6986472722840043 0.0004020064589440298
0.7225496983059743 0.000639070236556513
0.7485649491059093 0.0002230907196748309
0.7585866563297583 0.00015056745206201998
0.7677890272615445 0.0001195835539864081
0.7702464516673474 0.00033709454002995236
0.7944068695313672 7.662037640297275e-05
0.7998432099500602 0.00017355731625274198
0.8202807595969575 0.00013524063335337345
0.8385230219149253 0.0002690928034296189
0.8592323329770207 0.00013958346342658062
0.8710042818849723 0.00045543520554944424
0.9226986129974885 0.00046974404390168694
0.9711423837916683 1.341800679111218e-05
1.001385951765017 0.00045314960712370447
1.0188025107571885 0.0003099282644056687
1.0313570065515694 0.00017309631234914183
1.0517296828548344 0.0001941772151790097
1.0731893174555656 0.00031130374228925906
1.080978758491572 0.00017966436112205078
1.0933539854730967 0.0006514168790758459
1.1030153933538616 0.0006049047007239418
1.1242270325665675 0.000723528243837191
1.1418176893293426 0.0002480825024137613
1.150870373424946 0.0001619009190026134
1.1630478066658663 0.0001484891105353496
1.1663588132675744 0.0001675717241324943
1.1768799792524132 0.00019962326703733653
1.186511841688862 7.45416655075993e-05
1.2009983066141794 0.00032156786048740483
1.2059592297625161 5.156927903241625e-05
1.2109856449777756 0.0001809846933614851
1.2225753698840407 0.00018424119794299164
1.2298748912316508 0.00010868092844822001
1.2340615620418816 0.00011564991230209577
1.2464956608323723 0.00016452720163013908
1.2492928557998595 0.00023918244563896822
1.2567729841581632 0.00031909154151507147
1.2633864763036957 0.0001795448181918853
1.2669189470204438 0.00043043075009301524
1.2698320493748827 0.0001745547209095971
1.2797542342662416 0.0002105618632225503
1.2897076355177306 0.0003447254400842793
1.296787733682997 0.00031149434580164475
1.3067144583585728 0.00032265136325843177
1.3193265307829454 0.00022998308377683512
1.3297243841066553 0.00010716719639401134
1.3424786544979646 0.00026702607625088496
1.3499137949969238 0.00018598010252658174
1.3619143524362936 4.6737182156336845e-05
1.3672902532654434 0.00015755432276560462
1.3814447612308622 0.00019767435760332665
1.3876579572159624 0.00017805175971650494
1.3952517053300517 0.00022297421538321232
1.4159795226400647 0.00037632765736230584
1.4213066794821145 0.00015800209205917235
1.4345865106189621 0.00026536684112262815
1.441460951656296 0.0006588610261412095
1.4507230272487477 0.00021748496296497484
1.456275184438206 0.0006422566437544222
1.4616058234017588 0.00019433680253786202
1.4745337379067576 0.00032506726973076036
1.4861004062645655 9.053369800195998e-05
1.49586847934079 0.00021310002680012535
1.504269643551583 0.0002061912916747819
1.5294062146236782 9.767624765974893e-05
1.5427763045461211 0.00039593523252548073
1.5595395218139378 0.0006049401716350499
1.5710885107949117 0.00018870675199712382
1.5793020234161625 0.00040731251781484087
1.5902241121436544 0.0002328159005029206
1.6008790253448335 5.043645216819243e-05
1.6124481409124614 8.740326717681125e-05
1.6191786385346711 0.00022238803230636978
1.66329333926095 0.00015721082655292687
1.697606549243481 4.433105617730359e-05
#kx=4.0, ky=8.0, Jx=1.0, Jy=1.0, Jz=1.0, h=0.15
0.13722498628503388 0.0001652788391653762
0.15741497923676462 0.00021848383151577957
0.1717706451221246 0.00014444581556014323
0.18345404612222338 4.883461666463776e-05
0.2011822610800429 0.00020107574071353453
0.21321513702174055 0.00024131764782011304
0.22327296370658 0.0012503096158844728
0.24016525098361718 0.0006441108059030571
0.25027298785472385 0.0004206674548487534
0.2658499096700212 0.00014590149930155319
0.2730981563206081 9.491439150579097e-05
0.2891241560412211 0.00035841827588634296
0.2959825365810198 0.0010343466683972707
0.30752796306194874 0.00014056328456749342
0.32265065698988626 0.00020989687879893222
0.3297111230702332 0.0007068040810483234
0.3356105969923556 0.00022331665812962584
0.3560420166390571 0.00020023015285893506
0.3662521185013856 0.0009141648842136328
0.38049904573855653 0.00016201483340650915
0.3847109913607921 0.00024336300630045836
0.39611796630796337 4.849325648910286e-05
0.40856424894674115 5.055245902598648e-05
0.4223632317555953 6.252885394406288e-05
0.4301213834922585 6.64842833190677e-05
0.4376452423564836 0.000653111784252121
0.44539938825399306 0.00029368094619966587
0.4574552029271267 0.00013429864467912197
0.5054667259485185 9.534697759114676e-05
0.5157586635378869 0.00039251868507909064
0.5294684096575797 0.00029961361163849317
0.5376598137665678 0.0002694189050229359
0.5485639845477197 0.00024766570120112624
0.5575388191526642 0.00020018439113456645
0.5689052235246211 0.00026878661834742483
0.5755729437454404 1.9668803795844438e-05
0.5806795543356058 0.0002013969978924809
0.5859913309789577 0.00020460141627141575
0.5956366474992186 0.00017264392250098271
0.605862011359391 0.0007818293796769809
0.6173843108564503 0.0001674512844424088
0.627259115540853 0.0008256933973470138
0.6363423652714029 0.0002805255159784181
0.6473718312537957 0.00034023435404748113
0.6596819036750085 0.00022192092336449708
0.6641188062648645 0.00011129988014898457
0.6714018587035847 0.00017004779308961267
0.6805334267990504 0.00024817185759581624
0.6867210160012532 0.0006598646807420289
0.7162871916280916 0.0004477496866830277
0.7330526201669746 0.0001073904158793486
0.7527169793369598 0.00010985983581387294
0.7585005370601611 0.0001807610262690696
0.7690986022271418 0.0007412089565679354
0.7791215585031974 0.00027452703521945246
0.7964928607032135 6.591545710989304e-05
0.8045519348500552 9.680832450428153e-05
0.8352810943333161 0.00015000777178094386
0.8490086205316499 4.823774392301593e-05
0.8810942200972854 0.0002533208847077609
0.8990733171815252 0.0002263567030232141
0.9505237174989634 0.00014631344771436747
0.9662046998252038 0.0004546871497748785
0.9701937244992787 5.4968715080355104e-05
1.001259545417383 0.00025736196843528585
1.0092287358462344 0.00022345455549128984
1.046693603190284 0.00014838032977441485
1.0721083154528372 0.00028938003254078777
1.0856475950411926 0.00045353276303653417
1.0952732717340208 0.0002355310524447959
1.1092094516214197 0.0002039392245986771
1.121752274358498 0.000376762782575302
1.1249822173336033 0.00019820311735267363
1.1403221709118827 0.0002552164310085667
1.1614436794222005 0.0002976783978340048
1.1645860031454385 0.0001088365388009902
1.1712209773264948 0.00021971062125699555
1.1792985458532057 3.47010276262746e-05
1.1926503541483617 0.00033197010265342564
1.2008939583793499 0.00010441984808721918
1.2088471831856773 0.00018619126829225491
1.2217312240184124 0.0001219105667946982
1.2256671130087027 0.00010812743688734274
1.2314440598353704 0.00011144881317712735
1.2412503887370692 0.00018077233766831805
1.2493115404661954 0.00019592421211128876
1.2571931958377858 7.290602616344447e-05
1.2620846112209838 0.0006162897050111701
1.267986856145051 0.0004008820446513178
1.2752660285035238 0.00011278569438859011
1.282274116523705 0.0001630738470740359
1.2920352235092385 0.00031452644474438843
1.2979322255967292 0.00014343073371181475
1.3088168928567527 0.00011860712585906414
1.3176258128398493 0.0002748647717819725
1.3251434430785474 0.000168769546377501
1.33875049580426 0.00014987524694357225
1.3491734036260112 0.0001917970008332064
1.3601041722014284 0.00018738927404537547
1.370338446239816 0.00010552213118599387
1.3833033554482588 8.165542539761037e-05
1.3903026643190841 5.6904812298344876e-05
1.3995919060559914 0.00014295493518094732
1.4131092914486587 0.00022052960224499862
1.4240662671879116 0.00023395225983806233
1.4330705237714947 0.00037167314720666677
1.4374285117209817 0.00017916328164976217
1.4475253354980333 0.00050935616022753
1.454501790914005 0.00023467345656899146
1.4606156650701423 0.00022925555463879403
1.4739566076494697 0.0004493917594995567
1.4844194445285996 8.342934855033851e-05
1.4888064708460835 0.00011928626178160724
1.511442504253303 7.1796827437544e-05
1.5256763798625288 0.00021756696835451765
1.5493124965715321 0.0001982820436474032
1.5596517308000857 0.0002607096127816053
1.5732872214716216 0.00030353342668378816
1.5773234736123787 0.00025915387259727214
1.587936615564523 0.00016925682595139894
1.6003972588057647 0.00016683725879757755
1.6117769732040843 6.290584579413832e-05
1.619327858498643 0.00012405677895708166
1.6659551643590131 7.88604669998633e-05
1.703771584452904 4.7951813394727436e-05
#kx=5.0, ky=7.0, Jx=1.0, Jy=1.0, Jz=1.0, h=0.15
0.13579432124271262 0.00021526757380307612
0.15367862840612978 0.0003128307187065855
0.15877671836511287 0.00012337956340813797
0.17316494685569006 0.0001754025879412726
0.1828239345390975 0.00011039679470920864
0.19832885001960343 0.0002597283882755127
0.21607839506487425 0.00021056199503748782
0.2286356573694076 0.0009951669335687874
0.2403612371414099 0.0010948955871374207
0.24973821340953717 0.00042180576308070613
0.26357678828247855 0.00015738660674492286
0.276123234338555 0.00026132262828444176
0.2929400600025439 0.0008594381806764725
0.2973558400043397 0.00021829875298256404
0.3155630543677923 0.00011621254462842609
0.32170768447625453 0.00030438336539512554
0.3316131104064596 0.0005223819448449585
0.3358685614905482 0.00025639676224812583
0.35421532960382696 0.00014214277600711831
0.3699894270739279 0.0009732950440228095
0.3786220943861479 5.5023379386575485e-05
0.3889297730723956 0.00030701324305985764
0.39804656584606857 0.000104834094986637
0.405962817284099 0.00012522958660275856
0.4219980117207056 9.825545476840215e-05
0.43109111723046156 5.306686818509666e-05
0.4400472478851941 0.0006137039378876884
0.4436139629806385 0.0003052656928472361
0.4540949211200074 0.000165231745225541
0.502655812864567 8.986996913320816e-05
0.5135972241665576 0.0003496462654520495
0.5311302706842097 0.0005521713541689581
0.54210690058624 0.0001314042363605252
0.5516184741529939 0.0006103860880267537
0.5598330910108301 0.00011428871720921335
0.5655038821186076 0.00040242714155752386
0.5690866406245737 0.0001034937497297855
0.5810875814469857 0.0001231670743550566
0.5844035101693767 0.00019233144504986432
0.5943043728449809 0.0006092494927170672
0.6050315432338416 0.00014424432615140398
0.6151082274785297 0.000285622431866409
0.6251892751294791 4.600219714486231e-05
0.6367259585002955 0.00017780380193976736
0.6402263336781822 0.0006775558816936883
0.6554075693025685 0.00025316535208167384
0.6642248198488643 0.00022484267974809635
0.6726096203638687 7.151072121851271e-05
0.6813329352680164 0.00020682806979731438
0.688691433106301 0.0010190268713702376
0.7130997017755369 0.00011681692538930022
0.7338667275046845 0.0002112986947064437
0.7579988076124661 0.0002418964012247661
0.7660058979495993 0.0002527530032971968
0.7708307377348944 0.0005102285019245745
0.7921930174890046 0.00015859417661054918
0.7967976598812587 0.00021541695708156744
0.8163661155565699 0.00012101893847241738
0.8457784822790354 0.00020826140428160803
0.8518482868207816 6.380692102965088e-05
0.888536234052667 0.00040196036240977025
0.9147344432200633 0.00023664407236090003
0.960526707559593 0.00022673208518763223
0.9839550111501494 0.0003112656277215177
1.0076356968344062 0.00032786310773970357
1.02930963464126 0.00013772446070354593
1.0482801617246023 0.00013872453963361634
1.0741146516577578 0.00027688209920635027
1.0895738035572156 0.00023130667593044237
1.096096652321752 0.0004537680340647258
1.1024357615332976 0.0002095331486929537
1.1303588153190491 0.00044973309557548444
1.1363986104362684 0.00045305537109090047
1.1573953133691817 0.00018939183535492024
1.163572204620749 0.00020383390530840788
1.1681684566817903 7.80212947493347e-05
1.173314717050609 9.646081994288177e-05
1.1877981135838263 0.00023587120812326135
1.196473384414774 0.00016853888227965174
1.2006695311347648 0.0005142197966773441
1.2102929755036356 0.00025295414432428945
1.2196421712848171 5.5511932126256116e-05
1.2270004055823691 0.00022843086492295737
1.2360165990475502 0.00014982876115277844
1.2446044488644952 0.00016129590304088078
1.2502317233830906 0.00021187051655882535
1.2555963940630632 0.00013453594963758317
1.2596772718930742 6.87579026474045e-05
1.2704873134076133 0.00020825063977657733
1.2731957028897234 0.0005090778811333756
1.280657808015051 0.00010929489676639287
1.2906179388301664 0.00012491439973952355
1.2944937763375068 0.00041393265241653133
1.314682964780871 0.00032766220854641527
1.3191820563822758 0.0001693241327881249
1.323513768446059 0.0002020522938603426
1.3421568736161893 0.0002000713906933107
1.3474336822380044 0.00034540156710869893
1.3590700965864473 5.9782141434785295e-05
1.3766631251374344 0.00012852509275013222
1.378236896111712 3.7654260312911217e-05
1.3922406159763734 3.907656350887917e-05
1.400822751848253 0.00013239466390704678
1.4132450381441748 0.00020145460856378218
1.4259147462622086 0.0004179459149860305
1.434063025102121 0.00031932812587377523
1.444796317335919 0.0005910439874901112
1.4484222453419149 0.0005448925925554618
1.454921466489858 0.00017147616543839296
1.4598418642299253 6.24650566543831e-05
1.4740830619109102 0.00042855519807835033
1.4849827919553156 0.00015964675316602336
1.4980610680520634 0.0001545301882707609
1.5095302069554772 0.00015911953702078992
1.5278594246208659 0.00010583726395150026
1.5509154011652333 0.00029531538984317254
1.5604484918068988 0.00016553693273384452
1.5676622991592926 0.0003643222637524529
1.578484501463933 0.0002750257540828085
1.5906885687804018 0.0003905440802945597
1.604094118524975 7.230440129017095e-05
1.6129668143176317 9.352428463329379e-05
1.6197738592558357 8.70397810738438e-05
1.6705184299496623 3.191174744795508e-05
1.7072785022549763 8.825242855187008e-05
#kx=6.0, ky=6.0, Jx=1.0, Jy=1.0, Jz=1.0, h=0.15
0.13629892826548917 0.00023971980475501946
0.1551919265852275 0.0002125675249026565
0.1726420412515417 0.0004387098957776488
0.18113205612114158 0.00015911477333785507
0.19724482307652502 0.00018034588258411237
0.21913029790100957 0.00035981197785401876
0.22356978056857713 0.00041928563769615546
0.23671085963261007 0.001948779009833961
0.24789188040554855 0.0002873765638051616
0.26118344607977295 0.000420977193878353
0.2727508427907904 0.00013741641004639713
0.29134335511614373 0.0006090288597114439
0.29813445308746245 0.0003527037303446018
0.3025588347760977 5.539308640892196e-05
0.31862330461774613 0.0005020445851860046
0.3295267530038476 0.0005656404390498746
0.333931617089962 0.00010491764351284663
0.34646619997785566 7.620522617975131e-05
0.3635809104565346 0.0010643633317023327
0.37521034603663905 0.00017672221035406837
0.38195574290502576 0.00013313155762077097
0.3963999008471164 0.00013845117349629743
0.4087679068633904 0.00012139346192427923
0.4163234145496786 0.00016727647863397192
0.4265643824362103 0.0002528478396006603
0.43767405447032337 0.0006753731342038563
0.44171566096131876 0.00023349602051386622
0.4504156190415948 0.0003615914957215401
0.4933220666421462 0.00025067750091718397
0.5023674203613188 0.00012259311139627135
0.5154259971063369 0.0003381335506496276
0.531455465186586 0.0006427199662426853
0.5428885753662321 0.0001671579595507048
0.5509559051869517 0.0006667840710865116
0.5630286342076379 0.0005405346571022648
0.5687492640378378 0.00023242312478907504
0.575406225852288 0.00018217340566593015
0.5841662604056685 9.914002810303264e-05
0.5923861994031321 0.0007114167969921534
0.6015484378343622 0.00022656221040440769
0.6079309244584397 0.000436203643085405
0.6218116478671409 6.755260240636852e-05
0.6328624426308316 0.00014723517512449887
0.6387683115905418 0.0003541422117678198
0.6491722955230256 0.0005278995102984151
0.6593305144978362 0.00018696960923470489
0.6685233953950975 0.00038386065991494075
0.6753063465539832 7.722470792473163e-05
0.6836851864977928 0.0004156229636195101
0.7045790316891204 0.00038447108594230774
0.7309606392271484 0.000298635576081561
0.7538709514982739 0.00044827341293465273
0.759567109049577 0.0001878406646698562
0.7645118029074321 0.00020575979069578401
0.7822606706997642 0.00042267878611815745
0.7899963867757248 0.0001985112129420176
0.8034905817305921 0.00021062583483682178
0.8433284230039229 0.00018058396814442886
0.8521671868358982 0.00016153216605413348
0.8799115774470301 0.0005427758528981886
0.8974861661529998 0.00023702241763419473
0.9330898489481754 0.0007507347929970144
0.9808683250842876 8.91931616378032e-05
1.0073843685602206 0.00031519284296570733
1.023750820749737 0.00022488641890445058
1.0481776675515535 0.00013216545607171382
1.0703782108369009 0.0005018955663995278
1.0875661550170164 0.00022516793710392586
1.0904603134579371 0.0003404504880176139
1.1000470442603043 0.0006136538958616019
1.1262586383335593 0.0002992393882515397
1.1312941577928393 0.00026465027625942474
1.1519752122246707 0.0003197903790387146
1.16025639057037 0.0003176173785181185
1.1692829774949893 7.85405545401312e-05
1.1726365360178992 0.00026389292182545066
1.1823020337048162 0.00016751289678343454
1.191772251902261 0.00047659285748484227
1.1977174349013837 0.000540003101297753
1.2067914420192567 0.00026706228496952236
1.215806159289568 8.666697299529126e-05
1.223878515412049 0.0001292812174213522
1.2340274933182827 0.00013167958735306473
1.2392185170650079 0.0001004011757452926
1.250607467278475 0.00023634167380085438
1.2557404427650998 7.690886038053493e-05
1.259959996924434 0.00017626874453045634
1.2671836692657368 8.642142704216947e-05
1.2698982865957342 0.0003926333037724886
1.2747680567761788 0.00034628056407560835
1.284532995004692 0.0005175056780578473
1.2942238092113778 0.0002667309984885344
1.303959944758148 0.0001245366689549063
1.309861861254007 0.0005465817312004318
1.324630679677563 0.0003590264296343165
1.339760172330517 0.00029490876478683963
1.3422012425827634 0.00021052190153179016
1.3547734249724808 0.00010433008048879481
1.3644069889095283 0.00013907253121403027
1.3728180590668593 5.448000098432712e-05
1.3873206928404387 0.00017892481205794528
1.39633979168298 0.000111396825332061
1.4026949076075241 6.882085139975142e-05
1.4170600063563294 0.00015719241999030098
1.4231722408808178 0.00018104515449803184
1.43576168488454 0.00030997274833811857
1.443194324755726 0.0007897411368607072
1.4515739576632136 0.0005345590214940844
1.4573006271417033 6.422392048252046e-05
1.4674992901475896 0.0004381937789199399
1.4755438073386806 0.0005325500023297805
1.4874329156274024 0.00011755907209082486
1.5003912661340917 0.0002220706345165597
1.5110153753005395 8.699731856791947e-05
1.5269019938218702 0.00010290883217967867
1.5523227797814405 0.0003484798885407891
1.559414583922985 0.00038470526231604003
1.5653926250636419 0.00020190476050767312
1.5826352661842158 0.0002666381293383447
1.5943534080878767 0.00040747378101427506
1.603025254200829 0.0001457005061539074
1.6138799286228593 0.00010487586813610333
1.6194987955524716 0.00011087110189030377
1.6760361108646171 4.967940575435107e-05
1.7077799526176811 4.056188617616501e-05
