#kx=6.0, ky=6.0, Jx=1.0, Jy=1.0, Jz=1.0, h=0.15
0.13629892826548917 0.00020889898996075183
0.1551919265852275 0.00011067387744899671
0.1726420412515417 0.00014273694342155187
0.18113205612114158 6.453926985130598e-06
0.19724482307652502 3.1978386710988465e-05
0.21913029790100957 3.591773115613157e-05
0.22356978056857713 3.9408020905396066e-05
0.23671085963261007 5.2209281293815865e-05
0.24789188040554855 3.702294409354453e-07
0.26118344607977295 0.00019987134375668743
0.2727508427907904 4.1289575352874946e-05
0.29134335511614373 0.0002965409895382686
0.29813445308746245 5.7204472261829845e-05
0.3025588347760977 6.666026129091239e-06
0.31862330461774613 0.00012802335163622044
0.3295267530038476 1.1000573602930837e-05
0.333931617089962 3.2250660605229866e-05
0.34646619997785566 4.1556583666459714e-05
0.3635809104565346 9.27884691734622e-05
0.37521034603663905 9.973459072078033e-06
0.38195574290502576 1.870459632303332e-05
0.3963999008471164 5.102926549435777e-05
0.4087679068633904 2.0171108030375963e-05
0.4163234145496786 2.802630103774334e-05
0.4265643824362103 9.267979266882711e-05
0.43767405447032337 4.8106370543722445e-05
0.44171566096131876 0.00019043359459262465
0.4504156190415948 3.1458781531599733e-05
0.4933220666421462 0.00010902682216227803
0.5023674203613188 3.542603054743106e-05
0.5154259971063369 6.746486701088168e-05
0.531455465186586 4.771770517486399e-05
0.5428885753662321 2.775655082187213e-05
0.5509559051869517 0.0001443472352980055
0.5630286342076379 7.437514514712657e-05
0.5687492640378378 2.7275976946431612e-05
0.575406225852288 4.453426536299661e-05
0.5841662604056685 6.800078045443078e-05
0.5923861994031321 3.477805260169401e-05
0.6015484378343622 2.114908773851907e-05
0.6079309244584397 1.7797532039905513e-06
0.6218116478671409 4.280844441115618e-06
0.6328624426308316 5.894139337249209e-06
0.6387683115905418 2.53539792249181e-05
0.6491722955230256 7.595859926320833e-05
0.6593305144978362 6.4690293121354455e-06
0.6685233953950975 9.953472365208322e-05
0.6753063465539832 8.012692570884802e-06
0.6836851864977928 9.421593139009002e-06
0.7045790316891204 2.7722506372344788e-05
0.7309606392271484 3.6052405483965204e-05
0.7538709514982739 6.645043511901526e-05
0.759567109049577 6.762772294474089e-05
0.7645118029074321 5.9848822077502006e-05
0.7822606706997642 1.3400400859033449e-06
0.7899963867757248 2.0846799919173848e-05
0.8034905817305921 6.598955492144158e-05
0.8433284230039229 5.4281521323397426e-05
0.8521671868358982 6.720121793368576e-05
0.8799115774470301 1.9897686870664824e-07
0.8974861661529998 1.758987013093281e-05
0.9330898489481754 0.0003960530260646787
0.9808683250842876 4.8744815348177666e-05
1.0073843685602206 0.00022256515606441108
1.023750820749737 3.662154684910202e-05
1.0481776675515535 3.0901979560181356e-05
1.0703782108369009 0.00019968973951161695
1.0875661550170164 8.881475623210239e-05
1.0904603134579371 0.00017888861938196118
1.1000470442603043 0.000487356149879353
1.1262586383335593 0.00010845989741770302
1.1312941577928393 0.0002369936431708669
1.1519752122246707 7.372202306059995e-05
1.16025639057037 8.925386061845778e-06
1.1692829774949893 5.739545545128797e-05
1.1726365360178992 0.00010424460042080086
1.1823020337048162 7.058467047664466e-06
1.191772251902261 0.00013123297399110598
1.1977174349013837 9.464428361263362e-05
1.2067914420192567 0.00016484444696943933
1.215806159289568 5.37969792126147e-07
1.223878515412049 6.387201460668409e-06
1.2340274933182827 4.482263807014957e-05
1.2392185170650079 3.742678803893135e-05
1.250607467278475 0.00018587051246775013
1.2557404427650998 1.4802035825787161e-05
1.259959996924434 0.00013324213230463892
1.2671836692657368 7.178523556649377e-05
1.2698982865957342 8.911988221853481e-05
1.2747680567761788 3.152600446013717e-05
1.284532995004692 0.00015467766114747095
1.2942238092113778 0.00014048875293080942
1.303959944758148 2.5601067850469042e-05
1.309861861254007 0.0004659735334244682
1.324630679677563 4.9818754143788334e-05
1.339760172330517 0.00014924084882815444
1.3422012425827634 0.00014697239192830254
1.3547734249724808 2.602502176198669e-05
1.3644069889095283 7.255789811992041e-06
1.3728180590668593 1.8137733299283453e-05
1.3873206928404387 0.00014278295796943407
1.39633979168298 2.1002973404909018e-05
1.4026949076075241 2.875753075241444e-06
1.4170600063563294 1.9456426902773628e-05
1.4231722408808178 8.394776826015498e-05
1.43576168488454 6.690414200831269e-06
1.443194324755726 0.0006548907908630217
1.4515739576632136 5.440407832799372e-05
1.4573006271417033 5.167019652092328e-05
1.4674992901475896 9.704714143903387e-05
1.4755438073386806 0.00032340007508919913
1.4874329156274024 2.6195111052295075e-05
1.5003912661340917 0.00020782308565041785
1.5110153753005395 4.761779299698241e-05
1.5269019938218702 7.942587152359731e-05
1.5523227797814405 0.0002344028056237143
1.559414583922985 0.0002118626791322595
1.5653926250636419 0.00012406467611809764
1.5826352661842158 0.0002010446451114048
1.5943534080878767 8.289140322597877e-05
1.603025254200829 1.7807329954388563e-06
1.6138799286228593 9.284873506624618e-05
1.6194987955524716 1.1700792639101668e-05
1.6760361108646171 8.623753746299275e-06
1.7077799526176811 1.5774430173825192e-05
#kx=5.0, ky=5.0, Jx=1.0, Jy=1.0, Jz=1.0, h=0.15
0.13762311321196152 0.00016754154731619893
0.1516824086887869 0.0001311881102099483
0.1631989981393206 0.00013445043672819074
0.16319899813941718 0.00012361777317089137
0.1830160348943055 1.0376117483994742e-05
0.20058834848113882 6.24851770045498e-05
0.21432673296608418 0.0001146578286579215
0.22138250146478244 4.345291528587652e-05
0.24013774563093837 0.00018201620932460045
0.24585468762882035 2.0075804521221683e-05
0.26501573515429366 0.00031311814110597346
0.27377527604081686 0.0003097683656302463
0.2880249433666521 0.00031692996686453
0.29929517949592643 0.00023819488919845567
0.3074775286949627 5.1358339420843427e-05
0.3191892532628543 8.039852649649825e-05
0.3275033648294223 0.00010529999127935653
0.33556393749420876 5.417296467647741e-05
0.3499037828316104 0.00019993543182008047
0.36527359735678 6.0440088278857366e-05
0.3768263346770728 1.1621809915324263e-05
0.3888839899739899 4.440116276154336e-06
0.3985536771332493 7.281674436931554e-05
0.4101449494019127 1.1155113465701947e-05
0.4194033358265581 2.35178070086849e-05
0.4265009429527822 0.00014737329122770836
0.43833075805024047 5.572705768980169e-05
0.4430206758830968 0.0001870668112893671
0.4504778058916842 4.7325454477215706e-05
0.501152406263799 3.09283692262409e-05
0.5130918159856929 0.00015142070476198245
0.526908535624665 1.8691812370635074e-05
0.540343645269043 0.00023884278542275354
0.5480959929686169 2.004896516802157e-06
0.5520661363068369 9.324024425851151e-05
0.5607718197455036 8.70948252685921e-05
0.5685030664737439 0.00014551556935791336
0.5807226071843435 0.00014035871491258853
0.5875258758967455 2.2044633084347453e-06
0.5941439752467209 7.315276627471918e-05
0.6047077150402913 8.647649880830835e-05
0.6090393322512822 1.881076195443142e-05
0.6258079577094394 1.5241695775523415e-05
0.6327513947906116 1.4127961543480699e-05
0.6375343760337576 1.9359519978236093e-05
0.6475774741855189 0.00013717794330814337
0.6594145377963234 8.738949374417535e-05
0.6700968884818503 1.1184486723021174e-05
0.6760240766043657 5.790117649891875e-07
0.6961060934455354 4.625812159884127e-05
0.720088472558082 4.8915068639670453e-05
0.7277282403287666 0.00024249958127825675
0.7564265277992666 0.00017068956348529178
0.7603077948664838 2.7426711650516085e-05
0.7725335222236152 6.28690112815122e-05
0.7786082727419613 0.00015083302294603747
0.7908971630034928 5.687282778549049e-05
0.8326186708183952 6.269607229557285e-05
0.8437998329897067 1.6709718320588858e-05
0.8564720805874854 4.762631138455459e-06
0.8801138730139862 1.1077986481733468e-05
0.8842475117076204 0.00016224374027205938
0.9640756563803227 0.00013372296016918447
0.9978728876243947 0.0003250141384975533
1.01113377789952 0.0001326726510665661
1.0411648020938618 5.798861998954208e-05
1.0603300285384942 6.371375352017528e-05
1.0824279887049104 0.0003036041056637675
1.090314121262503 4.834391671760684e-05
1.0970176795557351 0.0002204054397441333
1.1028500697775745 0.0002876651346110328
1.122075384591807 0.0006649030650169149
1.1385267504114722 0.00015445413685241243
1.153381151379641 0.00017654665051555454
1.1624977550917777 3.2250214751791854e-05
1.1698506146133503 4.6953627501961934e-05
1.172543660169597 3.562303559441924e-05
1.1842496828121885 1.662409665485996e-05
1.1985547564114514 0.00014671669246525064
1.2060866097139193 0.00018144976057285958
1.211777597141435 4.550352842345029e-06
1.2159749960811372 1.4586935883941071e-05
1.227881908289974 0.0003214540564640151
1.2370270216452002 1.1557060183639984e-05
1.2470809235314069 3.518255991748543e-05
1.250191910229107 5.8674874370936726e-05
1.2561894346441642 0.0001507481225156676
1.261861108050556 4.9143382515076045e-06
1.2664987223659536 0.00011870325350227931
1.2693123479696173 0.00020119531544739348
1.2777351098096235 0.00017647964104210278
1.2869015184663535 0.00023599113623835015
1.3005317182661302 0.00012297684803180668
1.3073417808944654 0.00031480447162697913
1.3131477420659547 5.696058232756167e-05
1.3248209960655954 2.0710652970882907e-05
1.341030232783837 0.00043450473436407443
1.3478584968452796 9.694863842468334e-07
1.3573828274724065 2.165201604841533e-05
1.3603068905203948 2.438647604582683e-05
1.3846402178090345 0.00013966340329916196
1.3922771383834371 1.6196708134749253e-05
1.3996721586050591 5.912088402189749e-05
1.4162646165640465 8.471305212094652e-05
1.4243451204747797 0.00013200185525303712
1.4357518918125967 5.136270984660033e-06
1.4416730415175927 0.0010046313900616737
1.4489444242410836 6.371313559978622e-05
1.4568221148728078 6.996373165286753e-05
1.4606359024537348 2.3479358229731706e-05
1.4748599840857946 7.036822549616218e-05
1.4873807142916584 0.00019570000026505278
1.4971235048371874 0.00011703203176593209
1.5040491741689344 7.376034734586969e-05
1.5219517317784041 9.174029221455128e-05
1.548718277105921 2.67173352844893e-05
1.557116227637931 0.00043253623175434094
1.5681616408870758 4.579890021682048e-05
1.584322407811004 1.4637572303769083e-05
1.5862124324778688 0.00027532655009378357
1.6008675332470301 9.439275139621055e-05
1.611348938750015 0.00011156930921747831
1.6185390990227493 6.725805751184853e-05
1.673694469677725 5.408396295429609e-05
1.7080063378440546 1.6271886498723148e-05
#kx=4.0, ky=4.0, Jx=1.0, Jy=1.0, Jz=1.0, h=0.15
0.13368144601633047 9.663518778838263e-05
0.1524790122070363 0.00024144915344593735
0.17583429522406657 0.00039550107649398593
0.1844530552075646 1.0226806137412049e-05
0.20213895566218276 9.887822676494092e-05
0.21158214433881106 4.2239056756996435e-05
0.2205741437760561 0.0001253449542523566
0.24089707841851105 0.00014700352217313604
0.24719210581877205 7.719114640013778e-05
0.2697965044572054 0.0003056114981566364
0.2749992268508433 0.0007027519499163179
0.2849784394976984 0.0002842948620628083
0.29776981685556536 0.00026680003817385165
0.3063952094433209 6.587306887155952e-05
0.31874567705119095 0.00016302089004180325
0.32652245531484325 0.00033320341025566024
0.3368913372652127 7.439306912172919e-05
0.35115410210900144 0.00039013037848931403
0.36501393166271656 2.6436034682573784e-05
0.37958974535767687 2.7410932153124075e-05
0.3895022516308855 3.216171035474673e-05
0.3996542637578121 5.1559569977527794e-05
0.4099940775063493 9.419407940703645e-06
0.4171946448533409 7.21369096922628e-05
0.42698142855589705 0.00015821095295735644
0.4404100693336094 2.8697984436257104e-05
0.4420994485791979 6.469174239614207e-05
0.4506979857439364 4.891252278818644e-05
0.5016036017980852 6.253565550589073e-05
0.5140488365236101 8.832988111583722e-05
0.5259305582399482 5.853509934038123e-06
0.5418951099435848 0.0005227926856152066
0.5510566444665316 1.462549482496874e-05
0.5557184800050297 7.198311962611632e-05
0.5653801411042075 5.899212090956778e-05
0.5787724494742691 0.00010816806940569714
0.5857120471361804 4.598365809034217e-06
0.5876060802686012 1.629775439067102e-05
0.5993459629335335 6.635980880873968e-05
0.6053125219502636 2.3930193137918937e-05
0.6171294585344178 1.793203138093302e-05
0.6305097348562766 0.00011021118497429304
0.6397498278269004 5.50394384840613e-05
0.647330707918064 7.065055278504832e-05
0.6503692535398464 0.00022231344776813325
0.6660073080058637 1.3340033746038618e-05
0.6720625108450345 0.00021308219456347396
0.6811452901962423 2.4559802552660003e-05
0.6951234049750105 0.00010380001239970393
0.7040613944412483 0.00022769998687432408
0.723490447887894 9.794257188852045e-06
0.7529915835235329 0.00023886999975122064
0.7617374009102845 2.2612961497264138e-05
0.7649147551316215 0.00016789468321681188
0.7771617459160934 0.00019017427862077092
0.7904040700363302 9.579883543363219e-05
0.8059861370374016 5.0394637059591304e-05
0.8342481557191517 3.7292739059213596e-05
0.8468193775779226 0.00011441362188688166
0.8638210115218026 6.574893870059313e-05
0.8785597946406237 1.4824343860178923e-05
0.9600949698315298 9.586041682398167e-05
0.9903291663437547 3.0157820499598805e-05
1.008021009281805 0.0002498254393778601
1.032835081142554 0.00016093967188655735
1.050222422663793 1.6683832598040198e-05
1.0698315339382847 0.0001412028797384427
1.085064751343399 9.819614246720252e-05
1.0885155530836876 0.0004106486387707183
1.104340208364976 0.0005968150266806598
1.1159745623526185 0.0007812976024674739
1.1287794421309356 0.00025045787086428714
1.1497223626886888 0.0001391848743929815
1.1590515812113162 0.0001038903300446204
1.1652014761641154 4.234383524495794e-06
1.169609541210645 4.7292183727225674e-05
1.1824400350842001 5.453157141848542e-06
1.1908342427632572 1.4716346341271146e-05
1.2030776296835588 0.0002606976051874179
1.2098296341824684 0.00010009019049319367
1.2123418950648475 0.00021654665357434178
1.2215311562447329 4.7157031958873965e-05
1.2339316410361727 8.835464704840696e-05
1.2375505608818682 2.8498125289217732e-05
1.2427485338672761 2.760471012252074e-05
1.2501109817906664 9.98523715613104e-05
1.2580472811850867 0.00011041384466463813
1.2607822960062154 0.00026065604280413475
1.2668844736857237 0.0003010370535858525
1.271998397403774 8.500099216666352e-05
1.279350614416369 0.0006350113430039727
1.2888637029375665 2.6684656579103712e-05
1.3025901578762826 0.00012173585363343962
1.3092739543154304 0.00019484307266545006
1.322012223800468 9.59317352396223e-06
1.3359457256306158 0.0004532090392760451
1.3430524207118317 4.744168503994927e-05
1.3473722029865465 9.572449542412793e-06
1.3589411018238655 3.0165508814537222e-05
1.3717860263887576 4.7703917400222955e-05
1.3874018646409465 0.00011553400615870816
1.393559693635496 2.3009015867539304e-05
1.4033579168318195 0.00012369298384723668
1.4119825249423616 8.200668408320501e-05
1.4219584238413492 6.308001254421976e-05
1.4330965956718518 0.0005231947658684488
1.4381067680494763 0.0005829201568214415
1.4506373678361095 0.00020793965928925367
1.4596324248088726 1.1945018295527511e-05
1.4685157938349314 6.267316745970993e-05
1.479798813554104 5.970718812852328e-05
1.485952578534705 8.962246771722979e-05
1.495433923290671 0.0002918644361111288
1.5014733752016136 6.874397830430918e-06
1.5189272279255812 0.0002051199350774283
1.5415586703903612 1.8680464508137044e-05
1.555521574098448 0.0005102076708947683
1.5722557037251805 5.219641827524178e-06
1.5884503487316164 9.359221182165819e-05
1.5937810906181893 0.00012410805290678176
1.6011691668578687 5.869942068866944e-05
1.6150973541710367 6.69578727974864e-06
1.6201357972218755 0.00021700839701621716
1.6580252381187088 0.00013056210279717407
1.6872119658027274 2.8113993599249986e-07
#kx=3.0, ky=3.0, Jx=1.0, Jy=1.0, Jz=1.0, h=0.15
0.1318830937739024 2.4232572403830712e-05
0.1574161488785164 0.00020613865587364193
0.17747560263448925 0.0002582557415456135
0.18712816720457048 5.8032361004881604e-05
0.2038080612906762 4.32433570250079e-05
0.2128897899764226 9.84644204057305e-06
0.22044175139691646 0.00023771876758440117
0.24399401628262485 0.00014023297755827276
0.2536208849051713 6.655001532334962e-05
0.2721987850581459 0.0007414514577308506
0.27772864541086073 0.0001784240469280471
0.2920578005912944 0.00035563951775805875
0.3057085998395648 0.00028009366411482474
0.3107910439990086 2.1912549068016876e-05
0.3193373249335324 0.00026409311861794936
0.3266756819527461 0.0003001890205337687
0.3379270662599737 0.0004364785097527229
0.3555855194085006 0.00019273300774047135
0.3684790359553358 0.00012874413071517135
0.3817718405025494 3.377168756761562e-05
0.391906156348642 3.293892871408285e-05
0.40570781096362585 2.597705549956577e-05
0.41455651404112115 7.942282319265576e-05
0.4220821475506953 4.655068374782987e-05
0.43140122885869825 8.617125201120413e-05
0.443911155495591 6.720124024572189e-05
0.4467049347695201 3.7346842739759776e-05
0.4536261438100808 8.203676639808808e-05
0.49817905649069627 9.717978187531357e-05
0.5159226502577519 3.679892210662075e-05
0.5267141219127258 1.6846703278760577e-05
0.5439790611498796 0.00026251908229877436
0.5522615529086622 2.6136624318875828e-05
0.5584537926780231 0.00013980571369367315
0.5632233102190509 7.98716896377144e-06
0.5710391647214963 0.00011315279999765527
0.5819732777623149 5.145643121682347e-05
0.5882226259355883 1.2400039966464872e-05
0.5955173333791564 7.678517580361409e-05
0.6006511223785016 4.131051467208251e-05
0.6096946300663864 7.717343962605601e-06
0.618837493625603 1.5375035547297847e-05
0.6350570571845288 0.0001078196324979389
0.6442297449976853 8.276925789944995e-06
0.6503426966666959 6.688507666538741e-06
0.6621937998372884 0.00010881369765276474
0.6716858401748349 0.0002577022837291349
0.6882307977031982 3.72222469503057e-05
0.6954206954511855 9.219956801640698e-05
0.7200917118325006 1.46458935159639e-05
0.7269477732502366 0.0002610482153797241
0.7419099409035246 0.00010790822123715818
0.7557562348727631 0.00013280099957536262
0.7669676607062909 0.00022041810447476082
0.7738329876982397 0.00012967461034397692
0.7843044222381779 0.00014804889438267045
0.8002592185669932 9.490418494353436e-05
0.8331312785322165 5.04012054544766e-05
0.8489523675941851 1.4155050264262134e-05
0.8597595149543363 1.4278252142016873e-05
0.887071168688906 3.816205309472284e-06
0.9539014947097468 0.00016226868674212158
0.9687446022868335 4.8422483434432505e-05
0.9927560413764863 7.373633791158496e-05
1.0100241637867384 0.00010161708497997213
1.0197960092099179 1.675198052278341e-05
1.0394373337939795 0.0001222478354203618
1.0563342558140043 0.00036969045585366926
1.0756543497326498 7.767698371499131e-05
1.0893363177078181 8.225622716264905e-05
1.1034116998096088 0.00017175099525576046
1.1099559279494087 0.0011592425545469537
1.1419307967356251 0.00029697753399187315
1.1476190310479932 0.00020274033700628117
1.1605541068021523 3.2829853951584406e-05
1.1741626530796423 0.00010287747719094305
1.1797948926629438 9.735020851414345e-05
1.188538679089945 1.156132690784358e-05
1.192799432191129 0.0002042270645398151
1.2012337605348133 8.104403197562815e-05
1.2112486697073104 6.545964370935734e-05
1.215263226513742 0.00018588015796238043
1.2246215739017308 3.0471532173491754e-05
1.2332247953509579 8.056384145219986e-05
1.238589063052888 8.008774950088477e-06
1.2432035206395224 0.0002541198804687844
1.2551023111868491 1.921929034151468e-05
1.2609255703718603 0.00016362756831224488
1.2663668241725679 0.00024694422188081155
1.2735083923101598 0.00010495183035634827
1.2788073213250555 0.0003466896303358628
1.2833403832983876 0.00017634799005650508
1.2915047406076692 6.697266642845839e-05
1.301570564222465 0.0003228598993479075
1.31295587584369 8.25764081068957e-06
1.3240713651176328 0.0001626724786664193
1.341290140934472 4.2388294593335947e-05
1.346389556498211 0.00020075253834995923
1.349562207952442 4.4720780251995594e-05
1.3650268140095356 0.00012238189722480852
1.3698915399511087 0.00013126067496010394
1.390400658901811 1.1904100875239466e-05
1.4014254876187238 0.00023141849969160239
1.4106249085017382 9.088721701835474e-05
1.4206418643965135 0.0005059485547153368
1.4259939460614741 0.00032658863579977996
1.4354814550795592 4.105283945605712e-06
1.4480993161486104 0.00021187580901484794
1.458178468319284 6.160458631881998e-05
1.46646397634417 0.00011293730480922047
1.4773979747434507 0.00010852997564650374
1.4835951429320893 1.873730319018739e-05
1.4893200180049881 0.0002919247818619208
1.5046304020008583 3.793175301127422e-05
1.5133800223284721 8.86588318971973e-05
1.5253431404108009 2.1832506276185316e-05
1.5447886274305123 0.00018965730330335742
1.5661185917105058 0.0001652873749868751
1.5811157779407785 8.376621195899797e-06
1.5928920786508054 0.00014541255154096357
1.6032832352790438 3.825395333386302e-06
1.613155058974181 4.6786790883154555e-05
1.6192100282736592 9.062760759068282e-05
1.6315986471979271 0.0003186404105679093
1.667471883365872 1.5903573446375383e-05
#kx=2.0, ky=2.0, Jx=1.0, Jy=1.0, Jz=1.0, h=0.15
0.13481993770338707 7.603112812751881e-06
0.16304843852599893 6.101022410229389e-05
0.17337724174856017 0.00011605952863535026
0.18709475738699632 7.733541191971221e-05
0.20417672523810437 7.006420286853137e-05
0.2156526423878291 7.575792368589269e-05
0.2208274141823735 0.0001367983524691797
0.24533827902360916 8.33704718845475e-05
0.2613573126751423 6.525571611098107e-05
0.2714761644117536 0.0005804520919809575
0.279883726994159 7.987867777545338e-05
0.2927844102394872 0.0002088778200129282
0.3016477558442682 0.0001204968979691834
0.307873056057022 4.589213321741991e-05
0.3187315632169563 0.00026846540931827736
0.3250447539536938 6.948476404052596e-05
0.33467104867761666 0.0003985370372042052
0.3526681161944034 8.306864178071688e-05
0.3667505398004506 0.0001025647438509765
0.38075046189933015 1.0154077278481682e-05
0.38993721889689914 2.312634998738663e-06
0.4009869186997228 5.103664757081413e-05
0.40754289774561914 4.8881978227169056e-05
0.4134830003202872 5.2535036976562414e-05
0.42803573298585473 3.512666703994886e-05
0.43380242107173395 2.6213230959050778e-05
0.44520768526792764 1.3087344409724585e-05
0.45078657086982443 5.852296479256905e-05
0.45999084089291487 7.618921262182352e-05
0.49805010060470334 8.099884671664821e-05
0.5171749674715442 8.897703574592848e-06
0.5292237390133997 6.749624138567739e-06
0.5445397695761506 3.93101773966039e-05
0.5556815996179737 7.869835396090994e-05
0.5587008492287637 2.7249704827296082e-05
0.5676532243565019 0.0001073904979534581
0.5810146474142441 9.539860177259958e-06
0.587522697992704 1.4619326468281196e-05
0.5886550450416439 2.216912542426841e-05
0.5963235967770869 1.5853779286588996e-05
0.6105386365114579 1.8518540926153517e-05
0.6132642687064421 1.3474348274450413e-05
0.6338203283366944 7.681491638635372e-05
0.6393380755419525 3.7643487839628483e-06
0.6483120613208826 1.4224051653123715e-05
0.6596808626522321 5.881583062900292e-05
0.668825599612663 0.00018465894725439272
0.6795362415802286 5.444383968158794e-05
0.6956063939380247 5.5900163169722746e-05
0.7009847250513501 0.00017002715832722473
0.7175128922514623 0.0001267690642126031
0.7283850485823051 1.0439655792859472e-05
0.7529602493481435 5.086313104992244e-05
0.7662983340878277 0.00021483383918773896
0.7732092034133958 0.00011328409983714633
0.7774411057951564 6.42257190830257e-05
0.7995840436065743 3.185141553743102e-05
0.8097046050262074 0.00011650216951933908
0.8362696359234567 5.652875806943867e-06
0.8538981253060834 2.0716966074519596e-05
0.8677644252769406 1.3442551520849318e-05
0.8722643484126003 1.060296894370292e-05
0.9040028281635354 1.430017805212914e-05
0.9773859359034726 0.0001192725060657617
0.9937857191775729 0.00015515262210627308
1.0068746920489517 4.1592085699610566e-05
1.030994126836509 5.506858179353801e-05
1.047101142196078 0.00017791434120890774
1.078357900446059 1.8698468856450554e-06
1.0848565997503172 4.459364545754017e-05
1.0936691760059651 0.0007716549497981315
1.1076756369811303 0.0005681454292432056
1.1338308758034543 8.70400400405622e-05
1.1467231407656135 0.00020241608974140096
1.162182574320945 8.216905232730513e-05
1.1733823832181567 0.00011448962209113133
1.1758945267946892 6.752532755799088e-05
1.1822289371824313 0.0001301248982380111
1.1864519854022282 4.824941146887067e-05
1.194793649459069 0.0001204036531181977
1.205952513769426 7.12064971388628e-05
1.2119592960576613 3.36090333943828e-05
1.2251147688616708 3.0794361814733634e-05
1.2274806014120903 4.695914772882656e-05
1.237677045353025 2.7619884595516498e-05
1.2480066144254849 0.0003006147807870456
1.2531441576358322 1.8155866215388966e-06
1.2572891013517495 0.0002440600231344171
1.260803623458543 0.00036156915393169834
1.2678639204298248 4.192023508193405e-05
1.273533163578816 3.7153529497071265e-05
1.2839083604637658 6.378229027908164e-05
1.2886268755862518 7.569539448302829e-05
1.3033779773242742 6.45131026144981e-05
1.3105639777723288 0.00015821336343787708
1.3256837867678102 1.44125236405366e-05
1.333072481199895 4.535988393811917e-05
1.3400384881371914 0.00024813902099248534
1.3526187809509076 4.299851414782631e-05
1.3598320396382397 3.928804309858399e-05
1.3699887361684715 1.967004848728632e-05
1.3903816640775024 7.016108820656316e-05
1.4003839863874807 0.0003139776873499922
1.4106981962840575 0.0002068413944582215
1.4178913665112476 0.00024757669551385555
1.4243623638867913 0.00041314487572561404
1.4334990985160545 6.0934420680275374e-05
1.4460485408473138 7.094418470613623e-05
1.4566149822665326 7.737795501099065e-05
1.4624092452600674 9.408165833871478e-05
1.468552569893558 0.00011404004162486298
1.481161438590937 8.64653690407435e-06
1.4903248080330056 5.571583702108307e-05
1.4982305567889305 9.266546814285065e-05
1.5059773488615458 0.00010097402185081335
1.5167124356903416 8.468729809751348e-05
1.5470412228207597 0.0001798245487119471
1.5629772139907017 0.00012280459619694886
1.5793684688001592 1.5007024489077723e-05
1.5927275060098722 6.316705452874766e-05
1.6035193264276881 6.716322743404207e-06
1.6131632298532694 8.846423815005524e-05
1.620365871347698 2.9222715744690972e-05
1.6263273914259135 0.000184389334487991
1.664301142135135 6.78836466019687e-05
#kx=1.0, ky=1.0, Jx=1.0, Jy=1.0, Jz=1.0, h=0.15
0.024837243440477552 0.0002510301725777006
0.13659353572536337 2.8882140627345485e-05
0.16289871154366475 3.82569677732551e-06
0.1688845884224699 1.3768366847073453e-05
0.18728567693480913 0.0002546360655712569
0.20422426921224368 0.00011336378515890574
0.21748325085538645 8.087302064371042e-05
0.23006234542359505 0.00033096438367594615
0.24865961054926833 0.0001893415147501162
0.26287145867591954 9.80933795836841e-05
0.26974994662171514 0.00019255081695556544
0.27990808816548585 0.00018415981187937033
0.2897087834833634 1.7089391792622825e-05
0.30628127932071814 6.303907388842026e-05
0.3084788468361205 0.0003752598155993965
0.31395795209731403 0.0007338453749581931
0.3222050957765582 0.00015376408883206372
0.32648985569899647 0.000521517423264828
0.3461314801942639 1.4918424922562269e-05
0.3564801252048011 1.898322990560292e-05
0.36084882080273273 0.00019124798756023592
0.3847639356751914 8.016701450246128e-06
0.39605957816862325 1.2216521125614061e-05
0.4054496941503144 2.680827138103295e-05
0.41280557118480166 0.00010227121200283899
0.42414663150092957 0.00011982484426311093
0.43481223219842324 1.7789119080069514e-05
0.4409766839141577 9.124599598081269e-05
0.4536876728255085 6.75400050935254e-05
0.47125839868303543 0.00015615441038873185
0.5006076975699886 2.8105903321401623e-05
0.5175861523595643 6.181242578669796e-05
0.5292021564697424 5.113181876740396e-05
0.5348426723651395 3.1311042241752846e-05
0.5417472073407464 4.692050334011494e-06
0.5574513093030359 8.405512788848608e-05
0.5664978820946764 2.2025816668433166e-05
0.5719400517489137 4.534370075344797e-05
0.5813297947898283 0.0001696233670981303
0.5880124739518583 0.00023217672079818536
0.593970389183604 4.908731005630565e-05
0.603284941286874 3.402956078182433e-05
0.609343949060957 5.724505596289941e-05
0.6180829800099635 9.493186872325487e-05
0.6261810298519116 0.0002944229419696061
0.6378679389247627 5.7774913803590135e-05
0.6472425151784461 2.104193325829944e-05
0.6558294957709471 0.0001140458463994597
0.6715801212036426 0.0001605194470125377
0.6838555541047847 3.9373882275987956e-05
0.7027714636453453 0.00013273216454335322
0.7145017275839188 5.8500652000560643e-05
0.7267327443996613 1.755012087802917e-05
0.7406811463067214 1.2914730829039095e-05
0.7645435893092611 5.291580888974902e-06
0.7698548939126926 0.0003698297828058692
0.7805072229122273 6.085168204718574e-05
0.7853533613791175 9.293317344013363e-05
0.7920363598816482 3.849766294648605e-05
0.8184177367638268 0.0001618570712952063
0.8333309040477044 6.361123723345782e-05
0.8588702214594313 0.0002392282759487034
0.8771927417281261 6.530737682862935e-06
0.8968802258607395 0.00011077434215732234
0.973493191406184 4.109812790697188e-05
0.9924567371468307 0.00016568759602816717
1.006096693005503 4.052644267603882e-05
1.020581929157699 6.365857040253863e-05
1.0474453424888641 4.549960489795926e-06
1.0666129241658306 2.21633369604701e-05
1.089175310611924 0.000731652962841423
1.0996083301966786 5.140668367405564e-05
1.1152464897936913 0.0001914590711969468
1.1283397659165324 0.0003038759759334078
1.1436444209664383 4.9452705198250096e-05
1.1515318843513722 0.0002736556693393485
1.1666842134742328 7.228629836626138e-05
1.176783305995367 6.253992754984687e-05
1.1781209864943016 7.784550700238636e-05
1.1828077267926025 9.595806951637371e-05
1.1959815651793066 1.3343847840118151e-05
1.2002465860552176 2.008702172290785e-05
1.2151970065839772 9.969753314598134e-06
1.2265536819466027 0.00012243206664902236
1.2317060024298403 4.311114453813745e-05
1.2425251998536002 3.685288436433288e-05
1.245812708522311 3.687298851329938e-05
1.2505301023290434 1.760287549848728e-05
1.2582493491841151 4.5758095972492294e-05
1.2656343222027395 0.00011126741042384914
1.268930743505459 5.4143497600244395e-05
1.2815226071377106 7.364366614055111e-05
1.284860545851601 5.252646500202557e-05
1.295064218417118 0.00017611785074536198
1.2990151387804478 0.00011235771482689834
1.3114552825984371 6.468862269744355e-05
1.3255940242543163 5.1014576784993915e-05
1.335096762386128 2.724288284868742e-05
1.3448879386880068 7.669196692537392e-05
1.3537277116708135 4.7857499990615275e-05
1.3625565377238473 2.1423662529527945e-05
1.384965993761832 0.00013006377828611644
1.3924397377437296 0.00019079674235763936
1.3980663317451674 0.00017473151054369566
1.413238176741352 0.0007062648203169217
1.419743147806466 0.00013179301329099906
1.4270408976216287 0.00010691856468970378
1.4410564574761002 2.106053041398565e-05
1.4536852738146218 5.449467379528591e-05
1.4587735787588714 0.00022961065553922004
1.467269950326694 8.330198874254955e-06
1.479064223447562 3.5095730938215063e-06
1.4808034979503097 0.00013285220191312541
1.499988401820025 3.647376565349356e-05
1.5079842715486924 0.000137059680465763
1.5216250479198346 2.4372008588401013e-05
1.5470769366322679 0.00012392866327610058
1.5615656364197323 4.9725068942787306e-05
1.5794864534573598 3.748663155515184e-05
1.589410525297884 9.332015253026086e-06
1.6021572051310478 5.625594684877641e-05
1.6087940739871875 5.2137658931502216e-05
1.6219646857471277 2.915088070564554e-07
1.624636082779121 2.50154766527839e-05
1.6562257637880817 8.804827523905046e-05
#kx=0.0, ky=0.0, Jx=1.0, Jy=1.0, Jz=1.0, h=0.15
-0.10659125610308906 0.0008865815155498599
0.1388357376828414 0.00017859346358464875
0.158230186086043 7.546819798192277e-05
0.16285351040274954 1.1917011082781273e-05
0.18684624883190393 0.0009066758774366387
0.20068918748792686 1.625122272306666e-05
0.21247867999947823 0.0009494370306731973
0.2339292446263891 0.0005888012734302435
0.24495272047410033 0.002149184975672473
0.25325253999929964 0.0003305047542214411
0.2638737533134611 1.8870189650608562e-05
0.2775104621806962 9.829679083201264e-05
0.2882556552553256 0.00015076204681664635
0.2993561369488301 0.0003285187141564261
0.31040987817916477 0.0011786529370549383
0.31327658596995267 0.0035457934563010757
0.32109375553060704 0.00024166881625997812
0.32625579676311356 0.0024457434863158936
0.34042234482989986 0.0002486519080461505
0.352117692632018 0.0003338485239032508
0.36187139079553066 0.000690833862495872
0.3808956594551105 6.493428547412924e-06
0.39202294688784833 1.310344171799497e-05
0.40295487951348186 0.00018947460929733868
0.41029199572233277 0.0005166232003689631
0.4208069920532087 0.0007767496285241393
0.42949623509183743 0.0002726902975123544
0.43981517539264436 0.0006228179640875677
0.45155567385732287 0.0011238012545900099
0.4559668040220016 0.00035788328215018183
0.4826381922064432 2.2928156152887205e-05
0.5015590663028652 0.00046089618219274296
0.5079954204057935 3.669902530222382e-05
0.5214966441000396 0.0008125787526149643
0.5368314532404 0.00043995644624040414
0.5482406029015535 0.0002488246438396519
0.5498665805284852 0.0004320846628191305
0.5624367429225119 2.5597982542552933e-05
0.5674419294090616 0.0003288393127572394
0.5779323993837415 0.0013970221971960634
0.5880558532672581 0.00020571878381759568
0.5924045222396285 0.0010535101294785975
0.5993881512008031 0.000542559650957368
0.6078614195243914 0.0007922507845641335
0.6160049255953087 0.0006570994003500305
0.6364543999115679 0.0002687061503135259
0.6413563121677834 0.00014856050191510271
0.6556045605766181 0.00015981820765529963
0.6713905596120873 0.0003401066593907734
0.6826925890400404 0.00041429903209792336
0.6995972035611081 4.6521271716265336e-05
0.7169988917836223 0.00033319324674778265
0.7289744421596772 0.0005747632615463755
0.7376178781976817 0.00026811225701701356
0.7588044221983309 0.0004816504546778897
0.764731301443316 0.0002458762627961692
0.7708910985821199 0.0003769109279253923
0.7850685588894091 4.061393690581294e-06
0.7907782219911536 0.00014764115910319674
0.8029985136178625 0.00014417281660572225
0.8120429788017314 0.00035064963388045954
0.836056851347346 0.0011016090108334651
0.8687903510909262 0.00023104861615520268
0.8782461730023711 0.00014037893913087677
0.9062052530847986 0.0012875957255200836
0.9731975194235032 7.622855766927299e-05
0.9861028042741815 0.00027489192543786846
0.9969870934694608 4.379974266335366e-05
1.0132501831476186 0.00018121702873386903
1.0457051999990359 0.00018636246058404164
1.0722157056052162 0.00014209535852504116
1.090397572777368 0.0013422418147150598
1.1039143592955536 0.00010780736748448343
1.1168936403267034 0.0004624450927161786
1.1369555328552865 0.00010187423352621862
1.1474436723697667 0.00040231225356635194
1.1584468751508592 0.00037912073792713974
1.1693744382219695 1.5118805897621445e-05
1.1766629603487988 0.0005613389906026586
1.1815641895964912 4.660213510459274e-06
1.190225849754587 0.00017572458308922142
1.198812649597341 1.1385357935813815e-05
1.2104411760948013 0.00020260870510075964
1.2180031458679985 0.00016836633505623653
1.2284453145197287 0.0002804357285250956
1.231919196905011 0.00012472173548605197
1.2432334577436532 0.0004387936645730346
1.2467115026974467 6.709464073163903e-05
1.2498702794685572 0.00012455278295018797
1.260699001782342 9.733613198197002e-05
1.2673483704711774 1.246851890426822e-05
1.2724891600064288 5.79640797117775e-05
1.2795491605049674 6.642242647452581e-05
1.287888426649323 6.207591021277958e-05
1.2936549185552866 3.8681647233430674e-05
1.3033634185474137 0.0006472582869469681
1.315364365462652 6.070063897143564e-05
1.3271611018787692 3.3007487552614666e-05
1.339363257487426 4.075946053283566e-05
1.3492440497373255 0.0004134365236801395
1.3587819272909163 0.00014792050475254123
1.3778840107456403 0.00043665853795562116
1.3911142239659875 5.513340276189981e-05
1.396295263145636 0.0006118045272386323
1.4099715802436714 0.0007709245943123925
1.4135163216106754 4.46840264697425e-05
1.42507791686038 3.3296184986564316e-05
1.4319055020780462 0.0001037889735000466
1.4445654453076289 2.51230045704067e-05
1.4481335426236863 8.075505105813696e-05
1.4593060242316913 0.00016441166503533482
1.4689896471229458 9.046292245281948e-05
1.4790521183033567 0.00015461988952036589
1.493609016496587 2.857790774310736e-05
1.5103222885197605 3.9339429383028425e-05
1.520504418314888 0.00017024375672241608
1.5358433880587334 5.357653767143019e-05
1.5541657199471453 1.0522468616121378e-05
1.5693221045331862 0.00019375047113691019
1.5859643586938388 5.152181058020799e-05
1.5962875988537095 7.630970647547565e-05
1.6015380319399508 0.00011995863131275016
1.6085360618604887 8.21803368122628e-06
1.6220751467911558 6.336919311786278e-05
1.6355328119798096 4.967077610477695e-05
1.6764060032040051 0.00015287416162546572
#kx=1.0, ky=2.0, Jx=1.0, Jy=1.0, Jz=1.0, h=0.15
0.13700729609554263 7.452748698669383e-06
0.16306396360087627 6.787499220548719e-05
0.1733061119813839 8.207991473376687e-05
0.1869467299601718 3.280765166128724e-05
0.20316926075659492 0.00011485611557549697
0.2150421420734122 0.00010385898312410832
0.22145064233615452 4.608985866231929e-05
0.24586914302405616 6.836171836218462e-05
0.26404025923522145 0.0002794500051250932
0.2711422640937672 0.00031335819610533484
0.27974191511190516 2.8476459732963195e-05
0.29223635593795094 0.00018506945053241232
0.301297244344535 9.95650829789576e-05
0.30539411691356266 5.059309502326331e-05
0.3170361160189089 6.002013942423685e-05
0.3205498473562657 0.00017764754207543908
0.334126003325918 0.0003142480701013517
0.34449770470190544 9.992658959684249e-05
0.35968220218076996 8.172781442030985e-05
0.381514602797256 1.560425938663867e-05
0.3896995607043019 3.087312384722114e-06
0.4002719648329017 3.725946468582251e-05
0.4050031519656089 2.00485778262015e-05
0.412063088231685 9.252596188883373e-06
0.42468416631239014 5.2233882494523055e-05
0.4330968001926122 5.328655583502394e-05
0.4420062859619439 1.9697697925755493e-05
0.4517485097442614 2.53744490128891e-05
0.4658932004397831 0.00017823190666761425
0.49694265398894877 6.3065792401311e-05
0.5169106562859294 3.258922504527509e-06
0.5302869457971632 2.548274800147162e-06
0.5373926473494384 1.8169842401382183e-06
0.5524198999435531 9.719253984421286e-05
0.5566704385881849 4.8490229123461576e-06
0.5665100971802178 6.520124304096871e-05
0.5800808303129157 1.1395122159008784e-06
0.5846186260847774 7.688856010925661e-06
0.5886714149672057 2.426037477860412e-05
0.5952585562799689 8.782108073804847e-06
0.6092664622859406 2.1161839031368955e-05
0.6137761285082977 3.0885232713466177e-06
0.6265943807970503 6.455774038116503e-05
0.6374934393243403 2.5519275036647395e-05
0.6492608883532841 2.210309648171158e-05
0.6584356937019342 6.790646619123356e-05
0.6697331644015575 0.00012360070294604
0.6785702122124693 7.776780614535517e-05
0.6922015150635713 0.00015997217481563672
0.6984215806257354 4.195673989813792e-05
0.7135985779625775 4.8084406417268135e-05
0.7210795258390962 2.0220226057728996e-05
0.7433188512430783 1.3256979462684196e-05
0.7628128292554509 1.1522076727964107e-05
0.7684903572867591 0.00029385704218308115
0.774386997371242 3.113798095232631e-05
0.7839054299863518 3.619700931833156e-05
0.8007265169209571 6.610842691691332e-05
0.8326301177918743 4.106676230866802e-05
0.8412907096256944 3.769468159791976e-05
0.865647616847342 2.1663024125641703e-05
0.8682597943913806 2.2491692952212032e-05
0.8999587499259792 4.765683748206991e-06
0.9795461317661741 8.61688829064324e-05
0.9944839519853116 0.0001644455490395359
1.00741730302836 2.457635949636403e-05
1.0335886634074287 7.597065933333194e-05
1.04466593094368 0.00012925137023653768
1.0647527236529557 3.928884419081544e-05
1.0776181049797189 4.3317715025008835e-06
1.091775990041282 0.000859204426486771
1.1026058056046795 0.00016325131448981586
1.1202749500896174 0.0002633978222141554
1.1432736269645254 0.0002803005599152344
1.1486326697762383 2.444997361092573e-05
1.1629595911986153 0.00015314357176745178
1.1754082875254372 1.18704326279838e-05
1.1772534275648938 0.00014171869011393091
1.1839554693971976 0.00016114576638910424
1.1914752168358027 0.00010958225607365357
1.200767614848196 3.996551159158585e-06
1.208909265854753 9.778870662740335e-05
1.2184929711345194 0.00015736293171419123
1.2252777089369815 7.805221357979127e-05
1.2287238997488792 7.428417808561943e-05
1.2429372059823756 0.00013945903903235795
1.245068829739674 1.9847466655905414e-05
1.253339966745074 4.704639746935355e-05
1.2601909058289396 0.00010097683371174973
1.2619099136066207 0.00015171556507551274
1.2704112464136212 1.2276648052504074e-05
1.280270154205407 3.629042432765919e-06
1.2861664739768703 7.581158691506635e-05
1.289789991990364 7.869347633990338e-05
1.3051605167176772 0.00017037438423577267
1.3142695579702686 7.520152934298409e-05
1.3260978632383469 9.967171251144312e-06
1.3373590275148688 0.00021779038591958314
1.3495110651301885 0.00013391892749904286
1.354528613946303 1.1886500147965777e-05
1.367728975659116 7.013222157148195e-07
1.3914639141872938 0.0001102888127807212
1.3971753711454482 0.0002517227280373243
1.4108070671386042 0.00042633027954320856
1.4175440145298097 9.038806916616196e-05
1.424425820526819 0.00035086236999242305
1.4327134098622691 8.071011768002326e-05
1.448790948231714 4.681591606816623e-05
1.456047365728737 0.00012611474810382176
1.460699852008015 9.356610047573365e-05
1.467017668964465 4.784747242518171e-05
1.4833042280801894 1.7224132177863398e-05
1.4895910512988912 8.890509778810258e-05
1.5016002514935995 9.279211362363665e-05
1.5118870726497473 0.0001877223695008214
1.526151061347178 1.0371307523132936e-05
1.5475400825177943 0.00014835163378884374
1.5646740433923907 6.369270352015646e-05
1.5792609288044273 7.826333955502425e-05
1.5956985220764537 1.3044771705614347e-05
1.6015706000228047 2.6910249600630528e-06
1.6115314911837246 9.199978458012087e-05
1.620811288056453 2.128082565488062e-05
1.6275814879552442 0.00015274703470701513
1.665716417561776 6.6138313553347e-05
#kx=2.0, ky=4.0, Jx=1.0, Jy=1.0, Jz=1.0, h=0.15
0.13205759178930965 9.419561749175871e-05
0.15335643203095994 0.00028752052368312533
0.18152522013166972 0.0001757195370910082
0.18653059832983598 5.149771098321762e-05
0.2002917871251464 5.6575183158941355e-05
0.20850922452694098 1.903508068190182e-05
0.21627907035264127 0.00020303374964534472
0.2446127935282072 0.00022365612165390383
0.2587779515393479 8.186569457576031e-05
0.26863532512892974 0.0004769366726140664
0.277183231989937 0.00032636475564303176
0.2874421708406222 0.0003706355122008736
0.3009509238597452 0.0001348136467136842
0.30605687792413017 0.00011049260280996194
0.3161574119308552 0.0001130254643563187
0.32728302989135427 0.0004024495538574399
0.33529017006824813 0.00040661548692085263
0.3565972347005586 0.00019505110786415073
0.3668683816782464 9.339796135602057e-05
0.3792065424476948 2.366599511196412e-05
0.3957797283353348 0.00012707746095831976
0.40150916608502507 8.657620603766917e-07
0.4103804315147702 3.9946257158900145e-05
0.42056230927250526 5.694548943798308e-05
0.4273281269460638 0.00021437482417073538
0.4423176989875838 9.214804579664184e-05
0.4452343248559132 6.58541489320213e-05
0.45595525527472647 0.00017457497893178873
0.5002133689415617 6.596117678586007e-05
0.5152645529549693 2.8024902174017175e-05
0.5258506794329026 9.034107269875362e-06
0.5388154511981602 0.00017119187643196363
0.551089059029537 0.00012193708822308343
0.5528237602227004 0.0002552175718583217
0.5662909094290536 7.524995649345329e-05
0.5761757585801297 9.297963341146868e-05
0.5847662139890353 1.486724104944201e-05
0.5884477346365347 1.8992084584625972e-05
0.5977091814455759 4.670242867057023e-05
0.6064863792176661 8.352914429814542e-06
0.6174008464943326 1.2198101076155813e-05
0.6330516332828079 0.00011199911291332903
0.6417943948073879 3.423407504088838e-05
0.6450340630272994 7.428850844030623e-05
0.6562867081806328 0.00017831803198800844
0.6639343419915467 4.6023493018671084e-06
0.6741807204317202 0.00024593771792274317
0.6857454851742728 5.718456469137572e-05
0.6933377638598232 8.049086681274756e-06
0.7093525781998877 0.00019144733503185862
0.7331921568666361 3.469403168882361e-06
0.7476577219331348 0.0001848244516096506
0.761051965331857 7.93549278838706e-05
0.767273976513087 0.00013389439606614807
0.7731018243324922 0.00016837979193619197
0.7908427177603189 0.00011616827326022307
0.8003681239967259 5.971517812191795e-05
0.8326560221753659 0.00010642322866871029
0.851985497351444 5.944272037107839e-05
0.8662450349373069 7.439927859776524e-05
0.8782955910799861 2.947478944923161e-05
0.960319002757592 2.7860492760335036e-05
0.9885140674192006 1.1384853096691747e-05
1.0025210700665343 0.0002455026719435711
1.01809784342711 0.0001346878432687769
1.0481714043978747 8.250876684796229e-05
1.0528340976690291 7.654426924752395e-05
1.0781006585999116 0.0001856980628503
1.088641165100409 0.00030791256618153934
1.1056714105003667 0.0014158911846362666
1.1112724363618627 0.00028890333493900467
1.1361918155133544 9.22631019751011e-05
1.1479064625064543 0.00017759853126862287
1.1611030730057008 4.9021448403649915e-05
1.1699240824071488 0.0002378447026423538
1.1764117067026154 8.67177754400131e-05
1.183356877268658 2.6777884649047293e-05
1.1964269002978352 2.2983759782210444e-05
1.2015001679885824 9.88581234208532e-05
1.2069910434044666 2.445256128815526e-05
1.2146860312842818 0.0004513425999750317
1.226011478480586 9.148955073412933e-05
1.2315257046490002 1.412526558553627e-05
1.2368733610794302 8.769518598034772e-06
1.239614112037336 0.00011108000700103566
1.248137004289767 0.0001401433325408674
1.2568707945726194 0.00016943934886043207
1.2649857334111603 8.374077866258654e-05
1.269140229724301 0.0002072918345219091
1.2740275091171305 6.953510315926056e-05
1.279139323009853 0.0004017401661895078
1.2866061722001632 0.00018892858031703685
1.3034005628418037 8.131227203391545e-05
1.308718636622166 9.781173402297573e-06
1.323642728396301 0.00017942264927148897
1.3358689353492736 0.0003206517095617194
1.3443036493724914 9.767575701847696e-05
1.3491170999305035 9.911307303785197e-05
1.359677258265584 0.00014179753120021225
1.3728373772177682 0.00015813323938082893
1.3819018918481518 3.68457521649329e-05
1.3912966370624336 0.0002393323489175691
1.405095483533888 7.503526872834236e-05
1.41107669859879 9.764826221320015e-05
1.4261848775872954 0.0003070244727852076
1.4319804149389659 0.000500171826450981
1.438019080639255 0.00034219836202913317
1.455397258806745 0.0002176425668774846
1.460127718578209 9.713509180112363e-06
1.4658320530528406 3.434945894954407e-05
1.4747717872878678 6.355211465195911e-05
1.48335159624059 0.00017177903115876448
1.4956366537916976 0.00026014849738551274
1.4999411371383515 4.251929292336865e-06
1.5100108520187088 0.00017333664865114035
1.5279852982554198 0.00011698709765749194
1.5506952501174998 0.00019237373614650478
1.5741894483524304 8.893546247012775e-05
1.5807281731941514 4.6113461480924584e-05
1.5952065181597423 0.00013599191613937947
1.599601439178802 2.545987012560442e-06
1.6149911144546643 2.4099701019304547e-05
1.6196090167947115 0.00016075610319014164
1.635949969825658 0.0002700547397648401
1.6788616565454313 5.48980382069135e-06
#kx=3.0, ky=6.0, Jx=1.0, Jy=1.0, Jz=1.0, h=0.15
0.13621757621974928 0.0002738408111402885
0.15117763722216349 0.00010160109610816238
0.17165583134511386 0.00013496399856705103
0.18388010013894507 1.3760926607561756e-05
0.19976036390711882 3.7600145469277926e-05
0.20528617595669096 3.9411790160656035e-05
0.21825449832414245 2.9406326141334008e-05
0.24154731182812694 0.00017642854181869807
0.25664558311540797 6.676379261625907e-05
0.26306571039462656 0.0001630277621332173
0.27556840113594827 0.00013024844848816264
0.2912559392857811 0.0002567498839839679
0.2982688707819292 2.0194918458815448e-05
0.3032914522233304 7.787398146330893e-05
0.31783495948150997 0.0001128604826582559
0.32524084776277606 6.210155978295864e-05
0.3314996312634705 0.00010591978247856567
0.353067008723153 0.0001487345846336141
0.3622015439019177 6.662546801786118e-05
0.3796312133595109 1.2128740811344897e-05
0.38843775060753816 7.905647426529729e-06
0.39985996077505803 0.0001243706944835667
0.4071277591521444 5.7350907429461885e-05
0.42356959744760503 0.00012341634218662178
0.42844779024776125 2.8846336799411014e-05
0.43940881802645493 6.097000058687172e-05
0.4429244133206539 0.00017723282966486978
0.4540126863976873 8.528083388182642e-05
0.49115466380206474 7.059658472370581e-05
0.5054138140147857 1.7053531255526015e-06
0.5174670152672145 5.988729619130706e-05
0.5245959097615932 2.867914053416954e-05
0.5412702945352194 0.00011423800396097158
0.5487916323017472 0.00017860595976827324
0.559273961876165 5.364056648156293e-05
0.5658889603329265 7.556021559471714e-05
0.5772881321788076 4.563567083179505e-05
0.5841642725977853 6.425712038982497e-05
0.5918111496700557 9.789311097856429e-05
0.6006025267393639 2.6293942498527222e-05
0.6111869023381039 5.01872493878366e-06
0.6186445678864472 7.675676773644749e-07
0.6320724309001247 9.473069473834906e-08
0.6387297329130742 0.00010539731028653124
0.6489137722939564 3.737394122358733e-05
0.6559477098030836 4.029319182069747e-05
0.6655890039287404 8.377241716275015e-05
0.6759353367754622 2.0644470798965396e-05
0.6859984637797334 5.6615271401530806e-06
0.6986472722840043 4.9440252814625254e-05
0.7225496983059743 0.0001575748024343936
0.7485649491059093 0.00011101573140656406
0.7585866563297583 3.407586752490951e-05
0.7677890272615445 9.394225259825345e-06
0.7702464516673474 9.04106737140652e-05
0.7944068695313672 2.4540981188119162e-05
0.7998432099500602 7.195940202047135e-05
0.8202807595969575 2.1553930103158712e-05
0.8385230219149253 0.00011717895141584717
0.8592323329770207 3.068638302837735e-05
0.8710042818849723 5.384077881000684e-05
0.9226986129974885 0.00018598756773425813
0.9711423837916683 1.0485188697144453e-06
1.001385951765017 0.0003236973662545795
1.0188025107571885 0.00015771699638097677
1.0313570065515694 1.9612138205853437e-05
1.0517296828548344 5.9021931722116434e-05
1.0731893174555656 0.00018271016752510023
1.080978758491572 8.258792324275282e-05
1.0933539854730967 0.0003159920270992332
1.1030153933538616 0.0003242583437849274
1.1242270325665675 0.0006364527191937409
1.1418176893293426 0.00018380335011407859
1.150870373424946 5.4588745057663744e-05
1.1630478066658663 7.199288837799158e-05
1.1663588132675744 7.802828067155568e-05
1.1768799792524132 1.0427090344219541e-05
1.186511841688862 8.260450667395753e-07
1.2009983066141794 0.00011617595203323186
1.2059592297625161 2.9316929338287544e-05
1.2109856449777756 0.00011376544403749409
1.2225753698840407 0.00011331912469390962
1.2298748912316508 8.789150963871991e-05
1.2340615620418816 8.111465956758399e-05
1.2464956608323723 9.165811612304816e-05
1.2492928557998595 0.00014361252834245897
1.2567729841581632 7.428890905363462e-05
1.2633864763036957 2.2081513488652448e-05
1.2669189470204438 0.000247030269474549
1.2698320493748827 0.00011812873571961958
1.2797542342662416 0.00012755890072567818
1.2897076355177306 5.2455084481183156e-05
1.296787733682997 0.000168692580232564
1.3067144583585728 0.00018592272922937224
1.3193265307829454 8.395488729598872e-05
1.3297243841066553 4.51870934796798e-05
1.3424786544979646 0.00023669275638193188
1.3499137949969238 8.13592604449204e-05
1.3619143524362936 2.4155131364950288e-05
1.3672902532654434 8.770711973177281e-05
1.3814447612308622 0.0001434457243192028
1.3876579572159624 0.00010092790910740514
1.3952517053300517 2.077936476478059e-05
1.4159795226400647 0.00013028893797054143
1.4213066794821145 0.00010472973454102079
1.4345865106189621 0.00024861896630728537
1.441460951656296 0.0003866210742300124
1.4507230272487477 0.00013579535244439962
1.456275184438206 0.00017478255772752712
1.4616058234017588 3.849464776407606e-05
1.4745337379067576 0.0002804285644376875
1.4861004062645655 2.246189902758564e-05
1.49586847934079 0.00016509741995107
1.504269643551583 0.00015665963764651918
1.5294062146236782 8.351178863383892e-05
1.5427763045461211 0.00018225726013236849
1.5595395218139378 0.0005051940247117178
1.5710885107949117 0.00013269026151093176
1.5793020234161625 7.95281263154536e-05
1.5902241121436544 7.648482135290224e-05
1.6008790253448335 8.032961035287766e-07
1.6124481409124614 4.6182552552947536e-05
1.6191786385346711 9.30842257149618e-05
1.66329333926095 7.502474022746829e-05
1.697606549243481 4.626039681883286e-06
#kx=4.0, ky=8.0, Jx=1.0, Jy=1.0, Jz=1.0, h=0.15
0.13722498628503388 0.00013158575795165766
0.15741497923676462 6.929870201237366e-05
0.1717706451221246 4.701002682894935e-06
0.18345404612222338 8.63127304028335e-06
0.2011822610800429 3.476432862253951e-05
0.21321513702174055 1.7452230080335933e-05
0.22327296370658 6.0206958256982376e-05
0.24016525098361718 6.927301870106977e-05
0.25027298785472385 3.975352097332985e-05
0.2658499096700212 6.98909774201462e-05
0.2730981563206081 2.2244741625695187e-05
0.2891241560412211 8.78707683527054e-06
0.2959825365810198 0.0001865294612127834
0.30752796306194874 4.66132099097675e-05
0.32265065698988626 0.00011349413242428498
0.3297111230702332 2.7849370070690455e-05
0.3356105969923556 8.385499387865322e-05
0.3560420166390571 5.9718932387466076e-05
0.3662521185013856 2.4731488125415692e-05
0.38049904573855653 1.9998216612607303e-06
0.3847109913607921 5.948426935200618e-06
0.39611796630796337 7.749106373633834e-06
0.40856424894674115 5.681304672610835e-06
0.4223632317555953 9.623064524973166e-06
0.4301213834922585 8.0687119454654e-06
0.4376452423564836 0.00012096462054860622
0.44539938825399306 7.266481022737576e-05
0.4574552029271267 8.920282434234496e-06
0.5054667259485185 8.052653468772505e-06
0.5157586635378869 0.00015381650274636668
0.5294684096575797 3.319180606693523e-05
0.5376598137665678 7.510639020230534e-05
0.5485639845477197 0.00011368918444623819
0.5575388191526642 9.140426406867134e-07
0.5689052235246211 9.284086406919447e-06
0.5755729437454404 4.840841232929444e-06
0.5806795543356058 8.119267005349043e-05
0.5859913309789577 1.0487310125998646e-06
0.5956366474992186 1.2921713234538074e-05
0.605862011359391 2.039989998256727e-05
0.6173843108564503 6.060922985677691e-07
0.627259115540853 1.6655309231296113e-05
0.6363423652714029 3.175489704328214e-06
0.6473718312537957 5.311188999723557e-05
0.6596819036750085 3.1251381550271136e-07
0.6641188062648645 3.309932153574646e-05
0.6714018587035847 1.3195624855743695e-05
0.6805334267990504 8.856744304194358e-05
0.6867210160012532 7.089218288449817e-05
0.7162871916280916 8.166740295882861e-06
0.7330526201669746 1.5670322972374516e-05
0.7527169793369598 1.4433125281577458e-05
0.7585005370601611 6.420784526981965e-05
0.7690986022271418 0.00014150091756769072
0.7791215585031974 0.00014905089723146246
0.7964928607032135 1.7723178805873153e-05
0.8045519348500552 1.1216473515500528e-05
0.8352810943333161 4.1376867715186235e-05
0.8490086205316499 1.062592643309192e-05
0.8810942200972854 2.2963889713827264e-05
0.8990733171815252 2.3328715735690412e-05
0.9505237174989634 1.7430539266267055e-05
0.9662046998252038 0.000305669604708952
0.9701937244992787 2.1945956647250495e-05
1.001259545417383 1.8565327580872626e-06
1.0092287358462344 0.00016510588242408058
1.046693603190284 2.836062257491564e-05
1.0721083154528372 1.17500090497911e-06
1.0856475950411926 0.0002348416681386191
1.0952732717340208 5.146060288481411e-05
1.1092094516214197 6.50219102163083e-05
1.121752274358498 0.0002638919870036206
1.1249822173336033 2.919547873118614e-05
1.1403221709118827 3.70194813342678e-05
1.1614436794222005 3.719999305712662e-05
1.1645860031454385 2.4486250877552472e-05
1.1712209773264948 4.4548648725512336e-05
1.1792985458532057 2.0680460808912873e-05
1.1926503541483617 0.00016922912266834495
1.2008939583793499 2.81755531259034e-06
1.2088471831856773 0.00010407191701696387
1.2217312240184124 7.60817514644476e-05
1.2256671130087027 8.116236582777967e-05
1.2314440598353704 4.433340752337011e-05
1.2412503887370692 0.00011777096969521142
1.2493115404661954 8.737300990016147e-05
1.2571931958377858 4.880991769069842e-05
1.2620846112209838 0.0003553013364110727
1.267986856145051 0.00022893385431771972
1.2752660285035238 3.910635579446905e-06
1.282274116523705 0.0001312349809040106
1.2920352235092385 6.0855962839972024e-05
1.2979322255967292 2.2735605760965604e-05
1.3088168928567527 3.3630674044054446e-05
1.3176258128398493 0.00012251729920134165
1.3251434430785474 1.6427012767163026e-05
1.33875049580426 5.102450979329441e-05
1.3491734036260112 1.536259846982248e-05
1.3601041722014284 0.00014280034641418486
1.370338446239816 1.4587705932166743e-05
1.3833033554482588 1.1970071984351145e-05
1.3903026643190841 1.635354496632473e-05
1.3995919060559914 3.114724353680158e-05
1.4131092914486587 3.057873603952119e-05
1.4240662671879116 9.014058246986715e-05
1.4330705237714947 0.00013473091631626576
1.4374285117209817 0.0001082780290132217
1.4475253354980333 9.249156279404556e-05
1.454501790914005 1.3570892800113897e-05
1.4606156650701423 0.00013263242222563023
1.4739566076494697 0.00033201367099323746
1.4844194445285996 5.2189186111526185e-05
1.4888064708460835 1.4242856171637564e-05
1.511442504253303 2.643582897235669e-05
1.5256763798625288 0.00019977728890592866
1.5493124965715321 0.00016436376055680186
1.5596517308000857 0.00019577395784151335
1.5732872214716216 0.00019532939757376322
1.5773234736123787 0.00022720330337534762
1.587936615564523 1.1612342007540339e-05
1.6003972588057647 4.662958694778938e-05
1.6117769732040843 4.679335089188027e-05
1.619327858498643 7.563174163582073e-06
1.6659551643590131 8.005425293209834e-06
1.703771584452904 1.8999478778557123e-05
#kx=5.0, ky=7.0, Jx=1.0, Jy=1.0, Jz=1.0, h=0.15
0.13579432124271262 0.00017326421307851955
0.15367862840612978 6.295754666054955e-05
0.15877671836511287 7.582102057462087e-05
0.17316494685569006 3.696715340729637e-05
0.1828239345390975 7.033878128745159e-06
0.19832885001960343 4.509813819352095e-05
0.21607839506487425 3.667424407335708e-05
0.2286356573694076 1.6680391612215902e-06
0.2403612371414099 0.00010167941913878046
0.24973821340953717 2.430511607441686e-05
0.26357678828247855 6.259018797167597e-05
0.276123234338555 1.3788463107630177e-05
0.2929400600025439 0.00020787747006035398
0.2973558400043397 2.1178869010140753e-05
0.3155630543677923 2.6128769938264357e-05
0.32170768447625453 0.00011700019032122246
0.3316131104064596 1.2596991011712313e-06
0.3358685614905482 8.354125499201091e-05
0.35421532960382696 7.400042031678471e-05
0.3699894270739279 3.6201112045037176e-05
0.3786220943861479 7.113040856315929e-06
0.3889297730723956 2.1767871372112203e-06
0.39804656584606857 3.749122865556214e-05
0.405962817284099 1.1679870378552635e-05
0.4219980117207056 4.2246009981459705e-05
0.43109111723046156 4.227485860106663e-06
0.4400472478851941 0.0001654758510472959
0.4436139629806385 5.389475376985461e-05
0.4540949211200074 1.0004210560584447e-05
0.502655812864567 2.2682644562267493e-05
0.5135972241665576 0.0001398215126115787
0.5311302706842097 5.479478341836788e-05
0.54210690058624 4.838569425072023e-05
0.5516184741529939 0.00010281339855849131
0.5598330910108301 1.6001414346610538e-05
0.5655038821186076 1.4570123552949047e-05
0.5690866406245737 2.5477172187520457e-05
0.5810875814469857 6.782916038179932e-05
0.5844035101693767 1.0096136738346267e-05
0.5943043728449809 2.14736718964691e-05
0.6050315432338416 2.226687453013948e-05
0.6151082274785297 2.538752321502662e-06
0.6251892751294791 8.333727705755992e-06
0.6367259585002955 3.6010980208412847e-06
0.6402263336781822 3.0007398426076446e-05
0.6554075693025685 4.5735373916169344e-05
0.6642248198488643 2.706213563611971e-05
0.6726096203638687 2.5435083547823492e-05
0.6813329352680164 4.559876763622693e-05
0.688691433106301 3.014972776103181e-05
0.7130997017755369 3.329625962189852e-06
0.7338667275046845 1.5041106731239124e-05
0.7579988076124661 6.639698171758607e-05
0.7660058979495993 7.733327384931703e-05
0.7708307377348944 6.145076367551409e-05
0.7921930174890046 6.918470238283583e-05
0.7967976598812587 5.965055457416143e-05
0.8163661155565699 2.678329365115812e-05
0.8457784822790354 1.035116485339925e-06
0.8518482868207816 1.925244228106718e-05
0.888536234052667 4.7002851541021624e-05
0.9147344432200633 4.8083132270566326e-05
0.960526707559593 0.00011867357550979697
0.9839550111501494 0.00014853967365454496
1.0076356968344062 0.00014028979865530623
1.02930963464126 9.151408768100791e-05
1.0482801617246023 3.020651857830687e-06
1.0741146516577578 7.276305571707671e-05
1.0895738035572156 0.00013178949245149012
1.096096652321752 0.00022177650807771307
1.1024357615332976 0.00015875667162580374
1.1303588153190491 0.00032991173190017903
1.1363986104362684 2.2802316349535783e-05
1.1573953133691817 5.925534778762379e-05
1.163572204620749 1.1470599351581806e-05
1.1681684566817903 2.545322474938769e-05
1.173314717050609 2.5332516608010603e-05
1.1877981135838263 3.42182151003472e-05
1.196473384414774 7.653485099588813e-05
1.2006695311347648 0.0001142614663359763
1.2102929755036356 9.280562113981621e-05
1.2196421712848171 1.3205401058608544e-05
1.2270004055823691 8.455687176350525e-05
1.2360165990475502 0.00010591581222605275
1.2446044488644952 7.291479310794562e-05
1.2502317233830906 0.0001404232729489801
1.2555963940630632 1.168537293155717e-05
1.2596772718930742 4.7310859468719426e-05
1.2704873134076133 0.0001590716031508409
1.2731957028897234 7.752611725696463e-05
1.280657808015051 1.1683327326835871e-05
1.2906179388301664 3.609243187851863e-05
1.2944937763375068 0.00021803059692242484
1.314682964780871 0.00024707476130562413
1.3191820563822758 0.00011658969375745027
1.323513768446059 2.6015139183349515e-05
1.3421568736161893 9.010285932520556e-05
1.3474336822380044 8.067496887014737e-05
1.3590700965864473 4.3286957977607165e-05
1.3766631251374344 7.35065880430726e-05
1.378236896111712 7.138892420652048e-06
1.3922406159763734 2.134663713676274e-05
1.400822751848253 2.217420169068253e-05
1.4132450381441748 1.5398573037827568e-05
1.4259147462622086 0.0002295542483825528
1.434063025102121 2.8965811564233034e-05
1.444796317335919 0.00031265543254504433
1.4484222453419149 5.1284520614941815e-05
1.454921466489858 0.00012646527693558406
1.4598418642299253 2.9348888839738084e-06
1.4740830619109102 0.000315144521322767
1.4849827919553156 7.985602714361814e-05
1.4980610680520634 8.526042987615153e-05
1.5095302069554772 0.00011743879609304343
1.5278594246208659 8.88693440181318e-05
1.5509154011652333 0.00023573401529969841
1.5604484918068988 7.629284195612057e-05
1.5676622991592926 0.0002595871364893946
1.578484501463933 0.00020745981705399603
1.5906885687804018 3.4623224686818884e-05
1.604094118524975 1.178030108599554e-06
1.6129668143176317 8.97204522280559e-05
1.6197738592558357 1.3616550674412127e-06
1.6705184299496623 6.387756949127636e-07
1.7072785022549763 2.1686717092101982e-05
#kx=6.0, ky=6.0, Jx=1.0, Jy=1.0, Jz=1.0, h=0.15
0.13629892826548917 0.00020889898996075183
0.1551919265852275 0.00011067387744899671
0.1726420412515417 0.00014273694342155187
0.18113205612114158 6.453926985130598e-06
0.19724482307652502 3.1978386710988465e-05
0.21913029790100957 3.591773115613157e-05
0.22356978056857713 3.9408020905396066e-05
0.23671085963261007 5.2209281293815865e-05
0.24789188040554855 3.702294409354453e-07
0.26118344607977295 0.00019987134375668743
0.2727508427907904 4.1289575352874946e-05
0.29134335511614373 0.0002965409895382686
0.29813445308746245 5.7204472261829845e-05
0.3025588347760977 6.666026129091239e-06
0.31862330461774613 0.00012802335163622044
0.3295267530038476 1.1000573602930837e-05
0.333931617089962 3.2250660605229866e-05
0.34646619997785566 4.1556583666459714e-05
0.3635809104565346 9.27884691734622e-05
0.37521034603663905 9.973459072078033e-06
0.38195574290502576 1.870459632303332e-05
0.3963999008471164 5.102926549435777e-05
0.4087679068633904 2.0171108030375963e-05
0.4163234145496786 2.802630103774334e-05
0.4265643824362103 9.267979266882711e-05
0.43767405447032337 4.8106370543722445e-05
0.44171566096131876 0.00019043359459262465
0.4504156190415948 3.1458781531599733e-05
0.4933220666421462 0.00010902682216227803
0.5023674203613188 3.542603054743106e-05
0.5154259971063369 6.746486701088168e-05
0.531455465186586 4.771770517486399e-05
0.5428885753662321 2.775655082187213e-05
0.5509559051869517 0.0001443472352980055
0.5630286342076379 7.437514514712657e-05
0.5687492640378378 2.7275976946431612e-05
0.575406225852288 4.453426536299661e-05
0.5841662604056685 6.800078045443078e-05
0.5923861994031321 3.477805260169401e-05
0.6015484378343622 2.114908773851907e-05
0.6079309244584397 1.7797532039905513e-06
0.6218116478671409 4.280844441115618e-06
0.6328624426308316 5.894139337249209e-06
0.6387683115905418 2.53539792249181e-05
0.6491722955230256 7.595859926320833e-05
0.6593305144978362 6.4690293121354455e-06
0.6685233953950975 9.953472365208322e-05
0.6753063465539832 8.012692570884802e-06
0.6836851864977928 9.421593139009002e-06
0.7045790316891204 2.7722506372344788e-05
0.7309606392271484 3.6052405483965204e-05
0.7538709514982739 6.645043511901526e-05
0.759567109049577 6.762772294474089e-05
0.7645118029074321 5.9848822077502006e-05
0.7822606706997642 1.3400400859033449e-06
0.7899963867757248 2.0846799919173848e-05
0.8034905817305921 6.598955492144158e-05
0.8433284230039229 5.4281521323397426e-05
0.8521671868358982 6.720121793368576e-05
0.8799115774470301 1.9897686870664824e-07
0.8974861661529998 1.758987013093281e-05
0.9330898489481754 0.0003960530260646787
0.9808683250842876 4.8744815348177666e-05
1.0073843685602206 0.00022256515606441108
1.023750820749737 3.662154684910202e-05
1.0481776675515535 3.0901979560181356e-05
1.0703782108369009 0.00019968973951161695
1.0875661550170164 8.881475623210239e-05
1.0904603134579371 0.00017888861938196118
1.1000470442603043 0.000487356149879353
1.1262586383335593 0.00010845989741770302
1.1312941577928393 0.0002369936431708669
1.1519752122246707 7.372202306059995e-05
1.16025639057037 8.925386061845778e-06
1.1692829774949893 5.739545545128797e-05
1.1726365360178992 0.00010424460042080086
1.1823020337048162 7.058467047664466e-06
1.191772251902261 0.00013123297399110598
1.1977174349013837 9.464428361263362e-05
1.2067914420192567 0.00016484444696943933
1.215806159289568 5.37969792126147e-07
1.223878515412049 6.387201460668409e-06
1.2340274933182827 4.482263807014957e-05
1.2392185170650079 3.742678803893135e-05
1.250607467278475 0.00018587051246775013
1.2557404427650998 1.4802035825787161e-05
1.259959996924434 0.00013324213230463892
1.2671836692657368 7.178523556649377e-05
1.2698982865957342 8.911988221853481e-05
1.2747680567761788 3.152600446013717e-05
1.284532995004692 0.00015467766114747095
1.2942238092113778 0.00014048875293080942
1.303959944758148 2.5601067850469042e-05
1.309861861254007 0.0004659735334244682
1.324630679677563 4.9818754143788334e-05
1.339760172330517 0.00014924084882815444
1.3422012425827634 0.00014697239192830254
1.3547734249724808 2.602502176198669e-05
1.3644069889095283 7.255789811992041e-06
1.3728180590668593 1.8137733299283453e-05
1.3873206928404387 0.00014278295796943407
1.39633979168298 2.1002973404909018e-05
1.4026949076075241 2.875753075241444e-06
1.4170600063563294 1.9456426902773628e-05
1.4231722408808178 8.394776826015498e-05
1.43576168488454 6.690414200831269e-06
1.443194324755726 0.0006548907908630217
1.4515739576632136 5.440407832799372e-05
1.4573006271417033 5.167019652092328e-05
1.4674992901475896 9.704714143903387e-05
1.4755438073386806 0.00032340007508919913
1.4874329156274024 2.6195111052295075e-05
1.5003912661340917 0.00020782308565041785
1.5110153753005395 4.761779299698241e-05
1.5269019938218702 7.942587152359731e-05
1.5523227797814405 0.0002344028056237143
1.559414583922985 0.0002118626791322595
1.5653926250636419 0.00012406467611809764
1.5826352661842158 0.0002010446451114048
1.5943534080878767 8.289140322597877e-05
1.603025254200829 1.7807329954388563e-06
1.6138799286228593 9.284873506624618e-05
1.6194987955524716 1.1700792639101668e-05
1.6760361108646171 8.623753746299275e-06
1.7077799526176811 1.5774430173825192e-05
