#kx=6.0, ky=6.0, Jx=1.0, Jy=1.0, Jz=1.0, h=0.15
0.13629892826548917 2.5520356320738174e-05
0.1551919265852275 9.189486829790059e-05
0.1726420412515417 8.054653327284542e-05
0.18113205612114158 0.00014790792357981686
0.19724482307652502 7.74493263875533e-05
0.21913029790100957 6.10177950606601e-05
0.22356978056857713 6.481204537842029e-05
0.23671085963261007 0.00021526667036527982
0.24789188040554855 0.00010166411490560313
0.26118344607977295 2.5495502080250994e-05
0.2727508427907904 6.189060269990857e-05
0.29134335511614373 1.0706658478884741e-05
0.29813445308746245 2.147445061155013e-05
0.3025588347760977 4.3818274825398976e-05
0.31862330461774613 6.97336107079886e-05
0.3295267530038476 0.00038733917564777334
0.333931617089962 1.862596226222205e-05
0.34646619997785566 2.1643944416298467e-05
0.3635809104565346 3.178551851101657e-05
0.37521034603663905 5.6670334567721636e-05
0.38195574290502576 1.3610991004639663e-05
0.3963999008471164 8.541974192925802e-05
0.4087679068633904 4.1861779323670726e-06
0.4163234145496786 7.288227829204334e-06
0.4265643824362103 3.406621885345232e-05
0.43767405447032337 2.744307717379931e-05
0.44171566096131876 1.189603140633801e-05
0.4504156190415948 0.0001347857404748865
0.4933220666421462 5.2252271471426204e-05
0.5023674203613188 5.4520247935748565e-05
0.5154259971063369 9.25223803594353e-05
0.531455465186586 3.763231552887918e-05
0.5428885753662321 0.00010583352882246866
0.5509559051869517 6.399354245325771e-05
0.5630286342076379 5.995017461979179e-05
0.5687492640378378 0.0001922672606161369
0.575406225852288 7.809905274561458e-05
0.5841662604056685 1.9323841224368787e-05
0.5923861994031321 6.001240002877016e-05
0.6015484378343622 1.353496497453242e-06
0.6079309244584397 0.000194531864692004
0.6218116478671409 8.423271368007062e-06
0.6328624426308316 3.0028479842235578e-05
0.6387683115905418 2.128203270748606e-05
0.6491722955230256 5.018823589787041e-05
0.6593305144978362 6.550153983657705e-05
0.6685233953950975 8.247324416200197e-06
0.6753063465539832 1.7209283518032145e-05
0.6836851864977928 2.6944192538288652e-05
0.7045790316891204 7.521385379063605e-06
0.7309606392271484 1.3093878340013531e-05
0.7538709514982739 0.0001642097123261403
0.759567109049577 4.172130848725294e-05
0.7645118029074321 8.552194399918149e-06
0.7822606706997642 5.567865123882657e-06
0.7899963867757248 1.406530506092973e-05
0.8034905817305921 1.553555301589392e-05
0.8433284230039229 6.656539998792845e-05
0.8521671868358982 1.6364365118720144e-05
0.8799115774470301 0.0004921425128748741
0.8974861661529998 0.00012839420428204385
0.9330898489481754 0.00025046995323427387
0.9808683250842876 3.6389095164938037e-05
1.0073843685602206 6.758321709492277e-06
1.023750820749737 5.303352955528351e-05
1.0481776675515535 8.21894979167131e-05
1.0703782108369009 4.5762797732984725e-05
1.0875661550170164 0.00011592496765457859
1.0904603134579371 0.00013080474308320872
1.1000470442603043 4.169923803550218e-05
1.1262586383335593 7.251077534429763e-05
1.1312941577928393 1.6706472257390084e-05
1.1519752122246707 0.00022635926668880782
1.16025639057037 0.00022685143367421693
1.1692829774949893 2.442595313537754e-06
1.1726365360178992 0.0001334883467151973
1.1823020337048162 3.712611405968249e-05
1.191772251902261 0.0003023470875319542
1.1977174349013837 0.00031521968694740184
1.2067914420192567 1.830870549727583e-05
1.215806159289568 4.898362961700543e-05
1.223878515412049 0.00012069900181476025
1.2340274933182827 5.984932619116034e-05
1.2392185170650079 6.202569850443946e-05
1.250607467278475 1.1233769547728462e-05
1.2557404427650998 3.62222166112287e-05
1.259959996924434 3.791049109693265e-05
1.2671836692657368 1.018124909904082e-05
1.2698982865957342 0.00023651715198706028
1.2747680567761788 0.0002950618475655499
1.284532995004692 0.0003175584691875736
1.2942238092113778 9.900509382124888e-05
1.303959944758148 5.8893257031308564e-05
1.309861861254007 7.371708755880122e-05
1.324630679677563 0.00028555467031476635
1.339760172330517 8.70500031240862e-05
1.3422012425827634 4.505925511959231e-05
1.3547734249724808 1.5396913295817624e-05
1.3644069889095283 0.00012737967319908966
1.3728180590668593 1.1896334984611599e-05
1.3873206928404387 1.872743962883117e-05
1.39633979168298 8.420020406640935e-05
1.4026949076075241 8.000920210848499e-07
1.4170600063563294 0.00011924663757776869
1.4231722408808178 6.849790506713111e-05
1.43576168488454 0.0002252052801486179
1.443194324755726 8.323903537410769e-05
1.4515739576632136 0.0003890897997737718
1.4573006271417033 6.377024001463865e-06
1.4674992901475896 0.00032016992163134067
1.4755438073386806 0.0002055134210670299
1.4874329156274024 2.1199354874076612e-05
1.5003912661340917 5.819500225408438e-06
1.5110153753005395 3.517634130013201e-05
1.5269019938218702 6.254332978449463e-06
1.5523227797814405 5.326154002928988e-05
1.559414583922985 9.640043954788611e-05
1.5653926250636419 2.902394219937842e-05
1.5826352661842158 3.0385615857832472e-05
1.5943534080878767 0.00027386453808328346
1.603025254200829 0.0001364132100785399
1.6138799286228593 6.16958737746037e-06
1.6194987955524716 7.154912688418917e-05
1.6760361108646171 2.824705263814201e-05
1.7077799526176811 1.3904199246871299e-05
#kx=5.0, ky=5.0, Jx=1.0, Jy=1.0, Jz=1.0, h=0.15
0.13762311321196152 7.753736839135801e-05
0.1516824086887869 3.455090550139395e-05
0.1631989981393206 0.00017170513689729414
0.16319899813941718 0.00015438835509735607
0.1830160348943055 4.446698327760928e-05
0.20058834848113882 4.439921230559314e-05
0.21432673296608418 5.670063287555176e-05
0.22138250146478244 1.2865833116750558e-05
0.24013774563093837 0.0002636612400106623
0.24585468762882035 2.9691113607922112e-05
0.26501573515429366 1.430188413068329e-05
0.27377527604081686 7.655257375359166e-05
0.2880249433666521 1.422735103825418e-05
0.29929517949592643 3.568831531050852e-05
0.3074775286949627 5.102907651846284e-07
0.3191892532628543 0.00023298835114111824
0.3275033648294223 0.0002124642159810386
0.33556393749420876 9.712112817718282e-05
0.3499037828316104 1.5584585543729702e-05
0.36527359735678 7.614173827896173e-06
0.3768263346770728 0.00013420809257942267
0.3888839899739899 7.436811622342689e-08
0.3985536771332493 0.00010807850879212687
0.4101449494019127 4.053287474730304e-05
0.4194033358265581 1.2723910281171017e-05
0.4265009429527822 1.5053352820103667e-05
0.43833075805024047 6.695773416680629e-05
0.4430206758830968 1.3417000506890398e-05
0.4504778058916842 7.390520062202087e-05
0.501152406263799 6.479347930718521e-05
0.5130918159856929 5.575807993862927e-05
0.526908535624665 1.810506114474293e-05
0.540343645269043 9.679935267174613e-05
0.5480959929686169 4.749589793225281e-05
0.5520661363068369 1.4702804287004765e-05
0.5607718197455036 0.00016586943020922566
0.5685030664737439 8.446536821129434e-05
0.5807226071843435 1.7351069058918222e-05
0.5875258758967455 7.805157040417924e-05
0.5941439752467209 9.735729192749824e-05
0.6047077150402913 1.9792006245387572e-05
0.6090393322512822 3.8660305369864655e-05
0.6258079577094394 7.226375306035218e-06
0.6327513947906116 4.315910941551199e-05
0.6375343760337576 7.417257269564609e-06
0.6475774741855189 8.01318430345288e-06
0.6594145377963234 0.00010874856295402992
0.6700968884818503 1.658274149331836e-05
0.6760240766043657 1.0547306595824889e-05
0.6961060934455354 2.0325774763535743e-06
0.720088472558082 2.8987708320666855e-05
0.7277282403287666 4.851724053369768e-06
0.7564265277992666 0.00022580130113480693
0.7603077948664838 4.7705030974895166e-05
0.7725335222236152 3.4369568326194776e-05
0.7786082727419613 1.801970266958433e-05
0.7908971630034928 1.5677995110448092e-07
0.8326186708183952 4.558890775084712e-06
0.8437998329897067 8.880437348134173e-05
0.8564720805874854 1.7843920465467012e-05
0.8801138730139862 0.0007318251911537573
0.8842475117076204 3.2794271527280306e-05
0.9640756563803227 9.863821731630418e-05
0.9978728876243947 0.00020577715082968935
1.01113377789952 0.00010293545910212749
1.0411648020938618 0.0001384689796792484
1.0603300285384942 0.00028849678937799695
1.0824279887049104 0.00027452205596959444
1.090314121262503 9.94525659310457e-06
1.0970176795557351 9.813987703451724e-05
1.1028500697775745 9.843142982970917e-05
1.122075384591807 2.6538341046462605e-05
1.1385267504114722 0.00016081491194646703
1.153381151379641 0.0002548617615751578
1.1624977550917777 2.6229346301255727e-05
1.1698506146133503 5.764660051103768e-05
1.172543660169597 1.0909727993321292e-05
1.1842496828121885 8.015004373943267e-05
1.1985547564114514 4.5949366462218525e-05
1.2060866097139193 8.387653716870606e-05
1.211777597141435 1.4784178906849904e-05
1.2159749960811372 0.00012124225222865889
1.227881908289974 7.63717579834293e-05
1.2370270216452002 8.01001374680038e-06
1.2470809235314069 2.253071963092072e-05
1.250191910229107 0.0002536934458883484
1.2561894346441642 8.47041911036339e-06
1.261861108050556 6.59388168892398e-05
1.2664987223659536 0.0004416277752219906
1.2693123479696173 2.062852728866258e-05
1.2777351098096235 0.00022121165904241265
1.2869015184663535 0.00012865177517728014
1.3005317182661302 8.668839595187999e-05
1.3073417808944654 2.977820897961947e-05
1.3131477420659547 2.077214240353076e-05
1.3248209960655954 0.0001667191476216891
1.341030232783837 7.498356274449792e-05
1.3478584968452796 2.521771293477925e-07
1.3573828274724065 1.9348765004260586e-06
1.3603068905203948 4.8744597450194745e-05
1.3846402178090345 8.880544806004954e-06
1.3922771383834371 9.600347495646071e-05
1.3996721586050591 1.4067099232439017e-05
1.4162646165640465 0.00013824293405135483
1.4243451204747797 0.00012629773817073346
1.4357518918125967 3.558340833982439e-05
1.4416730415175927 0.0001281207803950108
1.4489444242410836 0.0005714569779994775
1.4568221148728078 0.00024220228679304912
1.4606359024537348 0.00022270961679584625
1.4748599840857946 1.9769301373087198e-05
1.4873807142916584 8.816271999514365e-06
1.4971235048371874 3.5034896784511298e-06
1.5040491741689344 2.0777547426901123e-05
1.5219517317784041 4.272639043729599e-06
1.548718277105921 1.9889014098327573e-05
1.557116227637931 9.381885967599593e-05
1.5681616408870758 1.1881300842512025e-05
1.584322407811004 0.00047472703405480236
1.5862124324778688 8.32957263165964e-06
1.6008675332470301 9.944263876986086e-05
1.611348938750015 1.0824823976561662e-05
1.6185390990227493 0.00010107467216025313
1.673694469677725 4.182955360176296e-05
1.7080063378440546 5.4264462409042535e-05
#kx=4.0, ky=4.0, Jx=1.0, Jy=1.0, Jz=1.0, h=0.15
0.13368144601633047 8.92115327131967e-05
0.1524790122070363 1.2322234474195475e-05
0.17583429522406657 6.644774986632825e-05
0.1844530552075646 7.367763575063669e-06
0.20213895566218276 4.554637946570387e-07
0.21158214433881106 4.491479373986251e-05
0.2205741437760561 4.178562448862165e-05
0.24089707841851105 0.00011901120209358449
0.24719210581877205 5.277982042826433e-05
0.2697965044572054 5.685717036151522e-05
0.2749992268508433 7.228814740679833e-05
0.2849784394976984 1.6542010624318308e-05
0.29776981685556536 5.809708667700103e-06
0.3063952094433209 1.3985126760388994e-05
0.31874567705119095 0.00036400985569197083
0.32652245531484325 9.887941920351129e-05
0.3368913372652127 0.00018462987390631394
0.35115410210900144 1.5058741720981015e-05
0.36501393166271656 5.99748246378663e-05
0.37958974535767687 0.00013136376066251744
0.3895022516308855 6.539561038424359e-06
0.3996542637578121 0.00019115442554952893
0.4099940775063493 2.8851544211125585e-06
0.4171946448533409 4.557531862325101e-05
0.42698142855589705 1.1647071998484533e-05
0.4404100693336094 2.2596405395453404e-05
0.4420994485791979 8.89153667738449e-05
0.4506979857439364 2.4672610338922106e-05
0.5016036017980852 1.5471808187952777e-05
0.5140488365236101 7.100552919715195e-05
0.5259305582399482 3.94030263175468e-05
0.5418951099435848 2.5596353145263456e-05
0.5510566444665316 6.730958607572701e-05
0.5557184800050297 0.00010383576039315057
0.5653801411042075 4.660359216924728e-05
0.5787724494742691 2.4246152228931365e-06
0.5857120471361804 5.817394762439239e-05
0.5876060802686012 1.638128863574579e-05
0.5993459629335335 3.770874470325219e-05
0.6053125219502636 4.25795569001505e-05
0.6171294585344178 2.713127140795861e-05
0.6305097348562766 4.1907350903600824e-05
0.6397498278269004 2.601509806564836e-05
0.647330707918064 1.0654575251609695e-05
0.6503692535398464 5.010130933318371e-06
0.6660073080058637 6.480622820050784e-05
0.6720625108450345 2.38050723239542e-06
0.6811452901962423 4.7869600819532145e-05
0.6951234049750105 5.1219735872269104e-05
0.7040613944412483 2.8542028054313513e-05
0.723490447887894 1.9513817570051848e-05
0.7529915835235329 0.0001787469582009143
0.7617374009102845 8.603301935688623e-05
0.7649147551316215 7.328850438812406e-06
0.7771617459160934 5.193506391605538e-05
0.7904040700363302 2.8195434907842897e-06
0.8059861370374016 2.570677447686825e-05
0.8342481557191517 0.00014809306118047263
0.8468193775779226 3.227304677553595e-05
0.8638210115218026 5.1530225010523244e-05
0.8785597946406237 0.0006075320639937683
0.9600949698315298 9.875572489182198e-05
0.9903291663437547 0.0001970026975305648
1.008021009281805 5.2753400379643733e-05
1.032835081142554 8.645672555119761e-05
1.050222422663793 0.00012561289153265647
1.0698315339382847 1.4014744869021465e-05
1.085064751343399 0.00021041674277750817
1.0885155530836876 0.00017248731543532034
1.104340208364976 9.92839944416849e-06
1.1159745623526185 2.0953142028653992e-05
1.1287794421309356 8.61733126523252e-05
1.1497223626886888 9.395832739043564e-05
1.1590515812113162 7.061605797988554e-05
1.1652014761641154 3.39774475962468e-05
1.169609541210645 7.978730565906907e-05
1.1824400350842001 5.943659429869545e-05
1.1908342427632572 2.368378504959223e-05
1.2030776296835588 3.132542962133286e-05
1.2098296341824684 4.912524415400523e-05
1.2123418950648475 7.717402715405349e-06
1.2215311562447329 6.474773937042568e-05
1.2339316410361727 1.6013270969206085e-05
1.2375505608818682 6.849977593941444e-05
1.2427485338672761 0.00021776047021142048
1.2501109817906664 8.9379434681076e-05
1.2580472811850867 0.0001253666515834525
1.2607822960062154 0.00014406634340219883
1.2668844736857237 2.374830923166368e-05
1.271998397403774 0.00023244451810181611
1.279350614416369 0.0001460861671053293
1.2888637029375665 0.00011174481177929897
1.3025901578762826 1.2533804599045864e-05
1.3092739543154304 5.655236772388557e-06
1.322012223800468 0.00019516106746962343
1.3359457256306158 2.1126126502935054e-05
1.3430524207118317 3.218251479138993e-05
1.3473722029865465 1.713534381743297e-05
1.3589411018238655 7.180706116503395e-05
1.3717860263887576 4.809713161381486e-05
1.3874018646409465 0.00015297194089389555
1.393559693635496 0.00021920624901858448
1.4033579168318195 5.1018789534619376e-05
1.4119825249423616 0.0001649927745847178
1.4219584238413492 0.00023198635306776065
1.4330965956718518 0.00011810468580137231
1.4381067680494763 0.00021605731124922715
1.4506373678361095 8.422949645650676e-05
1.4596324248088726 0.00018589776629415316
1.4685157938349314 0.00017199723083854328
1.479798813554104 0.00010095126859072415
1.485952578534705 3.1199323406422814e-05
1.495433923290671 1.3998583448585817e-05
1.5014733752016136 8.681103803418803e-06
1.5189272279255812 1.8171636775373563e-05
1.5415586703903612 0.00011700401053655746
1.555521574098448 9.514580157191515e-05
1.5722557037251805 1.413509568011699e-05
1.5884503487316164 0.0003129995772835551
1.5937810906181893 0.0001284739421228607
1.6011691668578687 5.1257778104755535e-05
1.6150973541710367 3.213846982058891e-05
1.6201357972218755 0.00010402340645960164
1.6580252381187088 0.00012035824030982288
1.6872119658027274 3.210490278674449e-05
#kx=3.0, ky=3.0, Jx=1.0, Jy=1.0, Jz=1.0, h=0.15
0.1318830937739024 0.00013149188796057764
0.1574161488785164 5.270409254153384e-06
0.17747560263448925 3.819927707108438e-06
0.18712816720457048 7.427410911350326e-06
0.2038080612906762 1.057303067415454e-05
0.2128897899764226 7.089956774155271e-06
0.22044175139691646 3.4571078444599224e-05
0.24399401628262485 3.286169904057968e-05
0.2536208849051713 3.6390655179188045e-05
0.2721987850581459 7.057514960359134e-05
0.27772864541086073 3.1649878154185543e-06
0.2920578005912944 5.582170528694859e-06
0.3057085998395648 9.28770093626949e-06
0.3107910439990086 0.0002507921177091227
0.3193373249335324 0.0001712688406455674
0.3266756819527461 5.376862838814488e-05
0.3379270662599737 5.247306865562641e-05
0.3555855194085006 2.3694205821101323e-05
0.3684790359553358 0.0001123339406786049
0.3817718405025494 9.336813681782838e-05
0.391906156348642 3.335154458365804e-05
0.40570781096362585 9.295901039109905e-05
0.41455651404112115 7.292544802453994e-05
0.4220821475506953 6.821023090036256e-05
0.43140122885869825 2.3010092087165528e-05
0.443911155495591 5.173628126634133e-05
0.4467049347695201 8.77684784357098e-05
0.4536261438100808 8.027734087301645e-05
0.49817905649069627 4.155157230826891e-06
0.5159226502577519 4.0309140353659647e-05
0.5267141219127258 3.06659773967826e-05
0.5439790611498796 1.7353575720778052e-05
0.5522615529086622 3.982682146946361e-06
0.5584537926780231 8.060840705496913e-05
0.5632233102190509 4.278903288599577e-05
0.5710391647214963 2.31610489270942e-05
0.5819732777623149 9.453020913694273e-06
0.5882226259355883 4.4367725262332366e-06
0.5955173333791564 4.974101235070341e-05
0.6006511223785016 3.2395247919430044e-07
0.6096946300663864 2.6972779224722106e-05
0.618837493625603 2.0933082373657843e-05
0.6350570571845288 5.53594028012757e-06
0.6442297449976853 4.7989466703956965e-05
0.6503426966666959 1.724119139314311e-05
0.6621937998372884 6.480194287916856e-05
0.6716858401748349 3.4271946599107005e-05
0.6882307977031982 0.00013116729128047369
0.6954206954511855 1.7374015608213528e-06
0.7200917118325006 2.7192630421537998e-05
0.7269477732502366 3.827284382155146e-05
0.7419099409035246 1.3282163867615738e-05
0.7557562348727631 0.00019412959694276946
0.7669676607062909 5.822548761537394e-06
0.7738329876982397 1.0796925780208555e-05
0.7843044222381779 4.847636266933135e-06
0.8002592185669932 2.0880236559202477e-05
0.8331312785322165 6.006821254329676e-05
0.8489523675941851 7.516840452826998e-05
0.8597595149543363 0.00020351966527005664
0.887071168688906 0.00017542721736534474
0.9539014947097468 4.749922056746075e-05
0.9687446022868335 0.0002065564007284741
0.9927560413764863 8.694232833477574e-05
1.0100241637867384 4.349658564066443e-06
1.0197960092099179 9.838118713440439e-05
1.0394373337939795 0.00020824684290573838
1.0563342558140043 7.428273940742822e-05
1.0756543497326498 0.00015168683779890238
1.0893363177078181 3.7270131330256085e-05
1.1034116998096088 1.4298553288316123e-05
1.1099559279494087 2.1472339103073516e-05
1.1419307967356251 3.0191626553368696e-05
1.1476190310479932 3.795641471735875e-05
1.1605541068021523 2.893328185701664e-05
1.1741626530796423 8.802605347011297e-05
1.1797948926629438 3.183964133919063e-05
1.188538679089945 2.6025506995146992e-05
1.192799432191129 6.8557292269768266e-06
1.2012337605348133 7.854074183870081e-05
1.2112486697073104 2.253652131974655e-05
1.215263226513742 0.00018465822608553095
1.2246215739017308 3.1042263125089566e-05
1.2332247953509579 1.2914885438798964e-05
1.238589063052888 6.46512429069526e-05
1.2432035206395224 4.597261438686394e-05
1.2551023111868491 8.03606564363907e-05
1.2609255703718603 3.750854869878369e-05
1.2663668241725679 0.00010908620345684335
1.2735083923101598 0.00012094447286467331
1.2788073213250555 5.383938290249432e-05
1.2833403832983876 0.00014908630217347967
1.2915047406076692 0.00014526948012506452
1.301570564222465 5.239498369535532e-05
1.31295587584369 0.0003072305107747167
1.3240713651176328 9.173221797572437e-05
1.341290140934472 7.5108781178747314e-06
1.346389556498211 7.957987299417682e-06
1.349562207952442 8.505263950915936e-06
1.3650268140095356 7.695894831038083e-05
1.3698915399511087 1.1503791085839442e-05
1.390400658901811 0.00011202064541047196
1.4014254876187238 2.257553179061499e-05
1.4106249085017382 0.0001747144461869371
1.4206418643965135 0.00042189197050966496
1.4259939460614741 0.0001340722955954053
1.4354814550795592 0.00017464180272427156
1.4480993161486104 5.749772389310725e-05
1.458178468319284 0.00023762466477333696
1.46646397634417 0.00017085847370760585
1.4773979747434507 8.972214112071438e-05
1.4835951429320893 4.011368803374839e-05
1.4893200180049881 9.517499682399376e-05
1.5046304020008583 8.592507530734813e-05
1.5133800223284721 8.986680461353637e-05
1.5253431404108009 0.0002542227544207025
1.5447886274305123 6.798558840626598e-05
1.5661185917105058 1.9608991004647363e-06
1.5811157779407785 0.00017249957359748993
1.5928920786508054 5.891260342448479e-05
1.6032832352790438 6.77531708453293e-05
1.613155058974181 7.010633165205345e-05
1.6192100282736592 7.286585073185679e-06
1.6315986471979271 0.00011550608456356511
1.667471883365872 1.589362072978717e-05
#kx=2.0, ky=2.0, Jx=1.0, Jy=1.0, Jz=1.0, h=0.15
0.13481993770338707 9.814925420561706e-05
0.16304843852599893 1.6049956274701428e-05
0.17337724174856017 1.633810174151365e-06
0.18709475738699632 7.437990124233574e-06
0.20417672523810437 5.168760674301623e-06
0.2156526423878291 2.2049763824850234e-05
0.2208274141823735 1.1263959966031883e-06
0.24533827902360916 8.767886565968743e-06
0.2613573126751423 1.7504702600665006e-05
0.2714761644117536 1.19908974349656e-05
0.279883726994159 6.57770577982706e-06
0.2927844102394872 1.2289723498735818e-05
0.3016477558442682 9.41161202252672e-05
0.307873056057022 0.00014732561220357634
0.3187315632169563 0.0001229651052927466
0.3250447539536938 7.349558752924594e-05
0.33467104867761666 2.3055398269266964e-05
0.3526681161944034 2.2746725822882488e-05
0.3667505398004506 0.00011523813195191731
0.38075046189933015 6.359330565679641e-05
0.38993721889689914 2.7873333473856048e-05
0.4009869186997228 1.3624320294665224e-05
0.40754289774561914 2.4980126855289515e-05
0.4134830003202872 6.600546327237079e-05
0.42803573298585473 0.00011076567421154284
0.43380242107173395 1.9492069330454733e-05
0.44520768526792764 3.7971418972389286e-05
0.45078657086982443 1.0800465749056775e-05
0.45999084089291487 7.108682653772389e-05
0.49805010060470334 4.711600999788226e-06
0.5171749674715442 5.1403602921162644e-05
0.5292237390133997 5.494917023786884e-05
0.5445397695761506 2.6605376099584687e-05
0.5556815996179737 1.592832632182335e-05
0.5587008492287637 0.0001037099931519245
0.5676532243565019 1.5201322654447511e-05
0.5810146474142441 4.963821410358807e-06
0.587522697992704 7.547403545864845e-06
0.5886550450416439 1.1424188055945353e-05
0.5963235967770869 2.9300178794921385e-06
0.6105386365114579 3.161544190937143e-05
0.6132642687064421 4.1205525532596223e-05
0.6338203283366944 1.9364389226869485e-05
0.6393380755419525 3.776357376688389e-05
0.6483120613208826 5.682358573235762e-06
0.6596808626522321 2.4588525044485396e-05
0.668825599612663 9.352141482224642e-05
0.6795362415802286 1.2914639426383762e-07
0.6956063939380247 5.239052492269557e-05
0.7009847250513501 8.280747837850353e-05
0.7175128922514623 9.159409996639652e-06
0.7283850485823051 5.334344971295903e-07
0.7529602493481435 7.604820537437288e-05
0.7662983340878277 5.6984115379092875e-06
0.7732092034133958 1.8248220966503741e-06
0.7774411057951564 2.604108553376034e-05
0.7995840436065743 3.7949443753308335e-05
0.8097046050262074 5.02042126029019e-06
0.8362696359234567 9.838820235018852e-06
0.8538981253060834 8.61987961676523e-06
0.8677644252769406 0.0001065101403216726
0.8722643484126003 0.0002654406661990929
0.9040028281635354 6.368603583998156e-05
0.9773859359034726 4.562023461499473e-05
0.9937857191775729 5.969836727455013e-05
1.0068746920489517 1.6531916881953958e-05
1.030994126836509 2.3638804349173485e-05
1.047101142196078 6.830412335200342e-05
1.078357900446059 4.2089307742037545e-05
1.0848565997503172 0.00012691856886574846
1.0936691760059651 0.00014982528916992764
1.1076756369811303 4.478212940318283e-05
1.1338308758034543 4.988134961278272e-06
1.1467231407656135 3.9568890913037806e-05
1.162182574320945 0.00016616814802051792
1.1733823832181567 0.00010406289996677682
1.1758945267946892 0.00013520125011938475
1.1822289371824313 0.00012387435931203575
1.1864519854022282 5.3244428499976354e-05
1.194793649459069 6.197093977069027e-05
1.205952513769426 2.8165441692799224e-05
1.2119592960576613 0.0001410909945094333
1.2251147688616708 3.250138286768896e-06
1.2274806014120903 1.8948186206038485e-07
1.237677045353025 4.2250799073195576e-05
1.2480066144254849 2.3633393480311517e-06
1.2531441576358322 3.875397598287264e-05
1.2572891013517495 0.00017854818792635113
1.260803623458543 1.3493554456603832e-05
1.2678639204298248 5.9126095702234965e-05
1.273533163578816 2.3045086802457648e-05
1.2839083604637658 8.597314742393745e-05
1.2886268755862518 6.6750681738811086e-06
1.3033779773242742 0.0003113245671760052
1.3105639777723288 0.00015988489292462324
1.3256837867678102 0.00033185877382887514
1.333072481199895 0.00010802140877601205
1.3400384881371914 7.399770559263092e-05
1.3526187809509076 5.361951052793191e-05
1.3598320396382397 3.638464418153973e-05
1.3699887361684715 4.111292569494238e-05
1.3903816640775024 7.580247151388942e-05
1.4003839863874807 8.54926024973183e-05
1.4106981962840575 1.8080849383305833e-05
1.4178913665112476 0.00036368078065057794
1.4243623638867913 0.00022229377528530973
1.4334990985160545 8.590453106474613e-05
1.4460485408473138 7.026263592670225e-05
1.4566149822665326 0.00019785008963794698
1.4624092452600674 2.357020356556445e-05
1.468552569893558 0.00010121536785106073
1.481161438590937 0.000141745862059862
1.4903248080330056 5.147890159053507e-05
1.4982305567889305 8.594121711087318e-05
1.5059773488615458 5.9282907313899874e-05
1.5167124356903416 6.891731985529762e-05
1.5470412228207597 7.142331616724887e-05
1.5629772139907017 4.5231876929191685e-05
1.5793684688001592 5.4453755349628936e-05
1.5927275060098722 4.405732774590223e-05
1.6035193264276881 4.698002152202262e-05
1.6131632298532694 6.118121334567727e-05
1.620365871347698 3.178836434938964e-05
1.6263273914259135 7.966106581963801e-05
1.664301142135135 1.62613431622174e-06
#kx=1.0, ky=1.0, Jx=1.0, Jy=1.0, Jz=1.0, h=0.15
0.024837243440477552 0.00010020219897257534
0.13659353572536337 0.00010007261972160202
0.16289871154366475 4.9483784945339366e-05
0.1688845884224699 1.640657831980695e-05
0.18728567693480913 0.0003403924258794637
0.20422426921224368 2.1822743913003602e-06
0.21748325085538645 1.3373925807883087e-05
0.23006234542359505 0.00017213022060715745
0.24865961054926833 0.00019083914406840967
0.26287145867591954 5.7547592271785086e-05
0.26974994662171514 2.8126228212798124e-05
0.27990808816548585 4.89460731488818e-05
0.2897087834833634 6.54915821913819e-05
0.30628127932071814 9.411673431723985e-05
0.3084788468361205 4.7558800914467886e-05
0.31395795209731403 0.0013666188967329876
0.3222050957765582 0.000145848100654911
0.32648985569899647 0.00010615086825323174
0.3461314801942639 2.3530265533476412e-05
0.3564801252048011 2.336011719959587e-05
0.36084882080273273 0.0001322969178028643
0.3847639356751914 6.806742730929504e-05
0.39605957816862325 3.553389307362272e-05
0.4054496941503144 9.823817003191307e-05
0.41280557118480166 2.608112548755431e-05
0.42414663150092957 0.00013651348006056638
0.43481223219842324 6.873989416395347e-05
0.4409766839141577 3.0587852267656415e-05
0.4536876728255085 4.121291841420634e-05
0.47125839868303543 1.6536718513835417e-05
0.5006076975699886 6.458457668612799e-05
0.5175861523595643 0.00011991158537948177
0.5292021564697424 6.827912083719198e-05
0.5348426723651395 0.00013292937943580426
0.5417472073407464 8.91209813613251e-05
0.5574513093030359 0.00010620793978098317
0.5664978820946764 9.035835458768098e-06
0.5719400517489137 4.4416909022699524e-05
0.5813297947898283 0.00026065497728217774
0.5880124739518583 0.0001034585552820453
0.593970389183604 6.312007586000439e-05
0.603284941286874 4.733177978811676e-06
0.609343949060957 4.657941155366517e-05
0.6180829800099635 4.6266080384776716e-05
0.6261810298519116 8.828878996850853e-05
0.6378679389247627 0.00019771808010074664
0.6472425151784461 1.1509603278300415e-06
0.6558294957709471 1.961312578621627e-06
0.6715801212036426 4.011537505983927e-06
0.6838555541047847 3.1959524629319944e-05
0.7027714636453453 7.757908387487402e-05
0.7145017275839188 5.178439551955702e-07
0.7267327443996613 0.00012836103554034453
0.7406811463067214 3.1910924349126536e-05
0.7645435893092611 5.437036645487335e-05
0.7698548939126926 6.104430969296824e-05
0.7805072229122273 6.221645539696608e-07
0.7853533613791175 6.542400345022331e-06
0.7920363598816482 5.709908214498042e-06
0.8184177367638268 0.00014591577385333955
0.8333309040477044 9.997839218481519e-05
0.8588702214594313 3.50458096909865e-05
0.8771927417281261 1.2152773238256177e-06
0.8968802258607395 0.00022232835889564258
0.973493191406184 0.0001735315790504583
0.9924567371468307 0.00012195668218947118
1.006096693005503 0.00029057330063347013
1.020581929157699 7.061508548980205e-05
1.0474453424888641 0.00017680618035473337
1.0666129241658306 9.584290783265938e-05
1.089175310611924 0.0003398277631651881
1.0996083301966786 2.0516869411952382e-05
1.1152464897936913 6.40049182118194e-05
1.1283397659165324 7.238705997681163e-06
1.1436444209664383 1.2649925105173939e-05
1.1515318843513722 4.6868848689480684e-05
1.1666842134742328 0.00012015936303398459
1.176783305995367 0.00014798803667452542
1.1781209864943016 7.805634403003245e-05
1.1828077267926025 3.68405606309089e-05
1.1959815651793066 1.145000334104476e-05
1.2002465860552176 9.1479007498525e-05
1.2151970065839772 3.380124046885058e-05
1.2265536819466027 3.1325988223536947e-06
1.2317060024298403 5.0930023365888456e-05
1.2425251998536002 1.4685294142083602e-05
1.245812708522311 3.884076473089458e-07
1.2505301023290434 3.5147271750958664e-05
1.2582493491841151 3.647920094190076e-05
1.2656343222027395 1.972022488011857e-05
1.268930743505459 0.0001522321551954462
1.2815226071377106 4.8630486626459604e-06
1.284860545851601 1.6178341317196254e-07
1.295064218417118 6.929416296273272e-05
1.2990151387804478 0.0004237962787920889
1.3114552825984371 5.7210998108734825e-05
1.3255940242543163 1.1421743480795408e-05
1.335096762386128 0.00021142452163602912
1.3448879386880068 3.941483294471616e-05
1.3537277116708135 1.1028942860544466e-05
1.3625565377238473 1.056219494700226e-05
1.384965993761832 0.0001151581540637722
1.3924397377437296 4.105724994655427e-05
1.3980663317451674 1.891634751439486e-05
1.413238176741352 6.655340757451728e-05
1.419743147806466 0.0005158442706431311
1.4270408976216287 2.653989148041127e-05
1.4410564574761002 6.5555095709576e-05
1.4536852738146218 9.366869114853319e-05
1.4587735787588714 0.00014038545509252034
1.467269950326694 8.555034234087163e-05
1.479064223447562 1.3173398849609404e-05
1.4808034979503097 8.346565417169433e-05
1.499988401820025 4.0515759783894356e-05
1.5079842715486924 3.664949244793514e-05
1.5216250479198346 9.27392791229705e-05
1.5470769366322679 0.0002336676313036164
1.5615656364197323 1.2261449797545598e-05
1.5794864534573598 7.199628323576225e-06
1.589410525297884 7.775082371858949e-05
1.6021572051310478 5.911850144538628e-05
1.6087940739871875 8.006288651206987e-06
1.6219646857471277 1.2897927734949063e-05
1.624636082779121 9.519986983875257e-06
1.6562257637880817 7.638015307169681e-06
#kx=0.0, ky=0.0, Jx=1.0, Jy=1.0, Jz=1.0, h=0.15
-0.10659125610308906 0.000662539507789157
0.1388357376828414 0.00016422017474315226
0.158230186086043 0.00016671890921564312
0.16285351040274954 8.015604604187624e-05
0.18684624883190393 0.0011277145084139992
0.20068918748792686 7.003621239882083e-05
0.21247867999947823 0.00035275249925161234
0.2339292446263891 0.0005047453042061242
0.24495272047410033 0.0024441325446030015
0.25325253999929964 6.627642511135363e-05
0.2638737533134611 1.7385244927709032e-05
0.2775104621806962 0.00014021018265674754
0.2882556552553256 0.00031661620773297885
0.2993561369488301 8.343612356614341e-05
0.31040987817916477 0.0008182632482450382
0.31327658596995267 0.00359059506458465
0.32109375553060704 0.0002588602287760928
0.32625579676311356 0.0023678690050689664
0.34042234482989986 0.00018056316113273678
0.352117692632018 0.00017379967149928582
0.36187139079553066 0.00045127378820712736
0.3808956594551105 8.300872037963569e-05
0.39202294688784833 7.99031708924925e-05
0.40295487951348186 0.00035646128162245347
0.41029199572233277 0.0005765048620428657
0.4208069920532087 0.0008266225728770332
0.42949623509183743 0.00026391133127161233
0.43981517539264436 0.0002350534238268592
0.45155567385732287 0.0006336139481045297
0.4559668040220016 0.0003549849299458701
0.4826381922064432 0.00012725509651462767
0.5015590663028652 0.0004142667760098194
0.5079954204057935 7.242006526255532e-05
0.5214966441000396 0.0009540506185581927
0.5368314532404 0.0004884690743904559
0.5482406029015535 0.00025678792593446925
0.5498665805284852 0.00048342279516785225
0.5624367429225119 3.897185034271924e-08
0.5674419294090616 0.000512858648970905
0.5779323993837415 0.001619124824197218
0.5880558532672581 0.00018445236083120198
0.5924045222396285 0.0008522813226115557
0.5993881512008031 0.00042076404467921883
0.6078614195243914 0.0006244662572737286
0.6160049255953087 0.00034683194524678896
0.6364543999115679 0.0003305131145953047
0.6413563121677834 0.00014389385616828495
0.6556045605766181 5.580056220466222e-05
0.6713905596120873 0.00015902619096264342
0.6826925890400404 0.0001450492546558585
0.6995972035611081 5.672704148240345e-05
0.7169988917836223 0.0003458681187880809
0.7289744421596772 0.00041248768859060355
0.7376178781976817 0.00019556856286459125
0.7588044221983309 0.0004542151689340198
0.764731301443316 4.168314747467675e-05
0.7708910985821199 0.00011368065263742672
0.7850685588894091 1.9906678696256038e-05
0.7907782219911536 0.00012525397744712552
0.8029985136178625 0.0003757524954570891
0.8120429788017314 0.0005311444620067808
0.836056851347346 0.0008057272232413071
0.8687903510909262 0.00018712161824158615
0.8782461730023711 1.8300933205157648e-05
0.9062052530847986 0.0009578897263042296
0.9731975194235032 0.00021949670191785998
0.9861028042741815 0.00015492829937748575
0.9969870934694608 2.0539157076900333e-05
1.0132501831476186 3.289686071876112e-05
1.0457051999990359 0.0004134417487096699
1.0722157056052162 0.0003403403285627825
1.090397572777368 0.0009117197529616393
1.1039143592955536 7.059623497482557e-05
1.1168936403267034 0.0003857687093807777
1.1369555328552865 5.908418594969112e-05
1.1474436723697667 2.185342477436552e-05
1.1584468751508592 0.0001962680843624934
1.1693744382219695 2.0014390633062733e-05
1.1766629603487988 0.0002904957578763514
1.1815641895964912 0.0001230595836615988
1.190225849754587 0.00031092341461687865
1.198812649597341 0.00010564045710905045
1.2104411760948013 0.0002741809455516716
1.2180031458679985 0.00019754086747980444
1.2284453145197287 0.00024570574135620405
1.231919196905011 4.337823652052143e-05
1.2432334577436532 0.00020326321564850136
1.2467115026974467 0.00011457281721005277
1.2498702794685572 8.069786901544111e-05
1.260699001782342 5.557957005220098e-05
1.2673483704711774 0.0001679923422627245
1.2724891600064288 6.680630517833904e-05
1.2795491605049674 3.2768059100967334e-05
1.287888426649323 6.356667726076251e-05
1.2936549185552866 2.6851835636520908e-05
1.3033634185474137 0.00012141083416102831
1.315364365462652 8.01277255523453e-05
1.3271611018787692 7.838412522074236e-05
1.339363257487426 0.00041362331018412785
1.3492440497373255 3.484712333471539e-06
1.3587819272909163 9.498053702821698e-05
1.3778840107456403 8.363879093197717e-05
1.3911142239659875 5.5763394989333966e-05
1.396295263145636 0.0001349040640485768
1.4099715802436714 0.0001516799091842459
1.4135163216106754 0.0003869150318378672
1.42507791686038 0.0001490921347092706
1.4319055020780462 3.924035444932378e-05
1.4445654453076289 0.00013354074917468583
1.4481335426236863 4.146144071084374e-05
1.4593060242316913 8.099835982452197e-05
1.4689896471229458 8.633595605774657e-05
1.4790521183033567 0.0001560870579691203
1.493609016496587 0.0001004017026147224
1.5103222885197605 5.622674877056072e-05
1.520504418314888 1.4898362863847893e-06
1.5358433880587334 7.596992288635194e-05
1.5541657199471453 0.00031696582267560515
1.5693221045331862 9.534238937600638e-05
1.5859643586938388 0.00012288741604135202
1.5962875988537095 3.221983634426102e-05
1.6015380319399508 9.088224010612645e-06
1.6085360618604887 2.5349192534680924e-05
1.6220751467911558 7.029495406928912e-05
1.6355328119798096 4.2598493602404556e-05
1.6764060032040051 8.338008465256032e-05
#kx=1.0, ky=2.0, Jx=1.0, Jy=1.0, Jz=1.0, h=0.15
0.13700729609554263 8.208085514884236e-05
0.16306396360087627 6.395326607404571e-06
0.1733061119813839 3.277930424299647e-06
0.1869467299601718 9.566867854191312e-06
0.20316926075659492 1.530988578785559e-05
0.2150421420734122 3.2846071440862093e-05
0.22145064233615452 1.0811213988135377e-06
0.24586914302405616 8.481799442985014e-06
0.26404025923522145 1.07052862130829e-05
0.2711422640937672 1.2383134430282813e-05
0.27974191511190516 2.0980112847616304e-05
0.29223635593795094 2.209527981870452e-05
0.301297244344535 9.249183027501831e-05
0.30539411691356266 2.6083760952443426e-05
0.3170361160189089 0.0003755204087850329
0.3205498473562657 4.061122212082947e-05
0.334126003325918 1.2225131215391885e-05
0.34449770470190544 1.978724450533068e-05
0.35968220218076996 0.00013411998236823123
0.381514602797256 6.951050728411272e-05
0.3896995607043019 2.3421541980447485e-05
0.4002719648329017 4.013109879020315e-06
0.4050031519656089 4.199187196394336e-05
0.412063088231685 6.553382144054075e-05
0.42468416631239014 4.400689708870813e-05
0.4330968001926122 4.89619871330355e-05
0.4420062859619439 1.4437443476713723e-05
0.4517485097442614 1.2018717953068198e-05
0.4658932004397831 3.339470418224459e-05
0.49694265398894877 1.3290555225083979e-05
0.5169106562859294 3.3556178145039304e-05
0.5302869457971632 9.080672203687613e-05
0.5373926473494384 3.987581968208221e-05
0.5524198999435531 4.277459611810336e-05
0.5566704385881849 4.23319616177771e-05
0.5665100971802178 3.6221356625447633e-06
0.5800808303129157 5.7139554119329416e-06
0.5846186260847774 5.43914834475529e-06
0.5886714149672057 4.699056516328977e-07
0.5952585562799689 1.1478128341755327e-05
0.6092664622859406 5.224404289011303e-06
0.6137761285082977 2.753545617026619e-05
0.6265943807970503 7.310350756737637e-05
0.6374934393243403 3.406005852362594e-05
0.6492608883532841 4.086934431131147e-06
0.6584356937019342 2.2215167276252095e-05
0.6697331644015575 4.707201819532039e-05
0.6785702122124693 1.0996127591793137e-05
0.6922015150635713 2.5022837775254146e-06
0.6984215806257354 7.866316690596405e-05
0.7135985779625775 1.4962567401286981e-05
0.7210795258390962 8.303216704378353e-06
0.7433188512430783 2.9654496185068897e-05
0.7628128292554509 2.3522095279511328e-05
0.7684903572867591 7.735791495301664e-06
0.774386997371242 2.4888058239891747e-06
0.7839054299863518 1.6429308686602993e-05
0.8007265169209571 2.5098650608532946e-05
0.8326301177918743 4.324261739224934e-06
0.8412907096256944 3.098744052542219e-05
0.865647616847342 0.00022580133143948897
0.8682597943913806 9.232922664469325e-06
0.8999587499259792 2.0215595773109878e-05
0.9795461317661741 7.337496873321216e-05
0.9944839519853116 3.69522285344799e-05
1.00741730302836 4.8041424658032274e-06
1.0335886634074287 3.3122497111049264e-05
1.04466593094368 8.847534705910457e-05
1.0647527236529557 0.00027384160649054917
1.0776181049797189 4.247908715321124e-05
1.091775990041282 0.0002029904514356703
1.1026058056046795 6.721014205259555e-05
1.1202749500896174 3.2115945820230045e-05
1.1432736269645254 4.8870244346191987e-05
1.1486326697762383 0.0001807349059466427
1.1629595911986153 0.00013675242173493256
1.1754082875254372 0.00012384132703583095
1.1772534275648938 2.4207936732975954e-05
1.1839554693971976 1.9191362128772085e-05
1.1914752168358027 2.9006988376898622e-05
1.200767614848196 2.3112886667873846e-05
1.208909265854753 1.7509022951175795e-05
1.2184929711345194 7.714193829888317e-06
1.2252777089369815 6.149789937917998e-06
1.2287238997488792 1.6144502398791904e-05
1.2429372059823756 1.5723846454384424e-05
1.245068829739674 2.056226283451426e-05
1.253339966745074 1.5831437322824965e-05
1.2601909058289396 2.33737463404651e-05
1.2619099136066207 8.614481375326072e-05
1.2704112464136212 0.0001396272853025491
1.280270154205407 3.405525330653378e-05
1.2861664739768703 4.9807685698127686e-05
1.289789991990364 1.2497120976172176e-05
1.3051605167176772 0.0005306751815259538
1.3142695579702686 3.267169034274362e-05
1.3260978632383469 0.00015302995725413035
1.3373590275148688 0.000132194652261566
1.3495110651301885 8.364494651148468e-06
1.354528613946303 3.3213255025478405e-05
1.367728975659116 0.00014061524498496438
1.3914639141872938 5.769231241441694e-05
1.3971753711454482 7.913069655128008e-06
1.4108070671386042 8.750583727464516e-05
1.4175440145298097 0.00024646448598206124
1.424425820526819 0.00021019278685076515
1.4327134098622691 0.00011113156983348012
1.448790948231714 9.592017607408595e-05
1.456047365728737 0.00014922111787227208
1.460699852008015 9.827602632199609e-05
1.467017668964465 7.192358796899829e-05
1.4833042280801894 6.735999603241983e-05
1.4895910512988912 7.133427155954807e-05
1.5016002514935995 5.033174333599905e-05
1.5118870726497473 4.656481498667155e-06
1.526151061347178 8.948594000849639e-05
1.5475400825177943 6.740775758714426e-05
1.5646740433923907 4.573104387573368e-05
1.5792609288044273 1.1472599075810364e-06
1.5956985220764537 4.7939237535434806e-05
1.6015706000228047 6.730430166358207e-05
1.6115314911837246 2.808996939020946e-05
1.620811288056453 2.0452869634102167e-05
1.6275814879552442 8.545110339778414e-05
1.665716417561776 7.674284181208145e-07
#kx=2.0, ky=4.0, Jx=1.0, Jy=1.0, Jz=1.0, h=0.15
0.13205759178930965 9.736649286124933e-05
0.15335643203095994 3.107807108864224e-05
0.18152522013166972 2.325040621555524e-05
0.18653059832983598 1.6471051972873988e-05
0.2002917871251464 2.8142089099740307e-05
0.20850922452694098 1.2910018781124488e-05
0.21627907035264127 6.81876034399987e-05
0.2446127935282072 4.559208314605457e-05
0.2587779515393479 7.422527965611724e-07
0.26863532512892974 0.00010170519216068429
0.277183231989937 6.659797749596017e-06
0.2874421708406222 9.963955309987274e-06
0.3009509238597452 5.499541430576718e-05
0.30605687792413017 7.667428914414221e-05
0.3161574119308552 0.0003605186283235962
0.32728302989135427 8.330380054425948e-05
0.33529017006824813 3.3612521679948e-05
0.3565972347005586 1.5216711101209163e-05
0.3668683816782464 0.00012534012733309718
0.3792065424476948 0.00012407617385606676
0.3957797283353348 9.284387406369589e-06
0.40150916608502507 5.794566224052468e-05
0.4103804315147702 4.226378064197009e-05
0.42056230927250526 2.0204861755819652e-05
0.4273281269460638 1.874839695370185e-05
0.4423176989875838 3.4356461982263704e-05
0.4452343248559132 4.395208311848457e-05
0.45595525527472647 5.229493393396964e-05
0.5002133689415617 9.12195966623954e-06
0.5152645529549693 1.5046695762252077e-05
0.5258506794329026 3.802101925803155e-05
0.5388154511981602 2.260126183683074e-05
0.551089059029537 7.61867071919075e-05
0.5528237602227004 4.380303999670019e-05
0.5662909094290536 1.991374308890815e-05
0.5761757585801297 3.7209126531835765e-06
0.5847662139890353 9.277139998830084e-06
0.5884477346365347 1.1946721569316119e-05
0.5977091814455759 7.407797108672057e-06
0.6064863792176661 9.24945805268159e-07
0.6174008464943326 2.1643799049719736e-06
0.6330516332828079 9.529110973705304e-06
0.6417943948073879 4.474672081518753e-05
0.6450340630272994 6.0623832400134246e-05
0.6562867081806328 6.195239536105887e-06
0.6639343419915467 6.396267799639955e-06
0.6741807204317202 3.738708804233783e-05
0.6857454851742728 7.304001405054498e-05
0.6933377638598232 2.946363913840706e-05
0.7093525781998877 4.188004406348578e-06
0.7331921568666361 3.869440380149612e-06
0.7476577219331348 4.191207430674475e-05
0.761051965331857 4.987198432426954e-05
0.767273976513087 3.353076445448201e-07
0.7731018243324922 1.0677325102133395e-05
0.7908427177603189 1.3873612923741477e-05
0.8003681239967259 1.2861784077714579e-05
0.8326560221753659 1.477396875116515e-05
0.851985497351444 7.854545578332955e-05
0.8662450349373069 0.00021755336110772854
0.8782955910799861 0.0002488864632072224
0.960319002757592 8.197120076015319e-05
0.9885140674192006 6.957095174898691e-05
1.0025210700665343 2.0776058983357544e-05
1.01809784342711 3.253224740757244e-05
1.0481714043978747 5.242214822851269e-05
1.0528340976690291 1.1721441321495192e-05
1.0781006585999116 0.00021505137870059441
1.088641165100409 8.739479211541778e-05
1.1056714105003667 1.371234305159843e-05
1.1112724363618627 4.0047436469176544e-07
1.1361918155133544 2.5395556374098255e-05
1.1479064625064543 6.078206103082965e-05
1.1611030730057008 2.3000289757413786e-05
1.1699240824071488 8.292552881126452e-05
1.1764117067026154 2.4264790452222523e-05
1.183356877268658 2.1977118610615358e-05
1.1964269002978352 5.849081400482379e-05
1.2015001679885824 2.7630163076162015e-05
1.2069910434044666 2.456807358869671e-05
1.2146860312842818 8.05596820084345e-05
1.226011478480586 5.158229213469838e-05
1.2315257046490002 1.7291664317415894e-05
1.2368733610794302 6.644704415915522e-05
1.239614112037336 6.346481994889937e-05
1.248137004289767 6.499951680823896e-05
1.2568707945726194 0.00015466264599826984
1.2649857334111603 2.936979637457057e-05
1.269140229724301 5.08417901316855e-05
1.2740275091171305 0.000162519176960081
1.279139323009853 9.35575843586813e-05
1.2866061722001632 5.085257457898157e-05
1.3034005628418037 7.769782815309649e-05
1.308718636622166 0.00029889399535623103
1.323642728396301 0.00011419822026715244
1.3358689353492736 6.327060083542098e-05
1.3443036493724914 1.3611789130730556e-05
1.3491170999305035 2.5168315787416765e-05
1.359677258265584 2.4904644087610518e-05
1.3728373772177682 3.1721973609791994e-05
1.3819018918481518 0.0002002834893599665
1.3912966370624336 3.5771296192056945e-05
1.405095483533888 9.608346097696944e-05
1.41107669859879 0.00026432493787144996
1.4261848775872954 8.672574186748574e-05
1.4319804149389659 0.00042099074846867933
1.438019080639255 7.193930280589112e-05
1.455397258806745 7.442469168254692e-05
1.460127718578209 0.00011506544908010266
1.4658320530528406 8.372381678632595e-05
1.4747717872878678 0.00015873604352166227
1.48335159624059 3.855490017484884e-05
1.4956366537916976 3.375087909363321e-05
1.4999411371383515 0.00016506216051682154
1.5100108520187088 0.00011018747106262686
1.5279852982554198 7.507979126858676e-05
1.5506952501174998 5.850122694460964e-05
1.5741894483524304 1.4649161147501762e-05
1.5807281731941514 0.00021413706976374907
1.5952065181597423 1.3323477804408767e-06
1.599601439178802 4.1506127922894756e-05
1.6149911144546643 2.3559916990816856e-05
1.6196090167947115 3.9434627839866795e-05
1.635949969825658 9.836885476294023e-05
1.6788616565454313 1.5179501576649555e-05
#kx=3.0, ky=6.0, Jx=1.0, Jy=1.0, Jz=1.0, h=0.15
0.13621757621974928 3.745981256209141e-05
0.15117763722216349 8.407652153693904e-05
0.17165583134511386 3.531170171154672e-05
0.18388010013894507 3.063954257264356e-05
0.19976036390711882 0.00010070035545047666
0.20528617595669096 5.848066336381009e-06
0.21825449832414245 9.543001800042957e-05
0.24154731182812694 0.00012505510273742415
0.25664558311540797 4.4463361388989525e-05
0.26306571039462656 2.2499124901252338e-05
0.27556840113594827 2.843142472058156e-05
0.2912559392857811 1.5041579889769977e-06
0.2982688707819292 1.772702461527066e-05
0.3032914522233304 3.6468198131827226e-05
0.31783495948150997 0.00027887551758684794
0.32524084776277606 0.00016830555019349476
0.3314996312634705 5.583677242554178e-05
0.353067008723153 4.5597609914246905e-05
0.3622015439019177 3.976166675659311e-05
0.3796312133595109 0.00010042109112584913
0.38843775060753816 4.513171730606468e-06
0.39985996077505803 2.6462264910542702e-05
0.4071277591521444 3.8302979204453586e-06
0.42356959744760503 1.119267577873408e-05
0.42844779024776125 4.6276922797830156e-05
0.43940881802645493 6.233712913490397e-05
0.4429244133206539 6.529097615545075e-06
0.4540126863976873 5.220724435403042e-05
0.49115466380206474 2.024425443527399e-07
0.5054138140147857 1.8729757313294523e-05
0.5174670152672145 2.023549241005171e-05
0.5245959097615932 1.4499389919044282e-05
0.5412702945352194 0.00010997544446269458
0.5487916323017472 4.2433338351336374e-05
0.559273961876165 6.107156840573058e-05
0.5658889603329265 4.29727078015111e-05
0.5772881321788076 2.7364507524748666e-06
0.5841642725977853 1.1628709111313748e-05
0.5918111496700557 1.7865448426305473e-05
0.6006025267393639 3.336843650938992e-06
0.6111869023381039 2.5743206447641745e-05
0.6186445678864472 5.680357265299656e-06
0.6320724309001247 2.365037680887276e-06
0.6387297329130742 2.7523975018876025e-05
0.6489137722939564 8.162740482214795e-07
0.6559477098030836 1.626817101229415e-05
0.6655890039287404 3.243734284056898e-05
0.6759353367754622 5.543724833223439e-05
0.6859984637797334 4.095100883731095e-05
0.6986472722840043 1.1451610622470802e-05
0.7225496983059743 1.412906463195476e-05
0.7485649491059093 7.79814015978449e-05
0.7585866563297583 8.404259866100343e-06
0.7677890272615445 6.157341133187261e-06
0.7702464516673474 2.565427186207498e-05
0.7944068695313672 2.431622436557727e-05
0.7998432099500602 1.1856658001230159e-05
0.8202807595969575 6.032015203893669e-05
0.8385230219149253 0.00011596988788774138
0.8592323329770207 6.809014622520128e-05
0.8710042818849723 0.000383071298901819
0.9226986129974885 0.00021923509905531405
0.9711423837916683 6.150680373342073e-06
1.001385951765017 6.795586659810181e-06
1.0188025107571885 0.00010317405999787436
1.0313570065515694 3.3564455521633007e-05
1.0517296828548344 0.0001041525465361054
1.0731893174555656 3.307945178493146e-05
1.080978758491572 5.986541371959866e-05
1.0933539854730967 0.00022974596434763512
1.1030153933538616 2.3018158449165063e-05
1.1242270325665675 8.085297597823193e-05
1.1418176893293426 5.989933844615564e-05
1.150870373424946 5.837185198481657e-05
1.1630478066658663 7.192886901605636e-05
1.1663588132675744 6.794152507865455e-05
1.1768799792524132 1.9876496583283345e-05
1.186511841688862 4.8387481011792906e-05
1.2009983066141794 3.631908092111605e-05
1.2059592297625161 9.860432082250696e-06
1.2109856449777756 4.3896901276413453e-05
1.2225753698840407 1.0874454334718145e-05
1.2298748912316508 2.010379898916845e-05
1.2340615620418816 3.333549227867594e-05
1.2464956608323723 5.996952555631051e-05
1.2492928557998595 6.851340009533741e-05
1.2567729841581632 0.0002388835368052747
1.2633864763036957 7.951150525734035e-05
1.2669189470204438 0.0001669224489823734
1.2698320493748827 2.524927204538081e-05
1.2797542342662416 3.744254243519573e-05
1.2897076355177306 0.00020737470678398285
1.296787733682997 0.00013276717126429522
1.3067144583585728 0.00012935588481901263
1.3193265307829454 9.951148478648227e-05
1.3297243841066553 5.824699414281789e-05
1.3424786544979646 1.592819272573268e-05
1.3499137949969238 1.2839952755656759e-05
1.3619143524362936 2.0575344983712687e-05
1.3672902532654434 6.811923239823854e-05
1.3814447612308622 2.2641185089060427e-05
1.3876579572159624 5.140119003848789e-05
1.3952517053300517 0.0001461733144389576
1.4159795226400647 0.00023022691612627864
1.4213066794821145 4.604042727837322e-05
1.4345865106189621 1.1824487721327372e-05
1.441460951656296 0.00015990882026031478
1.4507230272487477 6.379266321768696e-05
1.456275184438206 0.00045878934242767777
1.4616058234017588 5.865722504684613e-05
1.4745337379067576 3.291280585728329e-05
1.4861004062645655 3.060554494608177e-05
1.49586847934079 1.5382143780374365e-05
1.504269643551583 2.324985705225463e-05
1.5294062146236782 7.814812961758354e-06
1.5427763045461211 7.061201925614303e-05
1.5595395218139378 5.24941703433412e-05
1.5710885107949117 3.5656716085421346e-05
1.5793020234161625 0.00025283334128618307
1.5902241121436544 0.00011793273606251904
1.6008790253448335 3.543410664904077e-05
1.6124481409124614 3.8241958401395486e-05
1.6191786385346711 7.912587304803412e-05
1.66329333926095 8.013918951864154e-05
1.697606549243481 2.705535188454015e-05
#kx=4.0, ky=8.0, Jx=1.0, Jy=1.0, Jz=1.0, h=0.15
0.13722498628503388 1.7661218488601664e-05
0.15741497923676462 5.072501340648766e-05
0.1717706451221246 5.843707907664467e-05
0.18345404612222338 6.248683048543158e-06
0.2011822610800429 2.517970027714805e-05
0.21321513702174055 1.3097947399473123e-06
0.22327296370658 0.00012586344005258818
0.24016525098361718 8.362801675226213e-05
0.25027298785472385 5.4372547738111825e-05
0.2658499096700212 3.0820962358818516e-06
0.2730981563206081 3.6917183030559376e-05
0.2891241560412211 6.6123339154208e-05
0.2959825365810198 6.059593989650566e-06
0.30752796306194874 7.333224342785499e-06
0.32265065698988626 6.278734692836042e-05
0.3297111230702332 0.00021525978952628496
0.3356105969923556 5.132195846389401e-05
0.3560420166390571 4.153456809283426e-05
0.3662521185013856 8.713022806969296e-06
0.38049904573855653 8.676781886132395e-05
0.3847109913607921 9.500120624549016e-07
0.39611796630796337 9.070468333699156e-06
0.40856424894674115 1.3304919174062823e-06
0.4223632317555953 1.1530607601554995e-05
0.4301213834922585 4.3620529069445066e-05
0.4376452423564836 2.9209620463111402e-05
0.44539938825399306 3.1900614362947434e-05
0.4574552029271267 0.00010693178631798141
0.5054667259485185 3.9983306337581014e-05
0.5157586635378869 3.0315008833943675e-05
0.5294684096575797 5.694697570082778e-06
0.5376598137665678 1.109072329782987e-05
0.5485639845477197 9.016456281718175e-06
0.5575388191526642 0.00013876221627784907
0.5689052235246211 2.9631808441587676e-05
0.5755729437454404 1.420508206780752e-05
0.5806795543356058 3.657766987672711e-05
0.5859913309789577 2.9930219164919404e-05
0.5956366474992186 1.5555020523380463e-05
0.605862011359391 2.3250999375211915e-05
0.6173843108564503 3.0095173714580683e-05
0.627259115540853 3.011982940086141e-05
0.6363423652714029 9.135899395838378e-06
0.6473718312537957 1.485898218171555e-05
0.6596819036750085 3.468745165142173e-05
0.6641188062648645 3.167113856020806e-05
0.6714018587035847 1.917562172699559e-06
0.6805334267990504 1.1498756994682071e-05
0.6867210160012532 1.972104363795758e-06
0.7162871916280916 3.430399225497898e-05
0.7330526201669746 1.29834565366286e-05
0.7527169793369598 7.660566641502268e-05
0.7585005370601611 3.875944095810674e-06
0.7690986022271418 3.678796425248492e-06
0.7791215585031974 7.514440110248504e-05
0.7964928607032135 7.73292181691519e-06
0.8045519348500552 8.1292488427147e-06
0.8352810943333161 8.427043561952189e-05
0.8490086205316499 2.8451862895537097e-05
0.8810942200972854 0.00017867859086949983
0.8990733171815252 0.0001044200341876596
0.9505237174989634 0.00011520337036343694
0.9662046998252038 0.0001399314843904667
0.9701937244992787 5.053127068354767e-06
1.001259545417383 3.505486048475121e-05
1.0092287358462344 3.669371053444816e-05
1.046693603190284 8.409856709997559e-05
1.0721083154528372 5.9123673051104104e-05
1.0856475950411926 0.00019528127825382016
1.0952732717340208 9.232420609605257e-05
1.1092094516214197 7.74491075357218e-05
1.121752274358498 9.18647909360453e-05
1.1249822173336033 9.667866141672517e-05
1.1403221709118827 2.399947672374544e-05
1.1614436794222005 0.0002312092279971904
1.1645860031454385 5.8305770906088496e-05
1.1712209773264948 2.598134042027209e-05
1.1792985458532057 1.0064898594186616e-05
1.1926503541483617 2.9000975623711502e-05
1.2008939583793499 2.8647167079456013e-05
1.2088471831856773 4.951012335655449e-05
1.2217312240184124 3.188631597113209e-05
1.2256671130087027 1.100561412644865e-05
1.2314440598353704 3.397180217535463e-05
1.2412503887370692 5.8394060210983975e-05
1.2493115404661954 7.11398060666145e-05
1.2571931958377858 1.4846839160958847e-05
1.2620846112209838 0.0002502160282439231
1.267986856145051 0.00012349589218791184
1.2752660285035238 0.00010527567887407117
1.282274116523705 2.6514460395587885e-05
1.2920352235092385 0.00022127665847439322
1.2979322255967292 9.170003107519093e-05
1.3088168928567527 4.03941979751103e-05
1.3176258128398493 0.0001252360287300417
1.3251434430785474 0.00011538355601465474
1.33875049580426 3.6269799548758135e-05
1.3491734036260112 0.0001369869879897671
1.3601041722014284 4.399522949237861e-06
1.370338446239816 5.4514836232520546e-05
1.3833033554482588 2.1377341651285183e-05
1.3903026643190841 2.7959379003271073e-05
1.3995919060559914 7.987854228927257e-05
1.4131092914486587 0.0001315483888123033
1.4240662671879116 7.283143706782703e-05
1.4330705237714947 0.0001674998806251628
1.4374285117209817 3.632016843478487e-07
1.4475253354980333 0.00040000314978225416
1.454501790914005 0.000102539579415658
1.4606156650701423 7.282341647939403e-05
1.4739566076494697 9.112546805129295e-05
1.4844194445285996 3.0014382512592582e-05
1.4888064708460835 2.7758135897617687e-05
1.511442504253303 3.884827705135048e-05
1.5256763798625288 1.1885262200887129e-05
1.5493124965715321 4.442355061875858e-06
1.5596517308000857 6.186280649427547e-05
1.5732872214716216 1.5455071687581656e-05
1.5773234736123787 2.745632530841536e-05
1.587936615564523 0.00013788822187464858
1.6003972588057647 8.357727043652161e-05
1.6117769732040843 7.371232103629636e-06
1.619327858498643 7.555535372772119e-05
1.6659551643590131 5.059873703105363e-05
1.703771584452904 2.016813217485212e-05
#kx=5.0, ky=7.0, Jx=1.0, Jy=1.0, Jz=1.0, h=0.15
0.13579432124271262 2.927448011090573e-05
0.15367862840612978 0.00020999085975607424
0.15877671836511287 7.371115477478564e-06
0.17316494685569006 2.794635369993659e-05
0.1828239345390975 5.0699819184396786e-05
0.19832885001960343 4.40790000990099e-05
0.21607839506487425 2.78580078245791e-05
0.2286356573694076 3.875661317777547e-05
0.2403612371414099 0.00015667560005490483
0.24973821340953717 4.1249714579515207e-05
0.26357678828247855 6.595966321833034e-06
0.276123234338555 4.8429536998324334e-05
0.2929400600025439 2.867727761788552e-05
0.2973558400043397 1.7223531914921608e-05
0.3155630543677923 7.527102827848125e-05
0.32170768447625453 1.6106022210012842e-05
0.3316131104064596 0.00021200333987313804
0.3358685614905482 7.193635032123395e-05
0.35421532960382696 2.3345050347177803e-05
0.3699894270739279 3.61183763597947e-05
0.3786220943861479 3.705193971639816e-05
0.3889297730723956 8.825037317019696e-06
0.39804656584606857 4.0087424186153526e-05
0.405962817284099 2.4400740527563356e-07
0.4219980117207056 4.319125776033858e-06
0.43109111723046156 1.5554179717416957e-05
0.4400472478851941 1.244054397408105e-05
0.4436139629806385 9.882007996420894e-06
0.4540949211200074 0.00010423655901745457
0.502655812864567 5.1004140112152066e-05
0.5135972241665576 3.5194174127093565e-05
0.5311302706842097 2.178758521060967e-05
0.54210690058624 5.420131913549537e-05
0.5516184741529939 3.222443381017158e-05
0.5598330910108301 4.1621339675508736e-05
0.5655038821186076 0.00013784666281396006
0.5690866406245737 4.173066957783855e-05
0.5810875814469857 1.4337867051461738e-05
0.5844035101693767 8.110012902209626e-05
0.5943043728449809 1.9489191028739477e-05
0.6050315432338416 4.0681563244419215e-06
0.6151082274785297 5.949258352399781e-05
0.6251892751294791 1.9083600757034665e-05
0.6367259585002955 1.09214152583303e-05
0.6402263336781822 3.396987193626958e-05
0.6554075693025685 2.8697500032350056e-05
0.6642248198488643 8.092385075341735e-05
0.6726096203638687 3.6157035730488184e-06
0.6813329352680164 2.5502828834863736e-05
0.688691433106301 4.6185957363623887e-07
0.7130997017755369 8.082016075890774e-06
0.7338667275046845 4.591966888191062e-06
0.7579988076124661 3.9561696361365736e-05
0.7660058979495993 2.367922801733125e-05
0.7708307377348944 4.1323131954476063e-05
0.7921930174890046 7.536121299233623e-06
0.7967976598812587 5.9831910642163885e-06
0.8163661155565699 1.5218153628887688e-05
0.8457784822790354 0.00011458381275152939
0.8518482868207816 2.4037150798397943e-06
0.888536234052667 0.00035345135496893615
0.9147344432200633 6.634841216581086e-05
0.960526707559593 0.00010422584821220852
0.9839550111501494 0.00010704600300122095
1.0076356968344062 5.012052231295074e-06
1.02930963464126 4.298145461595429e-05
1.0482801617246023 9.636054780331762e-05
1.0741146516577578 1.5537053562940545e-05
1.0895738035572156 4.451576173114023e-05
1.096096652321752 0.00018226502861886106
1.1024357615332976 1.7656856289215056e-06
1.1303588153190491 0.00010016664045529445
1.1363986104362684 0.0003728995456961646
1.1573953133691817 0.00011278304011197618
1.163572204620749 0.0001724588842881652
1.1681684566817903 3.610694552178532e-05
1.173314717050609 3.5759565872498945e-05
1.1877981135838263 4.268833436643092e-05
1.196473384414774 7.377402871623806e-05
1.2006695311347648 0.0002330475749756445
1.2102929755036356 0.00010889684573475257
1.2196421712848171 6.300796268505315e-06
1.2270004055823691 0.0001242467463666728
1.2360165990475502 2.6334357844659736e-05
1.2446044488644952 1.1304016281532521e-05
1.2502317233830906 4.344041083701262e-05
1.2555963940630632 0.00011557285083791695
1.2596772718930742 9.330107862757223e-06
1.2704873134076133 3.2411894373453896e-05
1.2731957028897234 0.00041104602161954647
1.280657808015051 8.380020155034631e-05
1.2906179388301664 3.308531537969678e-05
1.2944937763375068 0.0001932175476131064
1.314682964780871 4.669607173708732e-05
1.3191820563822758 4.8612212011037396e-05
1.323513768446059 0.00013924972508991607
1.3421568736161893 8.901923608140111e-05
1.3474336822380044 0.00010836938753694317
1.3590700965864473 7.245058978391033e-06
1.3766631251374344 4.767747495105173e-05
1.378236896111712 2.2444022668843003e-05
1.3922406159763734 7.40469455576083e-06
1.400822751848253 3.1322100212918485e-05
1.4132450381441748 0.00017133749785141334
1.4259147462622086 0.00013951357030699064
1.434063025102121 0.00021213664024570325
1.444796317335919 0.00015333192985476728
1.4484222453419149 0.0004199909549583436
1.454921466489858 8.960637461997568e-06
1.4598418642299253 4.671975823203563e-05
1.4740830619109102 0.00011256752894322999
1.4849827919553156 5.1554137052843116e-05
1.4980610680520634 2.3312993137652547e-05
1.5095302069554772 3.3183553529166985e-05
1.5278594246208659 1.1342082945912416e-05
1.5509154011652333 2.0992115580259365e-06
1.5604484918068988 7.840406256150925e-05
1.5676622991592926 2.4911123481435854e-05
1.578484501463933 4.829493706245591e-05
1.5906885687804018 0.0002952410503500707
1.604094118524975 6.826364172910302e-05
1.6129668143176317 2.8287458033625936e-06
1.6197738592558357 3.7791118411377096e-05
1.6705184299496623 1.633900116912064e-05
1.7072785022549763 5.4128279005459674e-05
#kx=6.0, ky=6.0, Jx=1.0, Jy=1.0, Jz=1.0, h=0.15
0.13629892826548917 2.5520356320738174e-05
0.1551919265852275 9.189486829790059e-05
0.1726420412515417 8.054653327284542e-05
0.18113205612114158 0.00014790792357981686
0.19724482307652502 7.74493263875533e-05
0.21913029790100957 6.10177950606601e-05
0.22356978056857713 6.481204537842029e-05
0.23671085963261007 0.00021526667036527982
0.24789188040554855 0.00010166411490560313
0.26118344607977295 2.5495502080250994e-05
0.2727508427907904 6.189060269990857e-05
0.29134335511614373 1.0706658478884741e-05
0.29813445308746245 2.147445061155013e-05
0.3025588347760977 4.3818274825398976e-05
0.31862330461774613 6.97336107079886e-05
0.3295267530038476 0.00038733917564777334
0.333931617089962 1.862596226222205e-05
0.34646619997785566 2.1643944416298467e-05
0.3635809104565346 3.178551851101657e-05
0.37521034603663905 5.6670334567721636e-05
0.38195574290502576 1.3610991004639663e-05
0.3963999008471164 8.541974192925802e-05
0.4087679068633904 4.1861779323670726e-06
0.4163234145496786 7.288227829204334e-06
0.4265643824362103 3.406621885345232e-05
0.43767405447032337 2.744307717379931e-05
0.44171566096131876 1.189603140633801e-05
0.4504156190415948 0.0001347857404748865
0.4933220666421462 5.2252271471426204e-05
0.5023674203613188 5.4520247935748565e-05
0.5154259971063369 9.25223803594353e-05
0.531455465186586 3.763231552887918e-05
0.5428885753662321 0.00010583352882246866
0.5509559051869517 6.399354245325771e-05
0.5630286342076379 5.995017461979179e-05
0.5687492640378378 0.0001922672606161369
0.575406225852288 7.809905274561458e-05
0.5841662604056685 1.9323841224368787e-05
0.5923861994031321 6.001240002877016e-05
0.6015484378343622 1.353496497453242e-06
0.6079309244584397 0.000194531864692004
0.6218116478671409 8.423271368007062e-06
0.6328624426308316 3.0028479842235578e-05
0.6387683115905418 2.128203270748606e-05
0.6491722955230256 5.018823589787041e-05
0.6593305144978362 6.550153983657705e-05
0.6685233953950975 8.247324416200197e-06
0.6753063465539832 1.7209283518032145e-05
0.6836851864977928 2.6944192538288652e-05
0.7045790316891204 7.521385379063605e-06
0.7309606392271484 1.3093878340013531e-05
0.7538709514982739 0.0001642097123261403
0.759567109049577 4.172130848725294e-05
0.7645118029074321 8.552194399918149e-06
0.7822606706997642 5.567865123882657e-06
0.7899963867757248 1.406530506092973e-05
0.8034905817305921 1.553555301589392e-05
0.8433284230039229 6.656539998792845e-05
0.8521671868358982 1.6364365118720144e-05
0.8799115774470301 0.0004921425128748741
0.8974861661529998 0.00012839420428204385
0.9330898489481754 0.00025046995323427387
0.9808683250842876 3.6389095164938037e-05
1.0073843685602206 6.758321709492277e-06
1.023750820749737 5.303352955528351e-05
1.0481776675515535 8.21894979167131e-05
1.0703782108369009 4.5762797732984725e-05
1.0875661550170164 0.00011592496765457859
1.0904603134579371 0.00013080474308320872
1.1000470442603043 4.169923803550218e-05
1.1262586383335593 7.251077534429763e-05
1.1312941577928393 1.6706472257390084e-05
1.1519752122246707 0.00022635926668880782
1.16025639057037 0.00022685143367421693
1.1692829774949893 2.442595313537754e-06
1.1726365360178992 0.0001334883467151973
1.1823020337048162 3.712611405968249e-05
1.191772251902261 0.0003023470875319542
1.1977174349013837 0.00031521968694740184
1.2067914420192567 1.830870549727583e-05
1.215806159289568 4.898362961700543e-05
1.223878515412049 0.00012069900181476025
1.2340274933182827 5.984932619116034e-05
1.2392185170650079 6.202569850443946e-05
1.250607467278475 1.1233769547728462e-05
1.2557404427650998 3.62222166112287e-05
1.259959996924434 3.791049109693265e-05
1.2671836692657368 1.018124909904082e-05
1.2698982865957342 0.00023651715198706028
1.2747680567761788 0.0002950618475655499
1.284532995004692 0.0003175584691875736
1.2942238092113778 9.900509382124888e-05
1.303959944758148 5.8893257031308564e-05
1.309861861254007 7.371708755880122e-05
1.324630679677563 0.00028555467031476635
1.339760172330517 8.70500031240862e-05
1.3422012425827634 4.505925511959231e-05
1.3547734249724808 1.5396913295817624e-05
1.3644069889095283 0.00012737967319908966
1.3728180590668593 1.1896334984611599e-05
1.3873206928404387 1.872743962883117e-05
1.39633979168298 8.420020406640935e-05
1.4026949076075241 8.000920210848499e-07
1.4170600063563294 0.00011924663757776869
1.4231722408808178 6.849790506713111e-05
1.43576168488454 0.0002252052801486179
1.443194324755726 8.323903537410769e-05
1.4515739576632136 0.0003890897997737718
1.4573006271417033 6.377024001463865e-06
1.4674992901475896 0.00032016992163134067
1.4755438073386806 0.0002055134210670299
1.4874329156274024 2.1199354874076612e-05
1.5003912661340917 5.819500225408438e-06
1.5110153753005395 3.517634130013201e-05
1.5269019938218702 6.254332978449463e-06
1.5523227797814405 5.326154002928988e-05
1.559414583922985 9.640043954788611e-05
1.5653926250636419 2.902394219937842e-05
1.5826352661842158 3.0385615857832472e-05
1.5943534080878767 0.00027386453808328346
1.603025254200829 0.0001364132100785399
1.6138799286228593 6.16958737746037e-06
1.6194987955524716 7.154912688418917e-05
1.6760361108646171 2.824705263814201e-05
1.7077799526176811 1.3904199246871299e-05
