#kx=3.0, ky=3.0, Jx=1.0, Jy=1.0, Jz=1.0, h=0.15
0.13188309376600038 -0.17118180847222425
0.15741614887064603 -0.17118180847222425
0.17747560262662554 -0.17118180847222425
0.18712816719671177 -0.17118180847222425
0.20380806128280415 -0.17118180847222425
0.21288978996848895 -0.17118180847222425
0.22044175138901945 -0.17118180847222425
0.24399401627473116 -0.17118180847222425
0.25362088489722934 -0.17118180847222425
0.27219878505019723 -0.17118180847222425
0.2777286454029704 -0.17118180847222425
0.29205780058331743 -0.17118180847222425
0.30570859983166443 -0.17118180847222425
0.3107910439911282 -0.17118180847222425
0.3193373249256404 -0.17118180847222425
0.3266756819448824 -0.17118180847222425
0.3379270662520967 -0.17118180847222425
0.3555855194005969 -0.17118180847222425
0.36847903594746045 -0.17118180847222425
0.38177184049466406 -0.17118180847222425
0.391906156340725 -0.17118180847222425
0.40570781095572883 -0.17118180847222425
0.41455651403320415 -0.17118180847222425
0.4220821475428099 -0.17118180847222425
0.43140122885083787 -0.17118180847222425
0.443911155487674 -0.17118180847222425
0.44670493476158646 -0.17118180847222425
0.45362614380218713 -0.17118180847222425
0.49817905648282257 -0.17118180847222425
0.5159226502498532 -0.17118180847222425
0.5267141219048355 -0.17118180847222425
0.5439790611419909 -0.17118180847222425
0.5522615529007802 -0.17118180847222425
0.5584537926701177 -0.17118180847222425
0.5632233102111522 -0.17118180847222425
0.5710391647136143 -0.17118180847222425
0.5819732777544329 -0.17118180847222425
0.5882226259277212 -0.17118180847222425
0.5955173333712577 -0.17118180847222425
0.6006511223706013 -0.17118180847222425
0.6096946300584827 -0.17118180847222425
0.618837493617696 -0.17118180847222425
0.6350570571766334 -0.17118180847222425
0.6442297449897799 -0.17118180847222425
0.6503426966587939 -0.17118180847222425
0.6621937998293947 -0.17118180847222425
0.6716858401669462 -0.17118180847222425
0.6882307976952595 -0.17118180847222425
0.6954206954432984 -0.17118180847222425
0.7200917118246003 -0.17118180847222425
0.7269477732423196 -0.17118180847222425
0.7419099408956675 -0.17118180847222425
0.7557562348648278 -0.17118180847222425
0.7669676606984088 -0.17118180847222425
0.7738329876903477 -0.17118180847222425
0.7843044222302809 -0.17118180847222425
0.8002592185590862 -0.17118180847222425
0.8331312785243078 -0.17118180847222425
0.8489523675862948 -0.17118180847222425
0.859759514946416 -0.17118180847222425
0.8870711686809807 -0.17118180847222425
0.9539014947018548 -0.17118180847222425
0.9687446022789731 -0.17118180847222425
0.9927560413685893 -0.17118180847222425
1.0100241637788314 -0.17118180847222425
1.0197960092020042 -0.17118180847222425
1.039437333786074 -0.17118180847222425
1.0563342558061473 -0.17118180847222425
1.0756543497247577 -0.17118180847222425
1.0893363176999276 -0.17118180847222425
1.1034116998017085 -0.17118180847222425
1.1099559279414883 -0.17118180847222425
1.1419307967277463 -0.17118180847222425
1.1476190310401013 -0.17118180847222425
1.1605541067942504 -0.17118180847222425
1.1741626530717786 -0.17118180847222425
1.1797948926550683 -0.17118180847222425
1.188538679082063 -0.17118180847222425
1.1927994321832003 -0.17118180847222425
1.201233760526908 -0.17118180847222425
1.2112486696994251 -0.17118180847222425
1.215263226505845 -0.17118180847222425
1.2246215738938355 -0.17118180847222425
1.2332247953430409 -0.17118180847222425
1.2385890630449858 -0.17118180847222425
1.243203520631622 -0.17118180847222425
1.2551023111789523 -0.17118180847222425
1.2609255703639617 -0.17118180847222425
1.266366824164669 -0.17118180847222425
1.2735083923022676 -0.17118180847222425
1.2788073213171485 -0.17118180847222425
1.2833403832905022 -0.17118180847222425
1.2915047405997653 -0.17118180847222425
1.3015705642145914 -0.17118180847222425
1.3129558758357895 -0.17118180847222425
1.324071365109731 -0.17118180847222425
1.3412901409265465 -0.17118180847222425
1.3463895564902972 -0.17118180847222425
1.3495622079445402 -0.17118180847222425
1.3650268140016202 -0.17118180847222425
1.369891539943155 -0.17118180847222425
1.3904006588939222 -0.17118180847222425
1.4014254876108185 -0.17118180847222425
1.410624908493841 -0.17118180847222425
1.4206418643886398 -0.17118180847222425
1.4259939460535953 -0.17118180847222425
1.4354814550716406 -0.17118180847222425
1.4480993161407052 -0.17118180847222425
1.4581784683113836 -0.17118180847222425
1.4664639763362812 -0.17118180847222425
1.4773979747355486 -0.17118180847222425
1.4835951429242122 -0.17118180847222425
1.4893200179970745 -0.17118180847222425
1.5046304019929697 -0.17118180847222425
1.513380022320585 -0.17118180847222425
1.525343140402939 -0.17118180847222425
1.5447886274225868 -0.17118180847222425
1.5661185917026188 -0.17118180847222425
1.5811157779329 -0.17118180847222425
1.5928920786429301 -0.17118180847222425
1.6032832352711868 -0.17118180847222425
1.6131550589663124 -0.17118180847222425
1.6192100282657425 -0.17118180847222425
1.6315986471900068 -0.17118180847222425
1.667471883357985 -0.17118180847222425
#kx=2.0, ky=2.0, Jx=1.0, Jy=1.0, Jz=1.0, h=0.15
0.13481993769548506 -0.17112162404193298
0.16304843851811024 -0.17112162404193298
0.1733772417406515 -0.17112162404193298
0.1870947573791043 -0.17112162404193298
0.20417672523020236 -0.17112162404193298
0.21565264237995874 -0.17112162404193298
0.22082741417451812 -0.17112162404193298
0.24533827901575878 -0.17112162404193298
0.2613573126672486 -0.17112162404193298
0.2714761644038749 -0.17112162404193298
0.2798837269862653 -0.17112162404193298
0.2927844102315469 -0.17112162404193298
0.30164775583635617 -0.17112162404193298
0.30787305604911164 -0.17112162404193298
0.3187315632090143 -0.17112162404193298
0.32504475394579346 -0.17112162404193298
0.334671048669693 -0.17112162404193298
0.3526681161864814 -0.17112162404193298
0.36675053979254857 -0.17112162404193298
0.38075046189146144 -0.17112162404193298
0.3899372188890038 -0.17112162404193298
0.40098691869181413 -0.17112162404193298
0.40754289773766883 -0.17112162404193298
0.4134830003123485 -0.17112162404193298
0.42803573297791775 -0.17112162404193298
0.4338024210638103 -0.17112162404193298
0.44520768526000565 -0.17112162404193298
0.45078657086191243 -0.17112162404193298
0.4599908408850062 -0.17112162404193298
0.4980501005968163 -0.17112162404193298
0.5171749674636705 -0.17112162404193298
0.5292237390055093 -0.17112162404193298
0.5445397695682619 -0.17112162404193298
0.555681599610075 -0.17112162404193298
0.5587008492208517 -0.17112162404193298
0.5676532243486265 -0.17112162404193298
0.5810146474063138 -0.17112162404193298
0.5875226979848236 -0.17112162404193298
0.5886550450337252 -0.17112162404193298
0.5963235967691799 -0.17112162404193298
0.6105386365035476 -0.17112162404193298
0.6132642686985301 -0.17112162404193298
0.6338203283287908 -0.17112162404193298
0.6393380755340689 -0.17112162404193298
0.6483120613129889 -0.17112162404193298
0.6596808626443534 -0.17112162404193298
0.6688255996047843 -0.17112162404193298
0.6795362415723449 -0.17112162404193298
0.695606393930131 -0.17112162404193298
0.7009847250434748 -0.17112162404193298
0.717512892243542 -0.17112162404193298
0.7283850485744231 -0.17112162404193298
0.7529602493402182 -0.17112162404193298
0.766298334079924 -0.17112162404193298
0.7732092034055221 -0.17112162404193298
0.7774411057872493 -0.17112162404193298
0.7995840435986706 -0.17112162404193298
0.8097046050183138 -0.17112162404193298
0.8362696359155614 -0.17112162404193298
0.8538981252982064 -0.17112162404193298
0.867764425269057 -0.17112162404193298
0.8722643484047249 -0.17112162404193298
0.9040028281556284 -0.17112162404193298
0.9773859358956122 -0.17112162404193298
0.9937857191696742 -0.17112162404193298
1.006874692041078 -0.17112162404193298
1.0309941268286171 -0.17112162404193298
1.0471011421882026 -0.17112162404193298
1.0783579004381556 -0.17112162404193298
1.084856599742402 -0.17112162404193298
1.0936691759980832 -0.17112162404193298
1.107675636973255 -0.17112162404193298
1.1338308757955522 -0.17112162404193298
1.1467231407577132 -0.17112162404193298
1.1621825743130483 -0.17112162404193298
1.1733823832102845 -0.17112162404193298
1.1758945267867889 -0.17112162404193298
1.1822289371745325 -0.17112162404193298
1.1864519853943079 -0.17112162404193298
1.1947936494511784 -0.17112162404193298
1.205952513761519 -0.17112162404193298
1.211959296049766 -0.17112162404193298
1.2251147688537556 -0.17112162404193298
1.2274806014041784 -0.17112162404193298
1.2376770453451131 -0.17112162404193298
1.248006614417586 -0.17112162404193298
1.25314415762794 -0.17112162404193298
1.2572891013438476 -0.17112162404193298
1.2608036234506559 -0.17112162404193298
1.2678639204219229 -0.17112162404193298
1.2735331635709173 -0.17112162404193298
1.283908360455862 -0.17112162404193298
1.2886268755783448 -0.17112162404193298
1.303377977316404 -0.17112162404193298
1.3105639777644433 -0.17112162404193298
1.325683786759928 -0.17112162404193298
1.3330724811920047 -0.17112162404193298
1.3400384881292793 -0.17112162404193298
1.3526187809430257 -0.17112162404193298
1.3598320396303776 -0.17112162404193298
1.3699887361605512 -0.17112162404193298
1.3903816640696087 -0.17112162404193298
1.4003839863795886 -0.17112162404193298
1.410698196276174 -0.17112162404193298
1.4178913665033606 -0.17112162404193298
1.4243623638788927 -0.17112162404193298
1.4334990985081675 -0.17112162404193298
1.4460485408394268 -0.17112162404193298
1.4566149822586238 -0.17112162404193298
1.4624092452521538 -0.17112162404193298
1.4685525698856694 -0.17112162404193298
1.4811614385830367 -0.17112162404193298
1.4903248080251152 -0.17112162404193298
1.498230556781035 -0.17112162404193298
1.505977348853652 -0.17112162404193298
1.5167124356824497 -0.17112162404193298
1.5470412228128478 -0.17112162404193298
1.5629772139828328 -0.17112162404193298
1.5793684687922354 -0.17112162404193298
1.5927275060020167 -0.17112162404193298
1.6035193264197827 -0.17112162404193298
1.613163229845414 -0.17112162404193298
1.6203658713398095 -0.17112162404193298
1.6263273914180183 -0.17112162404193298
1.6643011421272647 -0.17112162404193298
#kx=1.0, ky=1.0, Jx=1.0, Jy=1.0, Jz=1.0, h=0.15
0.024837243432570544 -0.18140165571432304
0.13659353571745303 -0.18140165571432304
0.16289871153579272 -0.18140165571432304
0.16888458841459453 -0.18140165571432304
0.18728567692691211 -0.18140165571432304
0.204224269204355 -0.18140165571432304
0.2174832508474528 -0.18140165571432304
0.23006234541568638 -0.18140165571432304
0.248659610541348 -0.18140165571432304
0.26287145866805084 -0.18140165571432304
0.2697499466138198 -0.18140165571432304
0.27990808815758716 -0.18140165571432304
0.28970878347545304 -0.18140165571432304
0.30628127931284443 -0.18140165571432304
0.3084788468282501 -0.18140165571432304
0.31395795208939536 -0.18140165571432304
0.32220509576865786 -0.18140165571432304
0.3264898556910911 -0.18140165571432304
0.34613148018636186 -0.18140165571432304
0.3564801251969091 -0.18140165571432304
0.3608488207948307 -0.18140165571432304
0.3847639356672744 -0.18140165571432304
0.3960595781606796 -0.18140165571432304
0.4054496941424207 -0.18140165571432304
0.4128055711768913 -0.18140165571432304
0.42414663149301757 -0.18140165571432304
0.4348122321905479 -0.18140165571432304
0.44097668390624734 -0.18140165571432304
0.4536876728175915 -0.18140165571432304
0.47125839867510677 -0.18140165571432304
0.5006076975620782 -0.18140165571432304
0.5175861523516856 -0.18140165571432304
0.5292021564618704 -0.18140165571432304
0.5348426723572408 -0.18140165571432304
0.5417472073328577 -0.18140165571432304
0.5574513092951705 -0.18140165571432304
0.5664978820867728 -0.18140165571432304
0.5719400517410383 -0.18140165571432304
0.5813297947818963 -0.18140165571432304
0.5880124739439346 -0.18140165571432304
0.593970389175652 -0.18140165571432304
0.6032849412789504 -0.18140165571432304
0.6093439490530433 -0.18140165571432304
0.6180829800020515 -0.18140165571432304
0.6261810298440029 -0.18140165571432304
0.6378679389168523 -0.18140165571432304
0.6472425151705175 -0.18140165571432304
0.6558294957630351 -0.18140165571432304
0.671580121195714 -0.18140165571432304
0.6838555540968844 -0.18140165571432304
0.7027714636374499 -0.18140165571432304
0.7145017275759902 -0.18140165571432304
0.7267327443917293 -0.18140165571432304
0.7406811462988244 -0.18140165571432304
0.7645435893013208 -0.18140165571432304
0.7698548939047756 -0.18140165571432304
0.780507222904312 -0.18140165571432304
0.7853533613712022 -0.18140165571432304
0.7920363598737362 -0.18140165571432304
0.8184177367559098 -0.18140165571432304
0.833330904039799 -0.18140165571432304
0.8588702214515476 -0.18140165571432304
0.8771927417202291 -0.18140165571432304
0.8968802258528308 -0.18140165571432304
0.9734931913982886 -0.18140165571432304
0.9924567371389403 -0.18140165571432304
1.0060966929975796 -0.18140165571432304
1.0205819291498237 -0.18140165571432304
1.0474453424809604 -0.18140165571432304
1.0666129241579636 -0.18140165571432304
1.0891753106040452 -0.18140165571432304
1.0996083301887982 -0.18140165571432304
1.1152464897857828 -0.18140165571432304
1.1283397659086103 -0.18140165571432304
1.1436444209585144 -0.18140165571432304
1.1515318843434619 -0.18140165571432304
1.1666842134663158 -0.18140165571432304
1.17678330598748 -0.18140165571432304
1.1781209864864128 -0.18140165571432304
1.1828077267847104 -0.18140165571432304
1.195981565171416 -0.18140165571432304
1.2002465860473222 -0.18140165571432304
1.2151970065760687 -0.18140165571432304
1.2265536819386924 -0.18140165571432304
1.2317060024219317 -0.18140165571432304
1.2425251998457116 -0.18140165571432304
1.2458127085143906 -0.18140165571432304
1.2505301023211364 -0.18140165571432304
1.2582493491762148 -0.18140165571432304
1.2656343221948507 -0.18140165571432304
1.2689307434975572 -0.18140165571432304
1.2815226071298003 -0.18140165571432304
1.2848605458437057 -0.18140165571432304
1.2950642184092258 -0.18140165571432304
1.2990151387725342 -0.18140165571432304
1.311455282590515 -0.18140165571432304
1.3255940242463975 -0.18140165571432304
1.3350967623782095 -0.18140165571432304
1.3448879386800567 -0.18140165571432304
1.3537277116628832 -0.18140165571432304
1.3625565377159137 -0.18140165571432304
1.3849659937539265 -0.18140165571432304
1.392439737735851 -0.18140165571432304
1.398066331737287 -0.18140165571432304
1.4132381767334568 -0.18140165571432304
1.4197431477985423 -0.18140165571432304
1.4270408976137166 -0.18140165571432304
1.4410564574681999 -0.18140165571432304
1.453685273806703 -0.18140165571432304
1.4587735787509444 -0.18140165571432304
1.4672699503187987 -0.18140165571432304
1.4790642234396585 -0.18140165571432304
1.4808034979424012 -0.18140165571432304
1.4999884018121894 -0.18140165571432304
1.5079842715408303 -0.18140165571432304
1.521625047911919 -0.18140165571432304
1.5470769366243575 -0.18140165571432304
1.5615656364118369 -0.18140165571432304
1.5794864534494661 -0.18140165571432304
1.5894105252899937 -0.18140165571432304
1.6021572051231225 -0.18140165571432304
1.6087940739793105 -0.18140165571432304
1.6219646857391956 -0.18140165571432304
1.624636082771231 -0.18140165571432304
1.6562257637801698 -0.18140165571432304
#kx=0.0, ky=0.0, Jx=1.0, Jy=1.0, Jz=1.0, h=0.15
-0.10659125611097942 -0.19979498910090115
0.1388357376749677 -0.19979498910090115
0.1582301860781793 -0.19979498910090115
0.16285351039490914 -0.19979498910090115
0.18684624882400525 -0.19979498910090115
0.2006891874800415 -0.19979498910090115
0.21247867999158787 -0.19979498910090115
0.23392924461852205 -0.19979498910090115
0.2449527204662333 -0.19979498910090115
0.2532525399915142 -0.19979498910090115
0.2638737533055491 -0.19979498910090115
0.2775104621727825 -0.19979498910090115
0.28825565524742525 -0.19979498910090115
0.2993561369409481 -0.19979498910090115
0.3104098781712894 -0.19979498910090115
0.313276585962049 -0.19979498910090115
0.32109375552271335 -0.19979498910090115
0.32625579675523486 -0.19979498910090115
0.34042234482205114 -0.19979498910090115
0.3521176926241576 -0.19979498910090115
0.36187139078766195 -0.19979498910090115
0.38089565944721016 -0.19979498910090115
0.39202294687992467 -0.19979498910090115
0.40295487950561315 -0.19979498910090115
0.4102919957144491 -0.19979498910090115
0.42080699204530836 -0.19979498910090115
0.4294962350839371 -0.19979498910090115
0.439815175384754 -0.19979498910090115
0.4515556738494442 -0.19979498910090115
0.45596680401411627 -0.19979498910090115
0.4826381921985362 -0.19979498910090115
0.5015590662949748 -0.19979498910090115
0.5079954203978965 -0.19979498910090115
0.5214966440921426 -0.19979498910090115
0.536831453232483 -0.19979498910090115
0.5482406028936515 -0.19979498910090115
0.5498665805206016 -0.19979498910090115
0.5624367429145982 -0.19979498910090115
0.5674419294011646 -0.19979498910090115
0.5779323993758761 -0.19979498910090115
0.5880558532593794 -0.19979498910090115
0.5924045222317731 -0.19979498910090115
0.5993881511929228 -0.19979498910090115
0.6078614195165144 -0.19979498910090115
0.6160049255874234 -0.19979498910090115
0.6364543999036759 -0.19979498910090115
0.6413563121598881 -0.19979498910090115
0.6556045605687177 -0.19979498910090115
0.6713905596042086 -0.19979498910090115
0.68269258903215 -0.19979498910090115
0.6995972035531978 -0.19979498910090115
0.716998891775737 -0.19979498910090115
0.7289744421517685 -0.19979498910090115
0.7376178781897946 -0.19979498910090115
0.7588044221904322 -0.19979498910090115
0.7647313014354057 -0.19979498910090115
0.7708910985742179 -0.19979498910090115
0.7850685588815154 -0.19979498910090115
0.7907782219832565 -0.19979498910090115
0.8029985136099671 -0.19979498910090115
0.8120429787938493 -0.19979498910090115
0.8360568513394623 -0.19979498910090115
0.8687903510830308 -0.19979498910090115
0.8782461729944657 -0.19979498910090115
0.906205253076865 -0.19979498910090115
0.9731975194156411 -0.19979498910090115
0.9861028042663161 -0.19979498910090115
0.9969870934615938 -0.19979498910090115
1.0132501831397316 -0.19979498910090115
1.0457051999911653 -0.19979498910090115
1.072215705597304 -0.19979498910090115
1.0903975727695108 -0.19979498910090115
1.1039143592876632 -0.19979498910090115
1.1168936403188212 -0.19979498910090115
1.136955532847418 -0.19979498910090115
1.147443672361888 -0.19979498910090115
1.1584468751429688 -0.19979498910090115
1.1693744382140958 -0.19979498910090115
1.1766629603409036 -0.19979498910090115
1.1815641895885876 -0.19979498910090115
1.1902258497466933 -0.19979498910090115
1.198812649589449 -0.19979498910090115
1.210441176086906 -0.19979498910090115
1.2180031458601248 -0.19979498910090115
1.2284453145118335 -0.19979498910090115
1.231919196897124 -0.19979498910090115
1.2432334577357629 -0.19979498910090115
1.2467115026895548 -0.19979498910090115
1.2498702794606686 -0.19979498910090115
1.2606990017744601 -0.19979498910090115
1.2673483704632837 -0.19979498910090115
1.2724891599985484 -0.19979498910090115
1.2795491604970506 -0.19979498910090115
1.2878884266414174 -0.19979498910090115
1.2936549185473893 -0.19979498910090115
1.3033634185395298 -0.19979498910090115
1.3153643654547664 -0.19979498910090115
1.327161101870879 -0.19979498910090115
1.3393632574795307 -0.19979498910090115
1.3492440497294633 -0.19979498910090115
1.3587819272830526 -0.19979498910090115
1.377884010737778 -0.19979498910090115
1.3911142239581138 -0.19979498910090115
1.3962952631377423 -0.19979498910090115
1.409971580235796 -0.19979498910090115
1.4135163216027884 -0.19979498910090115
1.4250779168525112 -0.19979498910090115
1.431905502070151 -0.19979498910090115
1.444565445299732 -0.19979498910090115
1.4481335426158144 -0.19979498910090115
1.459306024223811 -0.19979498910090115
1.4689896471150454 -0.19979498910090115
1.479052118295453 -0.19979498910090115
1.4936090164887035 -0.19979498910090115
1.5103222885118432 -0.19979498910090115
1.5205044183069845 -0.19979498910090115
1.5358433880508282 -0.19979498910090115
1.5541657199392849 -0.19979498910090115
1.5693221045253058 -0.19979498910090115
1.5859643586859784 -0.19979498910090115
1.5962875988458074 -0.19979498910090115
1.6015380319320056 -0.19979498910090115
1.6085360618525602 -0.19979498910090115
1.6220751467833021 -0.19979498910090115
1.6355328119719208 -0.19979498910090115
1.6764060031961199 -0.19979498910090115
#kx=0.0, ky=1.0, Jx=1.0, Jy=1.0, Jz=1.0, h=0.15
-0.036814432960154964 -0.1889468957318578
0.13835622143133386 -0.1889468957318578
0.16095884138508598 -0.1889468957318578
0.16965890811121265 -0.1889468957318578
0.18672588804618917 -0.1889468957318578
0.2018637112663857 -0.1889468957318578
0.21719385587847417 -0.1889468957318578
0.23015049979419 -0.1889468957318578
0.2512506975642237 -0.1889468957318578
0.2603932117349589 -0.1889468957318578
0.2710617835405571 -0.1889468957318578
0.2805166587365643 -0.1889468957318578
0.29080411332351674 -0.1889468957318578
0.30580015389246373 -0.1889468957318578
0.30981605912613674 -0.1889468957318578
0.3135483321933097 -0.1889468957318578
0.32125053721598795 -0.1889468957318578
0.3260721394905519 -0.1889468957318578
0.3444977131257654 -0.1889468957318578
0.35086860165570444 -0.1889468957318578
0.3620347122111023 -0.1889468957318578
0.3835608650673439 -0.1889468957318578
0.39683149770606163 -0.1889468957318578
0.40593199550078174 -0.1889468957318578
0.41299091248012787 -0.1889468957318578
0.4220752182199228 -0.1889468957318578
0.4279524842497584 -0.1889468957318578
0.44026347442839453 -0.1889468957318578
0.45329335870722465 -0.1889468957318578
0.46274413165094896 -0.1889468957318578
0.5013721410946964 -0.1889468957318578
0.5136932791947141 -0.1889468957318578
0.5261676405791021 -0.1889468957318578
0.5309467607736323 -0.1889468957318578
0.5393749628041666 -0.1889468957318578
0.5566597633385756 -0.1889468957318578
0.5655375019499248 -0.1889468957318578
0.571630389696347 -0.1889468957318578
0.5756834975132591 -0.1889468957318578
0.5849688882834159 -0.1889468957318578
0.5934533976912892 -0.1889468957318578
0.5989457724542369 -0.1889468957318578
0.6056569799597894 -0.1889468957318578
0.6158912581371212 -0.1889468957318578
0.6223000047503402 -0.1889468957318578
0.6355371974566748 -0.1889468957318578
0.6419545957049289 -0.1889468957318578
0.6549628336357466 -0.1889468957318578
0.6664539017807547 -0.1889468957318578
0.6847445435055 -0.1889468957318578
0.702124092913789 -0.1889468957318578
0.7149009550635421 -0.1889468957318578
0.7274134329937981 -0.1889468957318578
0.7355703953624315 -0.1889468957318578
0.7650356931300523 -0.1889468957318578
0.7708960038404611 -0.1889468957318578
0.7782239405219255 -0.1889468957318578
0.7846568641047624 -0.1889468957318578
0.7924723316503945 -0.1889468957318578
0.8074758187371522 -0.1889468957318578
0.8316445270168693 -0.1889468957318578
0.8546679804547286 -0.1889468957318578
0.8780898609878257 -0.1889468957318578
0.8946564763392739 -0.1889468957318578
0.9606326369122042 -0.1889468957318578
0.9866959949138515 -0.1889468957318578
0.9975555943789738 -0.1889468957318578
1.0160491500319724 -0.1889468957318578
1.045058530177518 -0.1889468957318578
1.064647045715127 -0.1889468957318578
1.0883166184295527 -0.1889468957318578
1.0975932439041303 -0.1889468957318578
1.1125888566811437 -0.1889468957318578
1.127405987137296 -0.1889468957318578
1.1400687115967285 -0.1889468957318578
1.152401791033049 -0.1889468957318578
1.1590550634173047 -0.1889468957318578
1.1750466405770794 -0.1889468957318578
1.1765741527101143 -0.1889468957318578
1.1851562048438073 -0.1889468957318578
1.187664969696356 -0.1889468957318578
1.1978311675227045 -0.1889468957318578
1.2110478454762057 -0.1889468957318578
1.224313343453266 -0.1889468957318578
1.2274309523759515 -0.1889468957318578
1.23665567751664 -0.1889468957318578
1.2407966633662493 -0.1889468957318578
1.247611520262114 -0.1889468957318578
1.2589706865104073 -0.1889468957318578
1.266234240870436 -0.1889468957318578
1.269360243719908 -0.1889468957318578
1.2722552083203131 -0.1889468957318578
1.2851612549733211 -0.1889468957318578
1.2904994721928382 -0.1889468957318578
1.2984241502273326 -0.1889468957318578
1.3123047018110845 -0.1889468957318578
1.3229953240270036 -0.1889468957318578
1.3315383675416703 -0.1889468957318578
1.3451315629153955 -0.1889468957318578
1.3539173612366135 -0.1889468957318578
1.3657698430403487 -0.1889468957318578
1.3843367681874241 -0.1889468957318578
1.3936641910880936 -0.1889468957318578
1.3971186110056717 -0.1889468957318578
1.4118823185275557 -0.1889468957318578
1.4182018243921957 -0.1889468957318578
1.4287722281318844 -0.1889468957318578
1.439514304340287 -0.1889468957318578
1.449134931542591 -0.1889468957318578
1.4589034259258882 -0.1889468957318578
1.4693751504169477 -0.1889468957318578
1.4789608644606194 -0.1889468957318578
1.4848433931485827 -0.1889468957318578
1.4965720171549213 -0.1889468957318578
1.5104526289057496 -0.1889468957318578
1.5210653506843648 -0.1889468957318578
1.5522960673974273 -0.1889468957318578
1.5647832448091081 -0.1889468957318578
1.5803536089918768 -0.1889468957318578
1.5907735756872339 -0.1889468957318578
1.6028660990093928 -0.1889468957318578
1.6089505978439234 -0.1889468957318578
1.6222678699131605 -0.1889468957318578
1.6300843594221515 -0.1889468957318578
1.6612969105035136 -0.1889468957318578
#kx=0.0, ky=2.0, Jx=1.0, Jy=1.0, Jz=1.0, h=0.15
0.1376905972094966 -0.17110720144290853
0.16281812687962804 -0.17110720144290853
0.17312233023808854 -0.17110720144290853
0.18559237391931993 -0.17110720144290853
0.20281534022028536 -0.17110720144290853
0.21399713622468786 -0.17110720144290853
0.2234401721939161 -0.17110720144290853
0.24724597654924185 -0.17110720144290853
0.2613962686853416 -0.17110720144290853
0.2699141871988969 -0.17110720144290853
0.279294301918388 -0.17110720144290853
0.2928826875446311 -0.17110720144290853
0.3013851952370189 -0.17110720144290853
0.30475826547549045 -0.17110720144290853
0.3130547686299018 -0.17110720144290853
0.32111616595876524 -0.17110720144290853
0.33557068739480556 -0.17110720144290853
0.3392405420795458 -0.17110720144290853
0.3569889502820467 -0.17110720144290853
0.38213194323282573 -0.17110720144290853
0.38904397697273885 -0.17110720144290853
0.4000981632329881 -0.17110720144290853
0.402669086525127 -0.17110720144290853
0.41168588317652577 -0.17110720144290853
0.42227525472188054 -0.17110720144290853
0.4307089954799048 -0.17110720144290853
0.4395994685201754 -0.17110720144290853
0.4503448210377803 -0.17110720144290853
0.46469455300966966 -0.17110720144290853
0.4941097760322799 -0.17110720144290853
0.5158844706458299 -0.17110720144290853
0.527202479853256 -0.17110720144290853
0.5329935029365024 -0.17110720144290853
0.5514362590276806 -0.17110720144290853
0.5555956352150176 -0.17110720144290853
0.5639319657412978 -0.17110720144290853
0.5750002584343639 -0.17110720144290853
0.5825152480090229 -0.17110720144290853
0.5893022650302637 -0.17110720144290853
0.594426009251583 -0.17110720144290853
0.6074423671197432 -0.17110720144290853
0.6152677163104259 -0.17110720144290853
0.6184168127470041 -0.17110720144290853
0.6388214429203459 -0.17110720144290853
0.6480257185556237 -0.17110720144290853
0.6563441859891822 -0.17110720144290853
0.6646323872309429 -0.17110720144290853
0.6726420395260202 -0.17110720144290853
0.6819935545370265 -0.17110720144290853
0.6948427798240853 -0.17110720144290853
0.7047356748878242 -0.17110720144290853
0.7159752643630707 -0.17110720144290853
0.7264679479861469 -0.17110720144290853
0.7514191896300115 -0.17110720144290853
0.766051194832354 -0.17110720144290853
0.7691516918900293 -0.17110720144290853
0.7792866807954152 -0.17110720144290853
0.7967808968331874 -0.17110720144290853
0.8258641831714802 -0.17110720144290853
0.8428617609656841 -0.17110720144290853
0.8586100381953693 -0.17110720144290853
0.8692061508252164 -0.17110720144290853
0.8991745166124104 -0.17110720144290853
0.9809155994143814 -0.17110720144290853
0.9927161985384608 -0.17110720144290853
1.0026022543954154 -0.17110720144290853
1.0207388323754625 -0.17110720144290853
1.0344524747167623 -0.17110720144290853
1.0530663936098539 -0.17110720144290853
1.0765151426049697 -0.17110720144290853
1.088675040120155 -0.17110720144290853
1.0970007296930633 -0.17110720144290853
1.1093900175884381 -0.17110720144290853
1.1301431507379855 -0.17110720144290853
1.143724188463574 -0.17110720144290853
1.1532888487453286 -0.17110720144290853
1.1722955552332666 -0.17110720144290853
1.1773865614882861 -0.17110720144290853
1.1783006752485792 -0.17110720144290853
1.1904586686792495 -0.17110720144290853
1.1951020629242488 -0.17110720144290853
1.1996225787219505 -0.17110720144290853
1.21226469064093 -0.17110720144290853
1.2229747220520837 -0.17110720144290853
1.226601512024188 -0.17110720144290853
1.2374620383404662 -0.17110720144290853
1.2436369530790503 -0.17110720144290853
1.2482020865715144 -0.17110720144290853
1.2570824978722916 -0.17110720144290853
1.2628489681798938 -0.17110720144290853
1.268786992538098 -0.17110720144290853
1.2788071830179364 -0.17110720144290853
1.283865610581147 -0.17110720144290853
1.28669777003111 -0.17110720144290853
1.3007087771826171 -0.17110720144290853
1.3135562983578242 -0.17110720144290853
1.324898167857031 -0.17110720144290853
1.3367264149032987 -0.17110720144290853
1.34729987683107 -0.17110720144290853
1.3537978153985064 -0.17110720144290853
1.3667875756286996 -0.17110720144290853
1.3915152196386826 -0.17110720144290853
1.3963290464273814 -0.17110720144290853
1.409846093727793 -0.17110720144290853
1.416765293036446 -0.17110720144290853
1.4247990707358045 -0.17110720144290853
1.4314569342673504 -0.17110720144290853
1.447899964931978 -0.17110720144290853
1.452592058219106 -0.17110720144290853
1.4605094724012706 -0.17110720144290853
1.4678620666099884 -0.17110720144290853
1.4838091864107024 -0.17110720144290853
1.4892149804230759 -0.17110720144290853
1.501024222897952 -0.17110720144290853
1.5114994821087118 -0.17110720144290853
1.5346708473746569 -0.17110720144290853
1.556447604636399 -0.17110720144290853
1.5653474307332405 -0.17110720144290853
1.5855992489253201 -0.17110720144290853
1.5956477329906131 -0.17110720144290853
1.6022147206193034 -0.17110720144290853
1.6113221398359006 -0.17110720144290853
1.621018898367479 -0.17110720144290853
1.6374510027122873 -0.17110720144290853
1.6666553672555007 -0.17110720144290853
#kx=0.0, ky=3.0, Jx=1.0, Jy=1.0, Jz=1.0, h=0.15
0.13867753493768564 -0.1663131345161853
0.16247288875257004 -0.1663131345161853
0.17860200222187428 -0.1663131345161853
0.1854541658594433 -0.1663131345161853
0.2059006100602473 -0.1663131345161853
0.2146361443803091 -0.1663131345161853
0.23434632233751362 -0.1663131345161853
0.2554147124172257 -0.1663131345161853
0.2567604864041334 -0.1663131345161853
0.2567604864041384 -0.1663131345161853
0.27034895771255285 -0.1663131345161853
0.27683094868735103 -0.1663131345161853
0.2821583410080025 -0.1663131345161853
0.30149357681503286 -0.1663131345161853
0.30963282891975585 -0.1663131345161853
0.31573699649274256 -0.1663131345161853
0.3186840054364326 -0.1663131345161853
0.3285869308476874 -0.1663131345161853
0.3411679434455095 -0.1663131345161853
0.3605900523090616 -0.1663131345161853
0.3847635074870964 -0.1663131345161853
0.39077414773860064 -0.1663131345161853
0.4062247889210374 -0.1663131345161853
0.41387320154504526 -0.1663131345161853
0.4255885192362657 -0.1663131345161853
0.4355760663827396 -0.1663131345161853
0.44336480229164255 -0.1663131345161853
0.4487483405844306 -0.1663131345161853
0.4700309072483555 -0.1663131345161853
0.4982219558285267 -0.1663131345161853
0.5156511003680625 -0.1663131345161853
0.5293195359603081 -0.1663131345161853
0.5367870795410434 -0.1663131345161853
0.5518188141414443 -0.1663131345161853
0.5596262708377242 -0.1663131345161853
0.5639040170633858 -0.1663131345161853
0.5705773164267613 -0.1663131345161853
0.580058627598985 -0.1663131345161853
0.5877178438121311 -0.1663131345161853
0.5907442335823149 -0.1663131345161853
0.6032929202850712 -0.1663131345161853
0.6086861643291719 -0.1663131345161853
0.6235462467608005 -0.1663131345161853
0.6262193448922337 -0.1663131345161853
0.6482872614906182 -0.1663131345161853
0.6511453126949418 -0.1663131345161853
0.6639721613097038 -0.1663131345161853
0.6713040572667706 -0.1663131345161853
0.6855241786387539 -0.1663131345161853
0.6960635450663472 -0.1663131345161853
0.7200996628053741 -0.1663131345161853
0.7259475800592985 -0.1663131345161853
0.7337338804431981 -0.1663131345161853
0.7586303325223909 -0.1663131345161853
0.768652306752387 -0.1663131345161853
0.7771587265007707 -0.1663131345161853
0.7963159498533406 -0.1663131345161853
0.8131750266787774 -0.1663131345161853
0.8239025294338292 -0.1663131345161853
0.852253164364688 -0.1663131345161853
0.8602284102661645 -0.1663131345161853
0.8879239400938221 -0.1663131345161853
0.939592650390606 -0.1663131345161853
0.9734496778175583 -0.1663131345161853
0.9924366271943158 -0.1663131345161853
1.0106000596291724 -0.1663131345161853
1.0211651875888084 -0.1663131345161853
1.0507222301981478 -0.1663131345161853
1.0665690036797209 -0.1663131345161853
1.0721720056477753 -0.1663131345161853
1.093802634728918 -0.1663131345161853
1.1007721131015984 -0.1663131345161853
1.1054972554445102 -0.1663131345161853
1.1272246912533523 -0.1663131345161853
1.1480317993919846 -0.1663131345161853
1.157783946463098 -0.1663131345161853
1.1722742216046829 -0.1663131345161853
1.1743547451942105 -0.1663131345161853
1.1850299188344926 -0.1663131345161853
1.1935959928075497 -0.1663131345161853
1.1957484954935387 -0.1663131345161853
1.2036533069810322 -0.1663131345161853
1.2116065799592461 -0.1663131345161853
1.2239824810957678 -0.1663131345161853
1.228215393395176 -0.1663131345161853
1.2382521213617714 -0.1663131345161853
1.2430524331212696 -0.1663131345161853
1.2492910929696093 -0.1663131345161853
1.2584596961627152 -0.1663131345161853
1.2623339609407525 -0.1663131345161853
1.2676754823779839 -0.1663131345161853
1.2771494482117052 -0.1663131345161853
1.2797499386455657 -0.1663131345161853
1.2871427720451045 -0.1663131345161853
1.298585628481339 -0.1663131345161853
1.3103826132859746 -0.1663131345161853
1.3166063546253564 -0.1663131345161853
1.3310172640261686 -0.1663131345161853
1.3461074973787601 -0.1663131345161853
1.353184575281115 -0.1663131345161853
1.3555963990366737 -0.1663131345161853
1.3883201481782648 -0.1663131345161853
1.3958014803208991 -0.1663131345161853
1.4045875392872575 -0.1663131345161853
1.4126053417278732 -0.1663131345161853
1.4199140087801887 -0.1663131345161853
1.4301910405481681 -0.1663131345161853
1.4388298592105575 -0.1663131345161853
1.4500408399240095 -0.1663131345161853
1.4580284842964608 -0.1663131345161853
1.4615073893391395 -0.1663131345161853
1.475313926006752 -0.1663131345161853
1.4859949997409676 -0.1663131345161853
1.4924713016824214 -0.1663131345161853
1.4962586145633294 -0.1663131345161853
1.511255222185106 -0.1663131345161853
1.5292438404349518 -0.1663131345161853
1.5609696433164677 -0.1663131345161853
1.5767760120704188 -0.1663131345161853
1.5893266156480408 -0.1663131345161853
1.6010613440186 -0.1663131345161853
1.6068247238176114 -0.1663131345161853
1.6175607130064906 -0.1663131345161853
1.624238076907118 -0.1663131345161853
1.6608561048958763 -0.1663131345161853
#kx=0.0, ky=4.0, Jx=1.0, Jy=1.0, Jz=1.0, h=0.15
0.13551869162462316 -0.1710741807581182
0.15785759534627353 -0.1710741807581182
0.17981293676277488 -0.1710741807581182
0.18600161229214762 -0.1710741807581182
0.20259360465580412 -0.1710741807581182
0.21040016256511584 -0.1710741807581182
0.2211710050989335 -0.1710741807581182
0.24288832595666388 -0.1710741807581182
0.2648715247296535 -0.1710741807581182
0.2686641400356671 -0.1710741807581182
0.2762288967078308 -0.1710741807581182
0.2876781875127782 -0.1710741807581182
0.29960940549834114 -0.1710741807581182
0.304122507908246 -0.1710741807581182
0.3119260537871327 -0.1710741807581182
0.3234595890582631 -0.1710741807581182
0.3320750087675173 -0.1710741807581182
0.34084509162198406 -0.1710741807581182
0.3633084354964766 -0.1710741807581182
0.3769253757264013 -0.1710741807581182
0.3940431832620295 -0.1710741807581182
0.4036214204614075 -0.1710741807581182
0.4084796939221108 -0.1710741807581182
0.4242508081044549 -0.1710741807581182
0.43143301085251495 -0.1710741807581182
0.4414667539933703 -0.1710741807581182
0.44553558387533887 -0.1710741807581182
0.46333554716223135 -0.1710741807581182
0.49772835124706816 -0.1710741807581182
0.5127130089653531 -0.1710741807581182
0.5269062613720771 -0.1710741807581182
0.5356807271364489 -0.1710741807581182
0.5469456607551076 -0.1710741807581182
0.5549869411365599 -0.1710741807581182
0.5660645462915959 -0.1710741807581182
0.575898394879984 -0.1710741807581182
0.5827902976275973 -0.1710741807581182
0.5897899664074019 -0.1710741807581182
0.5954182820991399 -0.1710741807581182
0.6043758101166613 -0.1710741807581182
0.6161182434438617 -0.1710741807581182
0.6275953676335694 -0.1710741807581182
0.6430247892254531 -0.1710741807581182
0.6468842839598721 -0.1710741807581182
0.6578475769497194 -0.1710741807581182
0.6640766057405045 -0.1710741807581182
0.6750338594797672 -0.1710741807581182
0.6796047497023072 -0.1710741807581182
0.6921957246563626 -0.1710741807581182
0.7082385547517461 -0.1710741807581182
0.7223508206544155 -0.1710741807581182
0.7445837681803869 -0.1710741807581182
0.7592712442551497 -0.1710741807581182
0.7665368870609746 -0.1710741807581182
0.7689884495483718 -0.1710741807581182
0.7908132964827697 -0.1710741807581182
0.7997002086737381 -0.1710741807581182
0.8236378333771793 -0.1710741807581182
0.8438738713365418 -0.1710741807581182
0.8659101402954456 -0.1710741807581182
0.8946353718000027 -0.1710741807581182
0.9065964893886025 -0.1710741807581182
0.9781382156448898 -0.1710741807581182
0.9904012642166482 -0.1710741807581182
1.010475737754799 -0.1710741807581182
1.0382045651090328 -0.1710741807581182
1.04967360102451 -0.1710741807581182
1.074324475486358 -0.1710741807581182
1.0848788967509948 -0.1710741807581182
1.1003526359986653 -0.1710741807581182
1.1095912064476972 -0.1710741807581182
1.136076538548727 -0.1710741807581182
1.1490075502214396 -0.1710741807581182
1.157685501939167 -0.1710741807581182
1.1667061850007894 -0.1710741807581182
1.174033810630208 -0.1710741807581182
1.178725338357209 -0.1710741807581182
1.1899001693767608 -0.1710741807581182
1.2006119658610186 -0.1710741807581182
1.2026911502055366 -0.1710741807581182
1.2119093534613694 -0.1710741807581182
1.2244667955357202 -0.1710741807581182
1.2287328597605118 -0.1710741807581182
1.2348939302488349 -0.1710741807581182
1.2434043215158541 -0.1710741807581182
1.2488560804990239 -0.1710741807581182
1.2529564405872018 -0.1710741807581182
1.2611789096922639 -0.1710741807581182
1.2683337374202563 -0.1710741807581182
1.2771259635804655 -0.1710741807581182
1.280164398088 -0.1710741807581182
1.2916163046216727 -0.1710741807581182
1.3008863833069129 -0.1710741807581182
1.3055622924848147 -0.1710741807581182
1.3205858921110232 -0.1710741807581182
1.3300247876201747 -0.1710741807581182
1.3393159356278934 -0.1710741807581182
1.3495635663347056 -0.1710741807581182
1.3550129378743025 -0.1710741807581182
1.3688317510625536 -0.1710741807581182
1.3849017508300843 -0.1710741807581182
1.3917773104885107 -0.1710741807581182
1.403553075047634 -0.1710741807581182
1.4153848422883257 -0.1710741807581182
1.4225131289153448 -0.1710741807581182
1.4308444366813737 -0.1710741807581182
1.4401285306897211 -0.1710741807581182
1.4466771304782338 -0.1710741807581182
1.4543033011246638 -0.1710741807581182
1.4646060915960168 -0.1710741807581182
1.469246034956491 -0.1710741807581182
1.4770278545750337 -0.1710741807581182
1.4837794313540935 -0.1710741807581182
1.4985097778525225 -0.1710741807581182
1.5191223371367701 -0.1710741807581182
1.531614327939748 -0.1710741807581182
1.552074987396701 -0.1710741807581182
1.5726531393712957 -0.1710741807581182
1.58009475570053 -0.1710741807581182
1.5969976709128741 -0.1710741807581182
1.6039139391756678 -0.1710741807581182
1.6107666933023412 -0.1710741807581182
1.621343889325657 -0.1710741807581182
1.6353658242090319 -0.1710741807581182
1.6800771767925116 -0.1710741807581182
#kx=0.0, ky=5.0, Jx=1.0, Jy=1.0, Jz=1.0, h=0.15
0.07410726162394299 -0.17237346184795993
0.13904927706700987 -0.17237346184795993
0.15675635293531054 -0.17237346184795993
0.17880368383445644 -0.17237346184795993
0.18867185481559412 -0.17237346184795993
0.20078622801501744 -0.17237346184795993
0.2097587356353503 -0.17237346184795993
0.23570322342126027 -0.17237346184795993
0.24965968381985282 -0.17237346184795993
0.2647874158458191 -0.17237346184795993
0.27239220173823464 -0.17237346184795993
0.28212303946128336 -0.17237346184795993
0.28900113981897735 -0.17237346184795993
0.30002852565257865 -0.17237346184795993
0.3099865000996599 -0.17237346184795993
0.3243066901781927 -0.17237346184795993
0.33147429743406953 -0.17237346184795993
0.3343776250504543 -0.17237346184795993
0.3595853412466232 -0.17237346184795993
0.3688632428605165 -0.17237346184795993
0.37694305374240566 -0.17237346184795993
0.3982897951727282 -0.17237346184795993
0.4017815266236874 -0.17237346184795993
0.4088731421352504 -0.17237346184795993
0.4254053172093203 -0.17237346184795993
0.4366234732420343 -0.17237346184795993
0.4418513785783834 -0.17237346184795993
0.4464109775334457 -0.17237346184795993
0.476265371702953 -0.17237346184795993
0.4990930524722176 -0.17237346184795993
0.515446657373414 -0.17237346184795993
0.5269397834151218 -0.17237346184795993
0.5432788780307135 -0.17237346184795993
0.5464364928672422 -0.17237346184795993
0.5537834027878746 -0.17237346184795993
0.5596060427597266 -0.17237346184795993
0.5698216751737084 -0.17237346184795993
0.577966158930926 -0.17237346184795993
0.5890433937360562 -0.17237346184795993
0.5920864682365107 -0.17237346184795993
0.6055544646238392 -0.17237346184795993
0.6114348612359216 -0.17237346184795993
0.6242273399766984 -0.17237346184795993
0.633528012068803 -0.17237346184795993
0.6470746969450031 -0.17237346184795993
0.6572645796031873 -0.17237346184795993
0.6641033672227681 -0.17237346184795993
0.6710103849474347 -0.17237346184795993
0.681854327462797 -0.17237346184795993
0.6886597880424467 -0.17237346184795993
0.7121292128887519 -0.17237346184795993
0.7267274239714117 -0.17237346184795993
0.7505335047119988 -0.17237346184795993
0.7581979991614113 -0.17237346184795993
0.7688348131124584 -0.17237346184795993
0.7764410436198216 -0.17237346184795993
0.7960427171327483 -0.17237346184795993
0.8061731260412275 -0.17237346184795993
0.8327004190596682 -0.17237346184795993
0.8598951218802264 -0.17237346184795993
0.8703366074326763 -0.17237346184795993
0.8941484223733448 -0.17237346184795993
0.9683220024167022 -0.17237346184795993
0.9900481732110944 -0.17237346184795993
1.009742215201248 -0.17237346184795993
1.0342147970466953 -0.17237346184795993
1.0497562384121528 -0.17237346184795993
1.0758432937574958 -0.17237346184795993
1.0879533915216317 -0.17237346184795993
1.0992052088956035 -0.17237346184795993
1.1116574480696846 -0.17237346184795993
1.1324318662750916 -0.17237346184795993
1.1481748850002882 -0.17237346184795993
1.1563607618844367 -0.17237346184795993
1.1689045849889723 -0.17237346184795993
1.1722609271347677 -0.17237346184795993
1.1781490393404692 -0.17237346184795993
1.1874405163266755 -0.17237346184795993
1.2023104836954146 -0.17237346184795993
1.2095053932694961 -0.17237346184795993
1.2155417755638143 -0.17237346184795993
1.2175635554036657 -0.17237346184795993
1.2305366886126456 -0.17237346184795993
1.2375081280086964 -0.17237346184795993
1.2400646465989955 -0.17237346184795993
1.2497996357631835 -0.17237346184795993
1.2538085958107303 -0.17237346184795993
1.2631726047672482 -0.17237346184795993
1.2701421741526793 -0.17237346184795993
1.2730410508063472 -0.17237346184795993
1.27972193765227 -0.17237346184795993
1.2897242641251516 -0.17237346184795993
1.3008795878260666 -0.17237346184795993
1.3066699050769919 -0.17237346184795993
1.318128618661376 -0.17237346184795993
1.3279397494719303 -0.17237346184795993
1.3406355470567843 -0.17237346184795993
1.343599940965377 -0.17237346184795993
1.3566800749269703 -0.17237346184795993
1.3654464125804662 -0.17237346184795993
1.3728352060840754 -0.17237346184795993
1.3966710359508134 -0.17237346184795993
1.4008232979581785 -0.17237346184795993
1.411029240338798 -0.17237346184795993
1.426365997532144 -0.17237346184795993
1.4276925080692648 -0.17237346184795993
1.4409673401614775 -0.17237346184795993
1.4479632299717016 -0.17237346184795993
1.4555532357735723 -0.17237346184795993
1.465394071336466 -0.17237346184795993
1.4698083266808797 -0.17237346184795993
1.4748138175796166 -0.17237346184795993
1.489399587698614 -0.17237346184795993
1.503799496055242 -0.17237346184795993
1.506829597842438 -0.17237346184795993
1.5228445275848084 -0.17237346184795993
1.5550715280348137 -0.17237346184795993
1.5730807115256396 -0.17237346184795993
1.5779882720009941 -0.17237346184795993
1.5916271303568863 -0.17237346184795993
1.601101055476477 -0.17237346184795993
1.608832202809477 -0.17237346184795993
1.6242177289441517 -0.17237346184795993
1.6356673130299653 -0.17237346184795993
1.6946984419302762 -0.17237346184795993
#kx=0.0, ky=6.0, Jx=1.0, Jy=1.0, Jz=1.0, h=0.15
0.13758665564444994 -0.17113949237944004
0.1557808605592792 -0.17113949237944004
0.1718937526496067 -0.17113949237944004
0.1889504689119481 -0.17113949237944004
0.19800870139140558 -0.17113949237944004
0.20684376396883808 -0.17113949237944004
0.22402363580019236 -0.17113949237944004
0.23829799848094857 -0.17113949237944004
0.2611347905045758 -0.17113949237944004
0.2679352874683705 -0.17113949237944004
0.2719169258152321 -0.17113949237944004
0.2879554842830423 -0.17113949237944004
0.29374018275667935 -0.17113949237944004
0.3028127685103227 -0.17113949237944004
0.314351107697588 -0.17113949237944004
0.32981437168549566 -0.17113949237944004
0.33540540417076825 -0.17113949237944004
0.3601371762677569 -0.17113949237944004
0.3657595523846946 -0.17113949237944004
0.3706345269960887 -0.17113949237944004
0.3930851909466704 -0.17113949237944004
0.4006980848663738 -0.17113949237944004
0.40607454617574257 -0.17113949237944004
0.4233395189009187 -0.17113949237944004
0.43343914970555397 -0.17113949237944004
0.4385748963422914 -0.17113949237944004
0.4449130751709962 -0.17113949237944004
0.46163225075753267 -0.17113949237944004
0.4923125139296436 -0.17113949237944004
0.5013792791480864 -0.17113949237944004
0.5168418958730508 -0.17113949237944004
0.529157132937505 -0.17113949237944004
0.5393356980553943 -0.17113949237944004
0.5484741335777638 -0.17113949237944004
0.5599102333753547 -0.17113949237944004
0.5648020304055301 -0.17113949237944004
0.5757134754370408 -0.17113949237944004
0.5840485288281017 -0.17113949237944004
0.5904898779041434 -0.17113949237944004
0.5959827654416239 -0.17113949237944004
0.6109139938864416 -0.17113949237944004
0.620220560679845 -0.17113949237944004
0.6307533476947985 -0.17113949237944004
0.6448794477340125 -0.17113949237944004
0.654993802888782 -0.17113949237944004
0.6588935571101334 -0.17113949237944004
0.6691803290410092 -0.17113949237944004
0.6822071701967192 -0.17113949237944004
0.6884298466473088 -0.17113949237944004
0.7059316757348383 -0.17113949237944004
0.7241692794260118 -0.17113949237944004
0.7441128720905205 -0.17113949237944004
0.7577225789806546 -0.17113949237944004
0.7666740614121093 -0.17113949237944004
0.7717094733897806 -0.17113949237944004
0.7891002818560638 -0.17113949237944004
0.7979722750661683 -0.17113949237944004
0.8279650529491606 -0.17113949237944004
0.8481003173177376 -0.17113949237944004
0.8645797720469212 -0.17113949237944004
0.8732229483935405 -0.17113949237944004
0.9343949844797039 -0.17113949237944004
0.9744933516482884 -0.17113949237944004
0.99018983519024 -0.17113949237944004
1.0179101489801483 -0.17113949237944004
1.0409113366054323 -0.17113949237944004
1.0528426710570256 -0.17113949237944004
1.0740201350488516 -0.17113949237944004
1.0868262181570343 -0.17113949237944004
1.0990272441965292 -0.17113949237944004
1.111161219500139 -0.17113949237944004
1.1383561369111794 -0.17113949237944004
1.150430680687976 -0.17113949237944004
1.1580337784207577 -0.17113949237944004
1.168016193840928 -0.17113949237944004
1.1714776000037745 -0.17113949237944004
1.1841535576939717 -0.17113949237944004
1.1972837020995524 -0.17113949237944004
1.2073950800063455 -0.17113949237944004
1.2116864856797434 -0.17113949237944004
1.2170926655477243 -0.17113949237944004
1.2296942594785825 -0.17113949237944004
1.23520571760046 -0.17113949237944004
1.2388057601977458 -0.17113949237944004
1.2467343532366977 -0.17113949237944004
1.252977140503846 -0.17113949237944004
1.257188964112144 -0.17113949237944004
1.268259773261187 -0.17113949237944004
1.2718081292946941 -0.17113949237944004
1.2792129621862913 -0.17113949237944004
1.2871470303096522 -0.17113949237944004
1.2895511378482938 -0.17113949237944004
1.2978276898748087 -0.17113949237944004
1.3096648814626737 -0.17113949237944004
1.3168115196673469 -0.17113949237944004
1.3353696180705965 -0.17113949237944004
1.3412035536516047 -0.17113949237944004
1.3454772874667043 -0.17113949237944004
1.3576742009607101 -0.17113949237944004
1.362672956193582 -0.17113949237944004
1.3819459173035313 -0.17113949237944004
1.3920154338726232 -0.17113949237944004
1.4002812393784931 -0.17113949237944004
1.4133730596292375 -0.17113949237944004
1.4247990822107737 -0.17113949237944004
1.4325316979627285 -0.17113949237944004
1.4403979584489042 -0.17113949237944004
1.4500392428475617 -0.17113949237944004
1.4610977445214939 -0.17113949237944004
1.464533791013456 -0.17113949237944004
1.469461095505527 -0.17113949237944004
1.48281812507839 -0.17113949237944004
1.4927492291984479 -0.17113949237944004
1.5082714484695792 -0.17113949237944004
1.5234253474902515 -0.17113949237944004
1.5340018610669814 -0.17113949237944004
1.5607504932192469 -0.17113949237944004
1.5686387049335293 -0.17113949237944004
1.5815810281279545 -0.17113949237944004
1.5934743089390024 -0.17113949237944004
1.5987716195622808 -0.17113949237944004
1.6118101334562518 -0.17113949237944004
1.6259383696595164 -0.17113949237944004
1.647084702784125 -0.17113949237944004
1.6942553353219292 -0.17113949237944004
#kx=1.0, ky=5.0, Jx=1.0, Jy=1.0, Jz=1.0, h=0.15
0.13331559434258122 -0.1711479458743273
0.1535994593297485 -0.1711479458743273
0.17848424472867275 -0.1711479458743273
0.1877385530272596 -0.1711479458743273
0.19806238837009993 -0.1711479458743273
0.20693926345469904 -0.1711479458743273
0.21993608412425703 -0.1711479458743273
0.24174464136720752 -0.1711479458743273
0.2597491983952388 -0.1711479458743273
0.26639429737669973 -0.1711479458743273
0.2746677804331482 -0.1711479458743273
0.28219565563870785 -0.1711479458743273
0.2901298408062347 -0.1711479458743273
0.3054031858711309 -0.1711479458743273
0.3136518904833996 -0.1711479458743273
0.32935236134828627 -0.1711479458743273
0.3342432815215446 -0.1711479458743273
0.36037912142228123 -0.1711479458743273
0.36731816766530867 -0.1711479458743273
0.3754014356536106 -0.1711479458743273
0.39770378151271046 -0.1711479458743273
0.40341962558126165 -0.1711479458743273
0.406244205155053 -0.1711479458743273
0.4245338290927353 -0.1711479458743273
0.4321488829599063 -0.1711479458743273
0.44148123959831254 -0.1711479458743273
0.4455730221835824 -0.1711479458743273
0.46195391064887514 -0.1711479458743273
0.5001341893393169 -0.1711479458743273
0.513936059886696 -0.1711479458743273
0.5273298461371573 -0.1711479458743273
0.5334124723842176 -0.1711479458743273
0.544099038492607 -0.1711479458743273
0.5525239649005748 -0.1711479458743273
0.5562840870068375 -0.1711479458743273
0.5696244539033984 -0.1711479458743273
0.5762734876522213 -0.1711479458743273
0.5880420660040186 -0.1711479458743273
0.5931741760433412 -0.1711479458743273
0.6049638911966526 -0.1711479458743273
0.6130038556240225 -0.1711479458743273
0.6238627010571829 -0.1711479458743273
0.6326675233436191 -0.1711479458743273
0.6453718863050878 -0.1711479458743273
0.6547243185294077 -0.1711479458743273
0.6622278630043738 -0.1711479458743273
0.6654227710251465 -0.1711479458743273
0.67861223718023 -0.1711479458743273
0.6894060875028751 -0.1711479458743273
0.7038674824962554 -0.1711479458743273
0.7225418747540913 -0.1711479458743273
0.7460919181230924 -0.1711479458743273
0.7569594758056347 -0.1711479458743273
0.7691351284599052 -0.1711479458743273
0.7740120234674247 -0.1711479458743273
0.7948759699477553 -0.1711479458743273
0.8016583686534079 -0.1711479458743273
0.8303851711984761 -0.1711479458743273
0.852001028159064 -0.1711479458743273
0.8677345423930916 -0.1711479458743273
0.8719424258447905 -0.1711479458743273
0.9632784616707524 -0.1711479458743273
0.98081042107517 -0.1711479458743273
1.0077607173480496 -0.1711479458743273
1.0262412530068503 -0.1711479458743273
1.048071846815135 -0.1711479458743273
1.0698759967190585 -0.1711479458743273
1.0853974833221203 -0.1711479458743273
1.0872749057325763 -0.1711479458743273
1.1062673996727124 -0.1711479458743273
1.1175232973148175 -0.1711479458743273
1.143232786422479 -0.1711479458743273
1.1491624784834709 -0.1711479458743273
1.1579280811886479 -0.1711479458743273
1.1671868287628335 -0.1711479458743273
1.1739634532441006 -0.1711479458743273
1.1834704516058847 -0.1711479458743273
1.2024305557981534 -0.1711479458743273
1.2056055848778562 -0.1711479458743273
1.2093966857921528 -0.1711479458743273
1.2181395729124833 -0.1711479458743273
1.2295831221705593 -0.1711479458743273
1.2337541248857269 -0.1711479458743273
1.2392081791499505 -0.1711479458743273
1.2457430692451794 -0.1711479458743273
1.2517770050647847 -0.1711479458743273
1.2583674657751915 -0.1711479458743273
1.2676795698722572 -0.1711479458743273
1.2713321170811849 -0.1711479458743273
1.2762351230033415 -0.1711479458743273
1.2842422950573762 -0.1711479458743273
1.2938624659613214 -0.1711479458743273
1.3054168480310324 -0.1711479458743273
1.3090967901038342 -0.1711479458743273
1.3286083187965758 -0.1711479458743273
1.336810470790073 -0.1711479458743273
1.3431657536207708 -0.1711479458743273
1.3463075203384371 -0.1711479458743273
1.3609432787556786 -0.1711479458743273
1.370836195835633 -0.1711479458743273
1.3790009236010203 -0.1711479458743273
1.3964790490082812 -0.1711479458743273
1.4074687792383873 -0.1711479458743273
1.4127056731163423 -0.1711479458743273
1.4266172712354186 -0.1711479458743273
1.4308496672288058 -0.1711479458743273
1.4430969029147085 -0.1711479458743273
1.4543989426468489 -0.1711479458743273
1.4632824342734558 -0.1711479458743273
1.4660712911522 -0.1711479458743273
1.4748456773669898 -0.1711479458743273
1.4806559837247484 -0.1711479458743273
1.490625883569629 -0.1711479458743273
1.504786806621798 -0.1711479458743273
1.5082033835147453 -0.1711479458743273
1.5246908498431195 -0.1711479458743273
1.5555119867933032 -0.1711479458743273
1.5741184884074721 -0.1711479458743273
1.577529478837334 -0.1711479458743273
1.5907795413449266 -0.1711479458743273
1.600023502782697 -0.1711479458743273
1.6114711112082918 -0.1711479458743273
1.6244049061165267 -0.1711479458743273
1.6366311719834314 -0.1711479458743273
1.6984539338946492 -0.1711479458743273
#kx=2.0, ky=4.0, Jx=1.0, Jy=1.0, Jz=1.0, h=0.15
0.13205759178141763 -0.17120406961069534
0.15335643202307292 -0.17120406961069534
0.18152522012376937 -0.17120406961069534
0.18653059832195895 -0.17120406961069534
0.20029178711724438 -0.17120406961069534
0.2085092245190423 -0.17120406961069534
0.21627907034471594 -0.17120406961069534
0.24461279352031684 -0.17120406961069534
0.25877795153146754 -0.17120406961069534
0.2686353251210377 -0.17120406961069534
0.27718323198201666 -0.17120406961069534
0.2874421708327102 -0.17120406961069534
0.3009509238518515 -0.17120406961069534
0.3060568779162165 -0.17120406961069534
0.3161574119229532 -0.17120406961069534
0.32728302988348223 -0.17120406961069534
0.3352901700603611 -0.17120406961069534
0.35659723469270654 -0.17120406961069534
0.36686838167035773 -0.17120406961069534
0.3792065424397528 -0.17120406961069534
0.3957797283274861 -0.17120406961069534
0.401509166077163 -0.17120406961069534
0.4103804315068732 -0.17120406961069534
0.4205623092646149 -0.17120406961069534
0.4273281269381951 -0.17120406961069534
0.4423176989796951 -0.17120406961069534
0.44523432484798786 -0.17120406961069534
0.45595525526683944 -0.17120406961069534
0.500213368933658 -0.17120406961069534
0.5152645529470307 -0.17120406961069534
0.5258506794249473 -0.17120406961069534
0.5388154511902449 -0.17120406961069534
0.5510890590216516 -0.17120406961069534
0.5528237602147834 -0.17120406961069534
0.5662909094211399 -0.17120406961069534
0.576175758572221 -0.17120406961069534
0.5847662139811249 -0.17120406961069534
0.588447734628646 -0.17120406961069534
0.5977091814376423 -0.17120406961069534
0.6064863792097758 -0.17120406961069534
0.6174008464864206 -0.17120406961069534
0.6330516332749075 -0.17120406961069534
0.6417943947994709 -0.17120406961069534
0.645034063019399 -0.17120406961069534
0.6562867081727375 -0.17120406961069534
0.6639343419836297 -0.17120406961069534
0.6741807204238248 -0.17120406961069534
0.6857454851663758 -0.17120406961069534
0.6933377638519062 -0.17120406961069534
0.709352578191999 -0.17120406961069534
0.7331921568587441 -0.17120406961069534
0.7476577219252312 -0.17120406961069534
0.7610519653239484 -0.17120406961069534
0.7672739765051867 -0.17120406961069534
0.7731018243245885 -0.17120406961069534
0.7908427177524086 -0.17120406961069534
0.8003681239888188 -0.17120406961069534
0.8326560221674423 -0.17120406961069534
0.8519854973435387 -0.17120406961069534
0.8662450349293882 -0.17120406961069534
0.8782955910720575 -0.17120406961069534
0.96031900274967 -0.17120406961069534
0.9885140674113002 -0.17120406961069534
1.0025210700586658 -0.17120406961069534
1.0180978434191679 -0.17120406961069534
1.048171404389961 -0.17120406961069534
1.0528340976611306 -0.17120406961069534
1.0781006585920312 -0.17120406961069534
1.088641165092502 -0.17120406961069534
1.105671410492468 -0.17120406961069534
1.1112724363539557 -0.17120406961069534
1.1361918155054707 -0.17120406961069534
1.1479064624985575 -0.17120406961069534
1.1611030729978389 -0.17120406961069534
1.1699240823992652 -0.17120406961069534
1.1764117066947266 -0.17120406961069534
1.1833568772607443 -0.17120406961069534
1.1964269002899313 -0.17120406961069534
1.2015001679807003 -0.17120406961069534
1.2069910433965914 -0.17120406961069534
1.2146860312763748 -0.17120406961069534
1.2260114784726872 -0.17120406961069534
1.2315257046411014 -0.17120406961069534
1.2368733610715417 -0.17120406961069534
1.2396141120294475 -0.17120406961069534
1.24813700428186 -0.17120406961069534
1.2568707945647222 -0.17120406961069534
1.2649857334032517 -0.17120406961069534
1.269140229716389 -0.17120406961069534
1.2740275091092368 -0.17120406961069534
1.2791393230019725 -0.17120406961069534
1.2866061721922761 -0.17120406961069534
1.3034005628339085 -0.17120406961069534
1.308718636614274 -0.17120406961069534
1.323642728388419 -0.17120406961069534
1.335868935341375 -0.17120406961069534
1.3443036493645943 -0.17120406961069534
1.3491170999225899 -0.17120406961069534
1.3596772582576722 -0.17120406961069534
1.372837377209863 -0.17120406961069534
1.3819018918402497 -0.17120406961069534
1.3912966370545499 -0.17120406961069534
1.405095483525971 -0.17120406961069534
1.4110766985908962 -0.17120406961069534
1.4261848775794035 -0.17120406961069534
1.4319804149310538 -0.17120406961069534
1.438019080631348 -0.17120406961069534
1.4553972587988395 -0.17120406961069534
1.4601277185702755 -0.17120406961069534
1.4658320530449203 -0.17120406961069534
1.4747717872799826 -0.17120406961069534
1.4833515962326782 -0.17120406961069534
1.495636653783794 -0.17120406961069534
1.4999411371304543 -0.17120406961069534
1.510010852010772 -0.17120406961069534
1.5279852982475362 -0.17120406961069534
1.5506952501096176 -0.17120406961069534
1.5741894483445336 -0.17120406961069534
1.5807281731862095 -0.17120406961069534
1.5952065181518487 -0.17120406961069534
1.5996014391708835 -0.17120406961069534
1.6149911144467572 -0.17120406961069534
1.6196090167867911 -0.17120406961069534
1.635949969817771 -0.17120406961069534
1.6788616565375443 -0.17120406961069534
#kx=3.0, ky=3.0, Jx=1.0, Jy=1.0, Jz=1.0, h=0.15
0.13188309376599705 -0.17118180847222425
0.1574161488706427 -0.17118180847222425
0.1774756026266222 -0.17118180847222425
0.18712816719670844 -0.17118180847222425
0.20380806128280082 -0.17118180847222425
0.21288978996848562 -0.17118180847222425
0.22044175138901612 -0.17118180847222425
0.24399401627472783 -0.17118180847222425
0.253620884897226 -0.17118180847222425
0.2721987850501939 -0.17118180847222425
0.27772864540296704 -0.17118180847222425
0.2920578005833141 -0.17118180847222425
0.3057085998316611 -0.17118180847222425
0.3107910439911249 -0.17118180847222425
0.31933732492563704 -0.17118180847222425
0.32667568194487906 -0.17118180847222425
0.33792706625209334 -0.17118180847222425
0.3555855194005936 -0.17118180847222425
0.3684790359474571 -0.17118180847222425
0.38177184049466073 -0.17118180847222425
0.3919061563407217 -0.17118180847222425
0.4057078109557255 -0.17118180847222425
0.4145565140332008 -0.17118180847222425
0.4220821475428066 -0.17118180847222425
0.43140122885083454 -0.17118180847222425
0.4439111554876707 -0.17118180847222425
0.44670493476158313 -0.17118180847222425
0.4536261438021838 -0.17118180847222425
0.49817905648281924 -0.17118180847222425
0.5159226502498498 -0.17118180847222425
0.5267141219048321 -0.17118180847222425
0.5439790611419876 -0.17118180847222425
0.5522615529007768 -0.17118180847222425
0.5584537926701144 -0.17118180847222425
0.5632233102111489 -0.17118180847222425
0.5710391647136109 -0.17118180847222425
0.5819732777544295 -0.17118180847222425
0.5882226259277179 -0.17118180847222425
0.5955173333712543 -0.17118180847222425
0.6006511223705979 -0.17118180847222425
0.6096946300584793 -0.17118180847222425
0.6188374936176927 -0.17118180847222425
0.6350570571766301 -0.17118180847222425
0.6442297449897766 -0.17118180847222425
0.6503426966587905 -0.17118180847222425
0.6621937998293914 -0.17118180847222425
0.6716858401669429 -0.17118180847222425
0.6882307976952562 -0.17118180847222425
0.6954206954432951 -0.17118180847222425
0.720091711824597 -0.17118180847222425
0.7269477732423163 -0.17118180847222425
0.7419099408956642 -0.17118180847222425
0.7557562348648245 -0.17118180847222425
0.7669676606984055 -0.17118180847222425
0.7738329876903444 -0.17118180847222425
0.7843044222302775 -0.17118180847222425
0.8002592185590829 -0.17118180847222425
0.8331312785243045 -0.17118180847222425
0.8489523675862914 -0.17118180847222425
0.8597595149464127 -0.17118180847222425
0.8870711686809774 -0.17118180847222425
0.9539014947018515 -0.17118180847222425
0.9687446022789697 -0.17118180847222425
0.992756041368586 -0.17118180847222425
1.0100241637788283 -0.17118180847222425
1.0197960092020009 -0.17118180847222425
1.0394373337860707 -0.17118180847222425
1.056334255806144 -0.17118180847222425
1.0756543497247546 -0.17118180847222425
1.0893363176999245 -0.17118180847222425
1.1034116998017052 -0.17118180847222425
1.109955927941485 -0.17118180847222425
1.1419307967277432 -0.17118180847222425
1.147619031040098 -0.17118180847222425
1.160554106794247 -0.17118180847222425
1.1741626530717753 -0.17118180847222425
1.179794892655065 -0.17118180847222425
1.1885386790820596 -0.17118180847222425
1.192799432183197 -0.17118180847222425
1.2012337605269048 -0.17118180847222425
1.2112486696994218 -0.17118180847222425
1.2152632265058416 -0.17118180847222425
1.224621573893832 -0.17118180847222425
1.2332247953430375 -0.17118180847222425
1.2385890630449825 -0.17118180847222425
1.243203520631619 -0.17118180847222425
1.2551023111789488 -0.17118180847222425
1.2609255703639581 -0.17118180847222425
1.266366824164666 -0.17118180847222425
1.2735083923022645 -0.17118180847222425
1.2788073213171454 -0.17118180847222425
1.2833403832904988 -0.17118180847222425
1.2915047405997622 -0.17118180847222425
1.301570564214588 -0.17118180847222425
1.3129558758357862 -0.17118180847222425
1.3240713651097273 -0.17118180847222425
1.3412901409265432 -0.17118180847222425
1.346389556490294 -0.17118180847222425
1.3495622079445369 -0.17118180847222425
1.365026814001617 -0.17118180847222425
1.3698915399431515 -0.17118180847222425
1.3904006588939188 -0.17118180847222425
1.401425487610815 -0.17118180847222425
1.4106249084938378 -0.17118180847222425
1.4206418643886365 -0.17118180847222425
1.425993946053592 -0.17118180847222425
1.435481455071637 -0.17118180847222425
1.4480993161407019 -0.17118180847222425
1.45817846831138 -0.17118180847222425
1.4664639763362781 -0.17118180847222425
1.4773979747355455 -0.17118180847222425
1.483595142924209 -0.17118180847222425
1.4893200179970711 -0.17118180847222425
1.5046304019929662 -0.17118180847222425
1.5133800223205818 -0.17118180847222425
1.5253431404029354 -0.17118180847222425
1.5447886274225837 -0.17118180847222425
1.5661185917026155 -0.17118180847222425
1.5811157779328966 -0.17118180847222425
1.5928920786429268 -0.17118180847222425
1.6032832352711834 -0.17118180847222425
1.613155058966309 -0.17118180847222425
1.619210028265739 -0.17118180847222425
1.6315986471900035 -0.17118180847222425
1.6674718833579816 -0.17118180847222425
