#kx=0.0, ky=24.0, Jx=-1.0, Jy=-1.0, Jz=-1.0, h=0.0
-3.5589804338034985 12.661044602867944
-3.557678751133994 4.418741196971097e-05
-3.557678751133994 0.1039106327886314
-3.5576693994142206 0.0005390639586097974
-3.5487112212469434 83.79796625999202
-3.545549067332837 13.377859261122161
-3.5388949846668 21.662988129019393
-3.537630106093883 24.47993357457217
-3.523523555079065 2.4700582151525212e-05
-3.523500823963933 1.4488695741070123
-3.520083172656784 6.077987313719041e-05
-3.5200831726567827 50.97176285037823
-3.5200694513678896 2.543999015417698
-3.5179355697829116 7.00527245058916
-3.5081632294985603 0.9009675412172644
#kx=0.0, ky=20.0, Jx=-1.0, Jy=-1.0, Jz=-1.0, h=0.0
-3.5821390079301234 2.74258674773224e-28
-3.5598247510707477 1.8469499578613078e-27
-3.559022786440116 1.5697715672172199
-3.557678748818142 1.423743741879545
-3.5576787488181396 1.4606976436343617
-3.549748138861901 27.89331217387844
-3.5385502677947227 5.893044925929385
-3.5352929978982552 4.299851805997733
-3.520083170363309 3.9675549936532417
-3.5200831703633053 25.002584088437384
-3.5183249789713402 1.4245066266530246
-3.517672654250289 1.1129761179003033e-26
-3.50924459158338 0.12822278769423665
-3.400268434103565 3.3487556584590275
-2.5976496878426687 8.164233400540803
#kx=0.0, ky=16.0, Jx=-1.0, Jy=-1.0, Jz=-1.0, h=0.0
-3.5821390079301203 1.838467726077146e-27
-3.5619592335374444 4.926482265551286e-27
-3.561524244916352 13.645055646967068
-3.5576787488181436 0.11693779265787965
-3.557678748818131 4.914173559852794
-3.5504418213238123 8.526085123805473
-3.5377748865069076 0.6036697398558952
-3.534512969639687 25.095767041148452
-3.520083170363312 0.3168343535113289
-3.520083170363307 2.3627551454050537
-3.519344094839499 29.400183209286794
-3.511793604449599 7.61128283944033e-27
-3.5112492417107437 0.7768779218692762
-3.4002684341035607 2.2610713114984984
-2.7264615679605395 6.127747968297765
#kx=0.0, ky=12.0, Jx=-1.0, Jy=-1.0, Jz=-1.0, h=0.0
-3.5821390079301207 2.3211547235323797e-27
-3.564827689595738 11.66383843407803
-3.5637884240213116 0.21205079619656095
-3.5576787488181396 1.1208089764245797e-26
-3.5576787488181365 7.716527528028008
-3.5513815704951757 8.147168374707963
-3.5367677494111436 26.89172409415417
-3.533313840227267 24.59379443611137
-3.5207338174924923 0.3509232400192305
-3.5200831703633075 3.5216387331153745
-3.520083170363304 21.623396978142274
-3.5141157065659767 5.970939075987028e-27
-3.504871816485004 1.1125743985073537
-3.400268434103562 1.7160520456035182
-2.9389519404574647 3.3986907099524517
#kx=0.0, ky=8.0, Jx=-1.0, Jy=-1.0, Jz=-1.0, h=0.0
-3.5821390079301234 1.2364212413880462e-26
-3.5668858416746083 13.997277585982445
-3.566012538646019 1.9386244811075388
-3.5576787488181405 7.107292940818265e-26
-3.5576787488181347 13.580362324421966
-3.5523337951743517 25.143800730686866
-3.5357627877656537 2.648969947733323
-3.5317838998276945 1.7126890541580009
-3.522155766957962 1.4296552107667704
-3.52008317036331 22.742715782890713
-3.5200831703633093 15.11336380666154
-3.517290720967075 1.5183616661578586e-26
-3.498735690307818 0.4941300272342644
-3.400268434103567 3.7272190811645345
-2.9415595174743214 1.3944310579297694
#kx=0.0, ky=4.0, Jx=-1.0, Jy=-1.0, Jz=-1.0, h=0.0
-3.5821390079301185 5.976621140898979e-28
-3.5676991415484705 4.960174281675716e-28
-3.5676268370998643 2.209999867783268e-26
-3.5576787488181387 0.691725596678584
-3.557678748818132 24.07557651074523
-3.553057982961394 24.580885454296233
-3.5350011405484203 28.908662240579254
-3.5301508621871 11.274369717187813
-3.5232308746813086 0.21149453745797162
-3.520091139483822 4.808878386370077
-3.5200831703633004 1.5869937399599594
-3.519088629849999 1.303112332306722
-3.4002684341035643 5.951555847079376e-26
-1.7249975949456093 2.6511163871992243
-1.7249975949456091 2.9299535283924873
#kx=0.0, ky=0.0, Jx=-1.0, Jy=-1.0, Jz=-1.0, h=0.0
-4.004246721191197 1.0027016187907481e-26
-3.582139007930121 1.0185894298032487e-24
-3.568399020054968 23.909688455400495
-3.5682183662078004 0.5878076499618555
-3.5576787488181507 1.3923009836141522e-21
-3.55767874881813 18.410905601903444
-3.553354804937556 14.455748597839005
-3.5347355540477214 9.377761394505695
-3.529226147158179 0.0016692057845781216
-3.5236028060927866 2.886110300990137
-3.521398026886643 4.15450931219794
-3.520083170363326 32.03892707076214
-3.497089035411613 1.2452618039858643e-24
-3.400268434103557 1.52103073402781
-3.113831178031975 1.3582284041040487
#kx=8.0, ky=4.0, Jx=-1.0, Jy=-1.0, Jz=-1.0, h=0.0
-3.58213900793012 7.405352082016179e-28
-3.567634608392863 11.941381113201711
-3.5665851267183633 1.8943092754150597
-3.557678748818146 24.957117827433194
-3.5576787488181414 1.2694262951768298
-3.5531316244159603 23.116713857909776
-3.5477526564206476 2.8020018545124503
-3.5350781497100034 2.0773410866989526
-3.529997847001106 2.749133142680181
-3.5231249625432537 9.439853182261102
-3.520133991614313 13.848481167137745
-3.5200831703633106 1.7353409192493868e-27
-3.520083170363306 0.03894735610384737
-3.500153363782652 0.17430769997469117
-3.4002684341035634 0.6485689901261206
#kx=16.0, ky=8.0, Jx=-1.0, Jy=-1.0, Jz=-1.0, h=0.0
-3.5821390079301225 3.2280793067886205e-27
-3.5660255346804868 5.402923429343797
-3.562999607227046 1.0457058356214148
-3.561391739826922 24.307030945649483
-3.557678748818141 3.3594585009862405
-3.5576787488181383 4.8780524037782085
-3.5524433957501196 0.34424189002858696
-3.535879482880381 0.480472951596627
-3.531617495351374 25.135453203399578
-3.5219894746593363 6.719691270491162
-3.5200831703633124 7.521924370320399
-3.520083170363307 5.386823700707027e-27
-3.517284267599193 0.17763049584857885
-3.516511056111267 0.2801942732966518
-3.4002684341035625 0.4221904399234948
#kx=24.0, ky=12.0, Jx=-1.0, Jy=-1.0, Jz=-1.0, h=0.0
-3.5821390079301216 1.584343501848922e-27
-3.563802335614862 1.4566462406372038
-3.5576787488181467 0.27879906719588654
-3.557678748818144 0.6836788424782613
-3.556850354396013 32.34933371695517
-3.551476958310477 16.461300749310677
-3.536885640856896 6.278564365142637
-3.5355153193008246 1.0097983883924568
-3.533208099007073 1.0134369788562205
-3.529157909711252 3.258363927142419
-3.5205597510862483 4.890235379063821e-27
-3.5200831703633093 5.468457086678689
-3.5200831703633084 0.2184686710542153
-3.5140530167689565 1.6487846990688226
-3.400268434103562 1.9548169464171894
#kx=32.0, ky=16.0, Jx=-1.0, Jy=-1.0, Jz=-1.0, h=0.0
-3.5613159737979347 24.13265247643891
-3.55878746688671 1.0033650653272363
-3.5576787511339902 3.994792708584682
-3.5576787511339893 2.987041045358314
-3.5487112212469323 19.836923307541543
-3.5470801224233286 2.110163980321073
-3.5378612708427246 12.761627875976215
-3.535866866094074 32.96832962524195
-3.529095398642138 12.603394676190291
-3.5271472487988063 2.463022669918254
-3.523523555079066 1.4510941180463122
-3.5200831726567827 11.131594895978719
-3.5200831726567783 0.6853170216795947
-3.5192603500418183 8.187426790656389
-3.5109870700903945 7.241084015460375
#kx=40.0, ky=20.0, Jx=-1.0, Jy=-1.0, Jz=-1.0, h=0.0
-3.5596150901998698 5.097210815506504
-3.558885080872205 0.08664136857741772
-3.557678751133994 2.8761757957913674
-3.5576787511339902 15.872238896983164
-3.5487112212469287 10.581380404273972
-3.5459983583600745 37.67984218631553
-3.538613209242364 5.092128630530566
-3.537128567907589 45.95842010414579
-3.5302508092678124 26.246070264461043
-3.523523555079066 0.23086928632821585
-3.521837858500176 8.0106502200109
-3.5200831726567814 2.9645045173871645
-3.5200831726567796 1.5926373100684326
-3.518281059418345 8.638383342831892
-3.508907604689998 10.928775639115806
#kx=48.0, ky=24.0, Jx=-1.0, Jy=-1.0, Jz=-1.0, h=0.0
-3.5589804338034896 29.27735872097568
-3.557678751133992 2.33161367584302e-05
-3.5576787511339876 0.5352280763241666
-3.5576693994142183 0.000539063958799788
-3.5487112212469314 39.27681890638404
-3.545549067332842 43.76989312805983
-3.5388949846668027 35.67443664081473
-3.537630106093889 12.917196384867067
-3.523523555079069 3.7831226904678475e-05
-3.5235008239639325 7.462909755570521
-3.5200831726567845 3.207139249673159e-05
-3.5200831726567827 51.970900251621494
-3.5200694513678927 4.979107071382876
-3.5179355697829133 4.050591636652244
-3.5081632294985576 1.4205604346735323
#kx=44.0, ky=24.0, Jx=-1.0, Jy=-1.0, Jz=-1.0, h=0.0
-3.559615090199875 10.25425149350448
-3.5576787511339982 0.02321786605494203
-3.5576787511339956 2.8456706291498213
-3.5576760246319905 42.75994961867679
-3.5487112212469336 35.5975359871468
-3.5459983583600785 8.363212657823775
-3.538613209242365 1.3645717083219526
-3.5371285679075846 49.19068892003889
-3.5309162489890698 24.767070723181863
-3.5235235550790667 0.06186758413306043
-3.5211266141132254 10.188514103541792
-3.52008317265678 0.0005390639588051458
-3.5200831726567783 4.296822276071102
-3.5182810594183396 3.5067470977831903
-3.5089076046900076 0.8155773354066315
#kx=40.0, ky=24.0, Jx=-1.0, Jy=-1.0, Jz=-1.0, h=0.0
-3.561315973797925 3.5634312994915036
-3.5576787511339973 0.33447361675405607
-3.5576787511339916 4.7220990278326145
-3.557548929819139 38.53347382404422
-3.5487112212469305 45.90760971541616
-3.5470801224233384 9.0501165580454
-3.5378612708427224 4.254112465753858
-3.5358668660940764 43.53689304507333
-3.5305490857337407 8.568702028936706
-3.524217415036292 0.8210532030374448
-3.5235235550790662 0.21426878805812968
-3.5200831726567787 0.0005390639588975961
-3.5200831726567783 8.522207304443436
-3.5192603500418222 5.403309445818389
-3.510987070090385 5.221961147968624
#kx=36.0, ky=24.0, Jx=-1.0, Jy=-1.0, Jz=-1.0, h=0.0
-3.5635800608256063 2.995627303240513
-3.5576787511339942 3.9102094751805714
-3.5576787511339916 11.166363605859585
-3.556833750310292 20.083324319063045
-3.5487112212469283 16.836955677025433
-3.5483799707757644 15.976439178841446
-3.5368668266294803 9.391780610640367
-3.534137814251408 37.912519546981315
-3.5300777677480544 26.633674328950608
-3.5290020961436204 5.423650076557406
-3.5235235550790684 0.18012678729962325
-3.52063213903255 0.0005390639585943557
-3.5200831726567805 0.8656772326595921
-3.520083172656777 1.727208972692663
-3.5140142239486947 3.8078932561459666
#kx=32.0, ky=24.0, Jx=-1.0, Jy=-1.0, Jz=-1.0, h=0.0
-3.565801924332371 13.642660850239668
-3.557678751133994 4.9327035937839625
-3.5576787511339885 2.513778866150425
-3.555014533258848 16.523116011660914
-3.549575647305646 14.637316651374462
-3.5487112212469323 2.8708635650688676
-3.5358581314515365 10.359754014035591
-3.5349061906149135 0.7603978023054981
-3.5321064433439044 23.598344601646083
-3.5296680769674884 8.57358235686674
-3.5235235550790684 0.8203319106196099
-3.52206582897307 2.6311785200926563
-3.52008317265678 34.41560086784564
-3.5200831726567774 4.829372412781521
-3.5174501727091947 1.9665528398211471
#kx=28.0, ky=24.0, Jx=-1.0, Jy=-1.0, Jz=-1.0, h=0.0
-3.5674127063209644 21.938116464565816
-3.55767875113399 16.267607706427867
-3.5576787511339885 1.1067484308093944
-3.5517488290411596 2.5143332921208854
-3.5504150929623166 1.1656826806678149
-3.5487112212469327 9.136047310053753
-3.541177608467984 11.923859324803068
-3.535068072561271 0.08159538484098286
-3.530007463078479 8.952966865338983
-3.529436024235612 30.49170666002506
-3.523523555079067 1.3191368745667589
-3.5231881670725147 0.7108146320569594
-3.5206155296536537 5.354330551520412
-3.5200831726567805 6.632758761023928
-3.520083172656779 1.5593274289329326
#kx=24.0, ky=24.0, Jx=-1.0, Jy=-1.0, Jz=-1.0, h=0.0
-3.5680008963174634 8.089041050427111
-3.557678751133995 17.973203220255783
-3.5576787511339902 0.821008242474508
-3.5507169693012335 5.3396574257941385
-3.548711221246933 1.9914537260412928
-3.5470897845861566 14.270338679329686
-3.546957824232645 0.0011523586440692682
-3.534751005976875 8.784965654492345e-05
-3.529200481831889 6.303563592175846
-3.528855019663212 33.22722858133618
-3.5236356661078623 0.48639327568121943
-3.5235235550790662 1.4893468242854224
-3.5221668234627335 19.74051789650901
-3.520083172656777 9.380039006361978
-3.520083172656773 0.0005390639587248219
#kx=20.0, ky=24.0, Jx=-1.0, Jy=-1.0, Jz=-1.0, h=0.0
-3.567415234349105 24.50747221623234
-3.5576787511339947 16.347805482096252
-3.557678751133994 1.1986401945526461
-3.551773169858556 2.849079750436486
-3.5504125536084166 1.2108429011787554
-3.5487112212469296 8.679308460690557
-3.541210650997123 11.733966154004131
-3.535044821691747 0.10227723932150128
-3.5300536073873126 9.723294002086135
-3.5289963385568357 30.600461513764156
-3.5235235550790693 1.4736319936551674
-3.523229141753974 0.6893359054535506
-3.520580523399093 2.459698424275694
-3.520083172656776 7.632415943589419
-3.5200831726567756 4.398299546685648
#kx=16.0, ky=24.0, Jx=-1.0, Jy=-1.0, Jz=-1.0, h=0.0
-3.565806455264598 24.823436774116082
-3.557678751133997 4.948147492991901
-3.5576787511339925 0.702683058594587
-3.5550623153631644 19.938144829373286
-3.549569748754615 6.923556876045078
-3.548711221246932 8.171211501329307
-3.5358235933152753 10.307405351195165
-3.5349577993823127 0.23136535478953904
-3.532164550180104 6.6366153914074575
-3.529159742375371 8.584060132145922
-3.523523555079065 1.492630912735575
-3.5221309133930383 2.5939762743352937
-3.520083172656782 21.953982267360082
-3.5200831726567787 18.012690467628442
-3.5174128578099477 5.572208372316788
#kx=12.0, ky=24.0, Jx=-1.0, Jy=-1.0, Jz=-1.0, h=0.0
-3.563585671700309 22.029883193652992
-3.5576787511339947 3.907832799856992
-3.557678751133991 9.57196724415826
-3.556891870320711 26.6738341452909
-3.5487112212469314 11.121389767741029
-3.5483699311743164 17.655613232797382
-3.5368326757037156 9.371884579441383
-3.5341955195244035 36.65587432632953
-3.5297156199502893 8.011106513354424
-3.5290587428262796 5.40805407196712
-3.5235235550790653 1.3246547993338484
-3.5207011827637404 0.0005390639587937128
-3.5200831726567796 2.315087409314229
-3.5200831726567796 2.404813283157358
-3.5139837556778857 2.074008202749157
#kx=8.0, ky=24.0, Jx=-1.0, Jy=-1.0, Jz=-1.0, h=0.0
-3.5613213663860197 23.370525198294814
-3.557678751133996 0.33823281988070275
-3.557678751133996 5.177510771277071
-3.5576008447094867 14.352282862579141
-3.5487112212469323 8.962511797109201
-3.5470669468423144 47.15763824522776
-3.5378347566900943 4.24332397712097
-3.5359159387294707 43.66696592263686
-3.530415490956206 14.330392174040524
-3.524264891017662 0.8272233176034411
-3.5235235550790662 1.405267476669094
-3.5200831726567805 0.0005390639587545655
-3.520083172656778 5.81266166748022
-3.5193165488223097 3.3627737708433716
-3.510966066421945 7.098713959158604
#kx=4.0, ky=24.0, Jx=-1.0, Jy=-1.0, Jz=-1.0, h=0.0
-3.559618547309079 7.904208037669786
-3.5577065350688346 0.023673632517079855
-3.5576787511339933 2.7955202456803168
-3.557678751133991 24.929606908617316
-3.548711221246931 14.560270468855727
-3.545987380756332 53.729676235569976
-3.5385987092937885 1.3628197698226034
-3.537158784699994 49.09583757116806
-3.5309022764195666 23.844464379924897
-3.523523555079066 0.06266771356239643
-3.521153487022924 10.026143257474002
-3.5200831726567765 0.0005390639587410118
-3.5200831726567725 5.044910269893022
-3.518312354097759 3.3474776511607605
-3.508896964201691 2.533350594646689
#kx=0.0, ky=24.0, Jx=-1.0, Jy=-1.0, Jz=-1.0, h=0.0
-3.5589804338034985 12.661044602867944
-3.557678751133994 4.418741196971097e-05
-3.557678751133994 0.1039106327886314
-3.5576693994142206 0.0005390639586097974
-3.5487112212469434 83.79796625999202
-3.545549067332837 13.377859261122161
-3.5388949846668 21.662988129019393
-3.537630106093883 24.47993357457217
-3.523523555079065 2.4700582151525212e-05
-3.523500823963933 1.4488695741070123
-3.520083172656784 6.077987313719041e-05
-3.5200831726567827 50.97176285037823
-3.5200694513678896 2.543999015417698
-3.5179355697829116 7.00527245058916
-3.5081632294985603 0.9009675412172644
