0.000000000000000000e+00 8.616253063224741382e-01 6.723039446879965578e-06 9.998633397604623774e-01 8.615939417935212230e-01 5.439685349409184561e-06 -6.707755024223771574e-06 -9.267670252919911755e-01
-5.172413793103448204e-03 -8.583676162603928184e-01 -9.193745098232628778e-07 -9.938025759098183531e-01 8.635306483772200448e-01 2.553685675014787951e-06 1.423298021540867714e-06 -9.278350417400564876e-01
-1.034482758620689641e-02 8.503547327135760892e-01 -4.694664248269665680e-06 9.894903163943402635e-01 8.592457733967375777e-01 -3.583196410079575944e-06 3.653680435322773896e-06 -9.254906860764835486e-01
-1.551724137931034461e-02 -4.057145498060345246e-02 1.291783769007755724e-05 -4.717710059225017211e-02 8.599068013169179903e-01 1.721916981807438963e-05 -1.226252549694124171e-05 -9.258544543821977113e-01
-2.068965517241379282e-02 6.733003090230222157e-03 3.483682586194555180e-05 7.875094715313573149e-03 8.548328588514582105e-01 -1.675074223318113352e-05 -2.227955637716977393e-05 -9.230441059444904894e-01
-2.586206896551724102e-02 2.910500915489930586e-06 1.964517642256477594e-07 3.389090696159118109e-06 8.577729088293604143e-01 -7.560650346998064500e-08 -1.132621814901150150e-07 -9.246688495103265737e-01
-3.103448275862068922e-02 2.475721999518505894e-04 4.590543974893651933e-06 2.876826907888962873e-04 8.593250793269908705e-01 8.117058317484938706e-07 -1.638489862892692608e-06 -9.255283339838112910e-01
-3.620689655172414090e-02 -1.360106687880112658e-04 -9.399362737008714773e-05 -1.629435718038431272e-04 8.486177980988175440e-01 -2.827794879809834657e-05 9.465899121130339866e-05 -9.195494896812633767e-01
-4.137931034482758563e-02 -2.065791788366492065e-05 8.813179477230462998e-07 -2.426289332475890526e-05 8.507308052778310703e-01 2.057943284910742654e-06 -9.806387167256783510e-07 -9.207445386013670685e-01
-4.655172413793103037e-02 -5.301874353883854986e-04 -1.076158659074273366e-04 -6.277271051327152664e-04 8.452204511651065788e-01 -5.241131726742495476e-05 7.366708775672353032e-05 -9.177031747874300205e-01
-5.172413793103448204e-02 3.267442462110212685e-03 2.558064888656342499e-04 3.857233852043371897e-03 8.474307162204908206e-01 1.172018941029968859e-04 -2.545602287706218332e-04 -9.189231191727865733e-01
-5.689655172413793371e-02 6.008575713095708291e-04 1.668703648428745056e-04 7.145997313360131315e-04 8.418976422407267179e-01 9.315558627663375201e-05 -1.359385443013751290e-04 -9.158610401927321787e-01
-6.206896551724137845e-02 2.144475231525863439e-04 -5.110655461898450206e-05 2.549272171620776072e-04 8.391853623704890186e-01 -1.385046978519119051e-04 5.244614921630402538e-05 -9.143300582424189749e-01
-6.724137931034482318e-02 -2.746361021005011505e-06 6.955699607143733138e-06 -3.265069145321165746e-06 8.414526727469180400e-01 3.035131552110792398e-06 -3.183325085690317793e-06 -9.155232472710227443e-01
-7.241379310344828180e-02 1.995904745682282799e-04 1.777396638097125203e-04 2.387061634032420696e-04 8.437461997949535775e-01 4.355270294003713038e-06 -1.243752049551406964e-04 -9.168008273308012601e-01
-7.758620689655172653e-02 5.187193176756117058e-05 -4.341651376042928568e-06 6.139146440662651282e-05 8.440050119986417521e-01 1.381591180522748984e-05 1.689430894769225687e-06 -9.169141488512750904e-01
-8.275862068965517127e-02 -2.010795469580640765e-04 -9.242374878683614400e-06 -2.381099748717131065e-04 8.436873527880495161e-01 9.019397924923520953e-06 -1.066116013327160768e-05 -9.166589969099716573e-01
-8.793103448275861600e-02 -2.641048540373093284e-04 -4.684493157894025080e-05 -3.160611911123066119e-04 8.345108685028688189e-01 -2.511273335174198952e-05 5.128715948054453247e-05 -9.113972237769192297e-01
-9.310344827586206073e-02 -1.183870819512045200e-04 -6.148222612733710241e-05 -1.426117304080795666e-04 8.303322857177395377e-01 -1.132100168207793430e-05 3.789109815069664978e-05 -9.090695066561921278e-01
-9.827586206896551935e-02 1.287637453317181377e-05 2.000471217516812576e-05 1.504376255959221758e-05 8.607285565184115139e-01 -6.401402140697053014e-05 -1.466562617233590055e-05 -9.242580615272282252e-01
-1.034482758620689641e-01 5.371893338539460832e-07 4.790991521546388520e-05 6.269480946977544616e-07 8.626889074772909893e-01 -1.482684544527988559e-05 -2.708401955778775579e-05 -9.252914874171072057e-01
-1.086206896551724088e-01 6.838009649571982888e-07 -2.307888693501039813e-06 7.928583586435531801e-07 8.608530011298132223e-01 2.465620347244229205e-06 2.284928547348114696e-06 -9.242269817158720313e-01
-1.137931034482758674e-01 1.547607832471198337e-05 5.066539990233739031e-05 1.799567684098253215e-05 8.589624128566126782e-01 1.195232702227294608e-05 -4.135483364373264219e-05 -9.230992924735312855e-01
-1.189655172413793122e-01 7.897180410551104461e-07 6.085858003250337892e-07 9.198081589823913707e-07 8.593810140220945470e-01 -1.074569905450967205e-05 2.573970678779990062e-07 -9.233085551542287162e-01
-1.241379310344827569e-01 -4.228419162660064703e-07 7.642757071500733833e-07 -4.919305759229358407e-07 8.606787949796033121e-01 -1.040658086333422073e-06 -3.558064056497006245e-07 -9.236846005063727993e-01
-1.293103448275862155e-01 8.834056775324978856e-07 2.599093389388415466e-05 1.032314751338690663e-06 8.588566231094358905e-01 4.874544847082887500e-06 -2.052727812462548450e-05 -9.225440338493183789e-01
-1.344827586206896464e-01 1.117339706868086244e-05 1.138324434277641818e-06 1.311861971453004040e-05 8.556867740282948498e-01 -3.796221579818762841e-05 9.058677803094172522e-06 -9.206010296985879249e-01
-1.396551724137931050e-01 9.411851067528640986e-05 1.136154114518576539e-04 1.016219878975261346e-04 9.906870015754656311e-01 2.537502153069115833e-04 -6.205220455833367261e-05 -4.026159104276396117e-01
-1.448275862068965636e-01 4.880120940532265417e-01 -4.545219947981061760e-05 4.175897356650058456e-01 4.204504244766090193e-01 4.558412728975744536e-05 1.736583575078637365e-05 -5.649715398218910778e-01
-1.499999999999999944e-01 4.948327922259488920e-01 -1.951954668595541663e-05 4.264906743477457352e-01 4.243292768952746652e-01 -6.579058900260050956e-05 3.604005748342894674e-05 -5.669837089248085382e-01
