#kx=6.0, ky=0.0, Jx=1.0, Jy=1.0, Jz=1.0, h=0.1
0.39274025909616983 6.504921882250046e-05
0.433247411242334 5.9140836242883045e-05
0.44326114529361915 1.0526478921614315e-05
0.45296690692801234 0.00026871852567374123
0.47326233560395115 0.0002202971770506578
0.4878663682200629 0.000249247762473382
0.5532438255995714 9.394534628196413e-05
0.5965280791551403 0.0011998083942881958
0.6023016814788834 0.0009549343892519754
0.6127627230106591 0.0018210097783199035
0.615776651783041 0.0002732985869270437
0.6380150771698889 0.0013722657305054657
0.651976142237769 0.00022089791090178394
0.6642061036609614 0.0002961623393236248
0.6772702603908387 0.0006719180907738012
0.6843893365567688 0.00024865809286529945
0.6936120813080765 0.0011451015540407967
0.699954986709313 0.0015093664544406713
0.7024659135767369 0.00027584887014351836
0.7091008244544472 3.968165085492767e-05
0.7217480545472316 0.00044143103926086734
0.728558749553983 0.002192353786230914
0.7562453078479764 8.985597949370507e-05
0.794190127269021 2.7575465290370407e-05
0.8116693319619528 0.000182239213984282
0.8940125918345965 0.00015000492882971713
0.949377766639527 1.2555991323605234e-05
1.0373350720293284 0.00011438385891088875
1.0718851672620766 8.280175311488867e-06
1.083273698385936 6.877506584099802e-05
1.1273723448047228 5.3328035125038085e-06
1.16106603942798 0.00011600194821073484
1.1780467605387464 0.00256559946330503
1.2091448349878497 0.0002979514980623585
1.2215127183783792 0.0005192300067728145
1.2341638147734701 0.0005798289186165112
1.2488948015098948 0.0006707248566955483
1.2522805815730609 7.939369020278723e-05
1.2583914604892488 3.4615655627117415e-05
1.2796938468115 7.392206177908742e-05
1.285158481126607 0.0003299055112439082
1.3101181232146968 0.00016943529742871065
1.311498576059655 0.00022855332283158651
1.3212009386180157 0.0004475181616678764
1.3360208232710735 8.700176628442413e-05
1.3483138382254505 0.00013557136894799595
1.355450881690231 1.353991370867541e-05
1.365845532162978 0.0002761691985290561
1.380048829335578 0.0006831584539417533
1.390020268356575 0.00023551517153218616
1.3988755931877206 0.0002645076574355093
1.4117621038702455 0.0002559296435071795
1.4321545741799562 0.0005845642986581468
1.4616571560953795 8.679660093098843e-05
1.4807044006810095 0.00040027835024875703
1.498859796855171 9.720820969373843e-05
1.544606664252477 3.6736198804840715e-05
1.5668214729154069 1.5115714608849532e-06
1.580722341964071 0.00023058202824988058
1.607203564125449 1.66870445347482e-05
#kx=3.0, ky=0.0, Jx=1.0, Jy=1.0, Jz=1.0, h=0.1
0.36102527196894274 9.256175182499044e-05
0.4271357639819978 8.281049159311982e-05
0.4361653933915177 5.9861156120827964e-05
0.45658926960161883 0.0001327881070603438
0.4767947892564345 0.0003722437351064254
0.4874580411082652 3.0377443974238938e-05
0.5537560441697903 4.021785246790193e-05
0.5961072350901669 0.0002117896850775276
0.6006664165605557 2.980852339604507e-05
0.6109940872438013 0.0004779032593101952
0.6188271448149563 0.0014424295399620098
0.6335403534174411 0.0007672270717378009
0.6509186395468303 0.002837684595436078
0.6594318671675814 6.591031553008605e-05
0.683170465703008 0.00024743371906890633
0.6856049374502354 5.2736464378501186e-05
0.6921051075161561 6.218991928761875e-05
0.6983532094930384 0.0006803436228097472
0.7047901534995726 0.0003851590813982879
0.7112808432774204 9.050254509679894e-05
0.7226042746772865 9.762589094835763e-05
0.7286689196767726 0.0005579441446482735
0.7501606946323763 0.00031946560644396466
0.8117076346905516 0.0003845360588259423
0.8354761862381804 7.663214089075618e-05
0.8977989699412697 0.00023055961981713457
0.9542915103962285 3.327939261297986e-05
1.0405745222989204 0.00010019423597929963
1.076929891829697 0.00022301306319288643
1.1107865194699607 3.46093450983739e-05
1.1283208163423841 2.4618205005283577e-06
1.1652344163557933 1.2337982203618333e-05
1.1781216428773877 0.003489977660266759
1.2135338118242434 9.785033104671663e-05
1.217901273028486 0.00018149079633003246
1.2298025701274506 0.0015725565022067815
1.2464936309017656 0.00023885836017690547
1.2516862950138308 0.00010178691226462248
1.2588957100634046 0.00012891902848890288
1.2777903818722653 0.0010357151620303377
1.2811547124881413 0.0012382355839282238
1.2921465059498594 0.0003989462068174825
1.308803100899415 8.067854735150226e-05
1.324171025472115 8.411468833062159e-05
1.3335608896921998 0.0002929619151365984
1.3425129923954182 0.00015339700763139746
1.3512787035822122 0.00010979018361323337
1.3583184590017212 8.786097214237015e-05
1.366594717428418 0.00016436425083787143
1.3841872136752231 0.00045492334822539875
1.4020472186396256 0.000871718374174749
1.4139476673373008 0.00018095552639601145
1.428173890266422 0.0006354583843028969
1.441144583307754 0.00013464942930689267
1.4628816860083464 7.400189400359118e-05
1.4907314399431644 0.00011073505363251694
1.513856749490217 0.0004461444971717368
1.5532391425688463 0.00021699904713247693
1.5627879533222027 0.0003591148207545523
1.5815384578941232 0.00019687515056335397
#kx=0.0, ky=0.0, Jx=1.0, Jy=1.0, Jz=1.0, h=0.1
0.20274824472219788 2.437997216429e-05
0.37977425712385104 0.00015876431819138113
0.43514600951002125 3.611343135772167e-05
0.44740880711076236 0.0003576067223361806
0.46861636115319794 7.185223959244768e-05
0.4815238772361252 0.00013488848006643916
0.4913997204663323 0.00026552100707968103
0.5576630927132881 5.78075345569821e-05
0.5957673673345865 0.00044104241647373755
0.6039457596314435 7.050285774194697e-06
0.6097237124141797 0.00015284181974410335
0.6184246104991714 6.700777081640717e-05
0.6474946682863414 0.011816275680764333
0.6538907519560466 0.0003053660509765596
0.6703850781115656 0.00022508289677800275
0.6774794169185377 0.00042067496887787626
0.6851522374798086 9.861495859756922e-05
0.6947059619019519 0.0010017346978116511
0.7033343755279936 0.0005538284085243028
0.7073689708202358 0.00025764344845134594
0.7114458578754279 0.00020750728891738085
0.7227067956634636 3.7413962360383016e-05
0.7334656867918193 4.866481606847545e-05
0.7444966821639271 4.745264562539376e-06
0.7903207038975696 0.00010846279197587563
0.8111291649988622 0.00014085967126007496
0.8214608247509197 0.00046206340195590543
0.9134129050787276 4.306238133840273e-05
0.9568195380208527 5.655759882728097e-05
1.0661290232995102 0.0002519185713595107
1.0910650466607807 5.1830099150889834e-05
1.113996726448499 0.00032530247254018994
1.122460142468601 0.00012558830051441453
1.1635041967378341 1.6870199743874692e-05
1.1767464094348852 0.0006050179207189427
1.2060639724716105 0.00010177196964990864
1.2229867644018828 0.001137077301283589
1.2327987770385058 0.00025147004241494233
1.2386001526899064 0.00028670988403923196
1.252949907017518 7.815698670644317e-05
1.2580914437923312 2.1949316867330036e-05
1.2659006609003591 0.00043968141769390034
1.2820865745674603 0.0006483832076458136
1.2907349828031967 2.872554507922e-05
1.3064470750741757 4.877538730440209e-05
1.3203354604752144 0.000604518741015443
1.3428502295798228 0.00013563892967378085
1.3474541776812654 4.6483660616820045e-05
1.361541091132961 0.00011348101344722297
1.3761407619238686 8.512755385159856e-05
1.3920153888937308 0.00033796757875482894
1.4029066285849856 0.0001935614672355841
1.408947984531046 5.115551432827476e-05
1.42551448509262 0.00025788416496945417
1.4460501167092 1.815264606731358e-05
1.4696362319561258 3.895066739295548e-05
1.483719768445027 7.741565330943426e-05
1.5246495141109273 0.00021036768791490702
1.5604272372064276 0.0007244251517271261
1.5682633772142185 0.0001538669985761771
1.6631344901787788 0.00016142084739985437
#kx=3.0, ky=6.0, Jx=1.0, Jy=1.0, Jz=1.0, h=0.1
0.3616147211423043 0.0001885825315335494
0.4307831305306764 0.00011074822718681978
0.4432103966035372 0.00031991975580976514
0.4543093216839017 0.0002981578454286037
0.4647029492905036 0.00010281137453467888
0.48579070548767034 0.00078977663525932
0.5532779413304184 0.0001990826550414844
0.6010118854372681 0.0002657112293047452
0.6036903095757667 0.0020136378518739277
0.614750666987629 0.00042099386723832216
0.623376568984651 0.0008095898975511419
0.6470852288994716 0.0058933095422308585
0.6639451540703623 0.0019130451246449534
0.679498507244008 0.00011386785744142714
0.6890989999204389 0.00035337147022176246
0.694375465868538 1.2964383647419343e-05
0.7004807780214423 0.0013314908120977884
0.7075264427527678 0.00026295589396837556
0.7125574925211553 0.00026848958067961063
0.7257464227245541 1.5601495332883655e-06
0.7521676290703483 8.114311837058946e-05
0.8097929247234148 0.0007977519365214892
0.8277057197347826 0.00023235266529890886
0.9076131287375877 3.87147454636646e-05
0.9491501580925288 0.00011349329349625411
1.009353629436231 5.171860604135584e-05
1.0768784542805554 1.1672049459850045e-05
1.0900188533860007 2.2109061034192103e-05
1.1079334171061346 3.143456222851915e-05
1.1459649131397414 0.0001381301785217332
1.1759624542444358 0.0003060174979066576
1.2114498740796786 3.6838761774691614e-05
1.217706508773842 5.9341754542288805e-05
1.2325331686887597 0.00023983267532228056
1.24355117036894 0.0001763555260620575
1.2494238060958547 0.00029852354010347917
1.2559736652365416 0.0001325797481154073
1.2767186208719083 0.0005017448964738593
1.2805276493869355 0.0002330409568090405
1.2915032707603684 0.00046626087787447117
1.2986127980754087 0.00021573002312955746
1.311343499233969 0.00024153020034489
1.3300238418577581 4.7923000626433226e-05
1.3342743857533628 6.235355776075054e-05
1.3437022066744897 0.00020236578276835326
1.3537252920688396 2.0763862686074192e-05
1.364290011638512 7.465485547331649e-05
1.3712985918500575 0.0008019766219775802
1.3867826829975538 1.1540507480509263e-05
1.3973229680697492 0.00021591112233369276
1.4116785788144521 0.0006991761444099204
1.417370147856979 0.0001345083087943505
1.4310268986760188 3.520453466119804e-05
1.4519170536454717 1.1843086373463679e-05
1.475619936751726 0.00018104417865009282
1.5101315342613597 0.0008460164651245023
1.538234888220686 0.00011505996410180728
1.557226382093961 0.00033400850692828787
1.5894200530608509 0.0001943774008300752
1.7651543896239925 1.03957462456198e-05
#kx=6.0, ky=12.0, Jx=1.0, Jy=1.0, Jz=1.0, h=0.1
0.3927402672571434 6.50491696024241e-05
0.43324742928983084 5.914076539073465e-05
0.4432611492984506 1.0526440262171164e-05
0.4529669108081752 0.0002687186160501385
0.47326234242676013 0.00022029717308457054
0.4878663766949187 0.00024924784795899796
0.5532438266637568 9.394544564510773e-05
0.5965280798888517 0.0011998086360106052
0.6023016860016256 0.000954933549446001
0.6127627266018898 0.0018210071194212627
0.6157766547370397 0.00027330102631813576
0.6380150802578788 0.001372265563598235
0.6519761447251143 0.00022089766699807378
0.6642061094472862 0.0002961625668524945
0.6772702636251848 0.0006719175010067563
0.6843893369927667 0.0002486583491028543
0.6936120820241004 0.0011451017066892552
0.6999549822915435 0.0015093665341910885
0.7024659113073556 0.0002758493676052772
0.709100825053065 3.968163170167532e-05
0.7217480468652265 0.0004414309609009131
0.7285587438138746 0.0021923533488569912
0.7562453017367082 8.985609298851274e-05
0.7941901135470875 2.7575473743021e-05
0.8116693332228408 0.00018223915023123755
0.8940125962606427 0.00015000486973189314
0.9493777651953722 1.2555981802047283e-05
1.0373350826090388 0.00011438394571962467
1.071885155968727 8.280150608280508e-06
1.0832737123850178 6.87750752905643e-05
1.1273723482310838 5.332784996977103e-06
1.1610660478629327 0.00011600175701295214
1.1780467631328646 0.002565600596986469
1.2091448357998051 0.00029795123193604694
1.2215127207000587 0.0005192303087487153
1.2341638160880937 0.0005798287260824675
1.2488948021284236 0.0006707245980880903
1.252280580499756 7.939396611836138e-05
1.2583914643052645 3.461565217105806e-05
1.2796938413985832 7.392190652741096e-05
1.285158483076857 0.00032990544579357807
1.3101181238110582 0.0001694354697632367
1.31149857888896 0.00022855306176709151
1.321200956040992 0.00044751881180655215
1.3360208307435295 8.700143212026759e-05
1.3483138399070105 0.00013557133108598477
1.3554508813435033 1.3540023627620443e-05
1.365845533273235 0.00027616912437969973
1.3800488289163866 0.0006831583126297225
1.3900202751261066 0.00023551480374106495
1.3988755884219977 0.0002645083961353269
1.411762110783622 0.0002559294994822487
1.432154574698861 0.0005845641600852377
1.4616571547183992 8.679666970905961e-05
1.4807043982667356 0.0004002784534000377
1.4988597913118067 9.720821288116637e-05
1.544606664975815 3.6736173958792346e-05
1.5668214724876806 1.5115822073575426e-06
1.5807223366675243 0.00023058192706205418
1.6072035735347656 1.6687100572582185e-05
#kx=6.0, ky=9.0, Jx=1.0, Jy=1.0, Jz=1.0, h=0.1
0.3963414142421573 2.7472748731414024e-05
0.4295266292126343 8.795210832332022e-06
0.43753334407231503 3.861075970982949e-05
0.46730480231470806 0.00026881063373835744
0.47513670468224356 9.913683163011248e-05
0.4940447678836307 0.0005542475176386991
0.5538218221122315 7.004692793815249e-05
0.6000073604997386 0.0011019794597333275
0.6034918084080004 0.00024024973913503863
0.6128465123740118 0.00033998933289348384
0.6254267305101691 9.485320245626209e-06
0.6488014528342151 0.003788641174075463
0.6652489061269129 0.0003498765241429094
0.6790916178002748 0.0006913860873650667
0.6836339515311002 0.0015400783072840717
0.6928593206493616 0.0007700457944779248
0.7010137125717775 7.796592584425756e-05
0.7043163285067777 0.0009157657302787514
0.7104907615148814 0.0001473528175081187
0.7162299210577905 0.00039722377122368007
0.7377944455797186 0.00023408403862962897
0.7561069456163511 0.00022273485105817707
0.8002767059012755 0.0005715910316156968
0.8126718046280595 5.890454327582246e-07
0.9110280317405717 6.72133887715078e-05
0.9431396949372539 9.005733190609496e-06
1.0623682779057708 8.087662713654519e-05
1.0841665066589279 0.00021774894353037983
1.089923818199925 6.301825099527792e-06
1.123224963613224 0.00010560668259311675
1.148931886978282 3.562108240865412e-05
1.1753356268557362 0.0025949841704976883
1.1883479052930535 0.00048701946639765703
1.2138947589161337 0.0004227709259600405
1.220913288289938 0.0003492133307841405
1.2342894839968477 9.047484210875542e-05
1.2440383078403827 0.0005749962919032348
1.2539700685708166 6.164362422642349e-05
1.2585943088479938 3.152013770112725e-05
1.2754911095289017 0.0001470832709517758
1.28538364352714 0.0002537084506077601
1.3017571995243933 1.2470198970488127e-05
1.3147545951515993 0.00022002599733661574
1.3366680630161483 0.0006085155907492836
1.3422793354740987 0.0004698108297574378
1.3543772986765839 3.279087499039573e-05
1.3672357141102682 0.0007987532649275262
1.3831025570360145 0.0008978577122336468
1.387408774324645 0.0001196244422270106
1.4039739738936503 4.530854808697746e-05
1.4126215637504451 0.0008329352967027308
1.4244472870308267 0.00013671756897983478
1.4459249673526071 6.686685697557781e-05
1.4495410901003574 4.6524310137248094e-05
1.4757830610570977 0.000572195976783269
1.4892379127189197 0.00016432029579066903
1.50692004688318 0.00025815742623232115
1.5579223739423431 0.0004474689160044886
1.584118151192252 5.268433143100326e-05
1.7536902445712048 1.9019183195686182e-05
#kx=6.0, ky=6.0, Jx=1.0, Jy=1.0, Jz=1.0, h=0.1
0.38520769671860466 0.00021692430973523164
0.417958831336957 0.0004365534090115243
0.43487907440932616 0.00026639398720568907
0.4595207360924891 0.0005828358612521768
0.46718485231628915 0.00013941174711034945
0.47640829981203947 0.0002156727610105783
0.5512674915554316 0.0006787752427131556
0.5997921561520381 0.0006344166815919042
0.6046223991180361 0.0035857223929423978
0.6144098306632634 0.00015325313193319674
0.6247216640202835 0.0007231669255909462
0.6484074782521138 0.001160791485724637
0.6699917951556306 0.001168159489953269
0.6824583438604787 0.0007467161879599739
0.6842568558509532 0.00031469756465342326
0.6900952214700146 0.0010032478956580005
0.697873315313367 0.00013338441551132626
0.7043867455474695 0.00023121796119357176
0.7210636073794308 4.17649174863104e-05
0.7326729061643905 0.0003641398764211128
0.7520153552598441 0.0003734216889308512
0.8038714161386812 0.00018244230415253616
0.8131664541453476 3.953753360685584e-05
0.9144182079558 6.451555371948401e-06
0.9423368256256404 0.0001016095876957694
1.0235710474382365 8.51922645777972e-05
1.063781051266286 0.00034495382437253416
1.0950167306844605 0.00019931984399666094
1.115670080967397 3.709663990298381e-05
1.1476055869021318 0.000511175402707265
1.1749606543721713 0.0029309972390370374
1.207477498350102 0.00016797020932354153
1.2205389895693985 0.0003288948607470258
1.2296656055315558 0.0009438012156557236
1.2416347197529083 0.0010877377459904464
1.2495480263380903 0.0002879236172263631
1.2545927588665444 4.019625536157191e-05
1.276413845229087 0.0001941093635977164
1.2810517653005564 4.450286585563849e-05
1.2966608770935872 0.000571142543659481
1.3045575082259375 4.89195177745024e-05
1.3215651243516242 0.0003862738711029707
1.3354778833153957 0.00022453304739503675
1.3419283196557568 3.031033327874006e-05
1.3505220850449224 0.00010134832061508566
1.3604577577693218 0.00020914917508377533
1.374873485153894 0.0001717915052623367
1.385886759336123 9.17069124056926e-05
1.3990117406499532 0.00020900388037721796
1.4066139770031105 3.649041669875156e-05
1.4178670678954512 8.298645853019394e-05
1.4291290923802347 0.00012668375244617513
1.4322921288709656 0.0001250618350977201
1.4594127555135223 0.0002704350940197418
1.4847758497353252 0.00015726192105742516
1.4952129200123516 0.00019019022899426346
1.5379279085316622 6.820794831020676e-05
1.5578027826986034 0.00014230097153503107
1.5955506724057889 1.932120199971198e-05
1.797790850658298 0.0003980047484607797
#kx=6.0, ky=3.0, Jx=1.0, Jy=1.0, Jz=1.0, h=0.1
0.3939807756483993 0.0006091416316630841
0.42358155475208326 0.00045609489739490517
0.44233492448886413 0.00029210607168517037
0.45768894769819546 0.00018194941368355436
0.46975085541490547 0.0008101490509716009
0.4851624097528545 7.842841944414485e-05
0.5541068927344844 0.00013863190766168283
0.5994586728160356 0.0003011570080264327
0.6022130210848237 0.0017405560323885863
0.6150076965497064 0.0004241254435760671
0.6252854931636742 0.0023623351246155532
0.6437269983524058 0.0019774537705165136
0.6643041806892236 0.0018425285038856422
0.6797339857924517 0.001409437447380411
0.6880685424779026 0.0006374858024358136
0.6929303987737112 0.00035520068598452983
0.697908425795184 0.0011417537951408986
0.705304525974183 0.00038725149785629777
0.7184830216348503 0.0002332412699756723
0.7309336950031398 0.000753860583860666
0.7531397297879122 0.00020318890958113245
0.7958474346581357 0.0009813688369210236
0.8111426500497065 6.521061703793806e-05
0.8143263854910276 1.9443154225107328e-05
0.9026426450686909 3.336666893065865e-05
0.9509051795689966 5.5193713878853294e-05
1.0389796020984559 2.1772384652150488e-05
1.0754783574283533 2.6653356129457833e-05
1.1198571209367274 0.00010916945386959765
1.1321205029784542 4.6400403748137404e-05
1.1626505981949014 0.00026410880671728053
1.1710526560364802 0.00034114956313042137
1.1850857218566273 0.0005360612692399665
1.2110596136791045 9.335494032268178e-05
1.2273125815890924 0.00016254331752480543
1.2351223509360714 0.0006541044914153277
1.2406996831040935 1.886880167554823e-05
1.2518339849360345 0.00011538335399766948
1.2584377627814791 3.270233567945306e-05
1.2805013106494711 0.00010269549188707653
1.285624512135014 2.2868493085366075e-05
1.2986052705629836 0.0003212117628426121
1.307970499506263 8.921905461905484e-05
1.3291826022389563 0.0001430223705606805
1.3391814735323104 0.00014518496820392748
1.351743481656651 0.00013017804795208184
1.36424552491532 0.00015663245170775424
1.3753961667820462 0.00022388539008950836
1.3859096703298253 2.3847790918968184e-05
1.3928780151179558 0.00029953201362740376
1.4087841543929454 0.00018914257713739007
1.4135812652590078 0.0007451958392766331
1.427998586016031 0.0005580856016849446
1.4447992207138123 5.33523698925186e-05
1.4799170985129368 0.00012758513955414742
1.4927147472483808 0.00010714849456583544
1.5034182486890084 0.0001808964260731128
1.5616050708761675 0.0002515607878432811
1.5776852409264324 0.0002942071627226744
1.7232857991053052 1.1515236980606712e-05
#kx=6.0, ky=0.0, Jx=1.0, Jy=1.0, Jz=1.0, h=0.1
0.39274025909616816 6.504921882250046e-05
0.43324741124233235 5.9140836242883045e-05
0.4432611452936175 1.0526478921614315e-05
0.45296690692801067 0.00026871852567374123
0.4732623356039495 0.0002202971770506578
0.48786636822006124 0.000249247762473382
0.5532438255995697 9.394534628196413e-05
0.5965280791551386 0.0011998083942881958
0.6023016814788817 0.0009549343892519754
0.6127627230106575 0.0018210097783199035
0.6157766517830393 0.0002732985869270437
0.6380150771698873 0.0013722657305054657
0.6519761422377673 0.00022089791090178394
0.6642061036609598 0.0002961623393236248
0.677270260390837 0.0006719180907738012
0.6843893365567671 0.00024865809286529945
0.6936120813080748 0.0011451015540407967
0.6999549867093113 0.0015093664544406713
0.7024659135767353 0.00027584887014351836
0.7091008244544456 3.968165085492767e-05
0.7217480545472299 0.00044143103926086734
0.7285587495539814 0.002192353786230914
0.7562453078479747 8.985597949370507e-05
0.7941901272690194 2.7575465290370407e-05
0.8116693319619511 0.000182239213984282
0.8940125918345948 0.00015000492882971713
0.9493777666395253 1.2555991323605234e-05
1.0373350720293266 0.00011438385891088875
1.0718851672620748 8.280175311488867e-06
1.0832736983859341 6.877506584099802e-05
1.1273723448047213 5.3328035125038085e-06
1.1610660394279781 0.00011600194821073484
1.1780467605387446 0.00256559946330503
1.209144834987848 0.0002979514980623585
1.2215127183783774 0.0005192300067728145
1.2341638147734684 0.0005798289186165112
1.2488948015098933 0.0006707248566955483
1.2522805815730593 7.939369020278723e-05
1.2583914604892472 3.4615655627117415e-05
1.2796938468114982 7.392206177908742e-05
1.2851584811266052 0.0003299055112439082
1.3101181232146952 0.00016943529742871065
1.3114985760596531 0.00022855332283158651
1.3212009386180141 0.0004475181616678764
1.3360208232710717 8.700176628442413e-05
1.348313838225449 0.00013557136894799595
1.3554508816902295 1.353991370867541e-05
1.3658455321629765 0.0002761691985290561
1.3800488293355762 0.0006831584539417533
1.3900202683565732 0.00023551517153218616
1.3988755931877188 0.0002645076574355093
1.411762103870244 0.0002559296435071795
1.4321545741799546 0.0005845642986581468
1.4616571560953777 8.679660093098843e-05
1.4807044006810077 0.00040027835024875703
1.4988597968551693 9.720820969373843e-05
1.5446066642524752 3.6736198804840715e-05
1.566821472915405 1.5115714608849532e-06
1.5807223419640692 0.00023058202824988058
1.6072035641254474 1.66870445347482e-05
