#kx=8.0, ky=0.0, Jx=1.0, Jy=1.0, Jz=2.5, h=0.06
-0.2376550236879147 67669656346821.3
-0.059708835592103604 67669656346821.3
-0.03648774218877976 67669656346821.3
0.0016755383756687503 67669656346821.3
0.0021330035733350683 67669656346821.3
0.0022692265694119196 67669656346821.3
0.0023523026670559943 67669656346821.3
0.002493537345499619 67669656346821.3
0.00275628469112843 67669656346821.3
0.0031404596527506157 67669656346821.3
0.004167166656618981 67669656346821.3
0.006191373183132287 67669656346821.3
0.00790523752076866 67669656346821.3
0.010203002230327607 67669656346821.3
0.01028577982844242 67669656346821.3
0.010323818507356697 67669656346821.3
0.010906660189737405 67669656346821.3
0.01101099318551596 67669656346821.3
0.01107946376743707 67669656346821.3
0.011677995495497806 67669656346821.3
0.01176334054409145 67669656346821.3
0.011843728020281385 67669656346821.3
0.012794582898600637 67669656346821.3
0.013258533226596925 67669656346821.3
0.013540219948393217 67669656346821.3
0.013937124359848174 67669656346821.3
0.01468008366756951 67669656346821.3
0.014737632619312602 67669656346821.3
0.014802635985549317 67669656346821.3
0.01488049760034521 67669656346821.3
0.015446843313395242 67669656346821.3
0.0155340634638379 67669656346821.3
0.01592053931776438 67669656346821.3
0.016178843988675584 67669656346821.3
0.0162313215571096 67669656346821.3
0.01633238739028564 67669656346821.3
0.017981353182770332 67669656346821.3
0.02048713525782886 67669656346821.3
0.022482084630650268 67669656346821.3
0.023018107881629224 67669656346821.3
0.023199309328631568 67669656346821.3
0.023374480686304877 67669656346821.3
0.023463322002857945 67669656346821.3
0.023666976196268286 67669656346821.3
0.023813400617228697 67669656346821.3
0.023848589565588052 67669656346821.3
0.02436885052360438 67669656346821.3
0.02440616784116323 67669656346821.3
0.024688137416612632 67669656346821.3
0.02473392710824729 67669656346821.3
0.024787153939916706 67669656346821.3
0.025025631908979162 67669656346821.3
0.025134086151983037 67669656346821.3
0.025228512783996793 67669656346821.3
0.02793903580077267 67669656346821.3
0.029430187879924796 67669656346821.3
0.03295139833931582 67669656346821.3
0.07302583728226003 67669656346821.3
0.24530187626733252 67669656346821.3
0.26271099521716884 67669656346821.3
#kx=4.0, ky=0.0, Jx=1.0, Jy=1.0, Jz=2.5, h=0.06
-0.24223701118875618 83526829554851.97
-0.05829101467133463 83526829554851.97
-0.03436337619057167 83526829554851.97
0.0016609979544392472 83526829554851.97
0.002082005829999678 83526829554851.97
0.002296258282966146 83526829554851.97
0.002384855315395118 83526829554851.97
0.0025163906592923224 83526829554851.97
0.002679421904957957 83526829554851.97
0.0031245962722789566 83526829554851.97
0.004058223679502593 83526829554851.97
0.00553216752321628 83526829554851.97
0.007381356197827371 83526829554851.97
0.010228403937322272 83526829554851.97
0.01028102134665898 83526829554851.97
0.01033203655970305 83526829554851.97
0.010883928457011305 83526829554851.97
0.010988591421614124 83526829554851.97
0.0110918049046968 83526829554851.97
0.011673985734873882 83526829554851.97
0.011749886617771044 83526829554851.97
0.011841334223675837 83526829554851.97
0.012725699393948242 83526829554851.97
0.013331409737834143 83526829554851.97
0.013495502175831064 83526829554851.97
0.013648364555867598 83526829554851.97
0.014700866906200372 83526829554851.97
0.014761450828639 83526829554851.97
0.014845408208467636 83526829554851.97
0.015039058978129127 83526829554851.97
0.015520299301773233 83526829554851.97
0.0156880809016805 83526829554851.97
0.015860595290098256 83526829554851.97
0.01616235204565175 83526829554851.97
0.0162704102513771 83526829554851.97
0.016374079097996763 83526829554851.97
0.018564452577397417 83526829554851.97
0.021237773877929134 83526829554851.97
0.022338207830400802 83526829554851.97
0.023022957665273402 83526829554851.97
0.023196361897285855 83526829554851.97
0.023279044165493534 83526829554851.97
0.023462172670938586 83526829554851.97
0.023678861497294867 83526829554851.97
0.023820228679538202 83526829554851.97
0.02411692056019399 83526829554851.97
0.024341647917152542 83526829554851.97
0.02437786244248863 83526829554851.97
0.024563297569241582 83526829554851.97
0.024711955244056727 83526829554851.97
0.024795340702488566 83526829554851.97
0.025024991831508636 83526829554851.97
0.0251854998592147 83526829554851.97
0.025296175363017204 83526829554851.97
0.027722400315621898 83526829554851.97
0.029477529556217186 83526829554851.97
0.03290873349346923 83526829554851.97
0.07309894149936369 83526829554851.97
0.2444731324561639 83526829554851.97
0.2645131353831696 83526829554851.97
#kx=0.0, ky=0.0, Jx=1.0, Jy=1.0, Jz=2.5, h=0.06
-0.22322937567467122 -0.02016318370425518
-0.07009589401898553 -0.02016318370425518
-0.03230560209826927 -0.02016318370425518
0.0009360942237209846 -0.02016318370425518
0.0016807676203635658 -0.02016318370425518
0.002083892284768185 -0.02016318370425518
0.0022775400998953366 -0.02016318370425518
0.0023534526559105817 -0.02016318370425518
0.002537592314500181 -0.02016318370425518
0.0026799467249856157 -0.02016318370425518
0.0031590637841409364 -0.02016318370425518
0.003960243748385717 -0.02016318370425518
0.005749220375084019 -0.02016318370425518
0.0073961218335175105 -0.02016318370425518
0.01022572882862649 -0.02016318370425518
0.010249086548043518 -0.02016318370425518
0.010343504470009035 -0.02016318370425518
0.010878739664685999 -0.02016318370425518
0.010927508289043375 -0.02016318370425518
0.011143214442700056 -0.02016318370425518
0.011648973128515927 -0.02016318370425518
0.011740299656110231 -0.02016318370425518
0.011841516203984548 -0.02016318370425518
0.012532658555586884 -0.02016318370425518
0.013174061503383905 -0.02016318370425518
0.013386825772539135 -0.02016318370425518
0.013617347492836607 -0.02016318370425518
0.014299807144557142 -0.02016318370425518
0.014729950397781522 -0.02016318370425518
0.014782364711319163 -0.02016318370425518
0.014902024979359496 -0.02016318370425518
0.015528924097129082 -0.02016318370425518
0.01556924070463861 -0.02016318370425518
0.0157347157036819 -0.02016318370425518
0.0162001772111951 -0.02016318370425518
0.016275269717943075 -0.02016318370425518
0.01640723354261131 -0.02016318370425518
0.018158807983065794 -0.02016318370425518
0.02003848089526733 -0.02016318370425518
0.022101704532057787 -0.02016318370425518
0.02302319699745936 -0.02016318370425518
0.02311606892660273 -0.02016318370425518
0.023224047236821976 -0.02016318370425518
0.02346386049615984 -0.02016318370425518
0.023620745761613493 -0.02016318370425518
0.02381676345248085 -0.02016318370425518
0.02401851847398856 -0.02016318370425518
0.024347178518443258 -0.02016318370425518
0.02438884545929776 -0.02016318370425518
0.02443603867115729 -0.02016318370425518
0.024696044299452435 -0.02016318370425518
0.024780450574533264 -0.02016318370425518
0.025016485068047822 -0.02016318370425518
0.02518878678243186 -0.02016318370425518
0.02521261280441356 -0.02016318370425518
0.02736635909229712 -0.02016318370425518
0.028101766042546716 -0.02016318370425518
0.03258827437656492 -0.02016318370425518
0.07303510921153011 -0.02016318370425518
0.2376974476554409 -0.02016318370425518
#kx=4.0, ky=8.0, Jx=1.0, Jy=1.0, Jz=2.5, h=0.06
-0.2388544750035147 158802673808567.12
-0.05785261118676627 158802673808567.12
-0.03166730022460279 158802673808567.12
0.0016101992280738164 158802673808567.12
0.0019338889015104166 158802673808567.12
0.0022309133853999352 158802673808567.12
0.0023000852513365144 158802673808567.12
0.0024620644553719484 158802673808567.12
0.0026255758448474054 158802673808567.12
0.002805470692265999 158802673808567.12
0.0031620219014175666 158802673808567.12
0.004090002768572409 158802673808567.12
0.005873828512693968 158802673808567.12
0.007983728580148897 158802673808567.12
0.01023889268502709 158802673808567.12
0.010263642644794346 158802673808567.12
0.010344732448004823 158802673808567.12
0.010843314398533754 158802673808567.12
0.010980158921796268 158802673808567.12
0.011078861095162373 158802673808567.12
0.011662485795797817 158802673808567.12
0.011725727730507118 158802673808567.12
0.011853120155524255 158802673808567.12
0.012727450388002604 158802673808567.12
0.01329403578575089 158802673808567.12
0.013389484604779733 158802673808567.12
0.013848930701615414 158802673808567.12
0.014677877308770293 158802673808567.12
0.014715085516532223 158802673808567.12
0.014823349690455845 158802673808567.12
0.015129109722175904 158802673808567.12
0.015458615837408707 158802673808567.12
0.015568573940261787 158802673808567.12
0.01590947563721723 158802673808567.12
0.016160941961928743 158802673808567.12
0.016244501467509942 158802673808567.12
0.01635386486393159 158802673808567.12
0.01888898558350338 158802673808567.12
0.022458373409071974 158802673808567.12
0.023017512281941488 158802673808567.12
0.023122799314920284 158802673808567.12
0.023212307414633593 158802673808567.12
0.02346279616029151 158802673808567.12
0.023627542508763366 158802673808567.12
0.023817919317743408 158802673808567.12
0.02396434741892084 158802673808567.12
0.024317153019891347 158802673808567.12
0.024405689792961816 158802673808567.12
0.024590018348296883 158802673808567.12
0.02469685078960343 158802673808567.12
0.024734570203877537 158802673808567.12
0.025003164774271336 158802673808567.12
0.025184504801764873 158802673808567.12
0.02530365904306031 158802673808567.12
0.02857160564821498 158802673808567.12
0.03127055104244092 158802673808567.12
0.03333761785871475 158802673808567.12
0.07904315153717839 158802673808567.12
0.24328369080252898 158802673808567.12
0.2658833550659126 158802673808567.12
#kx=8.0, ky=16.0, Jx=1.0, Jy=1.0, Jz=2.5, h=0.06
-0.23765502285350265 162886043352101.75
-0.05970883355742479 162886043352101.75
-0.03648773495662816 162886043352101.75
0.0016755383072478147 162886043352101.75
0.0021330035782183843 162886043352101.75
0.002269226545217995 162886043352101.75
0.00235230265376285 162886043352101.75
0.0024935373338010325 162886043352101.75
0.0027562846848575018 162886043352101.75
0.003140459677795304 162886043352101.75
0.004167166940560352 162886043352101.75
0.006191373240561515 162886043352101.75
0.00790523739419341 162886043352101.75
0.010203002156832508 162886043352101.75
0.010285779776802562 162886043352101.75
0.010323818452918687 162886043352101.75
0.01090666017952896 162886043352101.75
0.011010993171580885 162886043352101.75
0.011079463752779684 162886043352101.75
0.011677995530646745 162886043352101.75
0.011763340573180459 162886043352101.75
0.011843728081606497 162886043352101.75
0.012794582907534602 162886043352101.75
0.01325853318475273 162886043352101.75
0.013540219926199026 162886043352101.75
0.01393712430753985 162886043352101.75
0.014680083643450803 162886043352101.75
0.014737632554441882 162886043352101.75
0.014802635951207954 162886043352101.75
0.014880497551034322 162886043352101.75
0.015446843308598968 162886043352101.75
0.015534063464975045 162886043352101.75
0.015920539343040385 162886043352101.75
0.01617884403062847 162886043352101.75
0.016231321605547522 162886043352101.75
0.01633238746559762 162886043352101.75
0.017981353271142864 162886043352101.75
0.02048713522539597 162886043352101.75
0.022482084577957584 162886043352101.75
0.02301810775657681 162886043352101.75
0.02319930922918989 162886043352101.75
0.023374480628601035 162886043352101.75
0.02346332200926421 162886043352101.75
0.02366697612923757 162886043352101.75
0.02381340062982712 162886043352101.75
0.02384858954232022 162886043352101.75
0.0243688504971889 162886043352101.75
0.02440616783782018 162886043352101.75
0.0246881374233362 162886043352101.75
0.02473392711703215 162886043352101.75
0.024787153948417018 162886043352101.75
0.025025631994398445 162886043352101.75
0.025134086219989304 162886043352101.75
0.0252285128845689 162886043352101.75
0.027939035972267157 162886043352101.75
0.029430188548733027 162886043352101.75
0.03295139834361155 162886043352101.75
0.07302583655831008 162886043352101.75
0.24530187710527976 162886043352101.75
0.2627109948009547 162886043352101.75
#kx=8.0, ky=12.0, Jx=1.0, Jy=1.0, Jz=2.5, h=0.06
-0.24442077455521666 19994128679925.867
-0.07377843246561616 19994128679925.867
-0.03719364950292653 19994128679925.867
0.001656581766328158 19994128679925.867
0.0021023615520944228 19994128679925.867
0.00222195936098174 19994128679925.867
0.0023027608675573186 19994128679925.867
0.0024375007446796326 19994128679925.867
0.0026273976836839186 19994128679925.867
0.0031037827192613165 19994128679925.867
0.003979070858996403 19994128679925.867
0.005414859256672677 19994128679925.867
0.007085196911967129 19994128679925.867
0.010196127720699943 19994128679925.867
0.010285094957840524 19994128679925.867
0.010320656401729966 19994128679925.867
0.01085153379062126 19994128679925.867
0.0109242490394037 19994128679925.867
0.011029965806092668 19994128679925.867
0.011654964819019453 19994128679925.867
0.011713963054858834 19994128679925.867
0.011805305090560547 19994128679925.867
0.012483470801613716 19994128679925.867
0.012867389568525234 19994128679925.867
0.013320149254725688 19994128679925.867
0.013964287216077453 19994128679925.867
0.014636710649032325 19994128679925.867
0.014703211935691851 19994128679925.867
0.01478989730527841 19994128679925.867
0.014927578512261064 19994128679925.867
0.015443657318961634 19994128679925.867
0.015528212266535668 19994128679925.867
0.015741432474077166 19994128679925.867
0.01615258158296362 19994128679925.867
0.01622080545487381 19994128679925.867
0.01633273746273123 19994128679925.867
0.018954981052816566 19994128679925.867
0.019304764021724763 19994128679925.867
0.0222727692223863 19994128679925.867
0.02299820354122617 19994128679925.867
0.023121896999255598 19994128679925.867
0.02321952809599742 19994128679925.867
0.02345430052397357 19994128679925.867
0.02351299886786984 19994128679925.867
0.023835936215560904 19994128679925.867
0.02394598779698015 19994128679925.867
0.024306711672242187 19994128679925.867
0.024359838686892732 19994128679925.867
0.02461651092115852 19994128679925.867
0.024726472643001207 19994128679925.867
0.024753083203158388 19994128679925.867
0.02501245745133196 19994128679925.867
0.025035717740961583 19994128679925.867
0.025212183043456127 19994128679925.867
0.028253761654757126 19994128679925.867
0.0312548785106912 19994128679925.867
0.032205285769277225 19994128679925.867
0.07540600466201802 19994128679925.867
0.22471794651613897 19994128679925.867
0.24259016151777202 19994128679925.867
#kx=8.0, ky=8.0, Jx=1.0, Jy=1.0, Jz=2.5, h=0.06
-0.244097564303127 1819162808883225.8
-0.07373485808332336 1819162808883225.8
-0.03581510256882986 1819162808883225.8
0.00045483485891795183 1819162808883225.8
0.0016775868482604706 1819162808883225.8
0.0021326033994627513 1819162808883225.8
0.002249206378930668 1819162808883225.8
0.0023746495133468715 1819162808883225.8
0.002430190533871668 1819162808883225.8
0.0026307801807051723 1819162808883225.8
0.003098954185927316 1819162808883225.8
0.00372590240979237 1819162808883225.8
0.005145315096817038 1819162808883225.8
0.008105440807394226 1819162808883225.8
0.010211979467495969 1819162808883225.8
0.010284381422112798 1819162808883225.8
0.010320041494821464 1819162808883225.8
0.010823024331402475 1819162808883225.8
0.010936379546147235 1819162808883225.8
0.011026641766874457 1819162808883225.8
0.01163775560772179 1819162808883225.8
0.011706988739404234 1819162808883225.8
0.01182273878343415 1819162808883225.8
0.012456324581333722 1819162808883225.8
0.013081295668154025 1819162808883225.8
0.013322706887613 1819162808883225.8
0.014025785582274686 1819162808883225.8
0.014378176349449101 1819162808883225.8
0.014690923218415586 1819162808883225.8
0.01481696621136408 1819162808883225.8
0.014861269218503781 1819162808883225.8
0.015449467923112026 1819162808883225.8
0.01554445323827458 1819162808883225.8
0.015759135906387278 1819162808883225.8
0.01615001746031347 1819162808883225.8
0.016204764495160506 1819162808883225.8
0.01633126404811064 1819162808883225.8
0.01774098643554395 1819162808883225.8
0.02215487546959355 1819162808883225.8
0.023014110613690186 1819162808883225.8
0.023085990276643098 1819162808883225.8
0.023209201606486096 1819162808883225.8
0.023418522713452683 1819162808883225.8
0.023487200579742795 1819162808883225.8
0.023809497517927047 1819162808883225.8
0.023919546809613057 1819162808883225.8
0.024251906721117433 1819162808883225.8
0.024372955741624902 1819162808883225.8
0.024550828688833737 1819162808883225.8
0.024634448052865632 1819162808883225.8
0.02473052518236668 1819162808883225.8
0.025004398461391575 1819162808883225.8
0.02506053464090624 1819162808883225.8
0.02519536083902235 1819162808883225.8
0.028591375615867998 1819162808883225.8
0.029866930576702255 1819162808883225.8
0.033109600548098805 1819162808883225.8
0.0782460676106913 1819162808883225.8
0.22385443588070325 1819162808883225.8
0.24249752430811955 1819162808883225.8
#kx=8.0, ky=4.0, Jx=1.0, Jy=1.0, Jz=2.5, h=0.06
-0.24275171072609647 146755593905018.88
-0.07362198444852447 146755593905018.88
-0.037293519007813525 146755593905018.88
0.0016630685074008333 146755593905018.88
0.002120659881079734 146755593905018.88
0.002235863072343025 146755593905018.88
0.0022934326072142075 146755593905018.88
0.002432042564891379 146755593905018.88
0.002656264387844831 146755593905018.88
0.0030924200198326757 146755593905018.88
0.003771861923205666 146755593905018.88
0.005394718513189289 146755593905018.88
0.006954574341662856 146755593905018.88
0.009698445472078931 146755593905018.88
0.010251172999316382 146755593905018.88
0.010305937496151052 146755593905018.88
0.01033178418761349 146755593905018.88
0.010855633811661713 146755593905018.88
0.01098411164343599 146755593905018.88
0.011072339409642584 146755593905018.88
0.01163957591681658 146755593905018.88
0.011730954069128219 146755593905018.88
0.011823065338294025 146755593905018.88
0.012670279515547112 146755593905018.88
0.013203585148293562 146755593905018.88
0.013501530830074882 146755593905018.88
0.013885114106033158 146755593905018.88
0.014044092000394581 146755593905018.88
0.014720013472710347 146755593905018.88
0.014752205246459926 146755593905018.88
0.01484259535234883 146755593905018.88
0.01539551382829002 146755593905018.88
0.015557115005519873 146755593905018.88
0.01578039204126208 146755593905018.88
0.01614904519165039 146755593905018.88
0.016198980368335336 146755593905018.88
0.016337385895550616 146755593905018.88
0.01781732026435523 146755593905018.88
0.022228234310146644 146755593905018.88
0.023020233414710267 146755593905018.88
0.023094191541055575 146755593905018.88
0.023206794507827977 146755593905018.88
0.023441539857976146 146755593905018.88
0.023506030610459805 146755593905018.88
0.02378119033639553 146755593905018.88
0.023832565462782784 146755593905018.88
0.024211425890586558 146755593905018.88
0.024385840436980444 146755593905018.88
0.0245227214493125 146755593905018.88
0.024658105893370197 146755593905018.88
0.024714739284915244 146755593905018.88
0.025012394521812698 146755593905018.88
0.02507707494936451 146755593905018.88
0.025187177880576672 146755593905018.88
0.02760974777300884 146755593905018.88
0.028002861357006914 146755593905018.88
0.0323839394032408 146755593905018.88
0.07550718666258904 146755593905018.88
0.2239124805103601 146755593905018.88
0.2439513788353121 146755593905018.88
#kx=8.0, ky=0.0, Jx=1.0, Jy=1.0, Jz=2.5, h=0.06
-0.2376550236879147 67669656346821.3
-0.059708835592103604 67669656346821.3
-0.03648774218877976 67669656346821.3
0.0016755383756687503 67669656346821.3
0.0021330035733350683 67669656346821.3
0.0022692265694119196 67669656346821.3
0.0023523026670559943 67669656346821.3
0.002493537345499619 67669656346821.3
0.00275628469112843 67669656346821.3
0.0031404596527506157 67669656346821.3
0.004167166656618981 67669656346821.3
0.006191373183132287 67669656346821.3
0.00790523752076866 67669656346821.3
0.010203002230327607 67669656346821.3
0.01028577982844242 67669656346821.3
0.010323818507356697 67669656346821.3
0.010906660189737405 67669656346821.3
0.01101099318551596 67669656346821.3
0.01107946376743707 67669656346821.3
0.011677995495497806 67669656346821.3
0.01176334054409145 67669656346821.3
0.011843728020281385 67669656346821.3
0.012794582898600637 67669656346821.3
0.013258533226596925 67669656346821.3
0.013540219948393217 67669656346821.3
0.013937124359848174 67669656346821.3
0.01468008366756951 67669656346821.3
0.014737632619312602 67669656346821.3
0.014802635985549317 67669656346821.3
0.01488049760034521 67669656346821.3
0.015446843313395242 67669656346821.3
0.0155340634638379 67669656346821.3
0.01592053931776438 67669656346821.3
0.016178843988675584 67669656346821.3
0.0162313215571096 67669656346821.3
0.01633238739028564 67669656346821.3
0.017981353182770332 67669656346821.3
0.02048713525782886 67669656346821.3
0.022482084630650268 67669656346821.3
0.023018107881629224 67669656346821.3
0.023199309328631568 67669656346821.3
0.023374480686304877 67669656346821.3
0.023463322002857945 67669656346821.3
0.023666976196268286 67669656346821.3
0.023813400617228697 67669656346821.3
0.023848589565588052 67669656346821.3
0.02436885052360438 67669656346821.3
0.02440616784116323 67669656346821.3
0.024688137416612632 67669656346821.3
0.02473392710824729 67669656346821.3
0.024787153939916706 67669656346821.3
0.025025631908979162 67669656346821.3
0.025134086151983037 67669656346821.3
0.025228512783996793 67669656346821.3
0.02793903580077267 67669656346821.3
0.029430187879924796 67669656346821.3
0.03295139833931582 67669656346821.3
0.07302583728226003 67669656346821.3
0.24530187626733252 67669656346821.3
0.26271099521716884 67669656346821.3
