#kx=8.0, ky=0.0, Jx=1.0, Jy=1.0, Jz=1.5, h=0.0
-8.66686800223674 -8.124079575863401 -7.889039733797502 -7.842246322937041 -7.791921002619573 -7.772545265827547 -7.7319202924896295 -7.731485309511534 -7.722709230081334 -7.718362304136456 -7.702223291571878 -7.626407899333598 -7.566812926860552 -7.55370011622604 -7.543069610840931 -7.475253020851181 -7.472176463530965 -7.4543041606373555 -7.448143010022698 -7.42762595850599 -7.406493514957788 -7.397190044064842 -7.359408530225026 -7.352055420589521 -7.327324626946888 -7.324573357408808 -7.3111422846853005 -7.308805696460927 -7.301233284206921 -7.283022843691398 -7.271497589398263 -7.219720747632168 -7.187842145788353 -7.17261691891545 -7.143104231459963
#kx=4.0, ky=0.0, Jx=1.0, Jy=1.0, Jz=1.5, h=0.0
-8.507865707928676 -8.12308822267472 -7.887616875589905 -7.843030186794585 -7.7862981826758135 -7.763779223660919 -7.733678910211328 -7.731208321152826 -7.723914100391443 -7.7164299012294615 -7.705800555954458 -7.632126379599433 -7.557721434843493 -7.5541618232694265 -7.5347095166725495 -7.472517577553875 -7.467116129541877 -7.456334624397149 -7.4355908737888115 -7.419160727832034 -7.406041780813348 -7.390149198599808 -7.372153103550705 -7.339896133347584 -7.3233762787657835 -7.321326213967682 -7.315340466840428 -7.308697151729903 -7.298789258572022 -7.282740850753212 -7.273055420055071 -7.254286719658493 -7.191775483112309 -7.1772077267305 -7.151118987239874
#kx=0.0, ky=0.0, Jx=1.0, Jy=1.0, Jz=1.5, h=0.0
-8.665370174834878 -8.113421147568738 -7.94888106039106 -7.849263475258202 -7.838260850053799 -7.771919193117006 -7.743065120923849 -7.7313660605053 -7.729627295392462 -7.725732506532356 -7.71883986623554 -7.709343430649585 -7.670797219476633 -7.601103731062805 -7.552979184828352 -7.550061751571311 -7.519159922946143 -7.481278085690921 -7.466976779796585 -7.446643557989814 -7.436811175899589 -7.406939046430678 -7.396721512720279 -7.383683923208362 -7.35230547682386 -7.3309998424418605 -7.327629112774201 -7.318640712361766 -7.317299838120628 -7.298076733534459 -7.296004200528553 -7.274298610357317 -7.1936886218214005 -7.175204515888355 -7.154565419015801
#kx=4.0, ky=8.0, Jx=1.0, Jy=1.0, Jz=1.5, h=0.0
-8.510149658428647 -8.14389805708662 -7.843522290593522 -7.835168484734326 -7.812473477342587 -7.7754070896279 -7.736315632107811 -7.733277941566797 -7.724553597262854 -7.715694701953751 -7.709168718167119 -7.656753693993094 -7.61304658684983 -7.557687435849594 -7.510916597968744 -7.4816955820001505 -7.470477587331998 -7.464409968972244 -7.441255192552698 -7.424809511580326 -7.404436044364136 -7.382736475043792 -7.352379919266452 -7.337060962312404 -7.331817949959353 -7.318770962005486 -7.312110047327912 -7.2969237632443695 -7.289624222306748 -7.287549259460698 -7.269658069574786 -7.17907238409233 -7.165083932848688 -7.150994078337004 -6.989936261937814
#kx=8.0, ky=16.0, Jx=1.0, Jy=1.0, Jz=1.5, h=0.0
-8.666868002236713 -8.124079575863403 -7.889039733797476 -7.842246322937018 -7.791921002619559 -7.7725452658275165 -7.731920292489582 -7.731485309511574 -7.722709230081446 -7.718362304136433 -7.702223291571891 -7.626407899333608 -7.566812926860521 -7.553700116226083 -7.54306961084097 -7.475253020851203 -7.472176463531066 -7.4543041606373315 -7.4481430100226715 -7.427625958505998 -7.406493514957812 -7.397190044064808 -7.359408530225028 -7.352055420589504 -7.327324626946824 -7.324573357408809 -7.3111422846853795 -7.308805696460935 -7.301233284206923 -7.283022843691445 -7.27149758939825 -7.219720747632188 -7.187842145788375 -7.172616918915491 -7.143104231459909
#kx=8.0, ky=12.0, Jx=1.0, Jy=1.0, Jz=1.5, h=0.0
-8.662811550900027 -8.132205504749033 -7.888013022994479 -7.83677699260291 -7.787153535718164 -7.757151196751737 -7.7370606765569105 -7.730221476405926 -7.723788278462817 -7.7147055126963116 -7.7092431418748255 -7.626589121767802 -7.563903438532282 -7.532384825119109 -7.505129489293197 -7.486293060428861 -7.473614882304879 -7.463287051520328 -7.457881125994762 -7.43074638248497 -7.3963331870995015 -7.367121035100813 -7.356910548007087 -7.344901546859782 -7.333339708263585 -7.322843103763337 -7.314022485939185 -7.298840198431399 -7.275006121543947 -7.259839195720143 -7.234878333731068 -7.190562164905886 -7.1768318625768 -7.146204046496351 -7.096125908365104
#kx=8.0, ky=8.0, Jx=1.0, Jy=1.0, Jz=1.5, h=0.0
-8.662774550021572 -8.139798065118988 -7.85628382191267 -7.83491675413518 -7.8101134281430555 -7.777423960719163 -7.736238734141183 -7.730835765746044 -7.724103085003426 -7.7162900386047975 -7.705091314880164 -7.6540118184175565 -7.61858286539898 -7.562222852731799 -7.510999151183994 -7.487134103136922 -7.470527938985624 -7.4606990903348835 -7.437899710897311 -7.426459153669116 -7.402950013299472 -7.390630939750625 -7.3563744673626665 -7.344419716333999 -7.331019996693402 -7.323265435405565 -7.321136445320551 -7.297597976443144 -7.287478461985219 -7.269199450190291 -7.1936685948791 -7.173032644863637 -7.16821012105324 -7.143166822784136 -6.989827784758403
#kx=8.0, ky=4.0, Jx=1.0, Jy=1.0, Jz=1.5, h=0.0
-8.66869565173562 -8.122298073878481 -7.865399764765582 -7.836097662349608 -7.7886058948449195 -7.778487136691118 -7.731441258641884 -7.72914078731345 -7.721373254388001 -7.71936188068026 -7.704912106490663 -7.618582263377079 -7.573713540684469 -7.561708099871305 -7.514788140434509 -7.486800547665383 -7.468360048710031 -7.464672363643649 -7.454065736531084 -7.423335505435262 -7.399821643471755 -7.359627761817247 -7.355322938868359 -7.3412082863418 -7.332964537401065 -7.318668735734895 -7.311275356407333 -7.307996080891483 -7.297177455132296 -7.282220599017903 -7.191913124276529 -7.173138731281941 -7.157719386502631 -7.15309700960868 -7.078777315103891
#kx=8.0, ky=0.0, Jx=1.0, Jy=1.0, Jz=1.5, h=0.0
-8.666868002236741 -8.124079575863403 -7.889039733797502 -7.842246322937041 -7.791921002619573 -7.772545265827547 -7.7319202924896295 -7.731485309511534 -7.722709230081334 -7.718362304136456 -7.702223291571878 -7.626407899333598 -7.566812926860552 -7.55370011622604 -7.543069610840931 -7.475253020851181 -7.472176463530965 -7.4543041606373555 -7.448143010022698 -7.42762595850599 -7.406493514957788 -7.397190044064842 -7.359408530225026 -7.352055420589521 -7.327324626946888 -7.324573357408808 -7.3111422846853005 -7.308805696460927 -7.301233284206921 -7.283022843691398 -7.271497589398263 -7.219720747632168 -7.187842145788353 -7.17261691891545 -7.143104231459963
