#kx=8.0, ky=0.0, Jx=1.0, Jy=1.0, Jz=1.5, h=0.0
-8.66686800223674 0.936562419723391
-8.124079575863401 0.1456710538860419
-7.889039733797502 2.237391831820454
-7.842246322937041 2.87759406392178
-7.791921002619573 18.27684216468784
-7.772545265827547 65.34585415428022
-7.7319202924896295 4.277208317206874
-7.731485309511534 0.5862960716924017
-7.722709230081334 0.807817040346854
-7.718362304136456 1.4988549552369816
-7.702223291571878 2.8077894996005885
-7.626407899333598 1.189463524782995
-7.566812926860552 2.752440485461436
-7.55370011622604 0.7786793653547036
-7.543069610840931 1.593003858840232
-7.475253020851181 1.9322037060306645
-7.472176463530965 2.310773226070643
-7.4543041606373555 0.9618044932915325
-7.448143010022698 3.2707593603351395
-7.42762595850599 3.3717471553927054
-7.406493514957788 0.664576647523137
-7.397190044064842 0.6617615234781481
-7.359408530225026 2.6779457803215063
-7.352055420589521 0.0027125923841856856
-7.327324626946888 1.8167407571366703
-7.324573357408808 0.1610471703798962
-7.3111422846853005 0.7023375099429588
-7.308805696460927 1.9495829693945728
-7.301233284206921 0.5724917469030575
-7.283022843691398 1.6148482434516656
-7.271497589398263 0.28492722562881834
-7.219720747632168 0.15224802856526226
-7.187842145788353 0.5296149543047951
-7.17261691891545 0.45903738416026535
-7.143104231459963 0.7386440298071705
#kx=4.0, ky=0.0, Jx=1.0, Jy=1.0, Jz=1.5, h=0.0
-8.507865707928676 0.6378926535981283
-8.12308822267472 1.2720088737800581
-7.887616875589905 2.87978875203695
-7.843030186794585 3.869934344646219
-7.7862981826758135 65.9114867984294
-7.763779223660919 51.284022703977
-7.733678910211328 1.7333252564716604
-7.731208321152826 8.010057053557663
-7.723914100391443 2.515783474282412
-7.7164299012294615 9.37704876102623
-7.705800555954458 1.1341357898051594
-7.632126379599433 2.1582943612312473
-7.557721434843493 14.436442925007633
-7.5541618232694265 8.66613364693574
-7.5347095166725495 2.046435421959061
-7.472517577553875 18.904522954025254
-7.467116129541877 1.5901087811462657
-7.456334624397149 9.875867484513426
-7.4355908737888115 11.870857291003622
-7.419160727832034 9.520776187217848
-7.406041780813348 12.349070561807226
-7.390149198599808 6.793588110448135
-7.372153103550705 1.3052090986965101
-7.339896133347584 4.928050958360189
-7.3233762787657835 12.486762816016334
-7.321326213967682 13.806212282596466
-7.315340466840428 7.299364723654219
-7.308697151729903 6.93304914051852
-7.298789258572022 6.509478376345431
-7.282740850753212 12.606464986734213
-7.273055420055071 3.7361812680471553
-7.254286719658493 0.47200846879024705
-7.191775483112309 2.2527591288691244
-7.1772077267305 0.7937258036128517
-7.151118987239874 0.564941265574619
#kx=0.0, ky=0.0, Jx=1.0, Jy=1.0, Jz=1.5, h=0.0
-8.665370174834878 0.023178860196901893
-8.113421147568738 0.1650049244347712
-7.94888106039106 0.2485199578351164
-7.849263475258202 0.23233644336527398
-7.838260850053799 0.8173542318892834
-7.771919193117006 68.99728824589864
-7.743065120923849 1.547871898552009
-7.7313660605053 0.1740573041633399
-7.729627295392462 0.5327333789292085
-7.725732506532356 2.650304802714836
-7.71883986623554 2.3517574038120674
-7.709343430649585 3.7113315807432268
-7.670797219476633 1.6402997056124247
-7.601103731062805 1.956964845702199
-7.552979184828352 0.5552589032201954
-7.550061751571311 0.7945573774659097
-7.519159922946143 0.24794721465563113
-7.481278085690921 0.41001703602716544
-7.466976779796585 0.325300183669752
-7.446643557989814 0.4958435660021348
-7.436811175899589 0.4804493976820067
-7.406939046430678 0.09720077784601786
-7.396721512720279 0.05485397758375695
-7.383683923208362 0.008546111599718648
-7.35230547682386 0.28986045405791777
-7.3309998424418605 0.8812951978037636
-7.327629112774201 0.5261781737548362
-7.318640712361766 0.2449309207675293
-7.317299838120628 0.043380857808553254
-7.298076733534459 0.01224120335761145
-7.296004200528553 0.18592470499228686
-7.274298610357317 0.2214902948513852
-7.1936886218214005 0.060251414697603034
-7.175204515888355 0.002476056611967166
-7.154565419015801 0.2197490304798149
#kx=4.0, ky=8.0, Jx=1.0, Jy=1.0, Jz=1.5, h=0.0
-8.510149658428647 0.11736336788495112
-8.14389805708662 0.07787899942581347
-7.843522290593522 0.3826735752730554
-7.835168484734326 0.0805011832621618
-7.812473477342587 7.271039923690541
-7.7754070896279 71.5673200872643
-7.736315632107811 2.8851984246538587
-7.733277941566797 1.8070569997652455
-7.724553597262854 6.954679181412781
-7.715694701953751 1.7774174481562048
-7.709168718167119 3.3298555729530794
-7.656753693993094 5.143632683207347
-7.61304658684983 0.6191399811897067
-7.557687435849594 0.5888008310972751
-7.510916597968744 0.8146368653858079
-7.4816955820001505 4.1841593751232375
-7.470477587331998 12.954199106897725
-7.464409968972244 0.27350871745905486
-7.441255192552698 1.0098107723394822
-7.424809511580326 2.355470245734675
-7.404436044364136 2.1635418006179323
-7.382736475043792 0.5198658583016202
-7.352379919266452 1.2588092584633725
-7.337060962312404 0.20331844870449173
-7.331817949959353 0.20908426600835564
-7.318770962005486 0.14300139758949018
-7.312110047327912 8.081034457874651
-7.2969237632443695 7.287950491078904
-7.289624222306748 2.224176175494982
-7.287549259460698 3.1169741664032182
-7.269658069574786 3.971970603322474
-7.17907238409233 0.004551775307212667
-7.165083932848688 0.10925605422734945
-7.150994078337004 0.4630193787620412
-6.989936261937814 0.060024336591204194
#kx=8.0, ky=16.0, Jx=1.0, Jy=1.0, Jz=1.5, h=0.0
-8.666868002236713 0.9365624197228102
-8.124079575863403 0.14567105388479326
-7.889039733797476 2.237391831807983
-7.842246322937018 2.877594063917141
-7.791921002619559 18.27684216458168
-7.7725452658275165 65.34585415431265
-7.731920292489582 4.2772083172356155
-7.731485309511574 0.5862960716747874
-7.722709230081446 0.8078170403440782
-7.718362304136433 1.4988549552464419
-7.702223291571891 2.8077894996019253
-7.626407899333608 1.1894635247793164
-7.566812926860521 2.7524404854388917
-7.553700116226083 0.778679365353838
-7.54306961084097 1.5930038588478739
-7.475253020851203 1.932203705978689
-7.472176463531066 2.310773226029186
-7.4543041606373315 0.9618044932817582
-7.4481430100226715 3.270759360333397
-7.427625958505998 3.3717471553939036
-7.406493514957812 0.6645766475186807
-7.397190044064808 0.661761523482067
-7.359408530225028 2.677945780335621
-7.352055420589504 0.002712592384471108
-7.327324626946824 1.8167407571355276
-7.324573357408809 0.16104717038348287
-7.3111422846853795 0.7023375099335487
-7.308805696460935 1.9495829693941649
-7.301233284206923 0.5724917469023915
-7.283022843691445 1.6148482434557185
-7.27149758939825 0.28492722563184913
-7.219720747632188 0.15224802856452277
-7.187842145788375 0.5296149543030556
-7.172616918915491 0.45903738415815937
-7.143104231459909 0.738644029806014
#kx=8.0, ky=12.0, Jx=1.0, Jy=1.0, Jz=1.5, h=0.0
-8.662811550900027 0.006216791232235723
-8.132205504749033 1.2041951148924175
-7.888013022994479 0.04674135921780495
-7.83677699260291 1.3315854745261055
-7.787153535718164 21.93855044041896
-7.757151196751737 54.9970937805394
-7.7370606765569105 0.23582927643807297
-7.730221476405926 3.9345436305752624
-7.723788278462817 1.7533175927798066
-7.7147055126963116 0.5591049745076481
-7.7092431418748255 1.1429257253918184
-7.626589121767802 2.5122943077870783
-7.563903438532282 0.33515217771465733
-7.532384825119109 1.214697390407522
-7.505129489293197 0.9332011950028196
-7.486293060428861 0.6824717404044375
-7.473614882304879 3.289791840514502
-7.463287051520328 1.4478008697481666
-7.457881125994762 1.4628547177964093
-7.43074638248497 0.4946370546266405
-7.3963331870995015 1.4650828496863655
-7.367121035100813 0.742267524492962
-7.356910548007087 0.11444963007089184
-7.344901546859782 0.9592959289495241
-7.333339708263585 3.0056034289563422
-7.322843103763337 0.0212353059218691
-7.314022485939185 0.4434761354057381
-7.298840198431399 1.7879794179991124
-7.275006121543947 0.4583713593010277
-7.259839195720143 0.28161618012977807
-7.234878333731068 0.23796024463096116
-7.190562164905886 0.2704854925655601
-7.1768318625768 0.3619629335058485
-7.146204046496351 0.9173408697299131
-7.096125908365104 0.46483633313054756
#kx=8.0, ky=8.0, Jx=1.0, Jy=1.0, Jz=1.5, h=0.0
-8.662774550021572 0.026566546639221394
-8.139798065118988 0.3260641813861772
-7.85628382191267 0.581110313913866
-7.83491675413518 0.2689411945753077
-7.8101134281430555 0.8514352726055255
-7.777423960719163 57.98039154328311
-7.736238734141183 0.2841267478966547
-7.730835765746044 0.8780508331351794
-7.724103085003426 0.22918130957139662
-7.7162900386047975 0.469709606944941
-7.705091314880164 1.8021708263065532
-7.6540118184175565 1.254138459379692
-7.61858286539898 0.35577946531707744
-7.562222852731799 0.7343677875648127
-7.510999151183994 0.017494384454445847
-7.487134103136922 0.17355921966756976
-7.470527938985624 0.028932677715147796
-7.4606990903348835 0.026749157768925447
-7.437899710897311 0.19806255008903967
-7.426459153669116 0.020498795136376306
-7.402950013299472 0.034572940827170585
-7.390630939750625 0.24625443972745797
-7.3563744673626665 0.1353751880275788
-7.344419716333999 0.05851629031245954
-7.331019996693402 0.06539447271843446
-7.323265435405565 0.03643220058769664
-7.321136445320551 0.17128272855776025
-7.297597976443144 0.011467965564919904
-7.287478461985219 0.057953520534193816
-7.269199450190291 0.0234455835381875
-7.1936685948791 0.032430770546858126
-7.173032644863637 0.14063272218548623
-7.16821012105324 0.16147690848931817
-7.143166822784136 0.07059292707250744
-6.989827784758403 0.1115762013480733
#kx=8.0, ky=4.0, Jx=1.0, Jy=1.0, Jz=1.5, h=0.0
-8.66869565173562 0.07054018509172616
-8.122298073878481 0.13703550067981443
-7.865399764765582 0.7136827999014177
-7.836097662349608 1.3498327043769198
-7.7886058948449195 2.528100885622545
-7.778487136691118 74.17382434518885
-7.731441258641884 0.5787760377224829
-7.72914078731345 1.843244770348982
-7.721373254388001 0.8975953489737203
-7.71936188068026 0.22950370829096747
-7.704912106490663 1.7500511557399947
-7.618582263377079 2.0180502438166212
-7.573713540684469 0.6051350682762208
-7.561708099871305 1.0705195434619768
-7.514788140434509 0.3281925342741224
-7.486800547665383 0.2584302637884125
-7.468360048710031 0.6035815330518759
-7.464672363643649 0.2431352458943516
-7.454065736531084 0.04467048142617198
-7.423335505435262 0.294761317200742
-7.399821643471755 1.5337027360746436
-7.359627761817247 0.13004986959564346
-7.355322938868359 1.0774449893831852
-7.3412082863418 0.4308673078107217
-7.332964537401065 1.2134992302044039
-7.318668735734895 0.10352281686027984
-7.311275356407333 0.002897467480332394
-7.307996080891483 0.2779073320899588
-7.297177455132296 1.181127028024581
-7.282220599017903 0.8002924455455367
-7.191913124276529 0.3493542957267555
-7.173138731281941 0.5086902950619813
-7.157719386502631 0.1222442538919512
-7.15309700960868 0.8605372160472456
-7.078777315103891 0.1985470203321979
#kx=8.0, ky=0.0, Jx=1.0, Jy=1.0, Jz=1.5, h=0.0
-8.666868002236741 0.936562419723391
-8.124079575863403 0.1456710538860419
-7.889039733797502 2.237391831820454
-7.842246322937041 2.87759406392178
-7.791921002619573 18.27684216468784
-7.772545265827547 65.34585415428022
-7.7319202924896295 4.277208317206874
-7.731485309511534 0.5862960716924017
-7.722709230081334 0.807817040346854
-7.718362304136456 1.4988549552369816
-7.702223291571878 2.8077894996005885
-7.626407899333598 1.189463524782995
-7.566812926860552 2.752440485461436
-7.55370011622604 0.7786793653547036
-7.543069610840931 1.593003858840232
-7.475253020851181 1.9322037060306645
-7.472176463530965 2.310773226070643
-7.4543041606373555 0.9618044932915325
-7.448143010022698 3.2707593603351395
-7.42762595850599 3.3717471553927054
-7.406493514957788 0.664576647523137
-7.397190044064842 0.6617615234781481
-7.359408530225026 2.6779457803215063
-7.352055420589521 0.0027125923841856856
-7.327324626946888 1.8167407571366703
-7.324573357408808 0.1610471703798962
-7.3111422846853005 0.7023375099429588
-7.308805696460927 1.9495829693945728
-7.301233284206921 0.5724917469030575
-7.283022843691398 1.6148482434516656
-7.271497589398263 0.28492722562881834
-7.219720747632168 0.15224802856526226
-7.187842145788353 0.5296149543047951
-7.17261691891545 0.45903738416026535
-7.143104231459963 0.7386440298071705
