#kx=0.0, ky=8.0, Jx=1.0, Jy=1.0, Jz=2.5, h=0.02
-0.17877757607582528 0.1302852278253972
-0.006014735255504 0.0044724075963114935
0.009773868512282624 0.00171329463653821
0.031702688354106834 0.0019450706901980245
0.08382418808397363 0.04528662417054407
0.1590534633586333 0.0071568888747376
0.23515726019816624 0.05643763105341546
0.3106973777241125 0.056149930151676394
0.35132848678415196 0.04219011864273495
0.3855393186371004 0.01944022246166231
0.46582421797267876 0.040385134637272245
0.5825773314096819 0.031078962601789314
0.6284472493358203 0.055085002221417906
0.635898931197662 0.02203116221109028
0.6475799623182337 0.018821740974733225
0.838283115915643 0.009478466926664018
#kx=0.0, ky=6.0, Jx=1.0, Jy=1.0, Jz=2.5, h=0.02
-0.17759730020133802 0.1340140276399878
-0.008744197737641568 0.02113338066940225
0.006571066430155648 0.0005756300197283544
0.036425139859304345 0.013252193914674155
0.07625247955244596 0.039130207792396704
0.15381276651291068 0.03519366455176488
0.2601389620042759 0.05578075369121956
0.3048839056205044 0.018784605296642772
0.35035578633673253 0.03325123697991853
0.39094919100359654 0.017158791508448384
0.4696730984200519 0.026020788485942345
0.582278124346989 0.10512312337737284
0.6190155503510164 0.03960113746178958
0.6349970965400962 0.03880826805875224
0.6457808366509288 0.0007841478157336017
0.690863473592511 0.07341469759657972
#kx=0.0, ky=4.0, Jx=1.0, Jy=1.0, Jz=2.5, h=0.02
-0.1789115564959206 0.13883787968228417
-0.013161693496737237 0.05053579615053722
0.009529015181300615 0.007014776801342611
0.03690646170555306 0.06293602534683959
0.06126929152516497 0.0035037158273456444
0.14575200808069658 0.02062802473405681
0.28888011335002917 0.0457790810678544
0.31596356835025097 0.15751955483753902
0.34243076882807366 0.06407202338738852
0.3562066263101621 0.0792678098144765
0.3897102152454291 0.03689400481769111
0.4990511638962234 0.026596593279818108
0.5852551665953722 0.11184110032761015
0.6048763906858432 0.048193126344290335
0.6311098550656735 0.025461795999579227
0.6435770480943732 0.012037904110932708
#kx=0.0, ky=2.0, Jx=1.0, Jy=1.0, Jz=2.5, h=0.02
-0.1785984146635219 0.1360558221383343
-0.04003494183838069 0.5191474890185519
-0.015316259240506724 0.09902495154882954
0.016828055279154597 0.0017787206924402097
0.03295192344657433 0.047403859489990534
0.08235121669846757 0.014470331313317717
0.1571343581722713 0.06747377452493022
0.29744356469805033 0.0027536462720517854
0.33133895181026163 0.02091954381045286
0.37623579064760376 0.0024960853047351797
0.40867410448140923 0.02116095139292254
0.5114402447208888 0.0387281248393348
0.5876012818151087 0.0833187293030231
0.6055997253175738 0.029439605715455907
0.627228977498888 0.006208600005145186
0.6432078994304246 0.031018900487878847
#kx=0.0, ky=0.0, Jx=1.0, Jy=1.0, Jz=2.5, h=0.02
-0.3585553297526465 23.72351437530343
-0.17993547998158288 0.7533214503016332
-0.00041339615363455984 3.1373056026122734
0.009381694068116564 0.2315313147933797
0.03992617549312877 2.2417284848973256
0.0917162029523047 0.18680591860524687
0.1762719907050869 2.075196609104965
0.31819563893397346 0.04792234595395082
0.3303536978625894 0.9422150361179071
0.3853883050958441 0.08797954758604405
0.43422948088336866 1.5682475662904498
0.4688256099128208 33.16286982980543
0.5814043809379165 0.10943250447419448
0.6087204266395396 0.5403356953335227
0.6348293717732798 0.7492514424578418
0.729358879916463 40.02976102582057
#kx=4.0, ky=2.0, Jx=1.0, Jy=1.0, Jz=2.5, h=0.02
-0.038451134116166796 0.7005898455102788
-0.017600438117643946 0.09881943043778131
0.010798518385601308 0.02975373128261642
0.022355088915841648 0.0248772727968822
0.08681387224523657 0.05284982425647612
0.14206197553331074 0.10523861609905619
0.2704422031240803 0.13469893135202088
0.32298985836078903 0.1764619122758445
0.32989439235483137 0.13876864018696963
0.3660016504251484 0.342947905467848
0.40244339917439415 0.10395146733768229
0.49032985293800296 0.019513840281176417
0.5957808608613056 0.0691487873828633
0.6149078890468331 0.058957223087583305
0.629565469475925 0.019045538214959114
0.6441182850521553 0.04055741024481409
#kx=8.0, ky=4.0, Jx=1.0, Jy=1.0, Jz=2.5, h=0.02
-0.012962518829864211 0.10004248430707667
0.020424972222433946 0.025967074056295277
0.02281536270241752 0.0673484657626432
0.06416992146995226 0.015773787348468835
0.14608043054763883 0.28784497704787493
0.2832683815818752 0.7894330850372361
0.3155132356602668 0.13886235313863451
0.32940464099162936 0.05702131153414072
0.3423556653114653 0.03999854297342509
0.36596991664487977 0.684718311662445
0.5054474654784059 0.1797688600663137
0.5992210575357805 0.20533047941137844
0.6234023215279034 0.04904972139879623
0.6350956870092297 0.008642809662995667
0.6504326740617963 0.08175119089931226
0.8333749127171655 1.1535028305074044
#kx=12.0, ky=6.0, Jx=1.0, Jy=1.0, Jz=2.5, h=0.02
-0.015167227954104412 0.07748004273216506
0.009740665283359928 0.016565570633074317
0.026324261363772194 0.016824582817616594
0.08230830471508055 0.04576209665172222
0.1507416286131946 0.13954716123283878
0.24555549803917634 0.11577185228550432
0.2831001882190668 0.14946612755607494
0.3323918391708467 0.8356922334030323
0.33695132027140073 0.47366115440173606
0.3773141245112388 0.4113828213366574
0.4786154743855903 0.14264380312286487
0.5963744883255453 0.2351941539650735
0.6247664113703683 0.014880914456496983
0.6376145343263935 0.06284946508812844
0.6519628817157637 0.03434993052218825
0.6893815888871995 0.14448028638931978
#kx=16.0, ky=8.0, Jx=1.0, Jy=1.0, Jz=2.5, h=0.02
-0.17877757607582506 0.13028522782539656
-0.006014735255504167 0.004472407596313631
0.00977386851228279 0.0017132946365374477
0.03170268835411383 0.001945070690198541
0.08382418808398562 0.04528662417055448
0.15905346335863124 0.0071568888747347405
0.23515726019816735 0.056437631053414615
0.3106973777241321 0.056149930151708924
0.3513284867841509 0.042190118642757825
0.38553931863710156 0.019440222461638214
0.4658242179726457 0.04038513463723237
0.5825773314096866 0.031078962601792895
0.6284472493358295 0.05508500222144395
0.6358989311976606 0.022031162211053855
0.6475799623182287 0.018821740974746842
0.8382831159156452 0.009478466926663612
#kx=14.0, ky=8.0, Jx=1.0, Jy=1.0, Jz=2.5, h=0.02
-0.030367530145912536 0.505516310611122
-0.013019222568815325 0.04659144344543483
0.011353161034158177 0.0015554944514575618
0.025977207649932943 0.006586974409797088
0.08321039195508456 0.014926204013095405
0.15628409613254687 0.03752592087309051
0.2345732081322189 0.08347042882371332
0.29557693772092775 0.20640069537190223
0.3461226186601287 0.12725291151428308
0.383998593733525 0.21685473826699564
0.48324235924752124 0.0937327250015437
0.5813452597260138 0.10497404157285037
0.6263845238303836 0.027668114898314795
0.6359490564119825 0.044873205267098946
0.6520964510549413 0.04413952179488107
0.8389448189167005 0.0035211779231426777
#kx=12.0, ky=8.0, Jx=1.0, Jy=1.0, Jz=2.5, h=0.02
-0.018932347217215317 0.08268781927926834
0.012594210363729041 3.567113014459651e-05
0.02410918186442157 0.027634253202471256
0.08131032850767239 0.004861185389456183
0.15557612629884424 0.12252749115218602
0.2263063412954731 0.03339431417432617
0.27157972265310604 0.37155716894953106
0.33120334831163467 0.17566812451465644
0.3328979448262476 0.9528352646734737
0.3775953362939837 0.5706923731792026
0.48910285182397606 0.21264719720440978
0.5920523506709696 0.16188005845318246
0.623678898626576 0.013982805558841477
0.6361144548315805 0.05578505080143059
0.6526752326022753 0.06874522661009876
0.8390305338581334 0.003909932695426231
#kx=10.0, ky=8.0, Jx=1.0, Jy=1.0, Jz=2.5, h=0.02
-0.021136946702814796 0.07879105904920823
0.01345468896630475 0.003620061007447271
0.02644232240554728 0.03065574866589762
0.07745975343427719 0.0004857145379638281
0.15556954960714967 0.2805730195095753
0.22669989554822806 0.02079624173870236
0.2578608520053807 0.3967146868123524
0.31764645392897906 0.2727587868125853
0.37089064846491815 0.7491765711519992
0.4873097100598535 0.3898954494552567
0.5998386069890371 0.07892096229230153
0.6234400582045945 0.004114418779561732
0.6347269171773925 0.049351142219014724
0.6517335980335328 0.024874226942289697
0.6898237944540565 1.3199575704784945
0.8384126935803284 0.012505542110515829
#kx=8.0, ky=8.0, Jx=1.0, Jy=1.0, Jz=2.5, h=0.02
-0.019611580662696082 0.04509452751791926
0.01581753044240025 0.004309034952104471
0.03159782896260571 0.03180949492222964
0.06843223105921992 0.008653280427370257
0.15709534395978278 0.3723772841745708
0.22958532509833884 0.0013490555479948024
0.26244144131395564 0.3249294000255558
0.31164489465039646 0.30711795886471605
0.36720257449839844 0.703537159960999
0.4960069330672404 0.4223095843017184
0.6006115827531839 0.06319901720057151
0.6197577407302097 0.002379870688062066
0.6337759459688801 0.05975158144923909
0.6529749342003004 0.06109417258968464
0.832146705004741 0.7096830029167178
0.8394271111631659 0.421663210541244
#kx=6.0, ky=8.0, Jx=1.0, Jy=1.0, Jz=2.5, h=0.02
-0.017254243693018367 0.017878358011083825
0.020717967415410987 0.008166007009179407
0.03959018035516526 0.04657576468298182
0.057555516815914864 0.031506547419867054
0.15946546539392203 0.2543776708723499
0.23340103773604248 0.014831196676705384
0.284593591183885 0.1844790668344527
0.31575981313474416 0.2729932032807061
0.36821345905435837 0.5531085323126484
0.5074046070631989 0.2528262187580493
0.5901153219486746 0.07143820714845432
0.6162772759062872 0.00030620669909441723
0.6334865237225299 0.05700327439589109
0.6487861209989114 0.017433685869350384
0.6858153855747035 0.6591571946495538
0.8369323658257849 0.02390915000065767
#kx=4.0, ky=8.0, Jx=1.0, Jy=1.0, Jz=2.5, h=0.02
-0.013173059856176506 0.006273868887111282
0.022379145188979155 0.0317790624359757
0.040074315861238885 0.014375033780257807
0.061899471006292506 0.06051730105443043
0.16373436875439631 0.09602536940085803
0.23439346690656443 0.02884716557502255
0.30320310709119586 0.04112878980083099
0.3265063196828767 0.15495443548213414
0.33143069727298524 0.2571200627672074
0.37287684275531924 0.26296253845141265
0.5008237984829191 0.07090599591472141
0.5831412639228563 0.06962201056160268
0.6194709402454475 0.007716746780842861
0.6333916456964379 0.02357133502024733
0.6431783584386617 0.0141211707544234
0.8370591277758412 0.019404891088602723
#kx=2.0, ky=8.0, Jx=1.0, Jy=1.0, Jz=2.5, h=0.02
-0.033477213419957796 0.00568499450241916
-0.006650698200915572 0.0009722019813045024
0.0162847330487631 0.0202938187689135
0.03624330216485577 0.0002905722027451363
0.07871068938716497 0.06450890188236273
0.16730896773788592 0.023466096636977737
0.2371702900535631 0.024200537853034734
0.31299370156056194 0.006259591942428693
0.3415324010374227 0.02685039538878265
0.3793000583097558 0.06540637285592996
0.4739522267783403 0.027019957089890162
0.5869170962115094 0.01899939939795881
0.6227743564255332 0.04741582226571556
0.6347778315360177 0.018911352263387367
0.6428233895111575 0.0023106828272266206
0.8376235299716006 0.015428163034447388
#kx=0.0, ky=8.0, Jx=1.0, Jy=1.0, Jz=2.5, h=0.02
-0.17877757607582523 0.1302852278253972
-0.006014735255503945 0.0044724075963114935
0.00977386851228268 0.00171329463653821
0.03170268835410689 0.0019450706901980245
0.08382418808397368 0.04528662417054407
0.15905346335863335 0.0071568888747376
0.2351572601981663 0.05643763105341546
0.31069737772411254 0.056149930151676394
0.351328486784152 0.04219011864273495
0.38553931863710045 0.01944022246166231
0.4658242179726788 0.040385134637272245
0.582577331409682 0.031078962601789314
0.6284472493358204 0.055085002221417906
0.6358989311976622 0.02203116221109028
0.6475799623182337 0.018821740974733225
0.8382831159156431 0.009478466926664018
