#kx=8.0, ky=0.0, Jx=1.0, Jy=1.0, Jz=2.5, h=0.0
-1.38654891370722 24.8304272838704
-1.3056216855672345 24.8304272838704
-1.2888311312229366 24.8304272838704
-1.2663386948282658 24.8304272838704
-1.2570010084887322 24.8304272838704
-1.214029200333615 24.8304272838704
-1.203923056933657 24.8304272838704
-1.2003571579598051 24.8304272838704
-1.197431541678133 24.8304272838704
-1.1896745109058848 24.8304272838704
-1.1836206182407336 24.8304272838704
-1.1732872859483567 24.8304272838704
-1.153604742272805 24.8304272838704
-1.136148479733977 24.8304272838704
-1.117528104981921 24.8304272838704
-1.104019364629154 24.8304272838704
-1.0728679356341715 24.8304272838704
-1.0580083354680156 24.8304272838704
-1.053916049283743 24.8304272838704
-1.0387487083547948 24.8304272838704
-1.0314063770200073 24.8304272838704
-0.9977296509192143 24.8304272838704
-0.9884525099675648 24.8304272838704
-0.9823719858315466 24.8304272838704
-0.9594816587248419 24.8304272838704
-0.941013472725032 24.8304272838704
-0.9403809670933466 24.8304272838704
-0.9349065439396661 24.8304272838704
-0.9268371960451839 24.8304272838704
-0.9102978085809418 24.8304272838704
-0.8697636178988372 24.8304272838704
-0.8573041811321441 24.8304272838704
-0.7980802101972829 24.8304272838704
-0.7874835174350253 24.8304272838704
-0.725304650816167 24.8304272838704
