#kx=0.0, ky=24.0, Jx=-1.0, Jy=-1.0, Jz=-1.0, h=0.0
-29.99747598643858 -936.2849630238832
-29.99747598643853 -936.2849630238832
-29.997475986438303 -936.2849630238832
-29.968412739763593 -936.2849630238832
-29.955282689554185 -936.2849630238832
-29.955282689530456 -936.2849630238832
-29.841370803789317 -936.2849630238832
-29.841370803787886 -936.2849630238832
-29.79739081555474 -936.2849630238832
-29.789642472824966 -936.2849630238832
-29.764417047452667 -936.2849630238832
-29.706348951988275 -936.2849630238832
-29.706348951988154 -936.2849630238832
-29.706348951988133 -936.2849630238832
-29.649777876558208 -936.2849630238832
-29.649777876544924 -936.2849630238832
#kx=0.0, ky=20.0, Jx=-1.0, Jy=-1.0, Jz=-1.0, h=0.0
-30.008570433723836 -934.8553804101286
-29.99747598643856 -934.8553804101286
-29.997475986438506 -934.8553804101286
-29.968412739763608 -934.8553804101286
-29.958951707411902 -934.8553804101286
-29.958951707388085 -934.8553804101286
-29.83915619811769 -934.8553804101286
-29.839156198116775 -934.8553804101286
-29.797390815554714 -934.8553804101286
-29.78672156231951 -934.8553804101286
-29.764417047452685 -934.8553804101286
-29.70634895198825 -934.8553804101286
-29.706348951988243 -934.8553804101286
-29.686505753515522 -934.8553804101286
-29.65396713665765 -934.8553804101286
-29.653967136645065 -934.8553804101286
#kx=0.0, ky=16.0, Jx=-1.0, Jy=-1.0, Jz=-1.0, h=0.0
-30.032285510424646 -935.6350757951684
-29.997475986438527 -935.6350757951684
-29.997475986438502 -935.6350757951684
-29.968961323621194 -935.6350757951684
-29.9689613235968 -935.6350757951684
-29.968412739763657 -935.6350757951684
-29.832967847342182 -935.6350757951684
-29.832967847341603 -935.6350757951684
-29.79739081555471 -935.6350757951684
-29.764417047452724 -935.6350757951684
-29.76395862455714 -935.6350757951684
-29.706348951988247 -935.6350757951684
-29.7063489519882 -935.6350757951684
-29.66556467071855 -935.6350757951684
-29.665564670707735 -935.6350757951684
-29.63888864385201 -935.6350757951684
#kx=0.0, ky=12.0, Jx=-1.0, Jy=-1.0, Jz=-1.0, h=0.0
-30.0551638634728 -938.4225970859914
-29.99747598643862 -938.4225970859914
-29.997475986438552 -938.4225970859914
-29.98234722258559 -938.4225970859914
-29.982347222560065 -938.4225970859914
-29.968412739763632 -938.4225970859914
-29.824392189630213 -938.4225970859914
-29.824392189627698 -938.4225970859914
-29.797390815554746 -938.4225970859914
-29.764417047452707 -938.4225970859914
-29.727422095226668 -938.4225970859914
-29.706348951988208 -938.4225970859914
-29.706348951988158 -938.4225970859914
-29.68181690129811 -938.4225970859914
-29.68181690128998 -938.4225970859914
-29.583359506495512 -938.4225970859914
#kx=0.0, ky=8.0, Jx=-1.0, Jy=-1.0, Jz=-1.0, h=0.0
-30.0713900690782 -942.8711217157183
-29.997475986438566 -942.8711217157183
-29.997475986438523 -942.8711217157183
-29.99558585173028 -942.8711217157183
-29.995585851703368 -942.8711217157183
-29.968412739763593 -942.8711217157183
-29.815079968561935 -942.8711217157183
-29.815079968557 -942.8711217157183
-29.797390815554703 -942.8711217157183
-29.764417047452778 -942.8711217157183
-29.70634895198815 -942.8711217157183
-29.706348951988105 -942.8711217157183
-29.69895296507206 -942.8711217157183
-29.69895296506725 -942.8711217157183
-29.690204894423136 -942.8711217157183
-29.534482516523695 -942.8711217157183
#kx=0.0, ky=4.0, Jx=-1.0, Jy=-1.0, Jz=-1.0, h=0.0
-30.080367972945506 -949.5510031632576
-30.00528608920052 -949.5510031632576
-30.005286089172603 -949.5510031632576
-29.997475986438573 -949.5510031632576
-29.997475986438538 -949.5510031632576
-29.968412739763615 -949.5510031632576
-29.80713364323989 -949.5510031632576
-29.8071336432324 -949.5510031632576
-29.797390815554724 -949.5510031632576
-29.764417047452735 -949.5510031632576
-29.71261785246994 -949.5510031632576
-29.71261785246826 -949.5510031632576
-29.70634895198818 -949.5510031632576
-29.706348951988126 -949.5510031632576
-29.667555921369072 -949.5510031632576
-29.501602579535344 -949.5510031632576
#kx=0.0, ky=0.0, Jx=-1.0, Jy=-1.0, Jz=-1.0, h=0.0
-32.567024243463734 -123808.98809041464
-30.083162835660794 -123808.98809041464
-30.00889409352601 -123808.98809041464
-30.008894093497137 -123808.98809041464
-29.997475986438683 -123808.98809041464
-29.997475986438534 -123808.98809041464
-29.967677197899064 -123808.98809041464
-29.803693782277087 -123808.98809041464
-29.803693782268603 -123808.98809041464
-29.772966099135367 -123808.98809041464
-29.71809338146255 -123808.98809041464
-29.718093381462285 -123808.98809041464
-29.706348951988314 -123808.98809041464
-29.706348951988172 -123808.98809041464
-29.490058965414967 -123808.98809041464
-27.14471124852002 -123808.98809041464
#kx=8.0, ky=4.0, Jx=-1.0, Jy=-1.0, Jz=-1.0, h=0.0
-30.06893332512741 -948.6805176313685
-30.005440169463046 -948.6805176313685
-30.005440169435165 -948.6805176313685
-29.997475986438506 -948.6805176313685
-29.9974759864385 -948.6805176313685
-29.968412739763675 -948.6805176313685
-29.806820035884797 -948.6805176313685
-29.806820035877312 -948.6805176313685
-29.797390815554746 -948.6805176313685
-29.797074067914863 -948.6805176313685
-29.764417047452735 -948.6805176313685
-29.712777379631117 -948.6805176313685
-29.71277737962922 -948.6805176313685
-29.706348951988176 -948.6805176313685
-29.706348951988147 -948.6805176313685
-29.54568801150338 -948.6805176313685
#kx=16.0, ky=8.0, Jx=-1.0, Jy=-1.0, Jz=-1.0, h=0.0
-30.02810901841881 -936.1921024298902
-29.99747598643857 -936.1921024298902
-29.997475986438552 -936.1921024298902
-29.995868882554653 -936.1921024298902
-29.995868882527844 -936.1921024298902
-29.968412739763618 -936.1921024298902
-29.81458701058747 -936.1921024298902
-29.814587010582546 -936.1921024298902
-29.797390815554774 -936.1921024298902
-29.789999433113604 -936.1921024298902
-29.764417047452742 -936.1921024298902
-29.70634895198821 -936.1921024298902
-29.706348951988165 -936.1921024298902
-29.69916289234139 -936.1921024298902
-29.699162892336144 -936.1921024298902
-29.675715920007967 -936.1921024298902
#kx=24.0, ky=12.0, Jx=-1.0, Jy=-1.0, Jz=-1.0, h=0.0
-29.997475986438634 -925.1347491323361
-29.99747598643857 -925.1347491323361
-29.9926975568766 -925.1347491323361
-29.98270537792653 -925.1347491323361
-29.98270537790105 -925.1347491323361
-29.968412739763547 -925.1347491323361
-29.823853474664663 -925.1347491323361
-29.82385347466217 -925.1347491323361
-29.79739081555474 -925.1347491323361
-29.781443510477448 -925.1347491323361
-29.776428950441357 -925.1347491323361
-29.764417047452735 -925.1347491323361
-29.70634895198829 -925.1347491323361
-29.70634895198822 -925.1347491323361
-29.681997461060337 -925.1347491323361
-29.68199746105181 -925.1347491323361
#kx=32.0, ky=16.0, Jx=-1.0, Jy=-1.0, Jz=-1.0, h=0.0
-30.008672803175493 -922.437281227488
-29.997475986438513 -922.437281227488
-29.99747598643849 -922.437281227488
-29.96930785494455 -922.437281227488
-29.96930785492012 -922.437281227488
-29.968412739763625 -922.437281227488
-29.83249940026929 -922.437281227488
-29.83249940026881 -922.437281227488
-29.797390815554774 -922.437281227488
-29.776803313965384 -922.437281227488
-29.764417047452724 -922.437281227488
-29.760453704300783 -922.437281227488
-29.706348951988193 -922.437281227488
-29.706348951988133 -922.437281227488
-29.665686586587004 -922.437281227488
-29.665686586575855 -922.437281227488
#kx=40.0, ky=20.0, Jx=-1.0, Jy=-1.0, Jz=-1.0, h=0.0
-30.008344820355518 -931.2079214883853
-29.997475986438563 -931.2079214883853
-29.997475986438516 -931.2079214883853
-29.96841273976364 -931.2079214883853
-29.959172865843076 -931.2079214883853
-29.95917286581925 -931.2079214883853
-29.83887546759611 -931.2079214883853
-29.83887546759524 -931.2079214883853
-29.7973908155548 -931.2079214883853
-29.780466353383655 -931.2079214883853
-29.764417047452696 -931.2079214883853
-29.719382151408713 -931.2079214883853
-29.706348951988165 -931.2079214883853
-29.706348951988083 -931.2079214883853
-29.65402670881668 -931.2079214883853
-29.654026708803947 -931.2079214883853
#kx=48.0, ky=24.0, Jx=-1.0, Jy=-1.0, Jz=-1.0, h=0.0
-29.997475986438587 -936.2849630238834
-29.99747598643855 -936.2849630238834
-29.997475986438257 -936.2849630238834
-29.96841273976356 -936.2849630238834
-29.955282689554174 -936.2849630238834
-29.955282689530492 -936.2849630238834
-29.841370803789303 -936.2849630238834
-29.841370803787864 -936.2849630238834
-29.797390815554724 -936.2849630238834
-29.789642472825037 -936.2849630238834
-29.764417047452675 -936.2849630238834
-29.70634895198829 -936.2849630238834
-29.706348951988197 -936.2849630238834
-29.706348951988186 -936.2849630238834
-29.649777876558154 -936.2849630238834
-29.649777876544917 -936.2849630238834
#kx=44.0, ky=24.0, Jx=-1.0, Jy=-1.0, Jz=-1.0, h=0.0
-29.997857741189637 -936.9763845078681
-29.997475986438605 -936.9763845078681
-29.99747598643852 -936.9763845078681
-29.968412739763608 -936.9763845078681
-29.95917286584303 -936.9763845078681
-29.959172865819273 -936.9763845078681
-29.83887546759613 -936.9763845078681
-29.838875467595244 -936.9763845078681
-29.797390815554763 -936.9763845078681
-29.78670160587145 -936.9763845078681
-29.764417047452785 -936.9763845078681
-29.714715948640645 -936.9763845078681
-29.706348951988222 -936.9763845078681
-29.706348951988172 -936.9763845078681
-29.654026708816698 -936.9763845078681
-29.654026708803986 -936.9763845078681
#kx=40.0, ky=24.0, Jx=-1.0, Jy=-1.0, Jz=-1.0, h=0.0
-29.99751225390015 -931.3552058254945
-29.99747598643855 -931.3552058254945
-29.997475986438467 -931.3552058254945
-29.96930785494462 -931.3552058254945
-29.969307854920228 -931.3552058254945
-29.968412739763544 -931.3552058254945
-29.832499400269374 -931.3552058254945
-29.832499400268798 -931.3552058254945
-29.79739081555475 -931.3552058254945
-29.783025165774955 -931.3552058254945
-29.764417047452653 -931.3552058254945
-29.738963469051278 -931.3552058254945
-29.70634895198829 -931.3552058254945
-29.706348951988208 -931.3552058254945
-29.665686586587082 -931.3552058254945
-29.665686586575923 -931.3552058254945
#kx=36.0, ky=24.0, Jx=-1.0, Jy=-1.0, Jz=-1.0, h=0.0
-29.997475986438538 -925.1347491278095
-29.99747598643852 -925.1347491278095
-29.99269755687565 -925.1347491278095
-29.982705377926518 -925.1347491278095
-29.982705377900928 -925.1347491278095
-29.968412739763654 -925.1347491278095
-29.82385347466459 -925.1347491278095
-29.82385347466206 -925.1347491278095
-29.797390815554692 -925.1347491278095
-29.781443510483477 -925.1347491278095
-29.776428950442156 -925.1347491278095
-29.764417047452646 -925.1347491278095
-29.706348951988108 -925.1347491278095
-29.706348951988094 -925.1347491278095
-29.681997461060202 -925.1347491278095
-29.68199746105167 -925.1347491278095
#kx=32.0, ky=24.0, Jx=-1.0, Jy=-1.0, Jz=-1.0, h=0.0
-29.99747598643858 -921.5120582651774
-29.997475986438563 -921.5120582651774
-29.995868882554625 -921.5120582651774
-29.995868882527798 -921.5120582651774
-29.97919710344167 -921.5120582651774
-29.96841273976368 -921.5120582651774
-29.822580188184524 -921.5120582651774
-29.814587010587484 -921.5120582651774
-29.81458701058252 -921.5120582651774
-29.79739081555465 -921.5120582651774
-29.78302058118778 -921.5120582651774
-29.764417047452746 -921.5120582651774
-29.706348951988183 -921.5120582651774
-29.706348951988144 -921.5120582651774
-29.69916289234137 -921.5120582651774
-29.69916289233614 -921.5120582651774
#kx=28.0, ky=24.0, Jx=-1.0, Jy=-1.0, Jz=-1.0, h=0.0
-30.00544016946309 -920.6127065580803
-30.005440169435236 -920.6127065580803
-29.997475986438545 -920.6127065580803
-29.99747598643849 -920.6127065580803
-29.968412739763597 -920.6127065580803
-29.95428625946569 -920.6127065580803
-29.87139306512336 -920.6127065580803
-29.806820035884787 -920.6127065580803
-29.8068200358773 -920.6127065580803
-29.79739081555479 -920.6127065580803
-29.785867782272916 -920.6127065580803
-29.76441704745272 -920.6127065580803
-29.712777379631145 -920.6127065580803
-29.71277737962928 -920.6127065580803
-29.70634895198819 -920.6127065580803
-29.70634895198806 -920.6127065580803
#kx=24.0, ky=24.0, Jx=-1.0, Jy=-1.0, Jz=-1.0, h=0.0
-30.008894093525395 -921.7606390542423
-30.00889409349715 -921.7606390542423
-29.997475986438523 -921.7606390542423
-29.997475986438488 -921.7606390542423
-29.9684127397637 -921.7606390542423
-29.922638938561608 -921.7606390542423
-29.911789137214477 -921.7606390542423
-29.803693782277048 -921.7606390542423
-29.803693782268294 -921.7606390542423
-29.797390815554607 -921.7606390542423
-29.787212376076344 -921.7606390542423
-29.764417047452824 -921.7606390542423
-29.718093381462587 -921.7606390542423
-29.718093381462342 -921.7606390542423
-29.706348951988176 -921.7606390542423
-29.70634895198813 -921.7606390542423
#kx=20.0, ky=24.0, Jx=-1.0, Jy=-1.0, Jz=-1.0, h=0.0
-30.00528608920051 -924.3505461033398
-30.005286089172618 -924.3505461033398
-29.997475986438555 -924.3505461033398
-29.997475986438523 -924.3505461033398
-29.968412739763625 -924.3505461033398
-29.954286259311374 -924.3505461033398
-29.871393065061174 -924.3505461033398
-29.80713364323994 -924.3505461033398
-29.80713364323247 -924.3505461033398
-29.797390815554703 -924.3505461033398
-29.786657089015026 -924.3505461033398
-29.764417047452753 -924.3505461033398
-29.71261785246985 -924.3505461033398
-29.712617852468195 -924.3505461033398
-29.706348951988165 -924.3505461033398
-29.706348951988137 -924.3505461033398
#kx=16.0, ky=24.0, Jx=-1.0, Jy=-1.0, Jz=-1.0, h=0.0
-29.99747598643852 -927.9491228882085
-29.997475986438484 -927.9491228882085
-29.99558585173033 -927.9491228882085
-29.995585851703414 -927.9491228882085
-29.979197103208477 -927.9491228882085
-29.968412739763597 -927.9491228882085
-29.822580188042863 -927.9491228882085
-29.815079968562006 -927.9491228882085
-29.815079968557 -927.9491228882085
-29.797390815554763 -927.9491228882085
-29.78643856622721 -927.9491228882085
-29.764417047452707 -927.9491228882085
-29.706348951988204 -927.9491228882085
-29.706348951988172 -927.9491228882085
-29.698952965072113 -927.9491228882085
-29.698952965067242 -927.9491228882085
#kx=12.0, ky=24.0, Jx=-1.0, Jy=-1.0, Jz=-1.0, h=0.0
-29.99747598643857 -931.9220054072114
-29.997475986438523 -931.9220054072114
-29.992697556616935 -931.9220054072114
-29.98234722258565 -931.9220054072114
-29.982347222560076 -931.9220054072114
-29.968412739763618 -931.9220054072114
-29.82439218963021 -931.9220054072114
-29.824392189627726 -931.9220054072114
-29.79739081555466 -931.9220054072114
-29.788098752520373 -931.9220054072114
-29.776428950268077 -931.9220054072114
-29.76441704745269 -931.9220054072114
-29.706348951988176 -931.9220054072114
-29.706348951988147 -931.9220054072114
-29.68181690129814 -931.9220054072114
-29.68181690129 -931.9220054072114
#kx=8.0, ky=24.0, Jx=-1.0, Jy=-1.0, Jz=-1.0, h=0.0
-29.99751225367916 -934.8913814569572
-29.99747598643854 -934.8913814569572
-29.997475986438527 -934.8913814569572
-29.96896132362128 -934.8913814569572
-29.968961323596808 -934.8913814569572
-29.96841273976362 -934.8913814569572
-29.832967847342168 -934.8913814569572
-29.832967847341582 -934.8913814569572
-29.797390815554724 -934.8913814569572
-29.790368174061985 -934.8913814569572
-29.764417047452714 -934.8913814569572
-29.738963468897328 -934.8913814569572
-29.706348951988222 -934.8913814569572
-29.7063489519882 -934.8913814569572
-29.6655646707185 -934.8913814569572
-29.665564670707745 -934.8913814569572
#kx=4.0, ky=24.0, Jx=-1.0, Jy=-1.0, Jz=-1.0, h=0.0
-29.997857741062727 -935.8771727557253
-29.997475986438605 -935.8771727557253
-29.9974759864386 -935.8771727557253
-29.968412739763632 -935.8771727557253
-29.95895170741194 -935.8771727557253
-29.95895170738811 -935.8771727557253
-29.8391561981176 -935.8771727557253
-29.83915619811677 -935.8771727557253
-29.79739081555474 -935.8771727557253
-29.790801242134567 -935.8771727557253
-29.764417047452742 -935.8771727557253
-29.714715948551223 -935.8771727557253
-29.706348951988176 -935.8771727557253
-29.70634895198815 -935.8771727557253
-29.653967136657545 -935.8771727557253
-29.65396713664508 -935.8771727557253
#kx=0.0, ky=24.0, Jx=-1.0, Jy=-1.0, Jz=-1.0, h=0.0
-29.99747598643858 -936.2849630238832
-29.99747598643853 -936.2849630238832
-29.997475986438303 -936.2849630238832
-29.968412739763593 -936.2849630238832
-29.955282689554185 -936.2849630238832
-29.955282689530456 -936.2849630238832
-29.841370803789317 -936.2849630238832
-29.841370803787886 -936.2849630238832
-29.79739081555474 -936.2849630238832
-29.789642472824966 -936.2849630238832
-29.764417047452667 -936.2849630238832
-29.706348951988275 -936.2849630238832
-29.706348951988154 -936.2849630238832
-29.706348951988133 -936.2849630238832
-29.649777876558208 -936.2849630238832
-29.649777876544924 -936.2849630238832
