0.000000000000000000e+00 4.636752249967846851e+00
-5.042016806722688510e-03 4.518522181717475661e+00
-1.008403361344537702e-02 4.430223700308715706e+00
-1.512605042016806553e-02 4.381935892082648110e+00
-2.016806722689075404e-02 4.354056774904337956e+00
-2.521008403361344255e-02 4.337389610307436527e+00
-3.025210084033613106e-02 4.325843254946956762e+00
-3.529411764705882304e-02 4.317475922699811619e+00
-4.033613445378150808e-02 4.310926020356951049e+00
-4.537815126050419312e-02 4.305460136249416259e+00
-5.042016806722688510e-02 4.300683652588870309e+00
-5.546218487394957708e-02 4.296064101663605861e+00
-6.050420168067226212e-02 4.292159629154239653e+00
-6.554621848739494716e-02 4.288570311270632374e+00
-7.058823529411764608e-02 4.285290706165879371e+00
-7.563025210084033112e-02 4.282347004328090456e+00
-8.067226890756301616e-02 4.279919768177928852e+00
-8.571428571428570120e-02 4.277883860417722062e+00
-9.075630252100838624e-02 4.276290531647971349e+00
-9.579831932773108516e-02 4.275529668825813090e+00
-1.008403361344537702e-01 4.276151602548701192e+00
-1.058823529411764552e-01 4.277623338575764045e+00
-1.109243697478991542e-01 4.818521560610820487e+00
-1.159663865546218392e-01 4.809272521807393730e+00
-1.210084033613445242e-01 4.796338319981643394e+00
-1.260504201680672232e-01 4.775035506045222533e+00
-1.310924369747898943e-01 4.742700737399397681e+00
-1.361344537815125932e-01 4.716069736092032727e+00
-1.411764705882352922e-01 4.690807281462589629e+00
-1.462184873949579633e-01 4.664085986051192734e+00
-1.512605042016806622e-01 5.353458774708889756e+00
-1.563025210084033334e-01 5.309765703519678581e+00
-1.613445378151260323e-01 5.276966000715606953e+00
-1.663865546218487312e-01 6.333406390346722148e+00
-1.714285714285714024e-01 6.541165574860839271e+00
-1.764705882352941013e-01 6.700267176050587636e+00
-1.815126050420167725e-01 6.786304334689886808e+00
-1.865546218487394714e-01 5.264753714547669716e+00
-1.915966386554621703e-01 5.279766763655184825e+00
-1.966386554621848415e-01 4.653531565447774909e+00
-2.016806722689075404e-01 3.824173200337582124e+00
-2.067226890756302393e-01 3.787928146679501396e+00
-2.117647058823529105e-01 3.771413531867822133e+00
-2.168067226890756094e-01 3.509829234304687073e+00
-2.218487394957983083e-01 3.529992773824065733e+00
-2.268907563025209795e-01 3.566126634219449976e+00
-2.319327731092436784e-01 3.254220968404745395e+00
-2.369747899159663496e-01 3.341112390173492930e+00
-2.420168067226890485e-01 3.455969696092813237e+00
-2.470588235294117474e-01 3.563861702137056664e+00
-2.521008403361344463e-01 2.951943481734185859e+00
-2.571428571428571175e-01 2.861437701494618846e+00
-2.621848739495797886e-01 2.758490531270088919e+00
-2.672268907563025153e-01 2.670857593021338960e+00
-2.722689075630251865e-01 2.603016677537723478e+00
-2.773109243697478576e-01 2.562281081894863366e+00
-2.823529411764705843e-01 2.790693608258232317e+00
-2.873949579831932555e-01 2.784209259897940214e+00
-2.924369747899159266e-01 2.781546630765930228e+00
-2.974789915966385978e-01 2.780745115700642867e+00
-3.025210084033613245e-01 2.781518773756438634e+00
-3.075630252100839956e-01 2.783690315968001983e+00
-3.126050420168066668e-01 2.787122332799291335e+00
-3.176470588235293935e-01 2.791702285034458164e+00
-3.226890756302520646e-01 2.797332628092312312e+00
-3.277310924369747358e-01 2.803925958601460877e+00
-3.327731092436974625e-01 2.811402466942948486e+00
-3.378151260504201336e-01 2.819686648583414001e+00
-3.428571428571428048e-01 2.828713837895776795e+00
-3.478991596638655315e-01 2.838417538258592110e+00
-3.529411764705882026e-01 2.848737148223944082e+00
-3.579831932773108738e-01 2.859615641910949080e+00
-3.630252100840335450e-01 2.870998601601586930e+00
-3.680672268907562716e-01 2.882832028089269194e+00
-3.731092436974789428e-01 2.895065674047442528e+00
-3.781512605042016140e-01 2.907650853580796113e+00
-3.831932773109243406e-01 2.920540316987582763e+00
-3.882352941176470118e-01 2.933688054589334904e+00
-3.932773109243696830e-01 2.947049126349235326e+00
-3.983193277310924096e-01 2.960579513615992919e+00
-4.033613445378150808e-01 2.974235988435373290e+00
-4.084033613445377520e-01 2.987975996684141489e+00
-4.134453781512604786e-01 3.001757550486770842e+00
-4.184873949579831498e-01 3.015539127440124645e+00
-4.235294117647058210e-01 3.029279572628741590e+00
-4.285714285714285476e-01 3.042938001569536421e+00
-4.336134453781512188e-01 3.056473700902601731e+00
-4.386554621848738900e-01 3.069846024463647183e+00
-4.436974789915966166e-01 3.083014282276071771e+00
-4.487394957983192878e-01 3.095937620799175782e+00
-4.537815126050419590e-01 3.108574892107187182e+00
-4.588235294117646301e-01 3.185960134669781674e+00
-4.638655462184873568e-01 3.198684230741468237e+00
-4.689075630252100280e-01 3.211004850032027402e+00
-4.739495798319326991e-01 3.222893454800720647e+00
-4.789915966386554258e-01 3.293013317873548118e+00
-4.840336134453780970e-01 3.304561023931831265e+00
-4.890756302521007681e-01 3.315551502913315574e+00
-4.941176470588234948e-01 3.325547449752372486e+00
-4.991596638655461660e-01 3.334777767823746686e+00
-5.042016806722688926e-01 3.342931586478822048e+00
-5.092436974789915638e-01 3.350705451355328268e+00
-5.142857142857142350e-01 3.356054509465557167e+00
-5.193277310924369061e-01 3.363089627850958330e+00
-5.243697478991595773e-01 3.369738193496019552e+00
-5.294117647058822484e-01 3.376034506356958786e+00
-5.344537815126050306e-01 3.382068455613331359e+00
-5.394957983193277018e-01 3.387974320459632871e+00
-5.445378151260503730e-01 3.393937229260391319e+00
-5.495798319327730441e-01 3.400434134329063163e+00
-5.546218487394957153e-01 3.408701752958514852e+00
-5.596638655462183864e-01 3.420232720401228388e+00
-5.647058823529411686e-01 3.438513786235261271e+00
-5.697478991596638398e-01 3.471097766623735481e+00
-5.747899159663865110e-01 3.543728470762928850e+00
-5.798319327731091821e-01 3.799365663174234520e+00
-5.848739495798318533e-01 3.333162146398112036e+00
-5.899159663865545244e-01 2.995382467086138423e+00
-5.949579831932771956e-01 3.269262388597456770e+00
-5.999999999999999778e-01 3.321943315181850043e+00
