#kx=0.0, ky=8.0, Jx=-1.0, Jy=-1.0, Jz=-1.0, h=0.0
-958062.1697388584 -524.2914196995536 -345.1310141762685 -260.30397208475273 -243.13052468158796 -135.13304813659263 -105.01238959241977 -92.31443706842168 -89.98678948437271 -64.38287444323463 -45.68873786050545 -31.7126898095035 -15.413150527175377 -11.471984526460497 6.242573839826179 49.90926901868038 138.4358991902831 183.0398142993758 183.37594203942788 193.33575539684333 237.66533272005572 299.016901312435 420.24234385793346 475.60331747977904 801.2680946143548 974203.6497686903
#kx=0.0, ky=6.0, Jx=-1.0, Jy=-1.0, Jz=-1.0, h=0.0
-773417.2764564654 -530.5189955006985 -382.83289124427444 -249.97473305497115 -226.37496853789588 -159.6337734631195 -104.23654604493511 -91.4071896898001 -87.99491138460965 -66.19582140092075 -48.00518622709467 -31.80341138398607 -22.462184445543933 -10.807793558748465 6.150491127213848 28.662264260854332 100.297483598345 173.57130964469627 183.33518946969645 183.64307912417303 206.32485430198793 303.0009160165478 401.01906517092726 509.163601161716 893.5234776001031 822391.904715962
#kx=0.0, ky=4.0, Jx=-1.0, Jy=-1.0, Jz=-1.0, h=0.0
-632455.4740228863 -540.1555078729903 -427.8541747630452 -367.4526757724921 -243.80666062010104 -189.67968427019912 -105.15591395222985 -91.29384240293729 -86.87816362729124 -66.11989014720646 -47.98340686956047 -32.764061350872566 -20.99841993408892 -8.114450676282875 6.312386788864181 29.35112908778613 104.93544455671578 183.28875679608012 183.51443307780323 187.15499901989068 214.0127994661902 313.0365839806499 455.7304894723445 541.3147614989063 1054.9934807872064 635694.2086907488
#kx=0.0, ky=2.0, Jx=-1.0, Jy=-1.0, Jz=-1.0, h=0.0
-524257.244396894 -559.567580553182 -426.79388974838207 -353.1861157232002 -238.98294945817085 -184.41991524402894 -104.20316651439259 -90.83780003658687 -84.47277966806375 -60.38327881327614 -46.82205903779818 -31.66776245598771 -25.51782891180572 -10.153711839809485 6.6589302159399955 31.46505401143027 106.87484569017157 183.26510678550997 183.40545048877038 184.9421060037751 218.5619377071136 309.9681141507975 462.6644858211912 556.249715404126 1193.8327347045094 558909.9718457896
#kx=0.0, ky=0.0, Jx=-1.0, Jy=-1.0, Jz=-1.0, h=0.0
-650278.259211065 -38999.7882942104 -455.1494491776912 -248.1908730440363 -223.9192900004541 -134.33104878732766 -126.85419395535801 -99.5662860653522 -89.36037896273191 -63.089957398368014 -39.69655165531202 -35.39822913569153 -18.813611104203986 0.5435396602251108 6.976393548781 40.039415353716464 105.46157040613822 148.96695563692242 183.34953148520543 183.44205068465823 252.22184940303418 287.64096986949903 441.6831499977926 563.4362147059663 39626.311174478054 650481.4484239835
#kx=4.0, ky=2.0, Jx=-1.0, Jy=-1.0, Jz=-1.0, h=0.0
-668384.2425452739 -535.7577176001021 -370.51043145452275 -268.9633847336106 -226.44066372649093 -127.19277747470991 -92.68482963330196 -90.18744459293438 -66.64508061164382 -57.363214195337605 -38.470549175268275 -32.33614321774749 -14.414185591729266 3.8460374962862867 8.030780579295591 28.719423634864842 107.53335922130519 179.9993031676785 183.33597455591826 183.75688764703125 226.65769998032576 296.3256173408289 394.43194332407757 496.2933563831172 1085.1784438566804 677710.9010701155
#kx=8.0, ky=4.0, Jx=-1.0, Jy=-1.0, Jz=-1.0, h=0.0
-671217.0371197099 -570.9849321150203 -405.97100003609137 -333.3764853991608 -258.5776194798365 -143.38572740942988 -101.84621915219466 -91.5173564981184 -70.48417615474465 -60.022405195189165 -43.67311969074229 -36.32584956304355 -22.054980890838376 0.10639213637170014 7.63272930613653 38.56837480567156 124.91877375518973 167.9172153801946 183.36650824257774 183.59950973403735 214.40289315156255 264.83087742104357 467.87169734760363 521.5860178480248 1087.9670170218392 682425.8328652314
#kx=12.0, ky=6.0, Jx=-1.0, Jy=-1.0, Jz=-1.0, h=0.0
-702391.985950677 -530.6185020430819 -460.9292250554637 -370.4987347871708 -268.999525579741 -199.63465072573126 -96.75675290369753 -91.11210060359761 -82.3275067131299 -70.6402885491255 -52.44145105453967 -38.2372541120294 -27.090397364739403 -9.80126600271581 7.492385060640124 33.38607480395297 124.27209462630375 183.16094714397744 183.334661844486 187.69999661048558 221.89501066009564 297.320286674841 499.76372453457344 548.7068582777724 863.4314999041342 724868.3899042435
#kx=16.0, ky=8.0, Jx=-1.0, Jy=-1.0, Jz=-1.0, h=0.0
-958061.5872418184 -524.0443508002046 -336.9926610035555 -253.17133815394587 -185.10924315122148 -130.5676342447466 -103.16567665546081 -90.9703772392537 -73.97923188308688 -62.16209913981648 -45.304431046713795 -31.75717727979888 -15.708551668168893 -12.4606094268784 6.199222181168544 42.40793574705315 91.66500694644243 182.48303990397187 183.35982496326085 189.29009922416392 231.4635171475084 292.55325900133283 398.21312123643077 471.60379075062275 800.4917104808698 974203.0630730749
#kx=14.0, ky=8.0, Jx=-1.0, Jy=-1.0, Jz=-1.0, h=0.0
-922127.1005950125 -524.6348812493112 -367.5737557780766 -271.9208281056727 -248.6496284058664 -150.54001341251072 -99.49661000281718 -92.28996170538653 -90.06666488712327 -66.84364033678472 -47.51267527759065 -31.785032414048786 -26.33117619097642 -14.023967980856703 6.933138521887778 44.07302399458543 111.1898124883651 174.88228925619583 183.30060631921287 183.50656669896716 257.5861311537084 282.3745442655977 440.24627459328633 497.8622569249431 739.3057936758871 943788.0954617213
#kx=12.0, ky=8.0, Jx=-1.0, Jy=-1.0, Jz=-1.0, h=0.0
-859502.2064982321 -521.4504129535961 -393.0971188370361 -298.1052676896923 -248.86694342042242 -156.03470586797798 -94.74161691382385 -91.1590221906652 -86.06730301738605 -65.58989421140929 -48.40588672290515 -34.46341383407883 -25.220414093006358 -10.736763045782066 7.554631416860372 38.45268809041357 115.94794852167608 170.96459627622224 183.31301770903312 183.4064612978913 257.71741918388574 295.6070996549482 458.83792762672647 506.5733513462148 740.1340783840261 876268.3768273924
#kx=10.0, ky=8.0, Jx=-1.0, Jy=-1.0, Jz=-1.0, h=0.0
-822193.3638132166 -530.108793862208 -414.2120464042285 -319.32311643825386 -251.8352903474384 -149.81198339242985 -93.08863422908453 -91.52399557504074 -78.09006120918404 -61.378143990636104 -46.14362181880478 -31.831052097133156 -22.627414233965066 -7.332441665932831 7.707117017395774 35.32909147535222 134.4486811742517 182.35507682039503 183.3346459936659 183.9542371330603 240.3337056572848 327.3696737421896 469.43905853323736 523.6319273943965 822.5187497783907 831705.9224926715
#kx=8.0, ky=8.0, Jx=-1.0, Jy=-1.0, Jz=-1.0, h=0.0
-844716.5407085621 -542.9698248372038 -399.5700981281509 -321.19807530612917 -247.39393382292144 -140.11493869679546 -92.3280040752681 -91.81543481142116 -71.9892843930067 -58.42711763900637 -44.589418119157834 -31.761669932492396 -9.442383543996526 6.415138475780578 8.986236890427836 44.366911812267944 146.861798058822 182.3734003644983 183.33979460391592 183.72240355398523 226.53666952292528 340.3847005930755 462.27345240763174 515.7892532314095 913.5639053194077 852680.9222649244
#kx=6.0, ky=8.0, Jx=-1.0, Jy=-1.0, Jz=-1.0, h=0.0
-893925.1455134586 -540.4093200248424 -351.24584505344285 -302.12088604915226 -237.61851207191285 -121.67460988693719 -92.32570851474789 -89.0018705707022 -67.63515569925627 -57.022848554494054 -44.63116238050205 -31.908651708248183 -7.376657256400431 6.482102022525697 31.344403397114597 67.61730906227808 144.38633093347553 178.15566112670723 183.2895954180177 183.38798277417115 232.2332971750685 316.3671571430816 440.2742184039494 484.234209854098 940.881332285508 906010.9380997837
#kx=4.0, ky=8.0, Jx=-1.0, Jy=-1.0, Jz=-1.0, h=0.0
-929653.8808648025 -525.5208975595814 -312.0899616572963 -277.7544957546341 -228.8487654439016 -116.59678408860823 -92.09688399448247 -91.61327964127784 -70.49861257967213 -56.26542372985534 -44.855632676566266 -31.77609749948594 -12.091430548112745 5.882466329309009 22.93299209353997 87.28856121779963 147.44817107643638 183.26858103473796 183.38348505560884 189.90431025959452 246.02211185795764 280.0817737994095 410.9375151461215 460.06595743310083 930.2796467159418 946893.2148060135
#kx=2.0, ky=8.0, Jx=-1.0, Jy=-1.0, Jz=-1.0, h=0.0
-953003.7702977221 -518.8431375438711 -300.63721072161627 -257.0336161861037 -187.59629142018323 -106.52710491244304 -93.53581995826485 -91.29358418269757 -65.92590679325704 -51.35527097500685 -44.92564146743341 -31.89034505494799 -18.412600752942364 -2.9992725143799888 5.766052605341016 56.71988913357078 124.79315131863443 180.97101118980362 183.39130947643775 186.79053513100152 216.34806370502912 304.8696571118792 378.4982536192977 448.0078753794018 876.8729109738332 974421.6830187495
#kx=0.0, ky=8.0, Jx=-1.0, Jy=-1.0, Jz=-1.0, h=0.0
-958062.1697388584 -524.2914196995536 -345.1310141762685 -260.30397208475273 -243.13052468158796 -135.13304813659263 -105.01238959241977 -92.31443706842168 -89.98678948437271 -64.38287444323463 -45.68873786050545 -31.7126898095035 -15.413150527175377 -11.471984526460497 6.242573839826179 49.90926901868038 138.4358991902831 183.0398142993758 183.37594203942788 193.33575539684333 237.66533272005572 299.016901312435 420.24234385793346 475.60331747977904 801.2680946143548 974203.6497686903
