0.000000000000000000e+00 -8.699112151438278748e-03 -1.076567059199301860e-02 -1.186171271692328388e-01 -2.761638198253282828e-01
-5.042016806722688510e-03 -9.688526076913778554e-03 -1.152159888619132960e-02 -1.175465580318146575e-01 -2.775156339256460991e-01
-1.008403361344537702e-02 -1.070292167903238306e-02 -1.228186469430007574e-02 -1.163821026587296831e-01 -2.787337780641243046e-01
-1.512605042016806553e-02 -1.169344673251563813e-02 -1.300784237481080602e-02 -1.151575627914918909e-01 -2.797177037976366631e-01
-2.016806722689075404e-02 -1.264197378502974860e-02 -1.371014215312874734e-02 -1.138985492835591085e-01 -2.805013304434351706e-01
-2.521008403361344255e-02 -1.351392120280803764e-02 -1.434729962793670349e-02 -1.126832532147740429e-01 -2.810889480910375715e-01
-3.025210084033613106e-02 -1.428680612282815995e-02 -1.490449158691424698e-02 -1.115616908069159419e-01 -2.815059770333167011e-01
-3.529411764705882304e-02 -1.493049926014271972e-02 -1.536944219192137341e-02 -1.105925596554269835e-01 -2.817850022149821498e-01
-4.033613445378150808e-02 -1.545024754343843863e-02 -1.574986589594169761e-02 -1.097839171172768358e-01 -2.819680611133139614e-01
-4.537815126050419312e-02 -1.590830703071569041e-02 -1.607042818718371069e-02 -1.090666290785553411e-01 -2.820907285929095121e-01
-5.042016806722688510e-02 -1.627869476675912128e-02 -1.632646146536874052e-02 -1.084794344654493314e-01 -2.821691813951543448e-01
-5.546218487394957708e-02 -1.657185262810292881e-02 -1.652709225051527536e-02 -1.080108040868892200e-01 -2.822194979310148621e-01
-6.050420168067226212e-02 -1.680368204682400335e-02 -1.668341778151211444e-02 -1.076381674626807755e-01 -2.822505345820337519e-01
-6.554621848739494716e-02 -1.698706601428824625e-02 -1.680519155888753752e-02 -1.073429799132844809e-01 -2.822704749729205709e-01
-7.058823529411764608e-02 -1.713280074590656232e-02 -1.689931825560596346e-02 -1.071096768534839927e-01 -2.822835917099930647e-01
-7.563025210084033112e-02 -1.724872006142485342e-02 -1.697157527057351067e-02 -1.069259597402441586e-01 -2.822925101444850315e-01
-8.067226890756301616e-02 -1.734090242773635854e-02 -1.702663878833425570e-02 -1.067818994022954882e-01 -2.822988812367321909e-01
-8.571428571428570120e-02 -1.741467423185863450e-02 -1.706839012775911157e-02 -1.066687781428777293e-01 -2.823036850049909230e-01
-9.075630252100838624e-02 -1.747351866370266960e-02 -1.709947313103518662e-02 -1.065807899566722228e-01 -2.823075635028201580e-01
-9.579831932773108516e-02 -1.752056972120058509e-02 -1.712239187198973112e-02 -1.065124881523002720e-01 -2.823108994909812042e-01
-1.008403361344537702e-01 -1.755838985660150564e-02 -1.713901249533462262e-02 -1.064595552144102647e-01 -2.823139151326927720e-01
-1.058823529411764552e-01 -1.758904244052347104e-02 -1.715078248302957797e-02 -1.064185408445862263e-01 -2.823167315362785645e-01
-1.109243697478991542e-01 -1.761427981728756753e-02 -1.715897307184652276e-02 -1.063864619860204752e-01 -2.823194297503091033e-01
-1.159663865546218392e-01 -1.763489579067940849e-02 -1.716416996814070992e-02 -1.063619529411745923e-01 -2.823220373999894006e-01
-1.210084033613445242e-01 -1.765175561094373125e-02 -1.716707943595149194e-02 -1.063434616091247231e-01 -2.823245933120399065e-01
-1.260504201680672232e-01 -1.766556294262439444e-02 -1.716824113207429323e-02 -1.063297529073457814e-01 -2.823271139640889382e-01
-1.310924369747898943e-01 -1.767683780921901898e-02 -1.716805408316762066e-02 -1.063199135027459302e-01 -2.823296107902651397e-01
-1.361344537815125932e-01 -1.768601214424809359e-02 -1.716684189611968059e-02 -1.063131895965025997e-01 -2.823320872737407616e-01
-1.411764705882352922e-01 -1.769342973758553789e-02 -1.716485649030037586e-02 -1.063089856555807511e-01 -2.823345437669333435e-01
-1.462184873949579633e-01 -1.769938463779105464e-02 -1.716229783208870693e-02 -1.063068068243539499e-01 -2.823369785884674021e-01
-1.512605042016806622e-01 -1.770415822381113738e-02 -1.715932894864741903e-02 -1.063062065986486171e-01 -2.823393875422143262e-01
-1.563025210084033334e-01 -1.770798488836150542e-02 -1.715610061035964182e-02 -1.063067970081379432e-01 -2.823417650137182155e-01
-1.613445378151260323e-01 -1.771109700827404321e-02 -1.715273111334440076e-02 -1.063082235783941176e-01 -2.823441034000251371e-01
-1.663865546218487312e-01 -1.771376255125911570e-02 -1.714924383969967936e-02 -1.063101907891538522e-01 -2.823463943602252946e-01
-1.714285714285714024e-01 -1.771612435658265899e-02 -1.714566810175990885e-02 -1.063125221780040069e-01 -2.823486292726931635e-01
-1.764705882352941013e-01 -1.771828416630492897e-02 -1.714201753941800577e-02 -1.063150978876357400e-01 -2.823507991867173494e-01
-1.815126050420167725e-01 -1.772031990797916928e-02 -1.713828950302907078e-02 -1.063178377057648338e-01 -2.823528942335461478e-01
-1.865546218487394714e-01 -1.772227686853639766e-02 -1.713448124018332464e-02 -1.063206940018097402e-01 -2.823549042210589111e-01
-1.915966386554621703e-01 -1.772418832265968552e-02 -1.713057830279297866e-02 -1.063236424873326980e-01 -2.823568182255706827e-01
-1.966386554621848415e-01 -1.772537068837862217e-02 -1.712613710133546741e-02 -1.063278227318977809e-01 -2.823586610432237132e-01
-2.016806722689075404e-01 -1.772672654381677454e-02 -1.712157247886367251e-02 -1.063318936235373713e-01 -2.823603852924356228e-01
-2.067226890756302393e-01 -1.772774157077784685e-02 -1.711649633600773740e-02 -1.063367675935378981e-01 -2.823620110006469508e-01
-2.117647058823529105e-01 -1.772908023457786530e-02 -1.711155693733353717e-02 -1.063410953193872077e-01 -2.823634649825972343e-01
-2.168067226890756094e-01 -1.773144920757836751e-02 -1.710704834721569340e-02 -1.063438470028180427e-01 -2.823646891152242211e-01
-2.218487394957983083e-01 -1.773412008165813764e-02 -1.710237732361528235e-02 -1.063463546030362084e-01 -2.823657040166192567e-01
-2.268907563025209795e-01 -1.773703494132248051e-02 -1.709747330165742665e-02 -1.063487386775233134e-01 -2.823664938410064273e-01
-2.319327731092436784e-01 -1.774022777161890496e-02 -1.709232253336281232e-02 -1.063509662273286471e-01 -2.823670330646207427e-01
-2.369747899159663496e-01 -1.774355399749258030e-02 -1.708674673951891126e-02 -1.063533327567095510e-01 -2.823672669874420782e-01
-2.420168067226890485e-01 -1.774706031472834955e-02 -1.708072419443417561e-02 -1.063558336829100309e-01 -2.823672363841451260e-01
-2.470588235294117474e-01 -1.775074186474930038e-02 -1.707421400900321906e-02 -1.063584964967705937e-01 -2.823669047410461985e-01
-2.521008403361344463e-01 -1.775465973778413836e-02 -1.706721361353964045e-02 -1.063612334304621238e-01 -2.823662135635718329e-01
-2.571428571428571175e-01 -1.775917827068125565e-02 -1.705996475463733564e-02 -1.063634227729720327e-01 -2.823651315965812758e-01
-2.621848739495797886e-01 -1.776320927249768269e-02 -1.705157672183598566e-02 -1.063670404343806664e-01 -2.823636528574287041e-01
-2.672268907563025153e-01 -1.776789971095545095e-02 -1.704258709023510204e-02 -1.063703645562060485e-01 -2.823617027147932168e-01
-2.722689075630251865e-01 -1.777283218758206329e-02 -1.703306272313528935e-02 -1.063737357209859069e-01 -2.823592612634064913e-01
-2.773109243697478576e-01 -1.777818231315696218e-02 -1.702302793223582633e-02 -1.063769348068684534e-01 -2.823562901045224560e-01
-2.823529411764705843e-01 -1.778396859781195688e-02 -1.701232460504272653e-02 -1.063800905915244510e-01 -2.823527675887582689e-01
-2.873949579831932555e-01 -1.778693247922320808e-02 -1.700091307021062842e-02 -1.063865275288905787e-01 -2.823487461566488443e-01
-2.924369747899159266e-01 -1.779143861272806243e-02 -1.698941807474325938e-02 -1.063912032023084098e-01 -2.823441197795594215e-01
-2.974789915966385978e-01 -1.779561023703997436e-02 -1.697570253211688751e-02 -1.063981597878978225e-01 -2.823389451141093964e-01
-3.025210084033613245e-01 -1.779995861048461192e-02 -1.696112135943444663e-02 -1.064054328845359110e-01 -2.823330257089099460e-01
-3.075630252100839956e-01 -1.780261500391175714e-02 -1.694501330653170462e-02 -1.064155480939995291e-01 -2.823263528088859609e-01
-3.126050420168066668e-01 -1.780718287759190319e-02 -1.692887573196429768e-02 -1.064233707950359431e-01 -2.823188588091842810e-01
-3.176470588235293935e-01 -1.781370588462276999e-02 -1.691185802533662005e-02 -1.064297760362571121e-01 -2.823106798924329697e-01
-3.226890756302520646e-01 -1.782252812374205200e-02 -1.689335321062675893e-02 -1.064350627992737830e-01 -2.823018882672851948e-01
-3.277310924369747358e-01 -1.783099315650497202e-02 -1.687462026343384408e-02 -1.064403689984992352e-01 -2.822919648368761303e-01
-3.327731092436974625e-01 -1.784424917352617559e-02 -1.685829857818434835e-02 -1.064377239771062689e-01 -2.822805434576335926e-01
-3.378151260504201336e-01 -1.785598087917801904e-02 -1.683946619708060963e-02 -1.064387222316073855e-01 -2.822683386157320284e-01
-3.428571428571428048e-01 -1.786805299845911285e-02 -1.681917941354440366e-02 -1.064403845889652644e-01 -2.822552340019375272e-01
-3.478991596638655315e-01 -1.788059401502592460e-02 -1.679787569983890588e-02 -1.064421279263847719e-01 -2.822411952824991910e-01
-3.529411764705882026e-01 -1.789362358080557464e-02 -1.677591215208101144e-02 -1.064434834231055699e-01 -2.822260383119843397e-01
-3.579831932773108738e-01 -1.790535658229729793e-02 -1.675081787811124462e-02 -1.064489347645041356e-01 -2.822102184498253563e-01
-3.630252100840335450e-01 -1.791751490496701002e-02 -1.672482459705590743e-02 -1.064542810349282526e-01 -2.821932410739023123e-01
-3.680672268907562716e-01 -1.792950122691993817e-02 -1.669742681329588335e-02 -1.064607417686983942e-01 -2.821753396178284246e-01
-3.731092436974789428e-01 -1.794107493308423965e-02 -1.666855795094541320e-02 -1.064685870410437829e-01 -2.821564398501468784e-01
-3.781512605042016140e-01 -1.794940851192994291e-02 -1.663664467689122267e-02 -1.064823554187216414e-01 -2.821368172150856002e-01
-3.831932773109243406e-01 -1.796196801561253040e-02 -1.660845800260571381e-02 -1.064865581934434646e-01 -2.821139684233234246e-01
-3.882352941176470118e-01 -1.797904494849403290e-02 -1.658483202643185397e-02 -1.064792791214824730e-01 -2.820863121928167128e-01
-3.932773109243696830e-01 -1.799464114948629012e-02 -1.655761419175821175e-02 -1.064772065408593066e-01 -2.820589237642076030e-01
-3.983193277310924096e-01 -1.800923109565460978e-02 -1.652806369814122794e-02 -1.064784971444521222e-01 -2.820315838764959060e-01
-4.033613445378150808e-01 -1.802425625373777623e-02 -1.649720698963965879e-02 -1.064806499736705714e-01 -2.820042264340960059e-01
-4.084033613445377520e-01 -1.804056824113959429e-02 -1.646524199348696482e-02 -1.064826923987344520e-01 -2.819770052667219806e-01
-4.134453781512604786e-01 -1.805619967105268064e-02 -1.643219766852776348e-02 -1.064862705021854122e-01 -2.819493356835316988e-01
-4.184873949579831498e-01 -1.806950564605852572e-02 -1.639596206805109604e-02 -1.064954548747339969e-01 -2.819218451776872580e-01
-4.235294117647058210e-01 -1.808158469485092457e-02 -1.635835314417576070e-02 -1.065069663963507662e-01 -2.818938084707549030e-01
-4.285714285714285476e-01 -1.809228877215783571e-02 -1.632006285143390578e-02 -1.065202091261097245e-01 -2.818651214994029042e-01
-4.336134453781512188e-01 -1.810318336647248616e-02 -1.628123880566033355e-02 -1.065336642299157810e-01 -2.818361728040972292e-01
-4.386554621848738900e-01 -1.811405443869981008e-02 -1.624201247506902937e-02 -1.065473508968187433e-01 -2.818068356211751446e-01
-4.436974789915966166e-01 -1.812452976019059137e-02 -1.620201875378197987e-02 -1.065620171963756191e-01 -2.817771314206963806e-01
-4.487394957983192878e-01 -1.813496886535921268e-02 -1.616139355366227534e-02 -1.065771295708362043e-01 -2.817469839797153708e-01
-4.537815126050419590e-01 -1.814470938182926457e-02 -1.612005979307113562e-02 -1.065933700216113444e-01 -2.817162783930234893e-01
-4.588235294117646301e-01 -1.815390140624122822e-02 -1.607829857279566288e-02 -1.066102849629313731e-01 -2.816849698839365423e-01
-4.638655462184873568e-01 -1.816188667752403202e-02 -1.603537828227508122e-02 -1.066292773148582451e-01 -2.816530845493147028e-01
-4.689075630252100280e-01 -1.816798216998872367e-02 -1.599120513132128857e-02 -1.066504974031642350e-01 -2.816193694089484945e-01
-4.739495798319326991e-01 -1.817400352450027068e-02 -1.594683537320097655e-02 -1.066719858772696289e-01 -2.815856495499417522e-01
-4.789915966386554258e-01 -1.817980925282684096e-02 -1.590216114335470804e-02 -1.066938998876393596e-01 -2.815517405676418172e-01
-4.840336134453780970e-01 -1.818513626281782064e-02 -1.585713486395383398e-02 -1.067165898656917133e-01 -2.815177219849267498e-01
-4.890756302521007681e-01 -1.818927415716220172e-02 -1.581117387379429168e-02 -1.067413931215636103e-01 -2.814836823050401726e-01
-4.941176470588234948e-01 -1.819289229349091430e-02 -1.576479396686659290e-02 -1.067669909675832418e-01 -2.814493544558814841e-01
-4.991596638655461660e-01 -1.819592881321615077e-02 -1.571808150722473624e-02 -1.067933154216116898e-01 -2.814146514841051605e-01
-5.042016806722688926e-01 -1.819823636386277976e-02 -1.567066059746477502e-02 -1.068207191899697844e-01 -2.813792323025946507e-01
-5.092436974789915638e-01 -1.820020112607517032e-02 -1.562301355366226691e-02 -1.068486429388161296e-01 -2.813437152371071059e-01
-5.142857142857142350e-01 -1.820142204387223059e-02 -1.557487661795950440e-02 -1.068776957019842433e-01 -2.813079887276319635e-01
-5.193277310924369061e-01 -1.820185185781225332e-02 -1.552648373882141615e-02 -1.069075117729278573e-01 -2.812716947391230571e-01
-5.243697478991595773e-01 -1.820139653808775654e-02 -1.547762560816399666e-02 -1.069384235730064664e-01 -2.812348914385164322e-01
-5.294117647058822484e-01 -1.820472789289981352e-02 -1.542994350612079783e-02 -1.069632613396666876e-01 -2.811958654773746291e-01
-5.344537815126050306e-01 -1.821375972139769456e-02 -1.538365533845371946e-02 -1.069794325338451202e-01 -2.811536951873930823e-01
-5.394957983193277018e-01 -1.821893221491392711e-02 -1.533507370205122039e-02 -1.070024331903870196e-01 -2.811128782147043204e-01
-5.445378151260503730e-01 -1.822190950766746503e-02 -1.528453783739415831e-02 -1.070304397500894122e-01 -2.810737741903021059e-01
-5.495798319327730441e-01 -1.822202062860542315e-02 -1.523222587998433568e-02 -1.070630356500296698e-01 -2.810345643172388330e-01
-5.546218487394957153e-01 -1.822007071048309737e-02 -1.517860885153961281e-02 -1.070988371359241631e-01 -2.809950333958937119e-01
-5.596638655462183864e-01 -1.821622501716258988e-02 -1.512398999552189496e-02 -1.071372611727092888e-01 -2.809549523707875474e-01
-5.647058823529411686e-01 -1.821093451000962982e-02 -1.506865812526765602e-02 -1.071776190978460108e-01 -2.809144234662466211e-01
-5.697478991596638398e-01 -1.820431783404340836e-02 -1.501266430704328685e-02 -1.072197106649607906e-01 -2.808733856120949612e-01
-5.747899159663865110e-01 -1.818950475474060899e-02 -1.495171059817306317e-02 -1.072737060968359107e-01 -2.808298428994991935e-01
-5.798319327731091821e-01 -1.818384929808945782e-02 -1.489668633792250868e-02 -1.073140749198145671e-01 -2.807892211116530534e-01
-5.848739495798318533e-01 -1.817650631105233172e-02 -1.484048737467460327e-02 -1.073566205046551786e-01 -2.807472283807642133e-01
-5.899159663865545244e-01 -1.816778932482931985e-02 -1.478340047810353629e-02 -1.074009253420664667e-01 -2.807042302899986352e-01
-5.949579831932771956e-01 -1.815787066843099762e-02 -1.472560121880642919e-02 -1.074465398262178101e-01 -2.806600234269104877e-01
-5.999999999999999778e-01 -1.814705357664552626e-02 -1.466724302061799858e-02 -1.074934624254164361e-01 -2.806155180453598907e-01
