0.000000000000000000e+00 -3.320123684784700990e-02 -2.972699886151142223e-02 -3.789476119230475448e-02 -2.016459938033263732e-01
-5.042016806722688510e-03 -3.279283797284838348e-02 -3.004770917494463400e-02 -3.802841641462548217e-02 -2.017379271248369854e-01
-1.008403361344537702e-02 -3.254077150266010410e-02 -3.027524100829828008e-02 -3.808002028240924791e-02 -2.017920655867352919e-01
-1.512605042016806553e-02 -3.237466595553728510e-02 -3.044440240476906090e-02 -3.809493669298781582e-02 -2.018280101065883514e-01
-2.016806722689075404e-02 -3.225719814876573666e-02 -3.057562582663547746e-02 -3.809425459582368306e-02 -2.018541571424498082e-01
-2.521008403361344255e-02 -3.217115624400018747e-02 -3.068067062954252938e-02 -3.808531087106847846e-02 -2.018742754892223767e-01
-3.025210084033613106e-02 -3.210544648344861030e-02 -3.076674847217553826e-02 -3.807300854877822965e-02 -2.018904070088047564e-01
-3.529411764705882304e-02 -3.205387495119001173e-02 -3.083891836505035094e-02 -3.805909391872763781e-02 -2.019037744699359871e-01
-4.033613445378150808e-02 -3.201204176712847682e-02 -3.090036381585305886e-02 -3.804510496394100660e-02 -2.019150210938450707e-01
-4.537815126050419312e-02 -3.197752425938504839e-02 -3.095358745416404433e-02 -3.803127255913452825e-02 -2.019247685453672281e-01
-5.042016806722688510e-02 -3.194873634116712768e-02 -3.099992069433869443e-02 -3.801797875620623046e-02 -2.019332715834241121e-01
-5.546218487394957708e-02 -3.192469703645373080e-02 -3.103987165232059697e-02 -3.800578357699944954e-02 -2.019407045315475546e-01
-6.050420168067226212e-02 -3.190389672016510914e-02 -3.107498079890807369e-02 -3.799477752756556803e-02 -2.019473100932775433e-01
-6.554621848739494716e-02 -3.188577866559926671e-02 -3.110606039317268673e-02 -3.798478369902680285e-02 -2.019532455155975126e-01
-7.058823529411764608e-02 -3.186989625455195763e-02 -3.113369009097644718e-02 -3.797571779652680196e-02 -2.019586082841104413e-01
-7.563025210084033112e-02 -3.185591356290048970e-02 -3.115820954947019772e-02 -3.796761101942095623e-02 -2.019634682635832734e-01
-8.067226890756301616e-02 -3.184354362729789611e-02 -3.117997329736496917e-02 -3.796042510959820454e-02 -2.019678840685221188e-01
-8.571428571428570120e-02 -3.183251941808135782e-02 -3.119929791997117646e-02 -3.795413695892557032e-02 -2.019719085939561953e-01
-9.075630252100838624e-02 -3.182268414293839415e-02 -3.121642328341661665e-02 -3.794867910215829476e-02 -2.019755730570266250e-01
-9.579831932773108516e-02 -3.181356813946570328e-02 -3.123153883454440199e-02 -3.794434244429265024e-02 -2.019788988366055249e-01
-1.008403361344537702e-01 -3.180555472279761320e-02 -3.124501008273221359e-02 -3.794040255539044004e-02 -2.019819347218405614e-01
-1.058823529411764552e-01 -3.179796093401465740e-02 -3.125694544272401842e-02 -3.793744106252575077e-02 -2.019846948785288532e-01
-1.109243697478991542e-01 -3.179163843577824389e-02 -3.126755095577224419e-02 -3.793440624600890460e-02 -2.019871912751187992e-01
-1.159663865546218392e-01 -3.178580719767645779e-02 -3.127685874060447124e-02 -3.793205868384864898e-02 -2.019894492442591560e-01
-1.210084033613445242e-01 -3.178044945119853915e-02 -3.128495191030541966e-02 -3.793033835619950139e-02 -2.019914794354069065e-01
-1.260504201680672232e-01 -3.177555905057419250e-02 -3.129197976163755612e-02 -3.792910739060331715e-02 -2.019932924056301315e-01
-1.310924369747898943e-01 -3.177110193431477436e-02 -3.129805355643487663e-02 -3.792829277582496911e-02 -2.019948965331492541e-01
-1.361344537815125932e-01 -3.176716354858694080e-02 -3.130328663905775077e-02 -3.792784704888461922e-02 -2.019965944730586216e-01
-1.411764705882352922e-01 -3.176359948755351492e-02 -3.130764106019878756e-02 -3.792765821375723018e-02 -2.019977975230190792e-01
-1.462184873949579633e-01 -3.176042662950683687e-02 -3.131127468041684792e-02 -3.792770323681547012e-02 -2.019988090934783098e-01
-1.512605042016806622e-01 -3.175594707537272854e-02 -3.131448792098850270e-02 -3.792940560175946801e-02 -2.019996811962414263e-01
-1.563025210084033334e-01 -3.175237435045177858e-02 -3.131678409696614374e-02 -3.793102148692812509e-02 -2.020003598686920809e-01
-1.613445378151260323e-01 -3.174951441571519095e-02 -3.131822484756550951e-02 -3.793268163712389118e-02 -2.020008418008091833e-01
-1.663865546218487312e-01 -3.174718397502707123e-02 -3.131900096057038674e-02 -3.793438061489561725e-02 -2.020011311009861643e-01
-1.714285714285714024e-01 -3.174533972244261704e-02 -3.131920864784445979e-02 -3.793606654444343917e-02 -2.020012298294610598e-01
-1.764705882352941013e-01 -3.174268600196919476e-02 -3.131926606943603864e-02 -3.793864070814429584e-02 -2.020011855590990724e-01
-1.815126050420167725e-01 -3.173852768323076612e-02 -3.131914593241525574e-02 -3.794285118190021677e-02 -2.020010495950924634e-01
-1.865546218487394714e-01 -3.173450378628296653e-02 -3.131817843720462180e-02 -3.794771114050535937e-02 -2.020007867279859093e-01
-1.915966386554621703e-01 -3.173211534385908528e-02 -3.131515356262350169e-02 -3.795290902299093549e-02 -2.020003558589470449e-01
-1.966386554621848415e-01 -3.173108711501901325e-02 -3.131084169790093741e-02 -3.795793134360744836e-02 -2.019997203130547980e-01
-2.016806722689075404e-01 -3.173055729205321446e-02 -3.130608037615179029e-02 -3.796280261097710607e-02 -2.019988805583642355e-01
-2.067226890756302393e-01 -3.173174483481869257e-02 -3.130339499843197426e-02 -3.796364077545125865e-02 -2.019975612174038371e-01
-2.117647058823529105e-01 -3.172772217523635307e-02 -3.130826591724771013e-02 -3.796187760546717443e-02 -2.019957313959025169e-01
-2.168067226890756094e-01 -3.172524764459450086e-02 -3.130994184733555674e-02 -3.796172758998450636e-02 -2.019938341638291002e-01
-2.218487394957983083e-01 -3.172350757404329702e-02 -3.130971441750105000e-02 -3.796258968650362969e-02 -2.019916233560959395e-01
-2.268907563025209795e-01 -3.172263072020922725e-02 -3.130752837025159441e-02 -3.796447138336024596e-02 -2.019892609476421352e-01
-2.319327731092436784e-01 -3.172237723664930731e-02 -3.130433109493532817e-02 -3.796665896796424383e-02 -2.019867345990977725e-01
-2.369747899159663496e-01 -3.172251778031175140e-02 -3.130040238306598666e-02 -3.796903860242170636e-02 -2.019839175315988611e-01
-2.420168067226890485e-01 -3.172316274587792112e-02 -3.129560137605991166e-02 -3.797135438151278547e-02 -2.019802370069012087e-01
-2.470588235294117474e-01 -3.172357078847867079e-02 -3.129124429556186249e-02 -3.797372031016246763e-02 -2.019770707884060157e-01
-2.521008403361344463e-01 -3.172394794926483574e-02 -3.128477605518570348e-02 -3.797817576866045763e-02 -2.019737995462220215e-01
-2.571428571428571175e-01 -3.172809837381732750e-02 -3.127703689309964397e-02 -3.797986804433413355e-02 -2.019700066225021962e-01
-2.621848739495797886e-01 -3.173073022075303257e-02 -3.126877042762783721e-02 -3.798347437006190791e-02 -2.019659500368855831e-01
-2.672268907563025153e-01 -3.173320748550123582e-02 -3.125997691294485348e-02 -3.798762667063818738e-02 -2.019616221381685395e-01
-2.722689075630251865e-01 -3.173612857750801597e-02 -3.125063524071091531e-02 -3.799175309859792460e-02 -2.019570338336337256e-01
-2.773109243697478576e-01 -3.173966077421644383e-02 -3.124110365861280936e-02 -3.799529017605195180e-02 -2.019521092177624655e-01
-2.823529411764705843e-01 -3.174418075216559054e-02 -3.123256395085502804e-02 -3.799655404828709837e-02 -2.019465975026153992e-01
-2.873949579831932555e-01 -3.174746531830092977e-02 -3.122461936998936066e-02 -3.799817386445030615e-02 -2.019405171054811932e-01
-2.924369747899159266e-01 -3.175126923295516768e-02 -3.121468770150316943e-02 -3.800077088997501351e-02 -2.019334556488667221e-01
-2.974789915966385978e-01 -3.175424674020592419e-02 -3.120470701597803306e-02 -3.800410848940186104e-02 -2.019261244911716435e-01
-3.025210084033613245e-01 -3.175662400896592241e-02 -3.119516409107119664e-02 -3.800738474244248766e-02 -2.019183456849591995e-01
-3.075630252100839956e-01 -3.175882090811595754e-02 -3.118581270778762043e-02 -3.801039506453002259e-02 -2.019100573608672011e-01
-3.126050420168066668e-01 -3.176096585775303738e-02 -3.117625660961542700e-02 -3.801343775063693170e-02 -2.019013204360107783e-01
-3.176470588235293935e-01 -3.176269744166959619e-02 -3.116630760879140344e-02 -3.801712595178433768e-02 -2.018922620044906746e-01
-3.226890756302520646e-01 -3.176469656925164087e-02 -3.115543064640190901e-02 -3.802132044850014408e-02 -2.018828953283073879e-01
-3.277310924369747358e-01 -3.176871081131013574e-02 -3.114382584915770247e-02 -3.802406045094460646e-02 -2.018731942228249032e-01
-3.327731092436974625e-01 -3.177245928926097918e-02 -3.113132117673950150e-02 -3.802777531569618424e-02 -2.018631115633933160e-01
-3.378151260504201336e-01 -3.177584030732075182e-02 -3.111810210680994448e-02 -3.803241488441902463e-02 -2.018527145970994419e-01
-3.428571428571428048e-01 -3.177926868356678591e-02 -3.110444829652378451e-02 -3.803729174262085455e-02 -2.018420174454228500e-01
-3.478991596638655315e-01 -3.178315010040239086e-02 -3.109088688781336263e-02 -3.804132343585485410e-02 -2.018307208481412429e-01
-3.529411764705882026e-01 -3.178725074463145672e-02 -3.107819009695147669e-02 -3.804379692099135735e-02 -2.018184755251485885e-01
-3.579831932773108738e-01 -3.179087891429856205e-02 -3.106275470843938152e-02 -3.804959368788921048e-02 -2.018064546212543220e-01
-3.630252100840335450e-01 -3.179505278899801002e-02 -3.104571665353691307e-02 -3.805685295662699502e-02 -2.017952447983238362e-01
-3.680672268907562716e-01 -3.180470202913053546e-02 -3.101503522808165755e-02 -3.807295091270623127e-02 -2.017853763398368416e-01
-3.731092436974789428e-01 -3.181143436764496957e-02 -3.099135557450328343e-02 -3.808396831565376284e-02 -2.017735165156039900e-01
-3.781512605042016140e-01 -3.181746383904057035e-02 -3.097357610187702337e-02 -3.808879432801395154e-02 -2.017596685378631183e-01
-3.831932773109243406e-01 -3.180561272017537466e-02 -3.097974167932760620e-02 -3.808688713575469204e-02 -2.017444830705153458e-01
-3.882352941176470118e-01 -3.179614915974229850e-02 -3.098020771728320424e-02 -3.808822661059392545e-02 -2.017291669752388494e-01
-3.932773109243696830e-01 -3.179891929480646584e-02 -3.097897884780032030e-02 -3.807842180391780157e-02 -2.017126398930491615e-01
-3.983193277310924096e-01 -3.180055634196909259e-02 -3.097559499249673276e-02 -3.807112533841702784e-02 -2.016945533457656647e-01
-4.033613445378150808e-01 -3.180164512745527194e-02 -3.096837938557798695e-02 -3.806776759531618759e-02 -2.016755842166988999e-01
-4.084033613445377520e-01 -3.180336626009061529e-02 -3.095798406499340044e-02 -3.806642669215112157e-02 -2.016555540344702746e-01
-4.134453781512604786e-01 -3.180690208535255636e-02 -3.094372502964311267e-02 -3.806714984037367494e-02 -2.016355539107386741e-01
-4.184873949579831498e-01 -3.181310266005582532e-02 -3.092666808320222727e-02 -3.806799322071000025e-02 -2.016155279279361057e-01
-4.235294117647058210e-01 -3.181856582952072993e-02 -3.090892394335221713e-02 -3.807000184833900236e-02 -2.015949832424238919e-01
-4.285714285714285476e-01 -3.183372236115197818e-02 -3.097710629567216462e-02 -3.803590805944927905e-02 -2.016934734325468437e-01
-4.336134453781512188e-01 -3.183945260951333289e-02 -3.095677289397466211e-02 -3.804066458564572123e-02 -2.016737801782674533e-01
-4.386554621848738900e-01 -3.184516475615713910e-02 -3.093537261561981819e-02 -3.804630753926208780e-02 -2.016536898220780971e-01
-4.436974789915966166e-01 -3.185161116911877643e-02 -3.091387890886109976e-02 -3.805049708577217665e-02 -2.016319743275041265e-01
-4.487394957983192878e-01 -3.185776775140941597e-02 -3.089184490636531083e-02 -3.805541909118093785e-02 -2.016100634979113293e-01
-4.537815126050419590e-01 -3.186288368804268689e-02 -3.086627255044437079e-02 -3.806529150048254539e-02 -2.015888954779392339e-01
-4.588235294117646301e-01 -3.186885866569239001e-02 -3.084199434578037760e-02 -3.807219639691807045e-02 -2.015660988167816692e-01
-4.638655462184873568e-01 -3.187547883545376742e-02 -3.081825390200036707e-02 -3.807728164847760249e-02 -2.015420287718634740e-01
-4.689075630252100280e-01 -3.188233896551113944e-02 -3.079453692359649525e-02 -3.808162408246164310e-02 -2.015169999431385417e-01
-4.739495798319326991e-01 -3.188979572772702303e-02 -3.077197372857733842e-02 -3.808326470209734416e-02 -2.014900683168033557e-01
-4.789915966386554258e-01 -3.189642656367717988e-02 -3.074836536004331433e-02 -3.808644500900949109e-02 -2.014624738654599567e-01
-4.840336134453780970e-01 -3.190329468131492680e-02 -3.072373142143526581e-02 -3.809017268748944585e-02 -2.014343975804792630e-01
-4.890756302521007681e-01 -3.190803819519064111e-02 -3.069400960552318841e-02 -3.810285075661153792e-02 -2.014097971146507349e-01
-4.941176470588234948e-01 -3.191449162245535431e-02 -3.066607445267796259e-02 -3.811083964461951801e-02 -2.013828114395056490e-01
-4.991596638655461660e-01 -3.192149864037646667e-02 -3.063943085747623113e-02 -3.811571472464750365e-02 -2.013532884450003890e-01
-5.042016806722688926e-01 -3.192891680574105884e-02 -3.061295584723786739e-02 -3.811930311640778640e-02 -2.013223515387734253e-01
-5.092436974789915638e-01 -3.193663195675000566e-02 -3.058648050619662551e-02 -3.812285404320328586e-02 -2.012919330122998340e-01
-5.142857142857142350e-01 -3.194484556338651055e-02 -3.055988536627143870e-02 -3.812439284062470873e-02 -2.012582475405653160e-01
-5.193277310924369061e-01 -3.195320038723122036e-02 -3.053265175130584833e-02 -3.812599594453162932e-02 -2.012236961661373058e-01
-5.243697478991595773e-01 -3.196176025530961251e-02 -3.050512536083315601e-02 -3.812712683672175862e-02 -2.011880249057290682e-01
-5.294117647058822484e-01 -3.197040358101613244e-02 -3.047707555547988362e-02 -3.812812006306209173e-02 -2.011511983991162711e-01
-5.344537815126050306e-01 -3.197918786280738723e-02 -3.044841355824149873e-02 -3.812907594848215925e-02 -2.011133547390621112e-01
-5.394957983193277018e-01 -3.198809418789516634e-02 -3.041911959397222698e-02 -3.813005466072293126e-02 -2.010745368851806214e-01
-5.445378151260503730e-01 -3.199721236609462394e-02 -3.038929780617482396e-02 -3.813076764524646334e-02 -2.010345556350318086e-01
-5.495798319327730441e-01 -3.200645785706902197e-02 -3.035879762951269184e-02 -3.813158142759766334e-02 -2.009936738283587543e-01
-5.546218487394957153e-01 -3.201566575991355440e-02 -3.032776409618778701e-02 -3.813234733440860197e-02 -2.009515543810198868e-01
-5.596638655462183864e-01 -3.202539464103466849e-02 -3.029590421198782510e-02 -3.813308786644901971e-02 -2.009087734389430335e-01
-5.647058823529411686e-01 -3.203491587964600595e-02 -3.026340905706990242e-02 -3.813411002446828041e-02 -2.008648699223683498e-01
-5.697478991596638398e-01 -3.204282782429548893e-02 -3.023092296361927153e-02 -3.813677899982206160e-02 -2.008210595754736372e-01
-5.747899159663865110e-01 -3.205161491065744439e-02 -3.019775332323886702e-02 -3.813856841701009776e-02 -2.007758733018128461e-01
-5.798319327731091821e-01 -3.206064761347687808e-02 -3.016382565211641470e-02 -3.814012437660121990e-02 -2.007291952843890392e-01
-5.848739495798318533e-01 -3.207023024179014858e-02 -3.012907853355236212e-02 -3.814147473386923781e-02 -2.006815670184234623e-01
-5.899159663865545244e-01 -3.208005639058422731e-02 -3.009358029324664049e-02 -3.814280768317332426e-02 -2.006328887340083356e-01
-5.949579831932771956e-01 -3.209057913125683281e-02 -3.005699338925132275e-02 -3.814417146546008469e-02 -2.005834879719365083e-01
-5.999999999999999778e-01 -3.210100693008466344e-02 -3.001984361914131205e-02 -3.814571780151562730e-02 -2.005331367014832056e-01
