#kx=8.0, ky=0.0, Jx=1.0, Jy=1.0, Jz=1.0, h=0.0
0.19394125317413854 1.0105664746886579e+27
0.1939491314731559 4.839330907043819e+26
0.19395346660412835 5.54053885176252e+25
0.19396228005941343 6.172908502137693e+26
0.19396791852816941 6.803680124753249e+26
0.19396990873025835 8.012797100791843e+26
0.19397241341196134 3.8194299860641433e+25
0.19397614309234815 9.205441298048714e+25
0.19397770451636165 3.6293938908546046e+26
0.19397961618905993 1.8915693365576765e+26
0.19398377582906826 3.13168389365092e+26
0.19399257003214124 2.3293582807667144e+26
0.19399687597566428 4.29281150470081e+26
0.1940149941746871 8.671460406224385e+26
0.19404434441792703 2.127302360506595e+27
0.1940461926263012 1.2170778599423334e+27
0.19405186894340087 1.0520420456422942e+27
0.1940700305638623 2.0422905951957585e+27
0.19407661096317444 9.639695008680952e+26
0.19407704821821 6.431056853356726e+25
#kx=4.0, ky=0.0, Jx=1.0, Jy=1.0, Jz=1.0, h=0.0
0.19394252355973748 7.784374045867095e+24
0.19394914991132436 3.867474561244656e+24
0.19395380485529826 2.820097704958006e+24
0.1939622713080936 5.054045366590404e+24
0.1939681527326969 8.773632381193081e+24
0.1939719416503603 1.0541685782101633e+24
0.193973812860235 3.3010477088913396e+24
0.19397611053379982 1.6048670070060224e+24
0.19397774589725628 5.64153348164107e+24
0.1939808590212785 3.061895172261183e+24
0.1939923543962018 2.3786663823467144e+24
0.1939941310102599 3.3437545200274045e+24
0.1939980093072844 1.2265612990839744e+25
0.19400731474529453 4.467968614039042e+25
0.1940439660867395 4.06943998188155e+25
0.19404507482933198 4.5886970119319115e+24
0.19405221081047888 2.0813834203930575e+25
0.19406745607785192 7.096538898469201e+24
0.19407656608796275 1.6173911195258608e+25
0.19407897591671952 6.192707150847136e+24
