#kx=8.0, ky=0.0, Jx=1.0, Jy=1.0, Jz=1.0, h=0.0
0.19394125317413854 -6455430958492447.0
0.1939491314731559 -6455430958492447.0
0.19395346660412835 -6455430958492447.0
0.19396228005941343 -6455430958492447.0
0.19396791852816941 -6455430958492447.0
0.19396990873025835 -6455430958492447.0
0.19397241341196134 -6455430958492447.0
0.19397614309234815 -6455430958492447.0
0.19397770451636165 -6455430958492447.0
0.19397961618905993 -6455430958492447.0
0.19398377582906826 -6455430958492447.0
0.19399257003214124 -6455430958492447.0
0.19399687597566428 -6455430958492447.0
0.1940149941746871 -6455430958492447.0
0.19404434441792703 -6455430958492447.0
0.1940461926263012 -6455430958492447.0
0.19405186894340087 -6455430958492447.0
0.1940700305638623 -6455430958492447.0
0.19407661096317444 -6455430958492447.0
0.19407704821821 -6455430958492447.0
#kx=4.0, ky=0.0, Jx=1.0, Jy=1.0, Jz=1.0, h=0.0
0.19394252355973748 946935367428741.8
0.19394914991132436 946935367428741.8
0.19395380485529826 946935367428741.8
0.1939622713080936 946935367428741.8
0.1939681527326969 946935367428741.8
0.1939719416503603 946935367428741.8
0.193973812860235 946935367428741.8
0.19397611053379982 946935367428741.8
0.19397774589725628 946935367428741.8
0.1939808590212785 946935367428741.8
0.1939923543962018 946935367428741.8
0.1939941310102599 946935367428741.8
0.1939980093072844 946935367428741.8
0.19400731474529453 946935367428741.8
0.1940439660867395 946935367428741.8
0.19404507482933198 946935367428741.8
0.19405221081047888 946935367428741.8
0.19406745607785192 946935367428741.8
0.19407656608796275 946935367428741.8
0.19407897591671952 946935367428741.8
