0.000000000000000000e+00 5.307053365872080875e-01 2.775328447485513744e-02 -3.685575445582957577e-01 6.380820656304381222e-02 -6.347026149123188299e-01 -1.867695188327732625e-01 -3.685552330795814902e-01 6.371023150805577018e-02 0.000000000000000000e+00 7.372550483836199688e-03 0.000000000000000000e+00 -9.392427317063691342e-03 0.000000000000000000e+00 7.338083100746328399e-03 5.372274693908189569e+00 2.356367186708640649e+00 4.048473821841439779e+00 -7.854522649673427726e-01
-5.042016806722688510e-03 5.327636128465749188e-01 3.164331594099478034e-02 -3.782190943797423266e-01 5.567982231872235788e-02 -6.257518767720320341e-01 -1.765588059010748112e-01 -3.782136643685469202e-01 5.558357921979348304e-02 0.000000000000000000e+00 9.211410644558694349e-03 0.000000000000000000e+00 -9.141864356434764929e-03 0.000000000000000000e+00 9.177309223049410353e-03 5.372882019822747601e+00 2.356365234739373093e+00 4.045204688907620749e+00 -7.854529054567930269e-01
-1.008403361344537702e-02 5.345883594841744912e-01 3.488319817756659058e-02 -3.863014012057914282e-01 4.866659624257357875e-02 -6.176459414869949205e-01 -1.677424660337808737e-01 -3.862921505482777018e-01 4.857294042006378432e-02 0.000000000000000000e+00 1.070275822290526861e-02 0.000000000000000000e+00 -8.833337310356162778e-03 0.000000000000000000e+00 1.066875441584090936e-02 5.373910459676826790e+00 2.356363593034709769e+00 4.041580379020960123e+00 -7.854532916470952086e-01
-1.512605042016806553e-02 5.361709791552566884e-01 3.756768946462332032e-02 -3.927187442332955025e-01 4.292282598799963822e-02 -6.106755039256096529e-01 -1.606722938045788696e-01 -3.927057824532002028e-01 4.283204232011562917e-02 0.000000000000000000e+00 1.188333430165290465e-02 0.000000000000000000e+00 -8.500277842417308313e-03 0.000000000000000000e+00 1.184939047237103769e-02 5.375515325055500782e+00 2.356362484958404835e+00 4.037375838183837828e+00 -7.854534669406343372e-01
-2.016806722689075404e-02 5.375303998536518080e-01 3.981190455494424546e-02 -3.975824368668001152e-01 3.844562644829004755e-02 -6.049365019891724815e-01 -1.554070794537985301e-01 -3.975659771152804667e-01 3.835789698105896567e-02 0.000000000000000000e+00 1.280757146199657491e-02 0.000000000000000000e+00 -8.176288556559758655e-03 0.000000000000000000e+00 1.277366674463283579e-02 5.377728850585128839e+00 2.356361865064873662e+00 4.032505526188162825e+00 -7.854534443778711239e-01
-2.521008403361344255e-02 5.387024952596972671e-01 4.173494404277067193e-02 -4.011397532286782308e-01 3.510210280696790530e-02 -6.003418246644862677e-01 -1.517628992772437901e-01 -4.011201032294836044e-01 3.501747536889195100e-02 0.000000000000000000e+00 1.353200172915014314e-02 0.000000000000000000e+00 -7.887684631208893155e-03 0.000000000000000000e+00 1.349812966681441552e-02 5.380487649175609732e+00 2.356361644962064794e+00 4.027001139511535044e+00 -7.854532636834811177e-01
-3.025210084033613106e-02 5.397273726653414316e-01 4.344195539533623335e-02 -4.036877743081814796e-01 3.269469735306775038e-02 -5.966944272454015596e-01 -1.494283440845595168e-01 -4.036653068046049397e-01 3.261310040062925103e-02 0.000000000000000000e+00 1.410531697488730078e-02 0.000000000000000000e+00 -7.650847354327649369e-03 0.000000000000000000e+00 1.407148262389078079e-02 5.383682634782474885e+00 2.356361722593250718e+00 4.020959232523743765e+00 -7.854529717567173552e-01
-3.529411764705882304e-02 5.406408525581593016e-01 4.501717386913930974e-02 -4.055050046298047661e-01 3.102752258698471266e-02 -5.937676118401273850e-01 -1.480699658794626394e-01 -4.054802610073931501e-01 3.094689769344623198e-02 0.000000000000000000e+00 1.456803923956984798e-02 0.000000000000000000e+00 -7.476854164499034845e-03 0.000000000000000000e+00 1.453000657529198401e-02 5.387199379616684602e+00 2.356354214646756873e+00 4.014491272053539284e+00 -7.854419291332295217e-01
-4.033613445378150808e-02 5.414726024565896800e-01 4.652870150303962948e-02 -4.068196471626051580e-01 2.992115287884167599e-02 -5.913532381519078784e-01 -1.474040559081266633e-01 -4.067931277195332429e-01 2.984199708098608794e-02 0.000000000000000000e+00 1.494001657472032382e-02 0.000000000000000000e+00 -7.360534651856228891e-03 0.000000000000000000e+00 1.490232765546318193e-02 5.390945471943934031e+00 2.356351031370944593e+00 4.007702158041544394e+00 -7.854408257656758652e-01
-4.537815126050419312e-02 5.422436853358013620e-01 4.802618732669070023e-02 -4.078025724388270046e-01 2.923744473108219263e-02 -5.892862504639183596e-01 -1.472103125755433728e-01 -4.077742974768188700e-01 2.916077475160673213e-02 0.000000000000000000e+00 1.524139048428906421e-02 0.000000000000000000e+00 -7.309214083674145379e-03 0.000000000000000000e+00 1.520379793774008156e-02 5.394842012312814461e+00 2.356351739628736119e+00 4.000661625604802651e+00 -7.854406460491533126e-01
-5.042016806722688510e-02 5.429699851292926205e-01 4.955169135625927396e-02 -4.085740067517539820e-01 2.888586248730643999e-02 -5.874442874520635627e-01 -1.473250625514040402e-01 -4.085443176387297259e-01 2.881151137012198660e-02 0.000000000000000000e+00 1.548392569000104670e-02 0.000000000000000000e+00 -7.319892923653855375e-03 0.000000000000000000e+00 1.544645829879776056e-02 5.398837806286528540e+00 2.356352424833768389e+00 3.993427726131677069e+00 -7.854404160037333771e-01
-5.546218487394957708e-02 5.436629263254757483e-01 5.113966735535178249e-02 -4.092165907238507483e-01 2.879877929937238457e-02 -5.857399169877812728e-01 -1.476363412287230448e-01 -4.091857909074587685e-01 2.872658470753263263e-02 0.000000000000000000e+00 1.567471283424815703e-02 0.000000000000000000e+00 -7.391323124990021795e-03 0.000000000000000000e+00 1.563739353216079056e-02 5.402895359478401716e+00 2.356353077729179013e+00 3.986037014290097602e+00 -7.854401599198597150e-01
-6.050420168067226212e-02 5.443308092130775266e-01 5.281958975080419671e-02 -4.097852443495547670e-01 2.892979560855364965e-02 -5.841127191275018449e-01 -1.480684582389591997e-01 -4.097535979221861302e-01 2.885960916987367550e-02 0.000000000000000000e+00 1.581796514840187046e-02 0.000000000000000000e+00 -7.522271132524604650e-03 0.000000000000000000e+00 1.578081204316367572e-02 5.406988518074033578e+00 2.356353692192353577e+00 3.978512333082549812e+00 -7.854398942517766269e-01
-6.554621848739494716e-02 5.449797570267036484e-01 5.461728450429209625e-02 -4.103155628087933882e-01 2.924735230169041300e-02 -5.825216697904772589e-01 -1.485710459447688592e-01 -4.102832967992803281e-01 2.917904288759602324e-02 0.000000000000000000e+00 1.591599884172939169e-02 0.000000000000000000e+00 -7.711624365566301445e-03 0.000000000000000000e+00 1.587902637746588935e-02 5.411098881165874452e+00 2.356354264408266896e+00 3.970866702848035779e+00 -7.854396304958738417e-01
-7.058823529411764608e-02 5.456143826324157953e-01 5.655575488860548061e-02 -4.108299481136922782e-01 2.972996761992155457e-02 -5.809392334355956145e-01 -1.491108279799613912e-01 -4.107972564421437101e-01 2.966342127456194147e-02 0.000000000000000000e+00 1.596990109960460050e-02 0.000000000000000000e+00 -7.958396617729157282e-03 0.000000000000000000e+00 1.593312116600233141e-02 5.415213203219868099e+00 2.356354792262456144e+00 3.963106258397070203e+00 -7.854393770546967968e-01
-7.563025210084033112e-02 5.462382433347434674e-01 5.865568501213059421e-02 -4.113418907091839771e-01 3.036286239145767618e-02 -5.793470784361401948e-01 -1.496657920756255533e-01 -4.113089386139344161e-01 3.029798059961363171e-02 0.000000000000000000e+00 1.597998205000820265e-02 0.000000000000000000e+00 -8.261696162793102580e-03 0.000000000000000000e+00 1.594340495695522122e-02 5.419321602643661251e+00 2.356355274906455133e+00 3.955232354047353294e+00 -7.854391404026457302e-01
-8.067226890756301616e-02 5.468541462355411831e-01 6.093573906181252997e-02 -4.118588832914132358e-01 3.113563082504765267e-02 -5.777330799561889441e-01 -1.502212111263004080e-01 -4.118258116075294017e-01 3.107232809954993055e-02 0.000000000000000000e+00 1.594608122780917167e-02 0.000000000000000000e+00 -8.620684970105063974e-03 0.000000000000000000e+00 1.590971652338088460e-02 5.423416355819385082e+00 2.356355712445107553e+00 3.947243045633958225e+00 -7.854389257955948223e-01
-8.571428571428570120e-02 5.474643516054822356e-01 6.341272865759355060e-02 -4.123843753810633728e-01 3.204064985207529664e-02 -5.760892635220079550e-01 -1.507669918690411059e-01 -4.123513043877204409e-01 3.197885117895004486e-02 0.000000000000000000e+00 1.586777762725821717e-02 0.000000000000000000e+00 -9.034540157403691402e-03 0.000000000000000000e+00 1.583163476417241700e-02 5.427491091322419692e+00 2.356356105705699644e+00 3.939134143450561343e+00 -7.854387376914172547e-01
-9.075630252100838624e-02 5.480707075623939550e-01 6.610169116808341239e-02 -4.129190755027954962e-01 3.307199144645708855e-02 -5.744104066681997578e-01 -1.512959431556084033e-01 -4.128861082436259267e-01 3.301162986430540569e-02 0.000000000000000000e+00 1.574453670290367271e-02 0.000000000000000000e+00 -9.502421039013801349e-03 0.000000000000000000e+00 1.570862556916041014e-02 5.431540248169188345e+00 2.356356456060811233e+00 3.930899987088457781e+00 -7.854385799901130172e-01
-9.579831932773108516e-02 5.486747384458934285e-01 6.901590317956642073e-02 -4.134618181922390390e-01 3.422466983723894407e-02 -5.726930903738998158e-01 -1.518026690353075081e-01 -4.134290432680839400e-01 3.416568427954420895e-02 0.000000000000000000e+00 1.557581671771972841e-02 0.000000000000000000e+00 -1.002344195142225967e-02 0.000000000000000000e+00 1.554014804895567821e-02 5.435558705099635901e+00 2.356356765286083732e+00 3.922534050646548032e+00 -7.854384561617254734e-01
-1.008403361344537702e-01 5.492777015960872422e-01 7.216684160056402453e-02 -4.140101447705708537e-01 3.549410835338830117e-02 -5.709350547614617799e-01 -1.522828828793048317e-01 -4.139776386479381842e-01 3.543644180196340449e-02 0.000000000000000000e+00 1.536114937418294607e-02 0.000000000000000000e+00 -1.059664995148855253e-02 0.000000000000000000e+00 1.532573506372460377e-02 5.439541520763341076e+00 2.356357035441656755e+00 3.914029452791834007e+00 -7.854383693055385640e-01
-1.058823529411764552e-01 5.498806220938250444e-01 7.556409762034353716e-02 -4.145606982706800392e-01 3.687574878932164957e-02 -5.691347606573737838e-01 -1.527330053570500334e-01 -4.145285271662248472e-01 3.681934674521428891e-02 0.000000000000000000e+00 1.510020462003619848e-02 0.000000000000000000e+00 -1.122100629370451248e-02 0.000000000000000000e+00 1.506505793953275864e-02 5.443483748143098211e+00 2.356357268770583158e+00 3.905379421088603920e+00 -7.854383221662131209e-01
-1.109243697478991542e-01 5.504843116926541047e-01 7.921524448523294126e-02 -4.151094996337011955e-01 3.836475270166579687e-02 -5.672910920583796868e-01 -1.531499554417818376e-01 -4.150777210353157054e-01 3.830956195973138356e-02 0.000000000000000000e+00 1.479284608106651126e-02 0.000000000000000000e+00 -1.189537076447454329e-02 0.000000000000000000e+00 1.475798182131882533e-02 5.447380302759289528e+00 2.356357467609214940e+00 3.896577742040689962e+00 -7.854383171215415516e-01
-1.159663865546218392e-01 5.510893761131190338e-01 8.312565806708301086e-02 -4.156521499683603627e-01 3.995576225885544980e-02 -5.654031575765776640e-01 -1.535310749382272910e-01 -4.156208138515659622e-01 3.990172996493953489e-02 0.000000000000000000e+00 1.443918115723589503e-02 0.000000000000000000e+00 -1.261848824105969540e-02 0.000000000000000000e+00 1.440461569519111557e-02 5.451225875154622535e+00 2.356357634311387006e+00 3.887619215250355698e+00 -7.854383561548081705e-01
-1.210084033613445242e-01 5.516962136827374685e-01 8.729828918378994274e-02 -4.161839888269271981e-01 4.164270085204197641e-02 -5.634701645220736577e-01 -1.538741476677179809e-01 -4.161531386188146997e-01 4.158977381497522968e-02 0.000000000000000000e+00 1.403960800823688543e-02 0.000000000000000000e+00 -1.338897718158400460e-02 0.000000000000000000e+00 1.400535930702504622e-02 5.455014885352465370e+00 2.356357771182618688e+00 3.878500120116184835e+00 -7.854384408166652509e-01
-1.260504201680672232e-01 5.523050077220601484e-01 9.173338856121499019e-02 -4.167002285624720193e-01 4.341860265651216466e-02 -5.614913496776806623e-01 -1.541774876012920459e-01 -4.166699018968840762e-01 4.336672688946215798e-02 0.000000000000000000e+00 1.359486018043069844e-02 0.000000000000000000e+00 -1.420532008478398063e-02 0.000000000000000000e+00 1.356094772663332497e-02 5.458741481414708829e+00 2.356357880426061424e+00 3.869218695125649976e+00 -7.854385721818122335e-01
-1.310924369747898943e-01 5.529157149153157702e-01 9.642818935387831303e-02 -4.171960781090254256e-01 4.527546706492232426e-02 -5.594659575685797526e-01 -1.544400780987340016e-01 -4.171663074030023122e-01 4.522458754212525800e-02 0.000000000000000000e+00 1.310604829166202995e-02 0.000000000000000000e+00 -1.506585628879410568e-02 0.000000000000000000e+00 1.307249296327011798e-02 5.462399586461542000e+00 2.356357964103302116e+00 3.859775621981023530e+00 -7.854387507973051852e-01
-1.361344537815125932e-01 5.535280520294069140e-01 1.013765584201849895e-01 -4.176668647197205320e-01 4.720413930554902271e-02 -5.573932610996849002e-01 -1.546617484064328196e-01 -4.176376776090532927e-01 4.715419990385937010e-02 0.000000000000000000e+00 1.257469684797079580e-02 0.000000000000000000e+00 -1.596877778128803077e-02 0.000000000000000000e+00 1.254152072195550277e-02 5.465982998818459393e+00 2.356358024107304328e+00 3.850174498846905990e+00 -7.854389766366526304e-01
-1.411764705882352922e-01 5.541436649951387849e-01 1.065778636206297786e-01 -4.181022165217519460e-01 4.919317355966416894e-02 -5.552766387376339985e-01 -1.548528823226868467e-01 -4.180723052242316107e-01 4.914432038735406377e-02 0.000000000000000000e+00 1.199937235392333455e-02 0.000000000000000000e+00 -1.691333229393307894e-02 0.000000000000000000e+00 1.196694038035268741e-02 5.469481084453175157e+00 2.356358288023331582e+00 3.840420816326199471e+00 -7.854398295283471221e-01
-1.462184873949579633e-01 5.547592761615762758e-01 1.120068275118725754e-01 -4.185062277386331631e-01 5.123096269535302311e-02 -5.531099011433128210e-01 -1.550023939473095802e-01 -4.184756417973507503e-01 5.118319844061845758e-02 0.000000000000000000e+00 1.138661703001721086e-02 0.000000000000000000e+00 -1.789609418680083303e-02 0.000000000000000000e+00 1.135496037770323749e-02 5.472892190975219506e+00 2.356358508651485995e+00 3.830527659210547498e+00 -7.854406595321204998e-01
-1.512605042016806622e-01 5.553738375277581518e-01 1.176454348622794077e-01 -4.188746416366402325e-01 5.330495750368420549e-02 -5.508935573702878896e-01 -1.551150783207747297e-01 -4.188434368322598300e-01 5.325827108482178440e-02 0.000000000000000000e+00 1.073917717471822159e-02 0.000000000000000000e+00 -1.891485533420605297e-02 0.000000000000000000e+00 1.070832257370171216e-02 5.476211102967134536e+00 2.356358689609170387e+00 3.820509378322349825e+00 -7.854414688056460259e-01
-1.563025210084033334e-01 5.559860618226778461e-01 1.234711622839397144e-01 -4.192040617298046223e-01 5.540127199685486448e-02 -5.486283456264189340e-01 -1.551969875483461547e-01 -4.191723011854821546e-01 5.535563974207305393e-02 0.000000000000000000e+00 1.006025940194667928e-02 0.000000000000000000e+00 -1.996728721562305436e-02 0.000000000000000000e+00 1.003023060477327075e-02 5.479433344109831516e+00 2.356358833685228582e+00 3.810384522748258451e+00 -7.854422585635113530e-01
-1.613445378151260323e-01 5.565944411409421422e-01 1.294569963974056548e-01 -4.194919940185607432e-01 5.750489073585223626e-02 -5.463154730042379947e-01 -1.552556703720045506e-01 -4.194597483560521534e-01 5.746027766228521683e-02 0.000000000000000000e+00 9.353462754415960145e-03 0.000000000000000000e+00 -2.105097033281698449e-02 0.000000000000000000e+00 9.324281298461030432e-03 5.482555514612214687e+00 2.356358943229893921e+00 3.800175699646692884e+00 -7.854430293350737058e-01
-1.663865546218487312e-01 5.571972838455722110e-01 1.355717049164966437e-01 -4.197368952042438428e-01 5.959995208226353397e-02 -5.439568186375125514e-01 -1.553002858386965390e-01 -4.197042419659681167e-01 5.955631331093231423e-02 0.000000000000000000e+00 8.622677598708518992e-03 0.000000000000000000e+00 -2.216343044764216424e-02 0.000000000000000000e+00 8.594363076993218054e-03 5.485575608711145357e+00 2.356359020399201309e+00 3.789909199102715842e+00 -7.854437811393698565e-01
-1.714285714285714024e-01 5.577927698567903825e-01 1.417804198392020876e-01 -4.199382054939300168e-01 6.167011747411312028e-02 -5.415550865788315571e-01 -1.553415744254316444e-01 -4.199052280008344074e-01 6.162739978429798704e-02 0.000000000000000000e+00 7.871948255168398703e-03 0.000000000000000000e+00 -2.330218095780254781e-02 0.000000000000000000e+00 7.844518254116521205e-03 5.488493280418101250e+00 2.356359067305354049e+00 3.779614348724633643e+00 -7.854445136206797962e-01
-1.764705882352941013e-01 5.583793386315002438e-01 1.480471707293549155e-01 -4.200960883725443629e-01 6.369601537575708683e-02 -5.391144930822613368e-01 -1.553911655865433949e-01 -4.200616864025325525e-01 6.366198801486289138e-02 0.000000000000000000e+00 7.103575542646267324e-03 0.000000000000000000e+00 -2.446193845235576300e-02 0.000000000000000000e+00 7.085108195530233181e-03 5.491312459481056507e+00 2.356361024539001203e+00 3.769324849423608459e+00 -7.854473119811409276e-01
-1.815126050420167725e-01 5.589553587151309122e-01 1.543327141351726883e-01 -4.202129197975730812e-01 6.565520852001746621e-02 -5.366391526981685312e-01 -1.554637327398746827e-01 -4.201752411255427200e-01 6.564331065590914283e-02 0.000000000000000000e+00 6.319400956878922643e-03 0.000000000000000000e+00 -2.563932151817144983e-02 0.000000000000000000e+00 6.321807085350456337e-03 5.494037012725279112e+00 2.356366597147631303e+00 3.759075135882532503e+00 -7.854520448145551059e-01
-1.865546218487394714e-01 5.595183289155415407e-01 1.605960272647400100e-01 -4.202905117071099594e-01 6.753907647606607889e-02 -5.341340974311766798e-01 -1.555750507523566140e-01 -4.202506094798850178e-01 6.754454820646357827e-02 0.000000000000000000e+00 5.525449805647300594e-03 0.000000000000000000e+00 -2.683789005903511674e-02 0.000000000000000000e+00 5.545358626896170623e-03 5.496666258250418657e+00 2.356371993480085969e+00 3.748891162686288858e+00 -7.854568072155219127e-01
-1.915966386554621703e-01 5.600667631756045539e-01 1.668002336400855046e-01 -4.203317610518529368e-01 6.933424337260621351e-02 -5.316057056520424595e-01 -1.557378050019285753e-01 -4.202898772163616847e-01 6.935576556566294681e-02 0.000000000000000000e+00 4.724107195948885549e-03 0.000000000000000000e+00 -2.805444609230736339e-02 0.000000000000000000e+00 4.760225030848008916e-03 5.499207546087654386e+00 2.356377245652598873e+00 3.738804526578452414e+00 -7.854609742943354789e-01
-1.966386554621848415e-01 5.605994341188857977e-01 1.729127790152999444e-01 -4.203398435690330337e-01 7.103040484232356344e-02 -5.290601824119022245e-01 -1.559636014479756361e-01 -4.202959394119437642e-01 7.106843532090692528e-02 0.000000000000000000e+00 3.917589328741070791e-03 0.000000000000000000e+00 -2.928661916243558913e-02 0.000000000000000000e+00 3.970058970189900907e-03 5.501669815501530003e+00 2.356382475166188151e+00 3.728842651258947427e+00 -7.854646176069816077e-01
-2.016806722689075404e-01 5.611154190420566401e-01 1.789064576745172663e-01 -4.203180985252733537e-01 7.262013389021776399e-02 -5.265033780631473981e-01 -1.562627083833436348e-01 -4.202721679704734536e-01 7.267556064799564342e-02 0.000000000000000000e+00 3.107491323920928694e-03 0.000000000000000000e+00 -3.053288629325741702e-02 0.000000000000000000e+00 3.176997856957644584e-03 5.504062674995617854e+00 2.356387680924050709e+00 3.719027833282985362e+00 -7.854679738866737759e-01
-2.067226890756302393e-01 5.616132594119577215e-01 1.847701719186272407e-01 -4.202695114474392368e-01 7.409609241457752737e-02 -5.239379389761135153e-01 -1.566458422973322773e-01 -4.202216225474522115e-01 7.416357461811157181e-02 0.000000000000000000e+00 2.297376054803614617e-03 0.000000000000000000e+00 -3.180385644555672880e-02 0.000000000000000000e+00 2.376500344911496639e-03 5.506394387145398639e+00 2.356389451653292610e+00 3.709363206611719921e+00 -7.854645156730805100e-01
-2.117647058823529105e-01 5.620933448394919152e-01 1.905211417934274953e-01 -4.201915735726629575e-01 7.545839402898794901e-02 -5.213623986524626996e-01 -1.571104288884238309e-01 -4.201439336498603017e-01 7.552816986076069106e-02 0.000000000000000000e+00 1.490135257482813787e-03 0.000000000000000000e+00 -3.310820599061030378e-02 0.000000000000000000e+00 1.573688673088773039e-03 5.508685423591952457e+00 2.356354606419372999e+00 3.699844653810059114e+00 -7.854414281309041179e-01
-2.168067226890756094e-01 5.625569383200005324e-01 1.961440555466368307e-01 -4.200996757392007619e-01 7.668071262567184576e-02 -5.187806569315323024e-01 -1.576609673155563995e-01 -4.200360471573623689e-01 7.677801955237237297e-02 0.000000000000000000e+00 6.849498954340692497e-04 0.000000000000000000e+00 -3.444610761958091794e-02 0.000000000000000000e+00 7.721497128793767010e-04 5.510949995816658564e+00 2.356300444081495638e+00 3.690468933649034167e+00 -7.853647505606980994e-01
-2.218487394957983083e-01 5.630039899936890579e-01 2.015785790874938532e-01 -4.199904729291051297e-01 7.778769950523099774e-02 -5.162132310660685341e-01 -1.583114757220785984e-01 -4.199063517496066655e-01 7.792260050910740365e-02 0.000000000000000000e+00 -1.341065465792915857e-04 0.000000000000000000e+00 -3.577708984246992518e-02 0.000000000000000000e+00 -2.935658664151934681e-05 5.513178940220013757e+00 2.356246243670371943e+00 3.681303043363649774e+00 -7.852759296859467275e-01
-2.268907563025209795e-01 5.634350711235444065e-01 2.068192532928150862e-01 -4.198677206580163634e-01 7.878768833222755952e-02 -5.136626458743603907e-01 -1.590603174198089442e-01 -4.197604629993057501e-01 7.896485153079903230e-02 0.000000000000000000e+00 -9.719433169137130062e-04 0.000000000000000000e+00 -3.709285189269921623e-02 0.000000000000000000e+00 -8.347746560518576288e-04 5.515374017910279925e+00 2.356196571947902108e+00 3.672356230763456075e+00 -7.851876563312830681e-01
-2.319327731092436784e-01 5.638503896772425472e-01 2.118841061503982937e-01 -4.197321744845901592e-01 7.968871321852563638e-02 -5.111264888270095064e-01 -1.599023795484968147e-01 -4.196012959741995951e-01 7.990513607211557900e-02 0.000000000000000000e+00 -1.829382584024202970e-03 0.000000000000000000e+00 -3.839875596051715162e-02 0.000000000000000000e+00 -1.649179335335743081e-03 5.517539814175249191e+00 2.356152427177575781e+00 3.663614601119828951e+00 -7.851078179350343689e-01
-2.369747899159663496e-01 5.642499623486209037e-01 2.168022805811063436e-01 -4.195825136591012083e-01 8.049618095883785684e-02 -5.086004772332372026e-01 -1.608316457640615038e-01 -4.194288695045694793e-01 8.074352553315823633e-02 0.000000000000000000e+00 -2.705483051205877058e-03 0.000000000000000000e+00 -3.970667855136030683e-02 0.000000000000000000e+00 -2.477519588134220220e-03 5.519682620104969573e+00 2.356112161221039170e+00 3.655053387921500363e+00 -7.850376326181548459e-01
-2.420168067226890485e-01 5.646346330148476200e-01 2.215921637275762579e-01 -4.194208517799776215e-01 8.121036517492098705e-02 -5.060814709298061542e-01 -1.618426485043764351e-01 -4.192440812811675244e-01 8.148167855664791015e-02 0.000000000000000000e+00 -3.603108917215902020e-03 0.000000000000000000e+00 -4.101890646532380807e-02 0.000000000000000000e+00 -3.325112327902708751e-03 5.521805500591536742e+00 2.356073960368507691e+00 3.646654815982300235e+00 -7.849734276895979912e-01
-2.470588235294117474e-01 5.650047523083276957e-01 2.262763747159174943e-01 -4.192458628857044789e-01 8.183413649333035056e-02 -5.035668918791554871e-01 -1.629295481393753520e-01 -4.190456340490698040e-01 8.212227706235220026e-02 0.000000000000000000e+00 -4.523460047270802704e-03 0.000000000000000000e+00 -4.234129899800127134e-02 0.000000000000000000e+00 -4.195045477063737149e-03 5.523912197675810098e+00 2.356036139685519171e+00 3.638398728362393530e+00 -7.849120169523159385e-01
-2.521008403361344463e-01 5.653606657397242108e-01 2.308721471463096586e-01 -4.190563846579394292e-01 8.237085008774537587e-02 -5.010552145732793949e-01 -1.640865698501907111e-01 -4.188323553036410463e-01 8.266869821084092684e-02 0.000000000000000000e+00 -5.467950448255897745e-03 0.000000000000000000e+00 -4.367683474651559705e-02 0.000000000000000000e+00 -5.089296206404578422e-03 5.526005167603840640e+00 2.355997573023063119e+00 3.630269391844175519e+00 -7.848505959873119942e-01
-2.571428571428571175e-01 5.656991580028652988e-01 2.354593186399542015e-01 -4.188305898228577573e-01 8.281403597130278238e-02 -4.985341319817361838e-01 -1.653186743948748261e-01 -4.185951564619941889e-01 8.308821427037084428e-02 0.000000000000000000e+00 -6.434341129151656055e-03 0.000000000000000000e+00 -4.509146272888112789e-02 0.000000000000000000e+00 -6.016863303885182541e-03 5.528097270983557188e+00 2.355954288413752540e+00 3.622175664928960703e+00 -7.847969137342704071e-01
-2.621848739495797886e-01 5.660240836220788996e-01 2.399583458410876891e-01 -4.185939430419606255e-01 8.317445235188833386e-02 -4.960188252252222818e-01 -1.666085716266335337e-01 -4.183434059793431081e-01 8.342325158105670657e-02 0.000000000000000000e+00 -7.424908253289896030e-03 0.000000000000000000e+00 -4.651328083343195252e-02 0.000000000000000000e+00 -6.967773816325599154e-03 5.530177750771943401e+00 2.355909598138501426e+00 3.614201751863590939e+00 -7.847360263504777889e-01
-2.672268907563025153e-01 5.663377081109431943e-01 2.443646117072032775e-01 -4.183485217787775712e-01 8.346536712871545360e-02 -4.935111900384536177e-01 -1.679473684889712937e-01 -4.180820984752579017e-01 8.367928242920064097e-02 0.000000000000000000e+00 -8.438738865503963085e-03 0.000000000000000000e+00 -4.792518437032081136e-02 0.000000000000000000e+00 -7.943011232021849471e-03 5.532244619509486760e+00 2.355862909676625261e+00 3.606350554175488554e+00 -7.846682512325646730e-01
-2.722689075630251865e-01 5.666456981243150892e-01 2.486418795171390916e-01 -4.181048164286868540e-01 8.370687610321052297e-02 -4.910170807192457132e-01 -1.693207952189960674e-01 -4.178277307423433062e-01 8.386377875360426226e-02 0.000000000000000000e+00 -9.470972725597836400e-03 0.000000000000000000e+00 -4.927765123263062874e-02 0.000000000000000000e+00 -8.945001879203611991e-03 5.534292572164169144e+00 2.355815131062553469e+00 3.598659306148350723e+00 -7.846010910696586960e-01
-2.773109243697478576e-01 5.669571779095978759e-01 2.527360167128621105e-01 -4.178822518748252501e-01 8.391826409157715494e-02 -4.885423766252054989e-01 -1.707100896708203808e-01 -4.176066609109132521e-01 8.398476954389740012e-02 0.000000000000000000e+00 -1.051715721726016566e-02 0.000000000000000000e+00 -5.048894616262836893e-02 0.000000000000000000e+00 -9.982131217634235276e-03 5.536314727908386857e+00 2.355769381940434393e+00 3.591205466695001292e+00 -7.845546083864842757e-01
-2.823529411764705843e-01 5.672696655328626214e-01 2.567322963518980372e-01 -4.176645097363824166e-01 8.408155436196339261e-02 -4.860766277438104965e-01 -1.721228689608725049e-01 -4.173958271574079726e-01 8.404364165061090075e-02 0.000000000000000000e+00 -1.158963744611671981e-02 0.000000000000000000e+00 -5.159509241072356145e-02 0.000000000000000000e+00 -1.106436377439990598e-02 5.538313137285393317e+00 2.355729164640689266e+00 3.583951740028899824e+00 -7.845374187735542071e-01
-2.873949579831932555e-01 5.675790095501602739e-01 2.606916875305169135e-01 -4.174359884050952152e-01 8.419264598325368332e-02 -4.836141108759816620e-01 -1.735639870761905568e-01 -4.171722772163903303e-01 8.405439430269552592e-02 0.000000000000000000e+00 -1.269463606780224865e-02 0.000000000000000000e+00 -5.263623685225411047e-02 0.000000000000000000e+00 -1.218967520291799889e-02 5.540291027153356751e+00 2.355694387556558578e+00 3.576859624515603020e+00 -7.845410224437111557e-01
-2.924369747899159266e-01 5.678821335859831620e-01 2.646439473398057296e-01 -4.171855075251053591e-01 8.425556804182106341e-02 -4.811534513248854061e-01 -1.750357646601737316e-01 -4.169235622856309331e-01 8.402222722203153693e-02 0.000000000000000000e+00 -1.383174934281581996e-02 0.000000000000000000e+00 -5.364047574890665193e-02 0.000000000000000000e+00 -1.335402219601898761e-02 5.542250491448140082e+00 2.355662758895844533e+00 3.569904472904062764e+00 -7.845574552244324318e-01
-2.974789915966385978e-01 5.681771038080298819e-01 2.686004253776144712e-01 -4.169077639600642926e-01 8.427262802343919723e-02 -4.786938505384134568e-01 -1.765383814693911868e-01 -4.166447685895235398e-01 8.394644383107496832e-02 0.000000000000000000e+00 -1.500027651040007973e-02 0.000000000000000000e+00 -5.462460625085895083e-02 0.000000000000000000e+00 -1.455359576325101524e-02 5.544193146246372272e+00 2.355633431616424911e+00 3.563072438173835454e+00 -7.845843494339240776e-01
-3.025210084033613245e-01 5.684625230983829658e-01 2.725660832694390967e-01 -4.166001984060028196e-01 8.424413449493596551e-02 -4.762343759983573288e-01 -1.780713719854959409e-01 -4.163336862063483079e-01 8.382386342195435880e-02 0.000000000000000000e+00 -1.620021052585114349e-02 0.000000000000000000e+00 -5.560056775732739875e-02 0.000000000000000000e+00 -1.578517355352118678e-02 5.546120436015983479e+00 2.355606187639672555e+00 3.556351948536474517e+00 -7.846209187777272165e-01
-3.075630252100839956e-01 5.687374811776951811e-01 2.765414678931814585e-01 -4.162619873253198821e-01 8.417000079128618417e-02 -4.737744324663581419e-01 -1.796337308929604470e-01 -4.159897331564694212e-01 8.365064267518985963e-02 0.000000000000000000e+00 -1.743168663874113816e-02 0.000000000000000000e+00 -5.657585783944252267e-02 0.000000000000000000e+00 -1.704594366766937555e-02 5.548033629414467427e+00 2.355581020406938730e+00 3.549734058533422054e+00 -7.846667898105968986e-01
-3.126050420168066668e-01 5.690014976403438007e-01 2.805243551972818050e-01 -4.158932556840510553e-01 8.405087121733902100e-02 -4.713139547304912025e-01 -1.812239494991927657e-01 -4.156132443735583992e-01 8.342332444589228846e-02 0.000000000000000000e+00 -1.869463417227533800e-02 0.000000000000000000e+00 -5.755419799693899108e-02 0.000000000000000000e+00 -1.833343593011522998e-02 5.549933800075286250e+00 2.355557995858649001e+00 3.543212632901698189e+00 -7.847219150065657400e-01
-3.176470588235293935e-01 5.692541910515709347e-01 2.845152047868056422e-01 -4.154937941502712118e-01 8.388812904364807699e-02 -4.688517714825740645e-01 -1.828399148357986725e-01 -4.152040928907654305e-01 8.313962750253305056e-02 0.000000000000000000e+00 -1.998792330514190252e-02 0.000000000000000000e+00 -5.854038433224676569e-02 0.000000000000000000e+00 -1.964470380732961929e-02 5.551824828448062910e+00 2.355537278440034576e+00 3.536775968206865350e+00 -7.847863713889290382e-01
-3.226890756302520646e-01 5.694958444744245840e-01 2.885063702914153483e-01 -4.150649681799847279e-01 8.368408538829619214e-02 -4.663899048291957339e-01 -1.844800123244335066e-01 -4.147637098608364936e-01 8.279752503330545244e-02 0.000000000000000000e+00 -2.131160386192077622e-02 0.000000000000000000e+00 -5.953058566793463513e-02 0.000000000000000000e+00 -2.097828205512450653e-02 5.553705829318021259e+00 2.355519115763492266e+00 3.530428175074781016e+00 -7.848604035001641721e-01
-3.277310924369747358e-01 5.697267095394531466e-01 2.924961484548723178e-01 -4.146069470413608071e-01 8.344197558068638942e-02 -4.639288239034196626e-01 -1.861419826367028685e-01 -4.142921791379333141e-01 8.239634808044341008e-02 0.000000000000000000e+00 -2.266514617096139148e-02 0.000000000000000000e+00 -6.052371996428550227e-02 0.000000000000000000e+00 -2.233253367836184056e-02 5.555577797884089897e+00 2.355503765371845581e+00 3.524165879347168850e+00 -7.849442437702811581e-01
-3.327731092436974625e-01 5.699420231293235162e-01 2.967312193651898689e-01 -4.140323454259700608e-01 8.291127711897315622e-02 -4.614683957569517547e-01 -1.878926930482664182e-01 -4.136999212158219974e-01 8.188429238330165172e-02 0.000000000000000000e+00 -2.400881228694897590e-02 0.000000000000000000e+00 -6.184970456381654047e-02 0.000000000000000000e+00 -2.371426344643159587e-02 5.557431988931134548e+00 2.355511838353115284e+00 3.517366351249325174e+00 -7.849337487397837210e-01
-3.378151260504201336e-01 5.701457582065323493e-01 3.008520370329798577e-01 -4.134493907272700497e-01 8.228977321905560360e-02 -4.590384602872142894e-01 -1.896763454413241956e-01 -4.131029044916140758e-01 8.128192440156699339e-02 0.000000000000000000e+00 -2.535737745605811180e-02 0.000000000000000000e+00 -6.318762065374343428e-02 0.000000000000000000e+00 -2.509462436218652323e-02 5.559281421565716030e+00 2.355520206077291956e+00 3.510655659388689731e+00 -7.849209118963191845e-01
-3.428571428571428048e-01 5.703404240973972694e-01 3.049110743647906463e-01 -4.128497699696331291e-01 8.159119701606819264e-02 -4.566276054550535424e-01 -1.914757805737049567e-01 -4.124903527826506155e-01 8.060966979889475081e-02 0.000000000000000000e+00 -2.671556185328439678e-02 0.000000000000000000e+00 -6.452901254381228358e-02 0.000000000000000000e+00 -2.647389514120818826e-02 5.561126658315319382e+00 2.355530218581710411e+00 3.504028957761398999e+00 -7.849161920520817404e-01
-3.478991596638655315e-01 5.705276493258596426e-01 3.089292147876774863e-01 -4.122300014000571666e-01 8.083178718676239938e-02 -4.542326720364664450e-01 -1.932806920483794710e-01 -4.118602630731804104e-01 7.987334745108702616e-02 0.000000000000000000e+00 -2.808458368451729678e-02 0.000000000000000000e+00 -6.586258878394098126e-02 0.000000000000000000e+00 -2.786162605505366693e-02 5.562959460651329735e+00 2.355540125928673678e+00 3.497475259326341845e+00 -7.849119650936263737e-01
-3.529411764705882026e-01 5.707085353144772943e-01 3.129240802025429757e-01 -4.115848588937908170e-01 8.001617090976428925e-02 -4.518523466747609851e-01 -1.950884021182373862e-01 -4.112069109401800260e-01 7.907870910156911126e-02 0.000000000000000000e+00 -2.946470244100895045e-02 0.000000000000000000e+00 -6.718709962519731071e-02 0.000000000000000000e+00 -2.925876346516385548e-02 5.564779394739166385e+00 2.355549991614694694e+00 3.490983886677196057e+00 -7.849079724952943149e-01
-3.579831932773108738e-01 5.708839096164921578e-01 3.169045367170006400e-01 -4.109105619225889017e-01 7.914710443592820610e-02 -4.494871912892323129e-01 -1.968986321857182920e-01 -4.105261354154557951e-01 7.822924719919549519e-02 0.000000000000000000e+00 -3.085527847250413985e-02 0.000000000000000000e+00 -6.850153848437386117e-02 0.000000000000000000e+00 -3.066501688077999041e-02 5.566586977826115223e+00 2.355559852484378158e+00 3.484548207566269706e+00 -7.849040618187392848e-01
-3.630252100840335450e-01 5.710544746835690688e-01 3.208752864488786938e-01 -4.102041993969003930e-01 7.822645286804287557e-02 -4.471384721689820596e-01 -1.987119066826935065e-01 -4.098147657419850542e-01 7.732726303205580964e-02 0.000000000000000000e+00 -3.225515032389670439e-02 0.000000000000000000e+00 -6.980503261154333283e-02 0.000000000000000000e+00 -3.207948143109717182e-02 5.568383189061981042e+00 2.355569733120081111e+00 3.478163551298171896e+00 -7.849001662448357175e-01
-3.680672268907562716e-01 5.712208834466258045e-01 3.248391048553612159e-01 -4.094634013476371459e-01 7.725566272527069345e-02 -4.448076536507402645e-01 -2.005288823283147559e-01 -4.090702295506695174e-01 7.637448249413357482e-02 0.000000000000000000e+00 -3.366285797938040752e-02 0.000000000000000000e+00 -7.109677938376969542e-02 0.000000000000000000e+00 -3.350087019384229842e-02 5.570169263187167985e+00 2.355579647929986198e+00 3.471826118063051414e+00 -7.848962544375278627e-01
-3.731092436974789428e-01 5.713837062499921293e-01 3.288025107664194202e-01 -4.086854898892538501e-01 7.623510849967747582e-02 -4.424952529748528707e-01 -2.023484718220560641e-01 -4.082893248205627379e-01 7.537091316983569877e-02 0.000000000000000000e+00 -3.507631595543000275e-02 0.000000000000000000e+00 -7.237645834661836364e-02 0.000000000000000000e+00 -3.492935388827934223e-02 5.571945617859419109e+00 2.355588519896542721e+00 3.465528576596119237e+00 -7.848913137869301115e-01
-3.781512605042016140e-01 5.715435131904205157e-01 3.327597758457623289e-01 -4.078695973170493594e-01 7.516658563704381457e-02 -4.402042116564131580e-01 -2.041735176677190178e-01 -4.074718159342899382e-01 7.431857529461764755e-02 0.000000000000000000e+00 -3.649412727983475380e-02 0.000000000000000000e+00 -7.364286755190731226e-02 0.000000000000000000e+00 -3.636122940808738518e-02 5.573715277430220105e+00 2.355597438733625815e+00 3.459272844281869208e+00 -7.848864531986240456e-01
-3.831932773109243406e-01 5.717009782160741294e-01 3.367136772302481429e-01 -4.070139130712830955e-01 7.405138476082306909e-02 -4.379354131579927256e-01 -2.060036925856599255e-01 -4.066156802072953269e-01 7.321908265031669416e-02 0.000000000000000000e+00 -3.791447890148718497e-02 0.000000000000000000e+00 -7.489522991900281201e-02 0.000000000000000000e+00 -3.779487405412554346e-02 5.575479627371834113e+00 2.355606427046627260e+00 3.453055038554884604e+00 -7.848816149361784733e-01
-3.882352941176470118e-01 5.718567461585544187e-01 3.406659760543909732e-01 -4.061167995250452023e-01 7.289061123085900651e-02 -4.356899723244857525e-01 -2.078389903261638749e-01 -4.057191134914776565e-01 7.207373058827866441e-02 0.000000000000000000e+00 -3.933545002868421570e-02 0.000000000000000000e+00 -7.613280087007540109e-02 0.000000000000000000e+00 -3.922848088742673239e-02 5.577240242659884828e+00 2.355615497309365924e+00 3.446871659351880002e+00 -7.848767740403840287e-01
-3.932773109243696830e-01 5.720114490378676031e-01 3.446180348753955514e-01 -4.051767143249967451e-01 7.168528474958456298e-02 -4.334690625403692099e-01 -2.096794990215541943e-01 -4.047804350249177840e-01 7.088365670118003392e-02 0.000000000000000000e+00 -4.075505583524972192e-02 0.000000000000000000e+00 -7.735485082287224534e-02 0.000000000000000000e+00 -4.066013716784678406e-02 5.578998819937810438e+00 2.355624656150046459e+00 3.440719313696233517e+00 -7.848719212410587565e-01
-3.983193277310924096e-01 5.721657107712131429e-01 3.485710688671432855e-01 -4.041921682057894039e-01 7.043637439396649436e-02 -4.312738541911181889e-01 -2.115253298778328184e-01 -4.037980359976443001e-01 6.964990829616414525e-02 0.000000000000000000e+00 -4.217126995738418316e-02 0.000000000000000000e+00 -7.856065708373345668e-02 0.000000000000000000e+00 -4.208786496206407685e-02 5.580757152198000171e+00 2.355633906769215358e+00 3.434594602088905990e+00 -7.848670544122308135e-01
-4.033613445378150808e-01 5.723201472066586915e-01 3.525262487987705362e-01 -4.031617000643629711e-01 6.914480890687875470e-02 -4.291054953235904912e-01 -2.133766029046195722e-01 -4.027703495600195582e-01 6.837347004702162834e-02 0.000000000000000000e+00 -4.358203862646724963e-02 0.000000000000000000e+00 -7.974949986577432870e-02 0.000000000000000000e+00 -4.350964478083911569e-02 5.582517121134950244e+00 2.355643250263067756e+00 3.428494070420425643e+00 -7.848621743958859032e-01
-4.084033613445377520e-01 5.724753642546979160e-01 3.564847450953542718e-01 -4.020838609673214603e-01 6.781147781803255337e-02 -4.269651067482385098e-01 -2.152334507239166694e-01 -4.016958318957796759e-01 6.705527458341759006e-02 0.000000000000000000e+00 -4.498529134383597028e-02 0.000000000000000000e+00 -8.092066012852401624e-02 0.000000000000000000e+00 -4.492343134547436417e-02 5.584280696765250518e+00 2.355652686316638711e+00 3.422414188266381885e+00 -7.848572830410355250e-01
-4.134453781512604786e-01 5.726319551978191758e-01 3.604477485450805485e-01 -4.009572031465701847e-01 6.643722925299574977e-02 -4.248537810703952311e-01 -2.170960260578656542e-01 -4.005729493881064474e-01 6.569620563942665803e-02 0.000000000000000000e+00 -4.637894994769094226e-02 0.000000000000000000e+00 -8.207341823276398385e-02 0.000000000000000000e+00 -4.632716550523939547e-02 5.586049940098491540e+00 2.355662213536440230e+00 3.416351338032457718e+00 -7.848523823660294996e-01
-4.184873949579831498e-01 5.727904975899699158e-01 3.644164814863484203e-01 -3.997802719930798609e-01 6.502286656512572260e-02 -4.227725820065945661e-01 -2.189645081675759275e-01 -3.994001693787809226e-01 6.429709783449570615e-02 0.000000000000000000e+00 -4.776093679449049112e-02 0.000000000000000000e+00 -8.320705295782390709e-02 0.000000000000000000e+00 -4.771878414617780617e-02 5.587827007204674068e+00 2.355671829573389608e+00 3.410301808874047325e+00 -7.848474742989396402e-01
-4.235294117647058210e-01 5.729515499023549729e-01 3.683922047754920048e-01 -3.985515999630048767e-01 6.356914455668646879e-02 -4.207225429226909008e-01 -2.208391070787351085e-01 -3.981759531830328380e-01 6.285873482545654978e-02 0.000000000000000000e+00 -4.912918237281344719e-02 0.000000000000000000e+00 -8.432084066107771447e-02 0.000000000000000000e+00 -4.909622898572249539e-02 5.589614154050393857e+00 2.355681531117086447e+00 3.404261793019550453e+00 -7.848425607235653967e-01
-4.285714285714285476e-01 5.731156479759876854e-01 3.723762225732538678e-01 -3.972697017596947267e-01 6.207676556964684955e-02 -4.187046644163427422e-01 -2.227200656028694714e-01 -3.968987505984684083e-01 6.138184657753601586e-02 0.000000000000000000e+00 -5.048163251639789517e-02 0.000000000000000000e+00 -8.541405445789891637e-02 0.000000000000000000e+00 -5.045745471898271939e-02 5.591413741883187960e+00 2.355691313804203268e+00 3.398227383580270544e+00 -7.848376436830781788e-01
-4.336134453781512188e-01 5.732833013017433199e-01 3.763698857714665169e-01 -3.959330703982825161e-01 6.054637555352297695e-02 -4.167199110194726441e-01 -2.246076594511968449e-01 -3.955669954482169959e-01 5.986710608908366732e-02 0.000000000000000000e+00 -5.181625530738666330e-02 0.000000000000000000e+00 -8.648596334620807513e-02 0.000000000000000000e+00 -5.180043675370770567e-02 5.593228243121272314e+00 2.355701172069437188e+00 3.392194573572537841e+00 -7.848327256296793175e-01
-4.386554621848738900e-01 5.734549891224381968e-01 3.803745944487039177e-01 -3.945401738934094515e-01 5.897856015547697783e-02 -4.147692071394389335e-01 -2.265021957184281676e-01 -3.941791018536394686e-01 5.831512579286775994e-02 0.000000000000000000e+00 -5.313104768671689238e-02 0.000000000000000000e+00 -8.753583123204040917e-02 0.000000000000000000e+00 -5.312317858632895073e-02 5.595060247824426014e+00 2.355711098977002038e+00 3.386159256293019393e+00 -7.848278095874310356e-01
-4.436974789915966166e-01 5.736311563194922414e-01 3.843917996177847463e-01 -3.930894523628322701e-01 5.737384087514928177e-02 -4.128534323681524176e-01 -2.284040098962985266e-01 -3.927334609827347611e-01 5.672645399065213284e-02 0.000000000000000000e+00 -5.442404167721604652e-02 0.000000000000000000e+00 -8.856291585483554163e-02 0.000000000000000000e+00 -5.442371863811104604e-02 5.596912470955567542e+00 2.355721086109061613e+00 3.380117227606675101e+00 -7.848228990432314367e-01
-4.487394957983192878e-01 5.738122090060521208e-01 3.884230045310759771e-01 -3.915793153068867216e-01 5.573267142031504418e-02 -4.109734163593765088e-01 -2.303134614482555131e-01 -3.912284379726801431e-01 5.510157204816447385e-02 0.000000000000000000e+00 -5.569330995380383093e-02 0.000000000000000000e+00 -8.956646768105963607e-02 0.000000000000000000e+00 -5.570013605807613843e-02 5.598787760803515035e+00 2.355731123648916903e+00 3.374064191100501819e+00 -7.848179973646155494e-01
-4.537815126050419590e-01 5.739985097204617359e-01 3.924697658458640159e-01 -3.900081387114244791e-01 5.405543468016823366e-02 -4.091299336570380363e-01 -2.322309279263028159e-01 -3.896623685979302976e-01 5.344089347772681270e-02 0.000000000000000000e+00 -5.693697030122974595e-02 0.000000000000000000e+00 -9.054572893223568342e-02 0.000000000000000000e+00 -5.695055472313480249e-02 5.600689109037888080e+00 2.355741200835396398e+00 3.367995767096252813e+00 -7.848131066959239677e-01
-4.588235294117646301e-01 5.741903721539192151e-01 3.965336949201063166e-01 -3.883742615152772082e-01 5.234244124598025349e-02 -4.073236990862357798e-01 -2.341567977657191824e-01 -3.880335551553464879e-01 5.174476576226176572e-02 0.000000000000000000e+00 -5.815318845848398838e-02 0.000000000000000000e+00 -9.149993299364674038e-02 0.000000000000000000e+00 -5.817314481333369508e-02 5.602619662679554580e+00 2.355751306866211259e+00 3.361907505581503752e+00 -7.848082267410980695e-01
-4.638655462184873568e-01 5.743880555057271353e-01 4.006164592856732432e-01 -3.866759811141745051e-01 5.059393083112911915e-02 -4.055553642874498710e-01 -2.360914623026443560e-01 -3.863402612133443603e-01 5.001347387804581240e-02 0.000000000000000000e+00 -5.934017930046112804e-02 0.000000000000000000e+00 -9.242830440508646717e-02 0.000000000000000000e+00 -5.936612242880926621e-02 5.604582737542320281e+00 2.355761431985830434e+00 3.355794900979310658e+00 -7.848033544290919927e-01
-4.689075630252100280e-01 5.745917587715101416e-01 4.047197839030886035e-01 -3.849115481927123938e-01 4.881007732667003857e-02 -4.038255152468467335e-01 -2.380353078966041536e-01 -3.845807055600824476e-01 4.824724148194371037e-02 0.000000000000000000e+00 -6.049620742735720841e-02 0.000000000000000000e+00 -9.333005936842300732e-02 0.000000000000000000e+00 -6.052774957837939174e-02 5.606581831621864964e+00 2.355771568069989996e+00 3.349653404756200104e+00 -7.847984854031887503e-01
-4.739495798319326991e-01 5.748016152929102951e-01 4.088454513688015712e-01 -3.830791620842746159e-01 4.699099588381604881e-02 -4.021346693899346403e-01 -2.399887086050195573e-01 -3.827530566555429892e-01 4.644622533869223469e-02 0.000000000000000000e+00 -6.161958934512265507e-02 0.000000000000000000e+00 -9.420440631345100568e-02 0.000000000000000000e+00 -6.165633777711504449e-02 5.608620636492145373e+00 2.355781708078760861e+00 3.343478433054955179e+00 -7.847936168830372816e-01
-4.789915966386554258e-01 5.750176875864029258e-01 4.129953002438492282e-01 -3.811769681547039768e-01 4.513674803303603655e-02 -4.004832702417754908e-01 -2.419520185391332012e-01 -3.808554292491247439e-01 4.461050402357249339e-02 0.000000000000000000e+00 -6.270869906357434687e-02 0.000000000000000000e+00 -9.505054588323810782e-02 0.000000000000000000e+00 -6.275025650307775038e-02 5.610703046016953799e+00 2.355791844598482676e+00 3.337265371212751575e+00 -7.847887497655215983e-01
-4.840336134453780970e-01 5.752399621230428473e-01 4.171712212386742280e-01 -3.792030577412166537e-01 4.324734185194280267e-02 -3.988716789579419553e-01 -2.439255621648261929e-01 -3.788858839154889968e-01 4.274006875838571445e-02 0.000000000000000000e+00 -6.376197673480427097e-02 0.000000000000000000e+00 -9.586766997821613567e-02 0.000000000000000000e+00 -6.380794409119908139e-02 5.612833163825584393e+00 2.355801968526650025e+00 3.331009580321908636e+00 -7.847838881565133429e-01
-4.890756302521007681e-01 5.754683437702048376e-01 4.213751516622912807e-01 -3.771554697770767017e-01 4.132272843170728405e-02 -3.973001641516188398e-01 -2.459096216660381362e-01 -3.768424287977406584e-01 4.083482377242983463e-02 0.000000000000000000e+00 -6.477793789546994196e-02 0.000000000000000000e+00 -9.665496002499603112e-02 0.000000000000000000e+00 -6.482791717103100759e-02 5.615015311885784399e+00 2.355812068728744268e+00 3.324706408845129246e+00 -7.847790368267726357e-01
-4.941176470588234948e-01 5.757026499264389363e-01 4.256090687748061430e-01 -3.750321928098914737e-01 3.936279866355352208e-02 -3.957688921743570121e-01 -2.479044221425916461e-01 -3.747230221965494601e-01 3.889459622066486488e-02 0.000000000000000000e+00 -6.575518096418370151e-02 0.000000000000000000e+00 -9.741158497991539433e-02 0.000000000000000000e+00 -6.580877671922821803e-02 5.617254041434681433e+00 2.355822132560509097e+00 3.318351207922878743e+00 -7.847741985877194626e-01
-4.991596638655461660e-01 5.759426045609500333e-01 4.298749824836896050e-01 -3.728311668023518433e-01 3.736738327318740727e-02 -3.942779189681006047e-01 -2.499101160237266195e-01 -3.725255751242414481e-01 3.691915018414661936e-02 0.000000000000000000e+00 -6.669239227943614401e-02 0.000000000000000000e+00 -9.813669957064678762e-02 0.000000000000000000e+00 -6.674921141771193722e-02 5.619554145963041591e+00 2.355832146632234725e+00 3.311939347584323734e+00 -7.847693729751615832e-01
-5.042016806722688926e-01 5.761878323091439436e-01 4.341749275582174605e-01 -3.705502849219712291e-01 3.533625650735244123e-02 -3.928271832671728081e-01 -2.519267674241243427e-01 -3.702479537632758499e-01 3.490819973409972632e-02 0.000000000000000000e+00 -6.758834929868463848e-02 0.000000000000000000e+00 -9.882944306772195597e-02 0.000000000000000000e+00 -6.764799991932253509e-02 5.621920675234092002e+00 2.355842097364397425e+00 3.305466232584768793e+00 -7.847645562944619568e-01
-5.092436974789915638e-01 5.764378526644176048e-01 4.385109553709877761e-01 -3.681873958691366244e-01 3.326914249560031928e-02 -3.914165003722221980e-01 -2.539543363336304038e-01 -3.678879822537983180e-01 3.286141927318293743e-02 0.000000000000000000e+00 -6.844192289853892608e-02 0.000000000000000000e+00 -9.948893866516451967e-02 0.000000000000000000e+00 -6.850401311339721078e-02 5.624358949435027455e+00 2.355851971243256404e+00 3.298927318183414226e+00 -7.847597424004587596e-01
-5.142857142857142350e-01 5.766920742664087829e-01 4.428851250713565224e-01 -3.657403072530461818e-01 3.116572325166678051e-02 -3.900455558566112146e-01 -2.559926621979519701e-01 -3.654434463276495237e-01 3.077845173185987313e-02 0.000000000000000000e+00 -6.925207944131836491e-02 0.000000000000000000e+00 -1.001142934356962916e-01 0.000000000000000000e+00 -6.931621674579098447e-02 5.626874572917804684e+00 2.355861754872838443e+00 3.292318126617906682e+00 -7.847549236254389715e-01
-5.193277310924369061e-01 5.769497893043598058e-01 4.472994940254582663e-01 -3.632067903800476061e-01 2.902564770999528296e-02 -3.887138989082697949e-01 -2.580414465286645642e-01 -3.629120982193763112e-01 2.865891590757851937e-02 0.000000000000000000e+00 -7.001788292084720755e-02 0.000000000000000000e+00 -1.007045988071373493e-01 0.000000000000000000e+00 -7.008367434176679400e-02 5.629473447236642336e+00 2.355871434936750664e+00 3.285634264781047698e+00 -7.847500915525894571e-01
-5.243697478991595773e-01 5.772104799588579915e-01 4.517616597548829716e-01 -3.605808688941944951e-01 2.684941510454940533e-02 -3.874212031363117315e-01 -2.600986416438389459e-01 -3.602889923503296288e-01 2.649968240639234696e-02 0.000000000000000000e+00 -7.073872550185178465e-02 0.000000000000000000e+00 -1.012603146611382315e-01 0.000000000000000000e+00 -7.081106049572902239e-02 5.632157406237162434e+00 2.355879878482603385e+00 3.278865802115743300e+00 -7.847450678774776645e-01
-5.294117647058822484e-01 5.774727380797093357e-01 4.562645798529809116e-01 -3.578644102440069474e-01 2.463531067328650001e-02 -3.861678281601291229e-01 -2.621667521314770544e-01 -3.575753963384303291e-01 2.430194045603131792e-02 0.000000000000000000e+00 -7.141353517969670217e-02 0.000000000000000000e+00 -1.017793503610107536e-01 0.000000000000000000e+00 -7.149215601463961012e-02 5.634938043930387330e+00 2.355888031455371401e+00 3.272015099404142813e+00 -7.847400180265996505e-01
-5.344537815126050306e-01 5.777355442198126578e-01 4.608130457727503959e-01 -3.550548480517428107e-01 2.238336300161261616e-02 -3.849516147646527831e-01 -2.642432442268001780e-01 -3.547686800851837519e-01 2.206602255077578373e-02 0.000000000000000000e+00 -7.204167801648447833e-02 0.000000000000000000e+00 -1.022606128559589295e-01 0.000000000000000000e+00 -7.212645897884328861e-02 5.637821668374228601e+00 2.355895948165377618e+00 3.265077350464473671e+00 -7.847349083033952066e-01
-5.394957983193277018e-01 5.779976826942730961e-01 4.654094737128630643e-01 -3.521498104966380160e-01 2.009326289873634638e-02 -3.837713101075853617e-01 -2.663268457088684427e-01 -3.518664451058254317e-01 1.979170574049823189e-02 0.000000000000000000e+00 -7.262264508050635115e-02 0.000000000000000000e+00 -1.027030993675556447e-01 0.000000000000000000e+00 -7.271349980000961499e-02 5.640815393676128942e+00 2.355903638777353315e+00 3.258048570719959347e+00 -7.847297262370854787e-01
-5.445378151260503730e-01 5.782577879351453731e-01 4.700558268424268604e-01 -3.491469833729715089e-01 1.776467878513286053e-02 -3.826256596182661118e-01 -2.684162746041194869e-01 -3.488663623063233410e-01 1.747868150677763313e-02 0.000000000000000000e+00 -7.315604437766155821e-02 0.000000000000000000e+00 -1.031058210657968821e-01 0.000000000000000000e+00 -7.325289839395868197e-02 5.643926756415972967e+00 2.355911100488856214e+00 3.250925077830380427e+00 -7.847244654771323713e-01
-5.495798319327730441e-01 5.785143497994355011e-01 4.747539181267355080e-01 -3.460441026659937802e-01 1.539731130692516790e-02 -3.815132515041026462e-01 -2.705100120786842477e-01 -3.457661569333473350e-01 1.512665580265177070e-02 0.000000000000000000e+00 -7.364159762165801981e-02 0.000000000000000000e+00 -1.034677936573804025e-01 0.000000000000000000e+00 -7.374438004775356326e-02 5.647163653958527263e+00 2.355918326933300389e+00 3.243703428141953893e+00 -7.847191216585497342e-01
-5.546218487394957153e-01 5.787657127887729791e-01 4.795054442772794800e-01 -3.428389701108629506e-01 1.299091268025341639e-02 -3.804324867732153392e-01 -2.726062482822648181e-01 -3.425636217897463642e-01 1.273538136837412682e-02 0.000000000000000000e+00 -7.407914095523567000e-02 0.000000000000000000e+00 -1.037880400911214696e-01 0.000000000000000000e+00 -7.418778163573601370e-02 5.650534334387354640e+00 2.355925310962094787e+00 3.236380427870250820e+00 -7.847136912942692666e-01
-5.596638655462183864e-01 5.790100752030583608e-01 4.843119748206599628e-01 -3.395294750571070663e-01 1.054530320486033075e-02 -3.793815701107546290e-01 -2.747028558094795625e-01 -3.392566383251214845e-01 1.030467778521542734e-02 0.000000000000000000e+00 -7.446862688637108374e-02 0.000000000000000000e+00 -1.040655962367486587e-01 0.000000000000000000e+00 -7.458305511157740930e-02 5.654047391910456355e+00 2.355932045458548174e+00 3.228953156907210964e+00 -7.847081714886828818e-01
-5.647058823529411686e-01 5.792454893829926954e-01 4.891749326781702489e-01 -3.361136202550228935e-01 8.060388689698593304e-03 -3.783585047388982603e-01 -2.767973674166022691e-01 -3.358432021172241266e-01 7.834449785381924700e-03 0.000000000000000000e+00 -7.481012628877445336e-02 0.000000000000000000e+00 -1.042995181012651845e-01 0.000000000000000000e+00 -7.493026994349570591e-02 5.657711759603291313e+00 2.355938523580858313e+00 3.221418995290475706e+00 -7.847025598704054916e-01
-5.697478991596638398e-01 5.794698634053465636e-01 4.940955721127267553e-01 -3.325895513153517835e-01 5.536178898363154806e-03 -3.773610888226630045e-01 -2.788869546844611191e-01 -3.323214521735246008e-01 5.324705869896921746e-03 0.000000000000000000e+00 -7.510383007226838215e-02 0.000000000000000000e+00 -1.044888904195856727e-01 0.000000000000000000e+00 -7.522961490496050951e-02 5.661536697629017567e+00 2.355944738844241382e+00 3.213775650709346010e+00 -7.846968545833421516e-01
-5.747899159663865110e-01 5.796809644782884297e-01 4.990749550456953787e-01 -3.289555898684930479e-01 2.972806829657601013e-03 -3.763869133200820061e-01 -2.809684075749126486e-01 -3.286897039857046288e-01 2.775577588886941373e-03 0.000000000000000000e+00 -7.535005037686764995e-02 0.000000000000000000e+00 -1.046328366591502967e-01 0.000000000000000000e+00 -7.548139930224886940e-02 5.665531776062048053e+00 2.355950685159544644e+00 3.206021186727384009e+00 -7.846910542938702049e-01
-5.798319327731091821e-01 5.798764242752079134e-01 5.041139260047913240e-01 -3.252102704546540046e-01 3.705486640075967403e-04 -3.754333615613710817e-01 -2.830381153847969511e-01 -3.249464863409505244e-01 1.873394563758613266e-04 0.000000000000000000e+00 -7.554922121157353621e-02 0.000000000000000000e+00 -1.047305305040010931e-01 0.000000000000000000e+00 -7.568605362390698477e-02 5.669706851569892514e+00 2.355956356860918088e+00 3.198154051602529080e+00 -7.846851582031248995e-01
-5.848739495798318533e-01 5.800537464508341845e-01 5.092130858721898301e-01 -3.213523811385955997e-01 -2.270155796542875758e-03 -3.744976109185266244e-01 -2.850920497381210228e-01 -3.210905818749634766e-01 -2.439570640172227575e-03 0.000000000000000000e+00 -7.570189847176951592e-02 0.000000000000000000e+00 -1.047812088773320272e-01 0.000000000000000000e+00 -7.584412956486397128e-02 5.674072037207331221e+00 2.355961748731089767e+00 3.190173107615799086e+00 -7.846791660613635644e-01
-5.899159663865545244e-01 5.802103165870311496e-01 5.143727646135274334e-01 -3.173810077899800741e-01 -4.948682392525522757e-03 -3.735766369525632680e-01 -2.871257503335580830e-01 -3.171210713041493490e-01 -5.104530729238550973e-03 0.000000000000000000e+00 -7.580875926821666055e-02 0.000000000000000000e+00 -1.047841865453534027e-01 0.000000000000000000e+00 -7.595629936477231448e-02 5.678637664565414411e+00 2.355966856026112222e+00 3.182077660823942722e+00 -7.846730781834333479e-01
-5.949579831932771956e-01 5.803434148139665627e-01 5.195929931991317696e-01 -3.132955819047886781e-01 -7.664201807762575404e-03 -3.726672204382250331e-01 -2.891343142329535487e-01 -3.130373812101101549e-01 -7.806713978898691987e-03 0.000000000000000000e+00 -7.587060049779320581e-02 0.000000000000000000e+00 -1.047388723227707097e-01 0.000000000000000000e+00 -7.602335439434822206e-02 5.683414237516259071e+00 2.355971674499437007e+00 3.173867491151762366e+00 -7.846668954649098637e-01
-5.999999999999999778e-01 5.804400731087923093e-01 5.248653224102721726e-01 -3.091117766625630092e-01 -1.041589631068140683e-02 -3.717581406611140671e-01 -2.910974593043013092e-01 -3.088564457827166487e-01 -1.053884661589205539e-02 0.000000000000000000e+00 -7.587218813564267084e-02 0.000000000000000000e+00 -1.046438262360023935e-01 0.000000000000000000e+00 -7.602777950464928436e-02 5.688452869360488329e+00 2.355976805641220473e+00 3.165572233869169416e+00 -7.846607086933863329e-01
