0.000000000000000000e+00 5.417910153728403566e-01 2.754026100410889369e-02 -4.115209792627020358e-01 3.700778536231490862e-02 -5.895707795169754517e-01 -1.290350129230801168e-01 -4.115178176512760411e-01 3.691113098495970440e-02 0.000000000000000000e+00 5.636809063231652123e-03 0.000000000000000000e+00 -5.964358483721754825e-03 0.000000000000000000e+00 5.596431129153174068e-03 5.356411075256403365e+00 2.356365429050828908e+00 4.066073094642398189e+00 -7.854533168398547538e-01
-5.042016806722688510e-03 5.432366380822265528e-01 3.031941355089303250e-02 -4.177693628018224192e-01 3.092133540230794508e-02 -5.816702948126329931e-01 -1.208312185788057436e-01 -4.177611468568084296e-01 3.082965123111686134e-02 0.000000000000000000e+00 6.662292173017388824e-03 0.000000000000000000e+00 -5.559341873203619416e-03 0.000000000000000000e+00 6.622181171599684536e-03 5.358250764663595511e+00 2.356363041233693778e+00 4.062463541750829243e+00 -7.854522973636068883e-01
-1.008403361344537702e-02 5.444791398579611474e-01 3.260871123782107389e-02 -4.220950348777428585e-01 2.649198202065362190e-02 -5.756488319602196535e-01 -1.153015047739942012e-01 -4.220823054871358226e-01 2.640470689231207146e-02 0.000000000000000000e+00 7.448754563176549805e-03 0.000000000000000000e+00 -5.206986204846448217e-03 0.000000000000000000e+00 7.408897769738360950e-03 5.360722833193183767e+00 2.356361551537490495e+00 4.057996170050558682e+00 -7.854516484558907718e-01
-1.512605042016806553e-02 5.455639541362752309e-01 3.456669022324713320e-02 -4.249887107488375393e-01 2.337962693777601367e-02 -5.711641255541495266e-01 -1.118652371004150159e-01 -4.249720440633645846e-01 2.329621327675590950e-02 0.000000000000000000e+00 8.072962057394439395e-03 0.000000000000000000e+00 -4.932595410137101920e-03 0.000000000000000000e+00 8.033339107949375585e-03 5.363688849102736356e+00 2.356360698233487927e+00 4.052822484079757537e+00 -7.854512499767425382e-01
-2.016806722689075404e-02 5.465309101286758287e-01 3.630532672547619882e-02 -4.268946955897188755e-01 2.124524365861222425e-02 -5.678096762185694812e-01 -1.099252595319920311e-01 -4.268746839920703473e-01 2.116516748422781619e-02 0.000000000000000000e+00 8.585544069303861769e-03 0.000000000000000000e+00 -4.744658254919354411e-03 0.000000000000000000e+00 8.546148540464220192e-03 5.367007514385502276e+00 2.356360268728322271e+00 4.047109068156428791e+00 -7.854510147380106000e-01
-2.521008403361344255e-02 5.474101088699780959e-01 3.790072092153901756e-02 -4.281526274676442090e-01 1.981803060467167074e-02 -5.652327423951268859e-01 -1.089974443743189220e-01 -4.281298432226975925e-01 1.974081542303128198e-02 0.000000000000000000e+00 9.017299075167095959e-03 0.000000000000000000e+00 -4.643325462347728042e-03 0.000000000000000000e+00 8.978142475686925333e-03 5.370569601606410615e+00 2.356360112680428998e+00 4.040989285868850089e+00 -7.854508840936877956e-01
-3.025210084033613106e-02 5.482229843562697047e-01 3.940657099498599825e-02 -4.290009315991292760e-01 1.890340353596027881e-02 -5.631666027678394748e-01 -1.087313122628392886e-01 -4.289758977360851322e-01 1.882863721549728198e-02 0.000000000000000000e+00 9.386424849250733088e-03 0.000000000000000000e+00 -4.625886874602318580e-03 0.000000000000000000e+00 9.347532079256095153e-03 5.374299711197566332e+00 2.356360131101008726e+00 4.034556346657740100e+00 -7.854508210697136450e-01
-3.529411764705882304e-02 5.489846000907521173e-01 4.086372337215774669e-02 -4.295997109102699940e-01 1.836886482223437297e-02 -5.614230553647401312e-01 -1.088876520568416578e-01 -4.295728864060163743e-01 1.829620496997713675e-02 0.000000000000000000e+00 9.703568294990128767e-03 0.000000000000000000e+00 -4.689311614343469152e-03 0.000000000000000000e+00 9.664971608774310108e-03 5.378148273348062780e+00 2.356360260845889787e+00 4.027870929381788478e+00 -7.854508036626343115e-01
-4.033613445378150808e-02 5.497056837028053700e-01 4.230581768581345714e-02 -4.300538461957492120e-01 1.812673818633447897e-02 -5.598740578211157670e-01 -1.093084264497919122e-01 -4.300256228545890069e-01 1.805590902628104871e-02 0.000000000000000000e+00 9.974860879466198108e-03 0.000000000000000000e+00 -4.831138441433821366e-03 0.000000000000000000e+00 9.936595156183763294e-03 5.382083308158427393e+00 2.356360461894374314e+00 4.020970665117748588e+00 -7.854508196042657708e-01
-4.537815126050419312e-02 5.503940961825320999e-01 4.376241058483653495e-02 -4.304309466063329093e-01 1.811995516202235049e-02 -5.584341690069533071e-01 -1.098911886789922382e-01 -4.304016529605564911e-01 1.805073997357484542e-02 0.000000000000000000e+00 1.020367320522519265e-02 0.000000000000000000e+00 -5.049636860134934339e-03 0.000000000000000000e+00 1.016577298301293494e-02 5.386084210528072624e+00 2.356360708595615083e+00 4.013877728483968177e+00 -7.854508627316978409e-01
-5.042016806722688510e-02 5.510558127508221604e-01 4.526067821114184569e-02 -4.307739935201573833e-01 1.831178571238201852e-02 -5.570469299609160929e-01 -1.105702595258959697e-01 -4.307439020211615288e-01 1.824401774639416648e-02 0.000000000000000000e+00 1.039163675230499358e-02 0.000000000000000000e+00 -5.343704084205071203e-03 0.000000000000000000e+00 1.035413466847777235e-02 5.390137507590381460e+00 2.356360984095893230e+00 4.006604145852195487e+00 -7.854509306377651656e-01
-5.546218487394957708e-02 5.516955569422630212e-01 4.682635076420588877e-02 -4.311098514147764238e-01 1.867883173948804015e-02 -5.556751825984994619e-01 -1.113037394436370564e-01 -4.310791865956721813e-01 1.861238524585939053e-02 0.000000000000000000e+00 1.053925397995461241e-02 0.000000000000000000e+00 -5.712697262279959991e-03 0.000000000000000000e+00 1.050218013974371124e-02 5.394234076427503410e+00 2.356361276921559611e+00 3.999155300605154562e+00 -7.854510232129718883e-01
-6.050420168067226212e-02 5.523172056584453316e-01 4.848423092694607167e-02 -4.314548631602543316e-01 1.920637583835323875e-02 -5.542944815073107545e-01 -1.120648372964656719e-01 -4.314238095337898926e-01 1.914115795381846410e-02 0.000000000000000000e+00 1.064627350149585476e-02 0.000000000000000000e+00 -6.156274940554259251e-03 0.000000000000000000e+00 1.060965539431999935e-02 5.398367353530439061e+00 2.356361578921524202e+00 3.991532183955674107e+00 -7.854511417623943892e-01
-6.554621848739494716e-02 5.529240471072048857e-01 5.025847931659763873e-02 -4.318184785650920343e-01 1.988533112955298207e-02 -5.528887153525854359e-01 -1.128361879077921376e-01 -4.317871876970744149e-01 1.982127487196639129e-02 0.000000000000000000e+00 1.071192777433339384e-02 0.000000000000000000e+00 -6.674268743090407477e-03 0.000000000000000000e+00 1.067579048244554109e-02 5.402532194566359358e+00 2.356361884039227306e+00 3.983732819297951089e+00 -7.854512884759690117e-01
-7.058823529411764608e-02 5.535189449087093427e-01 5.217276202851119093e-02 -4.322055863969535006e-01 2.071024602675458626e-02 -5.514472338625717729e-01 -1.136061713950296953e-01 -4.321741829730645912e-01 2.064730439230900647e-02 0.000000000000000000e+00 1.073508863361019236e-02 0.000000000000000000e+00 -7.266586080315329266e-03 0.000000000000000000e+00 1.069945517785398682e-02 5.406724152332507138e+00 2.356362187582754064e+00 3.975753159194771680e+00 -7.854514661086006155e-01
-7.563025210084033112e-02 5.541044420740243170e-01 5.425031014245151884e-02 -4.326180029574064889e-01 2.167799097976629008e-02 -5.499629734958659810e-01 -1.143665493052841847e-01 -4.325865898536889187e-01 2.161613203311875744e-02 0.000000000000000000e+00 1.071437328893674532e-02 0.000000000000000000e+00 -7.933138313623059115e-03 0.000000000000000000e+00 1.067926502363645766e-02 5.410939018944439738e+00 2.356362485791437145e+00 3.967587656110952210e+00 -7.854516777811331174e-01
-8.067226890756301616e-02 5.546828259268873351e-01 5.651391751628155602e-02 -4.330554168640676216e-01 2.278687961777184010e-02 -5.484312343236638077e-01 -1.151109585827747306e-01 -4.330240793181795445e-01 2.272608243240689316e-02 0.000000000000000000e+00 1.064822074448695637e-02 0.000000000000000000e+00 -8.673787773906810675e-03 0.000000000000000000e+00 1.061365775503700370e-02 5.415172531165573844e+00 2.356362775577276913e+00 3.959229640984394560e+00 -7.854519268488414641e-01
-8.571428571428570120e-02 5.552561670487968781e-01 5.898589024462830288e-02 -4.335159860020414979e-01 2.403606216320573058e-02 -5.468488763294674371e-01 -1.158339621381397067e-01 -4.334847950125403915e-01 2.397631347152548789e-02 0.000000000000000000e+00 1.053495129932779072e-02 0.000000000000000000e+00 -9.488307812494069932e-03 0.000000000000000000e+00 1.050095277978966950e-02 5.419420173008883346e+00 2.356363054367724974e+00 3.950671599887677132e+00 -7.854522168059869802e-01
-9.075630252100838624e-02 5.558263402894535465e-01 6.168795323326322494e-02 -4.339967141366639636e-01 2.542508545310367615e-02 -5.452137831161466552e-01 -1.165304612300157999e-01 -4.339657292194720739e-01 2.536637688253929809e-02 0.000000000000000000e+00 1.037281746378843246e-02 0.000000000000000000e+00 -1.037635125569580201e-02 0.000000000000000000e+00 1.033940206455138608e-02 5.423677033349107113e+00 2.356363320005486983e+00 3.941905410959593237e+00 -7.854525512077236149e-01
-9.579831932773108516e-02 5.563950326923695622e-01 6.464111366372553291e-02 -4.344936900903688115e-01 2.695355060812643783e-02 -5.435244946817748835e-01 -1.171953455150407108e-01 -4.344629615099317443e-01 2.689587640077260519e-02 0.000000000000000000e+00 1.016005204396696823e-02 0.000000000000000000e+00 -1.133742374583898531e-02 0.000000000000000000e+00 1.012723818544051732e-02 5.427937692465913067e+00 2.356363570678420061e+00 3.932922585986321273e+00 -7.854529335982513016e-01
-1.008403361344537702e-01 5.569637411539737348e-01 6.786547636329842703e-02 -4.350022436458215180e-01 2.862082306621838504e-02 -5.417799466496560079e-01 -1.178233032069211095e-01 -4.349718142216037475e-01 2.856417820052483889e-02 0.000000000000000000e+00 9.894917606799722917e-03 0.000000000000000000e+00 -1.237085935591345116e-02 0.000000000000000000e+00 9.862723757042630296e-03 5.432196122984981557e+00 2.356363804863497169e+00 3.923714549726384782e+00 -7.854533674382231379e-01
-1.058823529411764552e-01 5.575337613555930716e-01 7.138000168304099724e-02 -4.355170540068752927e-01 3.042576500469662201e-02 -5.399792771379232637e-01 -1.184087445276689604e-01 -4.354869605780221642e-01 3.037014365674223920e-02 0.000000000000000000e+00 9.575760625727208764e-03 0.000000000000000000e+00 -1.347579657523837598e-02 0.000000000000000000e+00 9.544205539632959895e-03 5.436445599409013951e+00 2.356364021275845655e+00 3.914272982766608955e+00 -7.854538560263731872e-01
-1.109243697478991542e-01 5.581061687501723823e-01 7.520219231008520855e-02 -4.360322351247159500e-01 3.236647027369865537e-02 -5.381216785295809268e-01 -1.189458120587167100e-01 -4.360025097382070336e-01 3.231186457183590072e-02 0.000000000000000000e+00 9.201073043229764103e-03 0.000000000000000000e+00 -1.465115334208680516e-02 0.000000000000000000e+00 9.170175959460754797e-03 5.440678617479641765e+00 2.356364218818251199e+00 3.904590248592585411e+00 -7.854544024117871004e-01
-1.159663865546218392e-01 5.586817920325891640e-01 7.934769174560867000e-02 -4.365414151036918211e-01 3.443998902284813729e-02 -5.362062825965855373e-01 -1.194284653043257149e-01 -4.365120859757048444e-01 3.438638806288611682e-02 0.000000000000000000e+00 8.769563555140531819e-03 0.000000000000000000e+00 -1.589560032079935514e-02 0.000000000000000000e+00 8.739344344850775992e-03 5.444886830656441745e+00 2.356364396529946337e+00 3.894659921288139870e+00 -7.854550092936584127e-01
-1.210084033613445242e-01 5.592611795301146715e-01 8.382977456208638711e-02 -4.370378226580350356e-01 3.664203476713066149e-02 -5.342320756180625185e-01 -1.198506360065414028e-01 -4.370089149441652165e-01 3.658942386603389330e-02 0.000000000000000000e+00 8.280240424017277362e-03 0.000000000000000000e+00 -1.720753216307032915e-02 0.000000000000000000e+00 8.250719683082653050e-03 5.449061016355147835e+00 2.356364553535571282e+00 3.884477425611061463e+00 -7.854556789059818911e-01
-1.260504201680672232e-01 5.598445593220868766e-01 8.865870804051889653e-02 -4.375143910978572803e-01 3.896667187901447366e-02 -5.321978464873045045e-01 -1.202064567571281412e-01 -4.374859274958928235e-01 3.891503205325928111e-02 0.000000000000000000e+00 7.732506854674787641e-03 0.000000000000000000e+00 -1.858503712917579723e-02 0.000000000000000000e+00 7.703705929161619968e-03 5.453191089247161116e+00 2.356364688997267365e+00 3.874040794846933089e+00 -7.854564128859221617e-01
-1.310924369747898943e-01 5.604317946650027027e-01 9.384096794054258561e-02 -4.379638887481848153e-01 4.140598736332899710e-02 -5.301021759419227708e-01 -1.204905687239408718e-01 -4.379358899471062494e-01 4.135529502393633927e-02 0.000000000000000000e+00 7.126268677158114143e-03 0.000000000000000000e+00 -2.002586623962228363e-02 0.000000000000000000e+00 7.098209610007661860e-03 5.457266182549521005e+00 2.356364802073955822e+00 3.863351542376225911e+00 -7.854572121254312922e-01
-1.361344537815125932e-01 5.610223374929785845e-01 9.937830014717648208e-02 -4.383790833277443344e-01 4.394975804874633879e-02 -5.279434790753549933e-01 -1.206985146721622215e-01 -4.383515683088552994e-01 4.389998490820649218e-02 0.000000000000000000e+00 6.462052017711558162e-03 0.000000000000000000e+00 -2.152740412240435053e-02 0.000000000000000000e+00 6.434757404097687754e-03 5.461274820115852080e+00 2.356364891892858360e+00 3.852415628703688810e+00 -7.854580766087394528e-01
-1.411764705882352922e-01 5.616151843841630242e-01 1.052666375054032155e-01 -4.387529459204935200e-01 4.658513356769489189e-02 -5.257201157442219497e-01 -1.208272201438632676e-01 -4.387259321109140409e-01 4.653624675520920406e-02 0.000000000000000000e+00 5.741125542990340759e-03 0.000000000000000000e+00 -2.308664491163159305e-02 0.000000000000000000e+00 5.714618282628472143e-03 5.465205201147080416e+00 2.356364957539038407e+00 3.841244485225761007e+00 -7.854590052415848511e-01
-1.462184873949579633e-01 5.622088413497464687e-01 1.114949102357113142e-01 -4.390788970059579799e-01 4.929636683005026582e-02 -5.234305833176581269e-01 -1.208755574068445110e-01 -4.390524002735173847e-01 4.924832922337611663e-02 0.000000000000000000e+00 4.965617582544301287e-03 0.000000000000000000e+00 -2.470017785216676448e-02 0.000000000000000000e+00 4.939920512461395789e-03 5.469045613967275621e+00 2.356364998069390815e+00 3.829856028196508166e+00 -7.854599956717995823e-01
-1.512605042016806622e-01 5.628013058807106450e-01 1.180438310317515338e-01 -4.393510917795944715e-01 5.206463656056001255e-02 -5.210738017752872819e-01 -1.208449721709909663e-01 -4.393251263123147954e-01 5.201740726393214859e-02 0.000000000000000000e+00 4.138613002723857785e-03 0.000000000000000000e+00 -2.636418842498325713e-02 0.000000000000000000e+00 4.113748441530324859e-03 5.472784983874823261e+00 2.356365012548471860e+00 3.818275561577615385e+00 -7.854610441729606984e-01
-1.563025210084033334e-01 5.633900764277258721e-01 1.248847921709583669e-01 -4.395647341647471174e-01 5.486801882331884123e-02 -5.186494904779945792e-01 -1.207401310658066940e-01 -4.395393121761807520e-01 5.482155386457206875e-02 0.000000000000000000e+00 3.264208902898746000e-03 0.000000000000000000e+00 -2.807448154487507744e-02 0.000000000000000000e+00 3.240198063620797122e-03 5.476413541210086500e+00 2.356365000122556896e+00 3.806536428767363311e+00 -7.854621455061496782e-01
-1.613445378151260323e-01 5.639722001493604475e-01 1.319790756346563843e-01 -4.397163981775470409e-01 5.768167317844636460e-02 -5.161586173712796599e-01 -1.205695191697278290e-01 -4.396915295053550055e-01 5.763592633337832200e-02 0.000000000000000000e+00 2.347502977641427024e-03 0.000000000000000000e+00 -2.982653291895904710e-02 0.000000000000000000e+00 2.324365308369031810e-03 5.479923569409148598e+00 2.356364960115971297e+00 3.794680238325808919e+00 -7.854632928964879746e-01
-1.663865546218487312e-01 5.645443684010216234e-01 1.392776349395530577e-01 -4.398043227940289790e-01 6.047830829637193539e-02 -5.136038750736430236e-01 -1.203458852665429818e-01 -4.397800144170666004e-01 6.043323201492993568e-02 0.000000000000000000e+00 1.394486510292944738e-03 0.000000000000000000e+00 -3.161557259484879673e-02 0.000000000000000000e+00 1.372238991151123431e-03 5.483310161181341513e+00 2.356364892148909096e+00 3.782756470538056970e+00 -7.854644781070286852e-01
-1.714285714285714024e-01 5.651044009569627935e-01 1.467243031662015529e-01 -4.398263528271894041e-01 6.322547667166482366e-02 -5.109933159274698822e-01 -1.200953042936553361e-01 -4.397993823859501772e-01 6.318226578592443798e-02 0.000000000000000000e+00 4.090000128242043389e-04 0.000000000000000000e+00 -3.343802134881936061e-02 0.000000000000000000e+00 3.880874208692406757e-04 5.486569445572019532e+00 2.356364909028025423e+00 3.770823271132435650e+00 -7.854662142087832644e-01
-1.764705882352941013e-01 5.656478952486838629e-01 1.542469407887293587e-01 -4.397908710381489006e-01 6.587310801799463322e-02 -5.083307061929651649e-01 -1.198356539745241284e-01 -4.397589412472571735e-01 6.584989149850190016e-02 0.000000000000000000e+00 -6.090301824957946144e-04 0.000000000000000000e+00 -3.528128793631835070e-02 0.000000000000000000e+00 -6.110753183614705273e-04 5.489707041196919768e+00 2.356370958280311179e+00 3.758947393730955877e+00 -7.854703659823659700e-01
-1.815126050420167725e-01 5.661705483244272585e-01 1.617767712947688064e-01 -4.396984756145622120e-01 6.841458528487516511e-02 -5.056264362960328773e-01 -1.195856804223039277e-01 -4.396621574174887637e-01 6.841045031340110827e-02 0.000000000000000000e+00 -1.643661087512619150e-03 0.000000000000000000e+00 -3.714746624199734282e-02 0.000000000000000000e+00 -1.626214813928414426e-03 5.492727236077389108e+00 2.356377019338335987e+00 3.747182292389108049e+00 -7.854748152881917411e-01
-1.865546218487394714e-01 5.666696526699931402e-01 1.692422585196118046e-01 -4.395549287378787695e-01 7.082500292092791527e-02 -5.028916143344829282e-01 -1.193707387580967560e-01 -4.395145112765789230e-01 7.084119038184874539e-02 0.000000000000000000e+00 -2.688364495564869467e-03 0.000000000000000000e+00 -3.903225979299634191e-02 0.000000000000000000e+00 -2.650259433984262451e-03 5.495641268531937129e+00 2.356383003730023074e+00 3.735588793270897767e+00 -7.854787170916103234e-01
-1.915966386554621703e-01 5.671430942460945479e-01 1.765761030223365058e-01 -4.393666608216649783e-01 7.308366194473904509e-02 -5.001390781608006098e-01 -1.192174651919747086e-01 -4.393225319376296567e-01 7.312139594048883140e-02 0.000000000000000000e+00 -3.738061062738336215e-03 0.000000000000000000e+00 -4.093237341287903758e-02 0.000000000000000000e+00 -3.677941871688080767e-03 5.498462827589427171e+00 2.356388847829475441e+00 3.724220625446204913e+00 -7.854823211832040464e-01
-1.966386554621848415e-01 5.675896055056528500e-01 1.837188238403543450e-01 -4.391408089228939771e-01 7.517418077273109456e-02 -4.973823503454397055e-01 -1.191513832294233965e-01 -4.390933311738354217e-01 7.523484962217115435e-02 0.000000000000000000e+00 -4.789794981225320609e-03 0.000000000000000000e+00 -4.284437125063823154e-02 0.000000000000000000e+00 -4.706065457216046868e-03 5.501207076724090150e+00 2.356394649116553275e+00 3.713122981437435133e+00 -7.854857572612420347e-01
-2.016806722689075404e-01 5.680088456297971433e-01 1.906235101282363342e-01 -4.388844404113172448e-01 7.708626296906731512e-02 -4.946342664798556443e-01 -1.191943321295933084e-01 -4.388340148740915714e-01 7.717103066707348136e-02 0.000000000000000000e+00 -5.842387789787418725e-03 0.000000000000000000e+00 -4.476489702507297636e-02 0.000000000000000000e+00 -5.733492424375258648e-03 5.503889735919195836e+00 2.356400492809172409e+00 3.702329532010278701e+00 -7.854892346424738880e-01
-2.067226890756302393e-01 5.684013619412150442e-01 1.972587676963718228e-01 -4.386040611430527258e-01 7.881612247396309334e-02 -4.919056763058650139e-01 -1.193624969915150213e-01 -4.385509526865619123e-01 7.892642353410297962e-02 0.000000000000000000e+00 -6.896611212768562725e-03 0.000000000000000000e+00 -4.669104461541032092e-02 0.000000000000000000e+00 -6.760771781965336721e-03 5.506525918897211547e+00 2.356406586585249485e+00 3.691860668729669559e+00 -7.854929197849469524e-01
-2.117647058823529105e-01 5.687684672536181818e-01 2.036098219026472311e-01 -4.383052023739899550e-01 8.036387119504682930e-02 -4.892048755159959517e-01 -1.196664697288142010e-01 -4.382493456101183016e-01 8.050239531150246708e-02 0.000000000000000000e+00 -7.955555506068126212e-03 0.000000000000000000e+00 -4.861992127812787140e-02 0.000000000000000000e+00 -7.789837376797365855e-03 5.509129201903227191e+00 2.356413402537476554e+00 3.681724705470684533e+00 -7.854971159445648388e-01
-2.168067226890756094e-01 5.691119753197350084e-01 2.096781946197815716e-01 -4.379916295696388295e-01 8.173452760132177142e-02 -4.865371385003064986e-01 -1.201107542636672826e-01 -4.379330044873185335e-01 8.190387918294386727e-02 0.000000000000000000e+00 -9.022765910114510096e-03 0.000000000000000000e+00 -5.054933857289054672e-02 0.000000000000000000e+00 -8.824341557168241534e-03 5.511711210024589747e+00 2.356420914340889183e+00 3.671918052031208024e+00 -7.855019407396613973e-01
-2.218487394957983083e-01 5.694339960268252065e-01 2.154783627226980192e-01 -4.376655349547364793e-01 8.293839728102420095e-02 -4.839044221984749039e-01 -1.206935109667650469e-01 -4.376042302871963607e-01 8.314039484731579333e-02 0.000000000000000000e+00 -1.010198991135182606e-02 0.000000000000000000e+00 -5.247823116792324494e-02 0.000000000000000000e+00 -9.868994858355042282e-03 5.514280907351903238e+00 2.356428707798199795e+00 3.662426458118734462e+00 -7.855069571573493059e-01
-2.268907563025209795e-01 5.697367520676167585e-01 2.210333845366435901e-01 -4.373279169515486009e-01 8.398799333928179400e-02 -4.813061013672284005e-01 -1.214083690594316423e-01 -4.372640454877077532e-01 8.422401233518699015e-02 0.000000000000000000e+00 -1.119761392926434986e-02 0.000000000000000000e+00 -5.440572201808432234e-02 0.000000000000000000e+00 -1.092863400576410404e-02 5.516844533779713622e+00 2.356436498481238928e+00 3.653229608608059564e+00 -7.855117456743854198e-01
-2.319327731092436784e-01 5.700224139616281160e-01 2.263708407292763514e-01 -4.369788614654471215e-01 8.489659055122737719e-02 -4.787397939864592167e-01 -1.222459311618158823e-01 -4.369125552035125759e-01 8.516764944155022499e-02 0.000000000000000000e+00 -1.231402704032497075e-02 0.000000000000000000e+00 -5.633059385719759588e-02 0.000000000000000000e+00 -1.200789957080238349e-02 5.519405938667228284e+00 2.356444141409699711e+00 3.644304716306509651e+00 -7.855161065771372186e-01
-2.369747899159663496e-01 5.702841461153239644e-01 2.316440759077928735e-01 -4.366037270564440131e-01 8.565104459103603518e-02 -4.761763101916139385e-01 -1.232059687939687925e-01 -4.365080324206590534e-01 8.597336301656920143e-02 0.000000000000000000e+00 -1.346186291948557080e-02 0.000000000000000000e+00 -5.834584123705795905e-02 0.000000000000000000e+00 -1.312260912792712411e-02 5.521980468109283890e+00 2.356390270096621720e+00 3.635491565658830471e+00 -7.854321354327563620e-01
-2.420168067226890485e-01 5.705296935064870789e-01 2.367539342505766975e-01 -4.362151308067936384e-01 8.629270572907585257e-02 -4.736349875903936302e-01 -1.242693356343628902e-01 -4.360886477325459087e-01 8.664733597877437299e-02 0.000000000000000000e+00 -1.464370361687639469e-02 0.000000000000000000e+00 -6.037071613160693850e-02 0.000000000000000000e+00 -1.426032280162946309e-02 5.524559758727404457e+00 2.356331908582945278e+00 3.626892802416847417e+00 -7.853442195378862456e-01
-2.470588235294117474e-01 5.707583896179442284e-01 2.417550711363560256e-01 -4.358006998222481720e-01 8.683475313133591500e-02 -4.711120375349580058e-01 -1.254266968938282101e-01 -4.356427051938505102e-01 8.720047672369214686e-02 0.000000000000000000e+00 -1.585576285337585850e-02 0.000000000000000000e+00 -6.242772841414812035e-02 0.000000000000000000e+00 -1.542037144447312540e-02 5.527149360939136891e+00 2.356270079841859655e+00 3.618465369832173817e+00 -7.852516151325894533e-01
-2.521008403361344463e-01 5.709748871192604769e-01 2.466202696105340708e-01 -4.353760677209362329e-01 8.728733128903835847e-02 -4.686071734346787254e-01 -1.266628232226808537e-01 -4.351838726622975217e-01 8.764472939687481534e-02 0.000000000000000000e+00 -1.710354752393681774e-02 0.000000000000000000e+00 -6.447873260899729397e-02 0.000000000000000000e+00 -1.660792753322011539e-02 5.529739631126498800e+00 2.356204407095884079e+00 3.610218602918465081e+00 -7.851491012607567654e-01
-2.571428571428571175e-01 5.711856543135565012e-01 2.513150803615263329e-01 -4.349544793473023030e-01 8.767581855517261880e-02 -4.661249032766401901e-01 -1.279569762173594916e-01 -4.347294119397001610e-01 8.799666956889302949e-02 0.000000000000000000e+00 -1.838165090419029146e-02 0.000000000000000000e+00 -6.647206935590041499e-02 0.000000000000000000e+00 -1.782445424962640287e-02 5.532321579444691828e+00 2.356134184053920499e+00 3.602182424127646332e+00 -7.850363192787128686e-01
-2.621848739495797886e-01 5.714046570640867184e-01 2.557365749923234954e-01 -4.345702399114104164e-01 8.803963142977351553e-02 -4.636765599411746819e-01 -1.292744058594031964e-01 -4.343250822688531909e-01 8.827825471630892928e-02 0.000000000000000000e+00 -1.967888207416291710e-02 0.000000000000000000e+00 -6.828305828189080995e-02 0.000000000000000000e+00 -1.907560282768942100e-02 5.534879637350017312e+00 2.356063833542721309e+00 3.594479598135386311e+00 -7.849360959644237079e-01
-2.672268907563025153e-01 5.716423066134702635e-01 2.598616843299393353e-01 -4.342395570235378366e-01 8.840662260047812970e-02 -4.612623748076299379e-01 -1.305926720559100473e-01 -4.339939114642040185e-01 8.850994417927404712e-02 0.000000000000000000e+00 -2.099428590459596553e-02 0.000000000000000000e+00 -6.982343448509731321e-02 0.000000000000000000e+00 -2.037788909003810517e-02 5.537406635693892021e+00 2.355996613269070838e+00 3.587208701470186778e+00 -7.848779288311765745e-01
-2.722689075630251865e-01 5.718891736515528956e-01 2.638948691014549874e-01 -4.339077026653029301e-01 8.875429825832641118e-02 -4.588627803606289413e-01 -1.319385749214765646e-01 -4.336693660506813486e-01 8.870369728063319525e-02 0.000000000000000000e+00 -2.235069845594098853e-02 0.000000000000000000e+00 -7.120658676798864717e-02 0.000000000000000000e+00 -2.174123887892649015e-02 5.539910776636549627e+00 2.355939479713363927e+00 3.580234321674875986e+00 -7.848686480966038381e-01
-2.773109243697478576e-01 5.721378027815491318e-01 2.679321986302947156e-01 -4.335456385461691764e-01 8.907653319221109367e-02 -4.564686001944358584e-01 -1.333236389532819199e-01 -4.333142362240575696e-01 8.887041709415016699e-02 0.000000000000000000e+00 -2.375340788579721057e-02 0.000000000000000000e+00 -7.250645374299982682e-02 0.000000000000000000e+00 -2.316181405348657213e-02 5.542397488224361624e+00 2.355889293605548662e+00 3.573474868491902434e+00 -7.848892816627247582e-01
-2.823529411764705843e-01 5.723828498088890937e-01 2.720155561094587116e-01 -4.331385389713448553e-01 8.936690075997401339e-02 -4.540747485377714665e-01 -1.347540225473412290e-01 -4.329107977996847212e-01 8.900647756566296143e-02 0.000000000000000000e+00 -2.520289131651768169e-02 0.000000000000000000e+00 -7.377309504050438838e-02 0.000000000000000000e+00 -2.463331884653593984e-02 5.544870455636710993e+00 2.355844125972276437e+00 3.566877455473710601e+00 -7.849285851710235962e-01
-2.873949579831932555e-01 5.726211952054081067e-01 2.761506508597088572e-01 -4.326830186444698967e-01 8.962004136846098146e-02 -4.516785833036650599e-01 -1.362306875563928932e-01 -4.324549795740013081e-01 8.910325790809878188e-02 0.000000000000000000e+00 -2.669785959486196958e-02 0.000000000000000000e+00 -7.503271378864567742e-02 0.000000000000000000e+00 -2.614914999073274932e-02 5.547332385795753495e+00 2.355803296882673425e+00 3.560415852549191573e+00 -7.849814505617425109e-01
-2.924369747899159266e-01 5.728507499190400587e-01 2.803347713699992916e-01 -4.321789260472221339e-01 8.983256613183002171e-02 -4.492772324046480636e-01 -1.377524200314181602e-01 -4.319466082527756989e-01 8.915248085211757711e-02 0.000000000000000000e+00 -2.823545791246696163e-02 0.000000000000000000e+00 -7.630367817890751359e-02 0.000000000000000000e+00 -2.770260666348701994e-02 5.549788266111066015e+00 2.355766499503160638e+00 3.554065186343299931e+00 -7.850453627317346417e-01
-2.974789915966385978e-01 5.730712277875684713e-01 2.845467528650330591e-01 -4.316315439274783783e-01 9.000344889871116083e-02 -4.468726410690371798e-01 -1.393161958286072422e-01 -4.313913929393027313e-01 8.914673429520686421e-02 0.000000000000000000e+00 -2.981503542762359640e-02 0.000000000000000000e+00 -7.758461686957851544e-02 0.000000000000000000e+00 -2.928896553881549930e-02 5.552236748475406714e+00 2.355733009773167907e+00 3.547830377118716072e+00 -7.851190351730754635e-01
-3.025210084033613245e-01 5.732606671606150783e-01 2.892400488390365343e-01 -4.308731840686369496e-01 8.984455752737145751e-02 -4.444570637063287033e-01 -1.410417587762094471e-01 -4.306125010408459741e-01 8.899420446968274445e-02 0.000000000000000000e+00 -3.140303363908299866e-02 0.000000000000000000e+00 -7.939455181154880803e-02 0.000000000000000000e+00 -3.091699207869863519e-02 5.554682736354537020e+00 2.355736759354907672e+00 3.540847705712207638e+00 -7.851093399127921924e-01
-3.075630252100839956e-01 5.734399026512511099e-01 2.937349296012712885e-01 -4.301314065228514782e-01 8.958175338181537106e-02 -4.420700426014689821e-01 -1.427997944162702759e-01 -4.298536376169841966e-01 8.873658378779908373e-02 0.000000000000000000e+00 -3.299538023963125705e-02 0.000000000000000000e+00 -8.119557186904151347e-02 0.000000000000000000e+00 -3.254366467602070462e-02 5.557128798869899633e+00 2.355741279995207549e+00 3.534057683224644641e+00 -7.851008825598614349e-01
-3.126050420168066668e-01 5.736127077623283110e-01 2.981173136028750781e-01 -4.293869823375267569e-01 8.923930445679435774e-02 -4.396997332709083328e-01 -1.445740004274895518e-01 -4.290948565254182334e-01 8.839908627008292996e-02 0.000000000000000000e+00 -3.459999782271832441e-02 0.000000000000000000e+00 -8.298309350827569320e-02 0.000000000000000000e+00 -3.417822146668584443e-02 5.559565727642923783e+00 2.355746393079326761e+00 3.527412683191414544e+00 -7.850930086488102644e-01
-3.176470588235293935e-01 5.737814953648961991e-01 3.024340417650118740e-01 -4.286274934368736189e-01 8.883123085549422815e-02 -4.373416571896384109e-01 -1.463577171058500492e-01 -4.283232653321082384e-01 8.799615853699926937e-02 0.000000000000000000e+00 -3.622049547319686896e-02 0.000000000000000000e+00 -8.475403279714976978e-02 0.000000000000000000e+00 -3.582517561948374285e-02 5.561988271819623186e+00 2.355751987522940460e+00 3.520885533359781938e+00 -7.850853652491640577e-01
-3.226890756302520646e-01 5.739479563320717403e-01 3.067103360579169768e-01 -4.278447382789230535e-01 8.836585069938646120e-02 -4.349950940796388221e-01 -1.481490002149138951e-01 -4.275303248706019410e-01 8.753628235146530823e-02 0.000000000000000000e+00 -3.785801929624123957e-02 0.000000000000000000e+00 -8.650622528521235977e-02 0.000000000000000000e+00 -3.748631543572961133e-02 5.564393501410332732e+00 2.355757988951112214e+00 3.514460234724060328e+00 -7.850777623846901809e-01
-3.277310924369747358e-01 5.741134133646784710e-01 3.109598293234411281e-01 -4.270331041482260948e-01 8.784836618012981102e-02 -4.326610459622801108e-01 -1.499479106341604639e-01 -4.267101651782791438e-01 8.702469602785800618e-02 0.000000000000000000e+00 -3.951230733736572909e-02 0.000000000000000000e+00 -8.823806525144138602e-02 0.000000000000000000e+00 -3.916185303278169050e-02 5.566779808719464206e+00 2.355764343618322876e+00 3.508126708504932356e+00 -7.850700983194652816e-01
-3.327731092436974625e-01 5.742790092588591078e-01 3.151900898843736365e-01 -4.261885675553702679e-01 8.728228644618171717e-02 -4.303411841805280247e-01 -1.517551633418044166e-01 -4.258585556180481957e-01 8.646488851488053073e-02 0.000000000000000000e+00 -4.118228186563912402e-02 0.000000000000000000e+00 -8.994828871365471989e-02 0.000000000000000000e+00 -4.085107418288383418e-02 5.569146330786476362e+00 2.355771010024250600e+00 3.501877932750402600e+00 -7.850623190489655068e-01
-3.378151260504201336e-01 5.744457269387308607e-01 3.194115576650222166e-01 -4.253061157424552485e-01 8.666262772424845884e-02 -4.280361849198572322e-01 -1.535730641911323135e-01 -4.249694822226773860e-01 8.585954412922638945e-02 0.000000000000000000e+00 -4.286649582929621949e-02 0.000000000000000000e+00 -9.164097037555916925e-02 0.000000000000000000e+00 -4.254859302953158812e-02 5.571496383539463082e+00 2.355779017968210542e+00 3.495710878780055708e+00 -7.850601972391115790e-01
-3.428571428571428048e-01 5.746145998982641334e-01 3.236200804628976968e-01 -4.243855017603468394e-01 8.599886744905346769e-02 -4.257491811731565212e-01 -1.554002753515648372e-01 -4.240437412444221787e-01 8.521049422812136676e-02 0.000000000000000000e+00 -4.456252822428812682e-02 0.000000000000000000e+00 -9.330938024015275611e-02 0.000000000000000000e+00 -4.425740567240667167e-02 5.573825793259717720e+00 2.355787223977241496e+00 3.489620320348701732e+00 -7.850580433961528160e-01
-3.478991596638655315e-01 5.747866383694159031e-01 3.278181528379767173e-01 -4.234245588136123506e-01 8.529315006169525815e-02 -4.234818116448450520e-01 -1.572371807064414928e-01 -4.230790461986360662e-01 8.451940124824569578e-02 0.000000000000000000e+00 -4.626855316198123097e-02 0.000000000000000000e+00 -9.495269985589885331e-02 0.000000000000000000e+00 -4.597572004900896819e-02 5.576134404241564368e+00 2.355795594963188133e+00 3.483601469921721705e+00 -7.850556795493679463e-01
-3.529411764705882026e-01 5.749628613916416553e-01 3.320077682111364226e-01 -4.224213804381401483e-01 8.454715815296166836e-02 -4.212356711826791833e-01 -1.590840924931941625e-01 -4.220732835646740511e-01 8.378789020858462555e-02 0.000000000000000000e+00 -4.798250212395376024e-02 0.000000000000000000e+00 -9.657025178591337189e-02 0.000000000000000000e+00 -4.770137709445622376e-02 5.578422375860796478e+00 2.355804103144468531e+00 3.477649796399009396e+00 -7.850531489752980985e-01
-3.579831932773108738e-01 5.751442825504988754e-01 3.361905259620891484e-01 -4.213742567443696796e-01 8.376234542480757994e-02 -4.190122911755750357e-01 -1.609412516124737735e-01 -4.210245803681018084e-01 8.301736046709946859e-02 0.000000000000000000e+00 -4.970218348659969504e-02 0.000000000000000000e+00 -9.816139694255351933e-02 0.000000000000000000e+00 -4.943220647469442203e-02 5.580689941037679347e+00 2.355812724377259748e+00 3.471760951504995862e+00 -7.850505039330658574e-01
-3.630252100840335450e-01 5.753319174873208208e-01 3.403678554821081281e-01 -4.202815956261452546e-01 8.294002888241663873e-02 -4.168131469892393803e-01 -1.628088347801618929e-01 -4.199311991766117025e-01 8.220910982982351789e-02 0.000000000000000000e+00 -5.142533539441687673e-02 0.000000000000000000e+00 -9.972551618480253455e-02 0.000000000000000000e+00 -5.116597983362269203e-02 5.582937416282772958e+00 2.355821439547407525e+00 3.465930593004100224e+00 -7.850477785422098620e-01
-3.680672268907562716e-01 5.755267832989181542e-01 3.445411141936686739e-01 -4.191418728251078973e-01 8.208142175653548867e-02 -4.146396686152875044e-01 -1.646869907297311142e-01 -4.187914877928883839e-01 8.136435007996539737e-02 0.000000000000000000e+00 -5.314965542171453533e-02 0.000000000000000000e+00 -1.012620049371363434e-01 0.000000000000000000e+00 -5.290043210976112104e-02 5.585165196695772494e+00 2.355830233195820966e+00 3.460154328505943955e+00 -7.850449955202357666e-01
-3.731092436974789428e-01 5.757298963964069261e-01 3.487116391513112590e-01 -4.179535995693359207e-01 8.118764922569805809e-02 -4.124932514544781825e-01 -1.665758715962471215e-01 -4.176038455152282780e-01 8.048421332452573851e-02 0.000000000000000000e+00 -5.487282105234351365e-02 0.000000000000000000e+00 -1.027702698483606986e-01 0.000000000000000000e+00 -5.463327789126236345e-02 5.587373756978232464e+00 2.355839092542018509e+00 3.454427684045385583e+00 -7.850421701209083780e-01
-3.781512605042016140e-01 5.759415799607087161e-01 3.528846891621247317e-01 -4.167151223000429283e-01 8.025803501991517208e-02 -4.103725152046516222e-01 -1.684712913468562889e-01 -4.163689852172203776e-01 7.956745147978300237e-02 0.000000000000000000e+00 -5.659108401574899222e-02 0.000000000000000000e+00 -1.042501651770619681e-01 0.000000000000000000e+00 -5.636375905963256910e-02 5.589564612508226560e+00 2.355847342567684244e+00 3.448742522856464543e+00 -7.850378876662393868e-01
-3.831932773109243406e-01 5.761634220910936133e-01 3.570550551720458876e-01 -4.154251928227832291e-01 7.929538364113321303e-02 -4.082827590517151273e-01 -1.703796528798756649e-01 -4.150832255004111571e-01 7.861687483678912736e-02 0.000000000000000000e+00 -5.830374923043740026e-02 0.000000000000000000e+00 -1.057004525650353938e-01 0.000000000000000000e+00 -5.808781189258406530e-02 5.591738181523258078e+00 2.355855610411463630e+00 3.443099070951972429e+00 -7.850337800672657629e-01
-3.882352941176470118e-01 5.763964556025039654e-01 3.612258991370867478e-01 -4.140822369221819343e-01 7.830072314702411773e-02 -4.062245702187380347e-01 -1.723001899012180649e-01 -4.137448526982945296e-01 7.763390829257113546e-02 0.000000000000000000e+00 -6.000846947765577089e-02 0.000000000000000000e+00 -1.071205132602399412e-01 0.000000000000000000e+00 -5.980326693486677503e-02 5.593894944009621284e+00 2.355863934894282696e+00 3.437491810251930513e+00 -7.850297630384797110e-01
-3.932773109243696830e-01 5.766416756085808171e-01 3.653992821191450191e-01 -4.126847401434775020e-01 7.727486789105651732e-02 -4.041989834924582525e-01 -1.742328477122133124e-01 -4.123522442793607912e-01 7.661957836508118125e-02 0.000000000000000000e+00 -6.170292827634451388e-02 0.000000000000000000e+00 -1.085097699094706020e-01 0.000000000000000000e+00 -6.150789129754063306e-02 5.596035639543159412e+00 2.355872337340195521e+00 3.431915571223169259e+00 -7.850257975153457357e-01
-3.983193277310924096e-01 5.769000502787611229e-01 3.695769221282802497e-01 -4.112311814865687865e-01 7.621851633478214649e-02 -4.022071800561719535e-01 -1.761778750062810706e-01 -4.109037890989480912e-01 7.557470349627458395e-02 0.000000000000000000e+00 -6.338485405765909020e-02 0.000000000000000000e+00 -1.098676612813442727e-01 0.000000000000000000e+00 -6.319945002241190990e-02 5.598161176031401176e+00 2.355880829482961847e+00 3.426365219399792661e+00 -7.850218656845991960e-01
-4.033613445378150808e-01 5.771725212749050371e-01 3.737604658681177860e-01 -4.097200079589996546e-01 7.513227605994921010e-02 -4.002503748139816242e-01 -1.781356739577530657e-01 -4.093978554707763395e-01 7.449996534287128824e-02 0.000000000000000000e+00 -6.505202490445777253e-02 0.000000000000000000e+00 -1.111936324673362814e-01 0.000000000000000000e+00 -6.487573431592634499e-02 5.600272602965119972e+00 2.355889417682139442e+00 3.420835546853849163e+00 -7.850179595410853306e-01
-4.084033613445377520e-01 5.774600004423764421e-01 3.779515845627899884e-01 -4.081496232987835149e-01 7.401666637255147063e-02 -3.983297727096938856e-01 -1.801067445479221096e-01 -4.078327766991141634e-01 7.339593431305450888e-02 0.000000000000000000e+00 -6.670227181786529680e-02 0.000000000000000000e+00 -1.124871306557686662e-01 0.000000000000000000e+00 -6.653457658287410814e-02 5.602371108702254077e+00 2.355898105075712401e+00 3.415321237255918962e+00 -7.850140756093385574e-01
-4.134453781512604786e-01 5.777633650851465852e-01 3.821520076740563265e-01 -4.065183812884009540e-01 7.287211510675056791e-02 -3.964465495017626684e-01 -1.820916620919966478e-01 -4.062068427691773453e-01 7.226307757443498070e-02 0.000000000000000000e+00 -6.833348232756071561e-02 0.000000000000000000e+00 -1.137476027398501982e-01 0.000000000000000000e+00 -6.817386010772361060e-02 5.604458026659335346e+00 2.355906892590238666e+00 3.409816857077988761e+00 -7.850102126893701016e-01
-4.184873949579831498e-01 5.780834526253862959e-01 3.863635350157373360e-01 -4.048245804053986485e-01 7.169895459950891003e-02 -3.946018408571541070e-01 -1.840910659013011708e-01 -4.045182941376982977e-01 7.110176029069517623e-02 0.000000000000000000e+00 -6.994360458269920089e-02 0.000000000000000000e+00 -1.149744933809884739e-01 0.000000000000000000e+00 -6.979152653448279786e-02 5.606534844924245142e+00 2.355915779307185431e+00 3.404316856308229777e+00 -7.850063710980201837e-01
-4.235294117647058210e-01 5.784210549113786293e-01 3.905880412460866480e-01 -4.030664588118100800e-01 7.049741807612994182e-02 -3.927967340415199904e-01 -1.861056512991196565e-01 -4.027653162516713348e-01 6.991224413187446807e-02 0.000000000000000000e+00 -7.153065174855198494e-02 0.000000000000000000e+00 -1.161672430174422038e-01 0.000000000000000000e+00 -7.138558246253932926e-02 5.608603217360872861e+00 2.355924762443630360e+00 3.398815573063691975e+00 -7.850025526586904556e-01
-4.285714285714285476e-01 5.787769122478982897e-01 3.948274774130582365e-01 -4.012421894651173049e-01 6.926763660582246906e-02 -3.910322601677181376e-01 -1.881361622715224946e-01 -4.009460343968393459e-01 6.869468455105397220e-02 0.000000000000000000e+00 -7.309270657052278908e-02 0.000000000000000000e+00 -1.173252856142702610e-01 0.000000000000000000e+00 -7.295410572679966732e-02 5.610664975569711999e+00 2.355933837083690641e+00 3.393307240412448245e+00 -7.849987610340136701e-01
-4.336134453781512188e-01 5.791517071424749918e-01 3.990838710759329611e-01 -3.993498753917614774e-01 6.800963650945578143e-02 -3.893093862127970928e-01 -1.901833837442242214e-01 -3.990585088120177093e-01 6.744912744244713210e-02 0.000000000000000000e+00 -7.462792604543999619e-02 0.000000000000000000e+00 -1.184480460594494328e-01 0.000000000000000000e+00 -7.449525154078362466e-02 5.612722141573806667e+00 2.355942995766275860e+00 3.387785995278950857e+00 -7.849950020812770379e-01
-4.386554621848738900e-01 5.795460577002162772e-01 4.033593255247522325e-01 -3.973875452212806691e-01 6.672333702201138639e-02 -3.876290064325841889e-01 -1.922481329829076047e-01 -3.971007300775233340e-01 6.617550575797173651e-02 0.000000000000000000e+00 -7.613454616641138206e-02 0.000000000000000000e+00 -1.195349371759178853e-01 0.000000000000000000e+00 -7.600725830902538283e-02 5.614776941381833808e+00 2.355952228096882983e+00 3.382245890221720952e+00 -7.849912838213362054e-01
-4.436974789915966166e-01 5.799605105304758146e-01 4.076560183680543736e-01 -3.953531490095124612e-01 6.540854797266358600e-02 -3.859919330267025939e-01 -1.943312496933685130e-01 -3.950706147010129010e-01 6.487363726686543042e-02 0.000000000000000000e+00 -7.761088662192215659e-02 0.000000000000000000e+00 -1.205853564228945296e-01 0.000000000000000000e+00 -7.748845237336117464e-02 5.616831819845973683e+00 2.355961520714493496e+00 3.376680909636947003e+00 -7.849876154270906126e-01
-4.487394957983192878e-01 5.803955329704004740e-01 4.119761997754013971e-01 -3.932445541662358268e-01 6.406496731368142850e-02 -3.843988862504275628e-01 -1.964335843885350319e-01 -3.929660005978650172e-01 6.354322572663324842e-02 0.000000000000000000e+00 -7.905535505734390123e-02 0.000000000000000000e+00 -1.215986825569882884e-01 0.000000000000000000e+00 -7.893725025733185074e-02 5.618889457482712402e+00 2.355970858156182235e+00 3.371084992272394665e+00 -7.849840045660152477e-01
-4.537815126050419590e-01 5.808525847848510226e-01 4.163262684708268768e-01 -3.910569823901476894e-01 6.269277195292997928e-02 -3.828521325391606167e-01 -1.985577505331571624e-01 -3.907792926225008845e-01 6.218274764204403254e-02 0.000000000000000000e+00 -8.046740429733567623e-02 0.000000000000000000e+00 -1.225763109090444586e-01 0.000000000000000000e+00 -8.035560596595910099e-02 5.620947938324652782e+00 2.355979212217870433e+00 3.365448177292486243e+00 -7.849808224576085847e-01
-4.588235294117646301e-01 5.813307955230152535e-01 4.207024996340664735e-01 -3.887912312556587313e-01 6.129013456383452380e-02 -3.813508370726334529e-01 -2.007028240274107422e-01 -3.885146313319786104e-01 6.079198609835709949e-02 0.000000000000000000e+00 -8.184427112953775174e-02 0.000000000000000000e+00 -1.235159388645934719e-01 0.000000000000000000e+00 -8.173881109868574857e-02 5.623015623863716783e+00 2.355987563964907938e+00 3.359768879361822336e+00 -7.849775958124974862e-01
-4.638655462184873568e-01 5.818303530666887324e-01 4.251087173867362790e-01 -3.864446057377823318e-01 5.985680810748454650e-02 -3.798949044596931501e-01 -2.028690334560936670e-01 -3.861692977656399073e-01 5.937056779661216421e-02 0.000000000000000000e+00 -8.318473259996830849e-02 0.000000000000000000e+00 -1.244167565338746007e-01 0.000000000000000000e+00 -8.308557638566714532e-02 5.625095825111418257e+00 2.355995874496181308e+00 3.354040651512251614e+00 -7.849743417276999757e-01
-4.689075630252100280e-01 5.823513154901346356e-01 4.295478193865567840e-01 -3.840144376827024364e-01 5.839221834701897873e-02 -3.784845475830665995e-01 -2.050571066305420243e-01 -3.837405930226943651e-01 5.791791825225667267e-02 0.000000000000000000e+00 -8.448759999854542346e-02 0.000000000000000000e+00 -1.252779861793295868e-01 0.000000000000000000e+00 -8.439467600896695398e-02 5.627192338331896693e+00 2.356004130180573863e+00 3.348257430635538157e+00 -7.849710525315013454e-01
-4.739495798319326991e-01 5.828936151167022350e-01 4.340225173189582453e-01 -3.814979996596186140e-01 5.689564285011493999e-02 -3.771199471215457288e-01 -2.072678112492006564e-01 -3.812257555856170543e-01 5.643334994379241992e-02 0.000000000000000000e+00 -8.575173705408631331e-02 0.000000000000000000e+00 -1.260988478921485634e-01 0.000000000000000000e+00 -8.566494765207059714e-02 5.629309336700450750e+00 2.356012327074666235e+00 3.342413293260296570e+00 -7.849677132941701441e-01
-4.789915966386554258e-01 5.834570543254677943e-01 4.385355056064726420e-01 -3.788924806512005694e-01 5.536625909408200014e-02 -3.758011638898494100e-01 -2.095018444512581068e-01 -3.786219390399402918e-01 5.491605613772197747e-02 0.000000000000000000e+00 -8.697607431676637746e-02 0.000000000000000000e+00 -1.268785500078585537e-01 0.000000000000000000e+00 -8.689530822955794653e-02 5.631451351199742383e+00 2.356020461244326292e+00 3.336502396573293616e+00 -7.849643125019475365e-01
-4.840336134453780970e-01 5.840412976322242322e-01 4.430894908608027927e-01 -3.761949822069854399e-01 5.380315268935878525e-02 -3.745281040814207318e-01 -2.117597965611293931e-01 -3.759262102729348243e-01 5.336509751254552014e-02 0.000000000000000000e+00 -8.815962562034712624e-02 0.000000000000000000e+00 -1.276162841735273279e-01 0.000000000000000000e+00 -8.808477294155610260e-02 5.633623273813971544e+00 2.356028524464492513e+00 3.330518984865945331e+00 -7.849608454408409930e-01
-4.890756302521007681e-01 5.846458613694869300e-01 4.476871873747488295e-01 -3.734025220771714504e-01 5.220531697785139175e-02 -3.733004951204045296e-01 -2.140421244456223449e-01 -3.731355549783752501e-01 5.177940876522304364e-02 0.000000000000000000e+00 -8.930150276232987072e-02 0.000000000000000000e+00 -1.283112206330615512e-01 0.000000000000000000e+00 -8.923246696530055810e-02 5.635830369381706006e+00 2.356036504578935542e+00 3.324457427461688486e+00 -7.849573120700056306e-01
-4.941176470588234948e-01 5.852701025196158646e-01 4.523313040623351822e-01 -3.705120403829361142e-01 5.057165639404946622e-02 -3.721178666095399379e-01 -2.163491240278370142e-01 -3.702468850592566252e-01 5.015782208264853853e-02 0.000000000000000000e+00 -9.040092481950404157e-02 0.000000000000000000e+00 -1.289625036640501821e-01 0.000000000000000000e+00 -9.033762819627604024e-02 5.638078292231190503e+00 2.356044387970364085e+00 3.318312265565667385e+00 -7.849537133906140385e-01
-4.991596638655461660e-01 5.859132079178547281e-01 4.570245284383563367e-01 -3.675204072437804337e-01 4.890099576269282822e-02 -3.709795354709855553e-01 -2.186809027102839531e-01 -3.672570467083968171e-01 4.849909432144715316e-02 0.000000000000000000e+00 -9.145722220548800629e-02 0.000000000000000000e+00 -1.295692480523351064e-01 0.000000000000000000e+00 -9.139960531431622071e-02 5.640373104634054613e+00 2.356052161764579100e+00 3.312078254977931735e+00 -7.849500490938288166e-01
-5.042016806722688926e-01 5.865741842240277393e-01 4.617695084307198439e-01 -3.644244325869845369e-01 4.719209334600311945e-02 -3.698845933103406258e-01 -2.210373521404000174e-01 -3.641628300600913692e-01 4.680192951603733692e-02 0.000000000000000000e+00 -9.246983757547289073e-02 0.000000000000000000e+00 -1.301305372650892744e-01 0.000000000000000000e+00 -9.241785530790967707e-02 5.642721294763515694e+00 2.356059814898129101e+00 3.305750402569670232e+00 -7.849463169450864308e-01
-5.092436974789915638e-01 5.872518485778865927e-01 4.665688319079578927e-01 -3.612208791890478832e-01 4.544365543101115679e-02 -3.688318940053539330e-01 -2.234181203499301660e-01 -3.609609817321938197e-01 4.506499563756931337e-02 0.000000000000000000e+00 -9.343832549115958785e-02 0.000000000000000000e+00 -1.306454235271657383e-01 0.000000000000000000e+00 -9.339194215762594564e-02 5.645129792773810884e+00 2.356067338269353773e+00 3.299323999728531742e+00 -7.849425131969769431e-01
-5.142857142857142350e-01 5.879448198179406671e-01 4.714250037310749319e-01 -3.579064797350816618e-01 4.365435156410273770e-02 -3.678200404630908027e-01 -2.258225821573782155e-01 -3.576482212701576069e-01 4.328693804240032333e-02 0.000000000000000000e+00 -9.436235185454641683e-02 0.000000000000000000e+00 -1.311129297287692286e-01 0.000000000000000000e+00 -9.432153666607673292e-02 5.647605984241293342e+00 2.356074724455991198e+00 3.292794656055889391e+00 -7.849386333033909757e-01
-5.193277310924369061e-01 5.886515102947598166e-01 4.763404201601867394e-01 -3.544779584053551202e-01 4.182283046878183114e-02 -3.668473703884150838e-01 -2.282498072869434957e-01 -3.542212621397181627e-01 4.146639227989264848e-02 0.000000000000000000e+00 -9.524169343052077408e-02 0.000000000000000000e+00 -1.315320530403919497e-01 0.000000000000000000e+00 -9.520641687593713043e-02 5.650157720430295960e+00 2.356081967337889438e+00 3.286158334968066086e+00 -7.849346725523382862e-01
-5.243697478991595773e-01 5.893701184583405306e-01 4.813173404793283927e-01 -3.509320573546119704e-01 3.994773699871758538e-02 -3.659119414079103905e-01 -2.306985262237487289e-01 -3.506768376965411216e-01 3.960199799967518280e-02 0.000000000000000000e+00 -9.607623744751865591e-02 0.000000000000000000e+00 -1.319017701797026154e-01 0.000000000000000000e+00 -9.604646857251886161e-02 5.652793324832175337e+00 2.356089061775529458e+00 3.279411391539792220e+00 -7.849306265068818345e-01
-5.294117647058822484e-01 5.900986224965520943e-01 4.863578557614672282e-01 -3.472655683993400300e-01 3.802773046589549150e-02 -3.650115160890614607e-01 -2.331670941735010938e-01 -3.470117324645554113e-01 3.769241481006165712e-02 0.000000000000000000e+00 -9.686598115671593567e-02 0.000000000000000000e+00 -1.322210443701590243e-01 0.000000000000000000e+00 -9.684168555877305240e-02 5.655521595319713768e+00 2.356096003381573656e+00 3.272550612289383487e+00 -7.849264912707557551e-01
-5.344537815126050306e-01 5.908347753608185204e-01 4.914638547727850360e-01 -3.434753702116561391e-01 3.606150457432046041e-02 -3.641435474524192806e-01 -2.356534536758903287e-01 -3.432228190154986702e-01 3.573634038997100526e-02 0.000000000000000000e+00 -9.761103121697910223e-02 0.000000000000000000e+00 -1.324888341072427977e-01 0.000000000000000000e+00 -9.759216953929947258e-02 5.658351801135627746e+00 2.356102788375819657e+00 3.265573256401238744e+00 -7.849222636301603773e-01
-5.394957983193277018e-01 5.915761015560973002e-01 4.966369870989559288e-01 -3.395584712994715315e-01 3.404780907979341326e-02 -3.633051655991931805e-01 -2.381550965300620326e-01 -3.393071007151708396e-01 3.373253087887519153e-02 0.000000000000000000e+00 -9.831160278924080953e-02 0.000000000000000000e+00 -1.327041038951185248e-01 0.000000000000000000e+00 -9.829812953177585744e-02 5.661293673820027905e+00 2.356109413501990435e+00 3.258477097860858152e+00 -7.849179411194148193e-01
-5.445378151260503730e-01 5.923198961061773016e-01 5.018786236607365447e-01 -3.355120590151199345e-01 3.198547320610622968e-02 -3.624931661101585822e-01 -2.406690257887207918e-01 -3.352617605632033926e-01 3.167982344055410293e-02 0.000000000000000000e+00 -9.896801824506026857e-02 0.000000000000000000e+00 -1.328658371376725267e-01 0.000000000000000000e+00 -9.895988076118515664e-02 5.664357391085724558e+00 2.356115875985816732e+00 3.251260468002895365e+00 -7.849135220443242966e-01
-5.495798319327730441e-01 5.930632261360758717e-01 5.071898148733626766e-01 -3.313335547718576635e-01 2.987343077248408654e-02 -3.617040009210282236e-01 -2.431917186900711403e-01 -3.310842162913891773e-01 2.957716082988515183e-02 0.000000000000000000e+00 -9.958070541266873799e-02 0.000000000000000000e+00 -1.329730513688406335e-01 0.000000000000000000e+00 -9.957784300804561894e-02 5.667553552574390530e+00 2.356122173517187779e+00 3.243922297992297477e+00 -7.849090054842801090e-01
-5.546218487394957153e-01 5.938029355402544285e-01 5.125712467961563990e-01 -3.270206755570527202e-01 2.771074691689062036e-02 -3.609337724383516188e-01 -2.457190915292533084e-01 -3.267721817953519459e-01 2.742361774007053346e-02 0.000000000000000000e+00 -1.001501953001415202e-01 0.000000000000000000e+00 -1.330248159919593942e-01 0.000000000000000000e+00 -1.001525383928334179e-01 5.670893146372828042e+00 2.356128304240710403e+00 3.236462160760371631e+00 -7.849043912848930882e-01
-5.596638655462183864e-01 5.945192923368441962e-01 5.180075289245607006e-01 -3.225957116204216102e-01 2.548612460412546729e-02 -3.601665849216709181e-01 -2.482255123746918979e-01 -3.223488903192699429e-01 2.521965207062684677e-02 0.000000000000000000e+00 -1.006521391407760452e-01 0.000000000000000000e+00 -1.330221459847704124e-01 0.000000000000000000e+00 -1.006574306587472989e-01 5.674447787134113241e+00 2.356135551395719396e+00 3.228925263093326503e+00 -7.849002563081206585e-01
-5.647058823529411686e-01 5.951946931561055143e-01 5.235040011760954126e-01 -3.180770372362954901e-01 2.319857465966881568e-02 -3.593765475091490469e-01 -2.506767483581697209e-01 -3.178327065714383615e-01 2.296651786440616003e-02 0.000000000000000000e+00 -1.010692299461146831e-01 0.000000000000000000e+00 -1.329592647605278566e-01 0.000000000000000000e+00 -1.010762036984203804e-01 5.678274274099621266e+00 2.356143778593741356e+00 3.221343443590184652e+00 -7.848970448357822649e-01
-5.697478991596638398e-01 5.958577676919756261e-01 5.290974315238194947e-01 -3.134136871573436345e-01 2.087241799236703652e-02 -3.585795656936675013e-01 -2.531070171556730752e-01 -3.131705482355032766e-01 2.066309663574474736e-02 0.000000000000000000e+00 -1.014536349603154669e-01 0.000000000000000000e+00 -1.328277291685409367e-01 0.000000000000000000e+00 -1.014659534061715385e-01 5.682265442534610855e+00 2.356149792769794082e+00 3.213625081485653734e+00 -7.848936958003502884e-01
-5.747899159663865110e-01 5.965050426867393174e-01 5.347646983145306621e-01 -3.086070048635387031e-01 1.850164373135967585e-02 -3.577836107981834379e-01 -2.555262683220194675e-01 -3.083634901773943948e-01 1.830555889766220801e-02 0.000000000000000000e+00 -1.018077049569021675e-01 0.000000000000000000e+00 -1.326282959365448488e-01 0.000000000000000000e+00 -1.018293802972890377e-01 5.686435521580293084e+00 2.356153860274408096e+00 3.205773417269709213e+00 -7.848901526074932855e-01
-5.798319327731091821e-01 5.971336876048071174e-01 5.405006292389493705e-01 -3.036565598607168237e-01 1.608497731213575851e-02 -3.569866783046529157e-01 -2.579304238790279813e-01 -3.034114518721553466e-01 1.589364782121082537e-02 0.000000000000000000e+00 -1.021335380197943288e-01 0.000000000000000000e+00 -1.323609870990632154e-01 0.000000000000000000e+00 -1.021675503003896118e-01 5.690793558199879421e+00 2.356155884924195920e+00 3.197788910076774904e+00 -7.848864494196916564e-01
-5.848739495798318533e-01 5.977412046232044585e-01 5.463028307370553227e-01 -2.985610773082426617e-01 1.362217318816126219e-02 -3.561855287961971372e-01 -2.603132068059726967e-01 -2.983140020069549592e-01 1.342853129601524233e-02 0.000000000000000000e+00 -1.024336816683397988e-01 0.000000000000000000e+00 -1.320263899590188028e-01 0.000000000000000000e+00 -1.024806935823319859e-01 5.695347099322262352e+00 2.356155782292198353e+00 3.189672047058032422e+00 -7.848826684876938353e-01
-5.899159663865545244e-01 5.983252678810234704e-01 5.521690558628891132e-01 -2.933186960869862414e-01 1.111331351453405565e-02 -3.553770746259912183e-01 -2.626679010464276764e-01 -2.930706423603630095e-01 1.091262181287810246e-02 0.000000000000000000e+00 -1.027109649972883787e-01 0.000000000000000000e+00 -1.316263312842659572e-01 0.000000000000000000e+00 -1.027679126729351966e-01 5.700103178162377660e+00 2.356153646707485283e+00 3.181424729350657010e+00 -7.848789203314431306e-01
-5.949579831932771956e-01 5.988827581774821551e-01 5.580946792474177354e-01 -2.879293539741925034e-01 8.557422394756037179e-03 -3.545577420800661295e-01 -2.649867720703596441e-01 -2.876826834931658916e-01 8.348283625529268753e-03 0.000000000000000000e+00 -1.029667210652867176e-01 0.000000000000000000e+00 -1.311658718218307040e-01 0.000000000000000000e+00 -1.030264774801408073e-01 5.705072720974211364e+00 2.356150021801306504e+00 3.173053861549632426e+00 -7.848752650228479899e-01
-5.999999999999999778e-01 5.994146523781131997e-01 5.640894302374118707e-01 -2.823806800532335237e-01 5.965397393226912724e-03 -3.537270733967491920e-01 -2.672634436009879155e-01 -2.821407898111765733e-01 5.749257025310270178e-03 0.000000000000000000e+00 -1.032078834536395845e-01 0.000000000000000000e+00 -1.306389891081146948e-01 0.000000000000000000e+00 -1.032561129808835104e-01 5.710240417442294714e+00 2.356144924543137176e+00 3.164556002561548009e+00 -7.848718823251010779e-01
