0.000000000000000000e+00 5.122986975473962090e-01 5.677785515153010304e-02 -3.160978109925846047e-01 7.250094957457921263e-02 -6.731765654970852664e-01 -2.653074091644980204e-01 -3.160660615575812682e-01 7.237844668577611551e-02 0.000000000000000000e+00 2.076463962200485180e-02 0.000000000000000000e+00 -1.448083815488224700e-02 0.000000000000000000e+00 2.072290444102296847e-02 5.410954928434841271e+00 2.356350337890244617e+00 3.992542063510170269e+00 -7.854996482681739778e-01
-5.042016806722688510e-03 5.140763198187697780e-01 5.820815407057410018e-02 -3.274339268661991542e-01 6.554246312391304174e-02 -6.664204251473921925e-01 -2.543065712445796711e-01 -3.274005956587730526e-01 6.542035067535306725e-02 0.000000000000000000e+00 2.335592323899847444e-02 0.000000000000000000e+00 -1.448595693943700857e-02 0.000000000000000000e+00 2.331717038751928567e-02 5.410093350882045904e+00 2.356351775186796171e+00 3.990545914946987960e+00 -7.855088437302256699e-01
-1.008403361344537702e-02 5.158201618434591351e-01 5.983357829727537630e-02 -3.384575663130928724e-01 5.869325177154428169e-02 -6.592438858112092959e-01 -2.430891551512049664e-01 -3.384208625244047863e-01 5.857633331764607043e-02 0.000000000000000000e+00 2.569312729720673455e-02 0.000000000000000000e+00 -1.443211940767643794e-02 0.000000000000000000e+00 2.566099474294011515e-02 5.409307106058080628e+00 2.356358435167688281e+00 3.988535321911541587e+00 -7.855245145382223626e-01
-1.512605042016806553e-02 5.174895148128265676e-01 6.157872719782814253e-02 -3.489820872598630719e-01 5.206223708992376714e-02 -6.517879838458950914e-01 -2.319072130404950804e-01 -3.489406174423340112e-01 5.195841562868120517e-02 0.000000000000000000e+00 2.775643025853179874e-02 0.000000000000000000e+00 -1.431046126310794864e-02 0.000000000000000000e+00 2.773732447790767594e-02 5.408693466847243059e+00 2.356376092771757413e+00 3.986421421786134900e+00 -7.855524407509719698e-01
-2.016806722689075404e-02 5.190478324151958089e-01 6.337767185775002032e-02 -3.588004946911994564e-01 4.579032501579272801e-02 -6.442483235854717938e-01 -2.210677053646582790e-01 -3.587530269838755670e-01 4.571116551893013302e-02 0.000000000000000000e+00 2.952953569797091282e-02 0.000000000000000000e+00 -1.411932501535784028e-02 0.000000000000000000e+00 2.953446012974661819e-02 5.408364280740719288e+00 2.356414332022050306e+00 3.984088309113402726e+00 -7.856039578209881302e-01
-2.521008403361344255e-02 5.204663490013828886e-01 6.517736452878108988e-02 -3.677087040219778613e-01 4.005294006901306131e-02 -6.368623495151819469e-01 -2.109021389352150611e-01 -3.676563988769452895e-01 4.000148281553057850e-02 0.000000000000000000e+00 3.100828068531022094e-02 0.000000000000000000e+00 -1.386205372600320639e-02 0.000000000000000000e+00 3.104445794246711576e-02 5.408431692719839035e+00 2.356463856054613615e+00 3.981410090948782621e+00 -7.856728462418309800e-01
-3.025210084033613106e-02 5.217271349317841311e-01 6.694137920303012967e-02 -3.755453359024625848e-01 3.502618648577915383e-02 -6.298771539854239876e-01 -2.017134715785078858e-01 -3.754881530049910543e-01 3.499947931952449021e-02 0.000000000000000000e+00 3.220609269361424110e-02 0.000000000000000000e+00 -1.355883589426542385e-02 0.000000000000000000e+00 3.226664012109013019e-02 5.408979620959267542e+00 2.356486160040526023e+00 3.978255579555516341e+00 -7.857018434049186650e-01
-3.529411764705882304e-02 5.228315290808197568e-01 6.866252395042954371e-02 -3.822275930940273736e-01 3.077169709763053970e-02 -6.234952634967118046e-01 -1.937449872940117113e-01 -3.821666086233675985e-01 3.078212963577988195e-02 0.000000000000000000e+00 3.312766401444641046e-02 0.000000000000000000e+00 -1.322118780621562607e-02 0.000000000000000000e+00 3.322895676602541370e-02 5.410063438647656042e+00 2.356543648288795367e+00 3.974535308742668693e+00 -7.857703469903283278e-01
-4.033613445378150808e-02 5.237845112374129863e-01 7.032440068149868606e-02 -3.877674155424281066e-01 2.738054732490138865e-02 -6.178444892241325981e-01 -1.870934470803697625e-01 -3.877064998721466149e-01 2.739401338511148962e-02 0.000000000000000000e+00 3.382755690135997445e-02 0.000000000000000000e+00 -1.288007282354842846e-02 0.000000000000000000e+00 3.393213557076348030e-02 5.411677823881134053e+00 2.356544180709244873e+00 3.970225286294821299e+00 -7.857715664596955918e-01
-4.537815126050419312e-02 5.246114965032748767e-01 7.196730956438091020e-02 -3.922404103076270188e-01 2.480446372554380788e-02 -6.129719756125751040e-01 -1.817550706725018783e-01 -3.921803269317702401e-01 2.481760835179105604e-02 0.000000000000000000e+00 3.432577437991075897e-02 0.000000000000000000e+00 -1.255158772037601178e-02 0.000000000000000000e+00 3.443000192623409811e-02 5.413787032424911771e+00 2.356540921296663704e+00 3.965323119353963754e+00 -7.857681636014636206e-01
-5.042016806722688510e-02 5.253375667547890426e-01 7.362085063114959249e-02 -3.957865393720766956e-01 2.296537426613547844e-02 -6.088393343620778220e-01 -1.776131419800631162e-01 -3.957274778427810613e-01 2.297828285750787292e-02 0.000000000000000000e+00 3.465828649254698579e-02 0.000000000000000000e+00 -1.225384356395356825e-02 0.000000000000000000e+00 3.476188900013214150e-02 5.416320120804514637e+00 2.356538372927508895e+00 3.959877679604079326e+00 -7.857650921988267312e-01
-5.546218487394957708e-02 5.259868778247250853e-01 7.531529630068768688e-02 -3.985700489216352782e-01 2.175943292347944438e-02 -6.053538485580977069e-01 -1.744921759516448179e-01 -3.985121595563255181e-01 2.177218937355588843e-02 0.000000000000000000e+00 3.485863441111704958e-02 0.000000000000000000e+00 -1.199999822515997530e-02 0.000000000000000000e+00 3.496143814028614821e-02 5.419194207127498331e+00 2.356536414649117450e+00 3.953960504021068800e+00 -7.857624002584215894e-01
-6.050420168067226212e-02 5.265803143596072822e-01 7.707939814816264223e-02 -4.007527266521017095e-01 2.107692358941399766e-02 -6.023987999399766924e-01 -1.721991541647874269e-01 -4.006961354158862232e-01 2.108959499771093440e-02 0.000000000000000000e+00 3.495453951388671071e-02 0.000000000000000000e+00 -1.179822678201460258e-02 0.000000000000000000e+00 3.505645714385050710e-02 5.422329213697272721e+00 2.356534924599738900e+00 3.947647416794267894e+00 -7.857601196061502202e-01
-6.554621848739494716e-02 5.271345764419596014e-01 7.893924741076266405e-02 -4.024775310417680885e-01 2.081711969607990750e-02 -5.998566433257018771e-01 -1.705523342202605042e-01 -4.024223491051837631e-01 2.082975022258285944e-02 0.000000000000000000e+00 3.496741268890569271e-02 0.000000000000000000e+00 -1.165274256139115644e-02 0.000000000000000000e+00 3.506842681351857866e-02 5.425655812105411258e+00 2.356533794089009426e+00 3.941007151756533489e+00 -7.857582690349017573e-01
-7.058823529411764608e-02 5.276623516865602825e-01 8.091807949138424272e-02 -4.038619019313889336e-01 2.089529472837551791e-02 -5.976224228247538628e-01 -1.693958850550999484e-01 -4.038082306241528863e-01 2.090790472500900915e-02 0.000000000000000000e+00 3.491296784057527219e-02 0.000000000000000000e+00 -1.156501763869338326e-02 0.000000000000000000e+00 3.501311523426678396e-02 5.429117994993759133e+00 2.356532933842852451e+00 3.934096098261895325e+00 -7.857568584812788526e-01
-7.563025210084033112e-02 5.281729717216055997e-01 8.303642308903416702e-02 -4.049975422913123513e-01 2.124411998227274806e-02 -5.956091290565953544e-01 -1.686039898338728693e-01 -4.049454748385662439e-01 2.125670764929551287e-02 0.000000000000000000e+00 3.480228229252918526e-02 0.000000000000000000e+00 -1.153481900300656893e-02 0.000000000000000000e+00 3.490164063983468984e-02 5.432672383477903821e+00 2.356532274720808839e+00 3.926957339176623929e+00 -7.857558927781881364e-01
-8.067226890756301616e-02 5.286731689181120020e-01 8.531230853836532790e-02 -4.059534904966819457e-01 2.181201433577353160e-02 -5.937480229143161647e-01 -1.680789615219966393e-01 -4.059031118493641177e-01 2.182455824370327716e-02 0.000000000000000000e+00 3.464290176661647541e-02 0.000000000000000000e+00 -1.156094884309433538e-02 0.000000000000000000e+00 3.474157921533644472e-02 5.436286106317372635e+00 2.356531765421572722e+00 3.919621974850178603e+00 -7.857553743265770496e-01
-8.571428571428570120e-02 5.291677509826585579e-01 8.776143888345316890e-02 -4.067803016600392008e-01 2.256031117913345069e-02 -5.919864950892772537e-01 -1.677468209952321654e-01 -4.067316873589000292e-01 2.257277287505827720e-02 0.000000000000000000e+00 3.443980567716850572e-02 0.000000000000000000e+00 -1.164171782323291694e-02 0.000000000000000000e+00 3.453793293059363029e-02 5.439934384880530160e+00 2.356531369056440450e+00 3.912111317725159410e+00 -7.857553046742595804e-01
-9.075630252100838624e-02 5.296601358431001216e-01 9.039730637557033543e-02 -4.075141533427490970e-01 2.346029931417822206e-02 -5.902851049716151266e-01 -1.675523741212825435e-01 -4.074673679976722473e-01 2.347262573864767818e-02 0.000000000000000000e+00 3.419617932450361858e-02 0.000000000000000000e+00 -1.177522268952566932e-02 0.000000000000000000e+00 3.429390376563446613e-02 5.443598365350499790e+00 2.356531059663236061e+00 3.904439178353162454e+00 -7.857556852436496930e-01
-9.579831932773108516e-02 5.301527490112957208e-01 9.323125977592765234e-02 -4.081803720849273565e-01 2.449061388920132851e-02 -5.886146611899457648e-01 -1.674547604935687217e-01 -4.081354677966334554e-01 2.450273956797603334e-02 0.000000000000000000e+00 3.391400182956328530e-02 0.000000000000000000e+00 -1.195949582540368691e-02 0.000000000000000000e+00 3.401148316126277604e-02 5.447263378539182632e+00 2.356530819143929811e+00 3.896613903821450453e+00 -7.857565174876471881e-01
-1.008403361344537702e-01 5.306473070521142699e-01 9.627252989548587547e-02 -4.087962555476019610e-01 2.563512111644413241e-02 -5.869537062937336680e-01 -1.674238136093005869e-01 -4.087532704478306078e-01 2.564697015174146472e-02 0.000000000000000000e+00 3.359448121409565335e-02 0.000000000000000000e+00 -1.219257703790117310e-02 0.000000000000000000e+00 3.369188815782462459e-02 5.450917630593171026e+00 2.356530634757354914e+00 3.888640073587639190e+00 -7.857578026870888355e-01
-1.058823529411764552e-01 5.311450140908348105e-01 9.952821792809539436e-02 -4.093732405596461343e-01 2.688128173170863111e-02 -5.852864990567003822e-01 -1.674372552014476156e-01 -4.093321975406048474e-01 2.689276977111767011e-02 0.000000000000000000e+00 3.323837132295620611e-02 0.000000000000000000e+00 -1.247254077336385977e-02 0.000000000000000000e+00 3.333587909802916693e-02 5.454551260145771074e+00 2.356530497216625886e+00 3.880519869974249136e+00 -7.857595416103257957e-01
-1.109243697478991542e-01 5.316466947459079773e-01 1.030032493571878677e-01 -4.099185298183988246e-01 2.821891826024549438e-02 -5.836014644772232751e-01 -1.674786156075548371e-01 -4.098794355224805175e-01 2.822995432240902464e-02 0.000000000000000000e+00 3.284620133535930131e-02 0.000000000000000000e+00 -1.279749957141447167e-02 0.000000000000000000e+00 3.294398955331209744e-02 5.458155684166766441e+00 2.356530399176332669e+00 3.872254180212281849e+00 -7.857617340042349907e-01
-1.159663865546218392e-01 5.321528817003153833e-01 1.067002950516401649e-01 -4.104362975517107381e-01 2.963930018345035944e-02 -5.818900377333638962e-01 -1.675357375382468261e-01 -4.103991416214559651e-01 2.964978850170506622e-02 0.000000000000000000e+00 3.241844177128287013e-02 0.000000000000000000e+00 -1.316559584753789966e-02 0.000000000000000000e+00 3.251669262927778942e-02 5.461723163328628949e+00 2.356530334166810459e+00 3.863843491034504751e+00 -7.857643781094969526e-01
-1.210084033613445242e-01 5.326638714379360318e-01 1.106196624770795500e-01 -4.109285799522877647e-01 3.113447043768759540e-02 -5.801458220845002733e-01 -1.675997274859769015e-01 -4.108933345593105968e-01 3.114431230750263138e-02 0.000000000000000000e+00 3.195562497453322687e-02 0.000000000000000000e+00 -1.357498921219713051e-02 0.000000000000000000e+00 3.205452159574304072e-02 5.465246532890952302e+00 2.356530295824379895e+00 3.855288627132332113e+00 -7.857674701657031413e-01
-1.260504201680672232e-01 5.331819336443039958e-01 1.147701138470068605e-01 -4.113884923247681513e-01 3.269736123619013807e-02 -5.783682881988001512e-01 -1.676744803807181938e-01 -4.113544741519523096e-01 3.270638101560293526e-02 0.000000000000000000e+00 3.145535879702403281e-02 0.000000000000000000e+00 -1.402485268901030105e-02 0.000000000000000000e+00 3.155546570417271102e-02 5.468714076280938308e+00 2.356530583438789073e+00 3.846586649166925387e+00 -7.857716071154234871e-01
-1.310924369747898943e-01 5.337046191325194311e-01 1.191338474304713818e-01 -4.118254237195237977e-01 3.431833132463212727e-02 -5.765477179499073346e-01 -1.677417212972070193e-01 -4.117924916937679147e-01 3.432653968270257816e-02 0.000000000000000000e+00 3.092226509990436689e-02 0.000000000000000000e+00 -1.451225946741000784e-02 0.000000000000000000e+00 3.102374989444210349e-02 5.472123841038606606e+00 2.356530854000040254e+00 3.837746933458012322e+00 -7.857761169430552695e-01
-1.361344537815125932e-01 5.342316081522738846e-01 1.237036370017968318e-01 -4.122374866693342965e-01 3.599056488164323331e-02 -5.746819658946076270e-01 -1.677998522306463069e-01 -4.122056711845399346e-01 3.599755127140619876e-02 0.000000000000000000e+00 3.035735954661560043e-02 0.000000000000000000e+00 -1.503567509153565934e-02 0.000000000000000000e+00 3.046085009814399405e-02 5.475470292047107890e+00 2.356531698361893135e+00 3.828773939920328218e+00 -7.857824615645547794e-01
-1.411764705882352922e-01 5.347624603618629235e-01 1.284694221280185955e-01 -4.126227200974217912e-01 3.770638306742933599e-02 -5.727693735502907835e-01 -1.678486050540048957e-01 -4.125921582948927635e-01 3.771111566607666249e-02 0.000000000000000000e+00 2.976225813125523215e-02 0.000000000000000000e+00 -1.559345398726285498e-02 0.000000000000000000e+00 2.986825933429870794e-02 5.478748347716996925e+00 2.356533140206097166e+00 3.819674435345174146e+00 -7.857912848054310340e-01
-1.462184873949579633e-01 5.352966537744046072e-01 1.334171992762454018e-01 -4.129798339832423948e-01 3.945477487052037602e-02 -5.708086346430663038e-01 -1.678897057258030845e-01 -4.129502216576099727e-01 3.945736136390304988e-02 0.000000000000000000e+00 2.913848174743102759e-02 0.000000000000000000e+00 -1.618306533932726415e-02 0.000000000000000000e+00 2.924670766416518491e-02 5.481953112470241862e+00 2.356534090359792888e+00 3.810459022350149993e+00 -7.857996371180036022e-01
-1.512605042016806622e-01 5.358334332152532298e-01 1.385304040228942379e-01 -4.133072219653625146e-01 4.122611591633552897e-02 -5.687991648632093611e-01 -1.679256762008553838e-01 -4.132782827142245652e-01 4.122665977319227293e-02 0.000000000000000000e+00 2.848794006320888930e-02 0.000000000000000000e+00 -1.680260390213057439e-02 0.000000000000000000e+00 2.859813595619220550e-02 5.485080737958079489e+00 2.356534579890055436e+00 3.801140201233899507e+00 -7.858075149527209424e-01
-1.563025210084033334e-01 5.363718959657202134e-01 1.437894428095091715e-01 -4.136036000052202843e-01 4.301015674699909530e-02 -5.667409392313759176e-01 -1.679603091121756597e-01 -4.135750859369354271e-01 4.300875479568395249e-02 0.000000000000000000e+00 2.781280884211703372e-02 0.000000000000000000e+00 -1.745017045563586680e-02 0.000000000000000000e+00 2.792476033380566006e-02 5.488128340985533704e+00 2.356534645787557114e+00 3.791733171523662627e+00 -7.858149330399416543e-01
-1.613445378151260323e-01 5.369110059082210507e-01 1.491718913287141957e-01 -4.138680958735686533e-01 4.479612982919128905e-02 -5.646345502042487974e-01 -1.679986452338500802e-01 -4.138397879112937772e-01 4.479284716687195744e-02 0.000000000000000000e+00 2.711550004791903057e-02 0.000000000000000000e+00 -1.812388572856898569e-02 0.000000000000000000e+00 2.722900571825750959e-02 5.491094192444592181e+00 2.356534303585852808e+00 3.782255666966206409e+00 -7.858218882064551547e-01
-1.663865546218487312e-01 5.374495862358653619e-01 1.546523174267862288e-01 -4.141007548955981665e-01 4.656946915804501680e-02 -5.624812258942071264e-01 -1.680487512675084838e-01 -4.140721546655642960e-01 4.656486677517894524e-02 0.000000000000000000e+00 2.639740548564786793e-02 0.000000000000000000e+00 -1.882183945883432810e-02 0.000000000000000000e+00 2.651227415684159067e-02 5.493976800370359292e+00 2.356533661557691062e+00 3.772727485838898165e+00 -7.858277533328745790e-01
-1.714285714285714024e-01 5.379858997660302844e-01 1.602239395948010237e-01 -4.142999803809331860e-01 4.830904072845387115e-02 -5.602779279004599378e-01 -1.681202589283445625e-01 -4.142737913484541012e-01 4.829981971446171973e-02 0.000000000000000000e+00 2.565937470997598294e-02 0.000000000000000000e+00 -1.956218707767453865e-02 0.000000000000000000e+00 2.578209045729348489e-02 5.496778774507451892e+00 2.356536294389166120e+00 3.763142867990091123e+00 -7.858446242653301939e-01
-1.764705882352941013e-01 5.385179807768024629e-01 1.658682967552526366e-01 -4.144631352028755322e-01 5.001009432930740572e-02 -5.580266216623575026e-01 -1.682209851261826372e-01 -4.144439128070624423e-01 4.998234036894934340e-02 0.000000000000000000e+00 2.490853304932188345e-02 0.000000000000000000e+00 -2.035195203577013640e-02 0.000000000000000000e+00 2.503958809835741747e-02 5.499503926903526185e+00 2.356537899600803954e+00 3.753518332976852889e+00 -7.858756429938182908e-01
-1.815126050420167725e-01 5.390454040406406078e-01 1.715187131029924095e-01 -4.145961815366810410e-01 5.167352530934377769e-02 -5.557395079899597468e-01 -1.683562616593894112e-01 -4.145817870617723444e-01 5.162243557220630441e-02 0.000000000000000000e+00 2.414862383874768689e-02 0.000000000000000000e+00 -2.115341887922890171e-02 0.000000000000000000e+00 2.427644488892696448e-02 5.502150990949590259e+00 2.356533512699177990e+00 3.743923493536084557e+00 -7.858984057982185689e-01
-1.865546218487394714e-01 5.395669972609968834e-01 1.771498469007376786e-01 -4.147012302861077804e-01 5.328540119718714468e-02 -5.534191945916323574e-01 -1.685341261604092478e-01 -4.146898553876461335e-01 5.321088332598570420e-02 0.000000000000000000e+00 2.337993501415454659e-02 0.000000000000000000e+00 -2.196827993231239076e-02 0.000000000000000000e+00 2.349904748322518416e-02 5.504725966340378029e+00 2.356526958132035166e+00 3.734374937389157711e+00 -7.859154462171348277e-01
-1.915966386554621703e-01 5.400827033359213436e-01 1.827439094532070929e-01 -4.147825321316208069e-01 5.482680873346358619e-02 -5.510704437806710487e-01 -1.687578763698169559e-01 -4.147624534068761193e-01 5.476283312307559520e-02 0.000000000000000000e+00 2.259952925035100396e-02 0.000000000000000000e+00 -2.278969427787997173e-02 0.000000000000000000e+00 2.272026188528692564e-02 5.507245305634519639e+00 2.356494284528325434e+00 3.724893583371102324e+00 -7.858996304581147285e-01
-1.966386554621848415e-01 5.405904354011573654e-01 1.882710036598360115e-01 -4.148388549502917133e-01 5.630137539553399517e-02 -5.486960438026736719e-01 -1.690410194620383943e-01 -4.148106698587404884e-01 5.624395698868837890e-02 0.000000000000000000e+00 2.181186296651822787e-02 0.000000000000000000e+00 -2.362377833796516433e-02 0.000000000000000000e+00 2.193489209810939658e-02 5.509708099548920934e+00 2.356459175151204288e+00 3.715496698082421112e+00 -7.858798753407001403e-01
-2.016806722689075404e-01 5.410895209261959993e-01 1.937544850588560630e-01 -4.148763753080553784e-01 5.768328871299465560e-02 -5.462886293830511164e-01 -1.693871463806800870e-01 -4.148308531000340915e-01 5.763087311324664036e-02 0.000000000000000000e+00 2.102744243948428265e-02 0.000000000000000000e+00 -2.450691835368697113e-02 0.000000000000000000e+00 2.114273059729085760e-02 5.512134291667017294e+00 2.356405231668482703e+00 3.706145208491020693e+00 -7.858215208679139030e-01
-2.067226890756302393e-01 5.415792863141841718e-01 1.991163244158416779e-01 -4.148926687755479237e-01 5.898790520391074266e-02 -5.438713771109219275e-01 -1.698081537123788398e-01 -4.148288465628198196e-01 5.894900276577832304e-02 0.000000000000000000e+00 2.023160999494790988e-02 0.000000000000000000e+00 -2.538479008831034250e-02 0.000000000000000000e+00 2.035063883013351130e-02 5.514517578346395332e+00 2.356353069600536809e+00 3.696931961954670776e+00 -7.857555512151560562e-01
-2.117647058823529105e-01 5.420594629118323793e-01 2.043347633183271450e-01 -4.148931652472324094e-01 6.021234069234477487e-02 -5.414490749462124164e-01 -1.703066590347222242e-01 -4.148090452151090290e-01 6.019988559470976219e-02 0.000000000000000000e+00 1.942153072475320125e-02 0.000000000000000000e+00 -2.624789359086819249e-02 0.000000000000000000e+00 1.955958784194192571e-02 5.516863073645809301e+00 2.356306170484541607e+00 3.687880350481549385e+00 -7.856866631588697025e-01
-2.168067226890756094e-01 5.425290426630682283e-01 2.094150058494991806e-01 -4.148772220020036650e-01 6.136136086034274517e-02 -5.390222266622269887e-01 -1.708835851218137580e-01 -4.147741161965833867e-01 6.137832646665802167e-02 0.000000000000000000e+00 1.859919157934320291e-02 0.000000000000000000e+00 -2.710606226642960082e-02 0.000000000000000000e+00 1.876790775237675499e-02 5.519178103865029605e+00 2.356265388300001984e+00 3.678983124558516504e+00 -7.856243772544201365e-01
-2.218487394957983083e-01 5.429879724720441114e-01 2.143562692718876117e-01 -4.148499929013472198e-01 6.242899616411695662e-02 -5.365907757724832639e-01 -1.715410570103547694e-01 -4.147275945683717158e-01 6.247574106721955067e-02 0.000000000000000000e+00 1.776258482048180196e-02 0.000000000000000000e+00 -2.796060225758401768e-02 0.000000000000000000e+00 1.796978401861549710e-02 5.521467186218798062e+00 2.356228917356641528e+00 3.670239293794276492e+00 -7.855677364476437718e-01
-2.268907563025209795e-01 5.434359551337696326e-01 2.191711409422364698e-01 -4.148116363015745822e-01 6.341531643498854454e-02 -5.341544521374536059e-01 -1.722786889345340744e-01 -4.146695641178508862e-01 6.348853570224470555e-02 0.000000000000000000e+00 1.691217252459403450e-02 0.000000000000000000e+00 -2.881931316119276318e-02 0.000000000000000000e+00 1.716153060913841802e-02 5.523736785826240947e+00 2.356194279939439085e+00 3.661636205223859797e+00 -7.855145162164894890e-01
-2.319327731092436784e-01 5.438728547088296228e-01 2.238717733038781688e-01 -4.147620318377364113e-01 6.432089458617049060e-02 -5.317133290937471335e-01 -1.730948944937324152e-01 -4.145996515735337895e-01 6.441554005957492168e-02 0.000000000000000000e+00 1.604741126686094754e-02 0.000000000000000000e+00 -2.968750719119342060e-02 0.000000000000000000e+00 1.634020019514905928e-02 5.525992292519204874e+00 2.356159533870787470e+00 3.653162449052945515e+00 -7.854618371741779459e-01
-2.369747899159663496e-01 5.442986314759694633e-01 2.284686697930657096e-01 -4.147009304814347486e-01 6.514734694992847797e-02 -5.292677874773770164e-01 -1.739871196213724769e-01 -4.145176660424435000e-01 6.525688101420862308e-02 0.000000000000000000e+00 1.516702629751591654e-02 0.000000000000000000e+00 -3.056792258288936262e-02 0.000000000000000000e+00 1.550330843648238185e-02 5.528237648823624006e+00 2.356123463854266742e+00 3.644808562690700526e+00 -7.854077554469868216e-01
-2.420168067226890485e-01 5.447125721146945931e-01 2.329932222662974839e-01 -4.146213212587509522e-01 6.589581850679980535e-02 -5.268149552114430589e-01 -1.749558791167178662e-01 -4.144207238071653254e-01 6.600148077620059117e-02 0.000000000000000000e+00 1.427057382958887670e-02 0.000000000000000000e+00 -3.148212493521004851e-02 0.000000000000000000e+00 1.464464494131028846e-02 5.530478064551592965e+00 2.356083488287039174e+00 3.636538466442501338e+00 -7.853533858076860996e-01
-2.470588235294117474e-01 5.451140127371745248e-01 2.374642910074226398e-01 -4.145190419502201018e-01 6.656556005349893723e-02 -5.243537823069416293e-01 -1.759999726151537935e-01 -4.143067335108971405e-01 6.664185840210883061e-02 0.000000000000000000e+00 1.335798698079441495e-02 0.000000000000000000e+00 -3.244581399811172218e-02 0.000000000000000000e+00 1.376040623586092214e-02 5.532717745007690091e+00 2.356038467522421964e+00 3.628327861415518996e+00 -7.852989727146578725e-01
-2.521008403361344463e-01 5.455048775509926395e-01 2.418329506548988206e-01 -4.144101463543907737e-01 6.716377578721166586e-02 -5.218930964681770535e-01 -1.771055207425541178e-01 -4.141846563654419944e-01 6.720313498091044779e-02 0.000000000000000000e+00 1.242773962914418828e-02 0.000000000000000000e+00 -3.341064157819167990e-02 0.000000000000000000e+00 1.285788417613000813e-02 5.534952568279972063e+00 2.355992149357068577e+00 3.620235804668465285e+00 -7.852402974430724436e-01
-2.571428571428571175e-01 5.458867101998080562e-01 2.460954101701973151e-01 -4.142973508191786225e-01 6.769923383449459597e-02 -5.194346420860849189e-01 -1.782646986445860504e-01 -4.140594404675959628e-01 6.768805960920253051e-02 0.000000000000000000e+00 1.148044495132025111e-02 0.000000000000000000e+00 -3.436100211400192755e-02 0.000000000000000000e+00 1.193514976714803860e-02 5.537182726164083135e+00 2.355945023106979619e+00 3.612270106384073198e+00 -7.851800219661551061e-01
-2.621848739495797886e-01 5.462625417308768494e-01 2.502333666094221920e-01 -4.141880213967801261e-01 6.818109838600805439e-02 -5.169811420332789398e-01 -1.794665828613936642e-01 -4.139418049193010485e-01 6.809942782444072806e-02 0.000000000000000000e+00 1.051834493419001940e-02 0.000000000000000000e+00 -3.526496878025443121e-02 0.000000000000000000e+00 1.098966467794659438e-02 5.539408573439505545e+00 2.355898750437365408e+00 3.604459554328116599e+00 -7.851251666924186079e-01
-2.672268907563025153e-01 5.466335673835093223e-01 2.542647338727921924e-01 -4.140796527405632421e-01 6.860980442378114552e-02 -5.145324007784506382e-01 -1.807084027922539471e-01 -4.138307686407974861e-01 6.843626986763573505e-02 0.000000000000000000e+00 9.539705251978766731e-03 0.000000000000000000e+00 -3.611617837900363281e-02 0.000000000000000000e+00 1.001470203379240670e-02 5.541628874626762347e+00 2.355853647081672442e+00 3.596808229067915974e+00 -7.850823384081313527e-01
-2.722689075630251865e-01 5.470000834218466945e-01 2.582132793375968571e-01 -4.139700831472268860e-01 6.897665701156803497e-02 -5.120864690004605091e-01 -1.819881898173540957e-01 -4.137212135654688705e-01 6.870591373703424654e-02 0.000000000000000000e+00 8.537820954935113407e-03 0.000000000000000000e+00 -3.691493787411514321e-02 0.000000000000000000e+00 9.007336120542781821e-03 5.543843227934894813e+00 2.355814565550770734e+00 3.589317557501235711e+00 -7.850597133138758066e-01
-2.773109243697478576e-01 5.473607093919485855e-01 2.621141298292418154e-01 -4.138510356216941188e-01 6.928199984509671172e-02 -5.096410913848747892e-01 -1.833058940711797535e-01 -4.136019149307773035e-01 6.891724985107065826e-02 0.000000000000000000e+00 7.508862022917763002e-03 0.000000000000000000e+00 -3.767746932033888552e-02 0.000000000000000000e+00 7.966087490419481235e-03 5.546050842963794913e+00 2.355780540340205675e+00 3.581968651506905132e+00 -7.850538256406769388e-01
-2.823529411764705843e-01 5.477141820091501190e-01 2.659889542145892904e-01 -4.137161693135606999e-01 6.953017989358323270e-02 -5.071953501165104017e-01 -1.846600164148158307e-01 -4.134654850032729034e-01 6.907641026959962516e-02 0.000000000000000000e+00 6.452011583972508922e-03 0.000000000000000000e+00 -3.841645178074640232e-02 0.000000000000000000e+00 6.891672142226593946e-03 5.548250814522134533e+00 2.355750109033335704e+00 3.574747301421578261e+00 -7.850609102628915981e-01
-2.873949579831932555e-01 5.480595636505845025e-01 2.698494301628294734e-01 -4.135616115145911986e-01 6.972496243701278851e-02 -5.047488121613277201e-01 -1.860483682716221887e-01 -4.133080277497322985e-01 6.918617370139160117e-02 0.000000000000000000e+00 5.367311722240500522e-03 0.000000000000000000e+00 -3.914036166101345082e-02 0.000000000000000000e+00 5.785473090743909093e-03 5.550442585211182056e+00 2.355722400525048332e+00 3.567644885505536489e+00 -7.850793230930408484e-01
-2.924369747899159266e-01 5.483960585437736013e-01 2.737032416758996556e-01 -4.133847379529832500e-01 6.986853920870038370e-02 -5.023009868716501458e-01 -1.874689304448658167e-01 -4.131270697469380804e-01 6.924710077571542832e-02 0.000000000000000000e+00 4.254563227373878674e-03 0.000000000000000000e+00 -3.985624580961318053e-02 0.000000000000000000e+00 4.648841912208735543e-03 5.552625941018600741e+00 2.355696984402174898e+00 3.560653855986741778e+00 -7.851085989935837617e-01
-2.974789915966385978e-01 5.487229814875065337e-01 2.775553500056400780e-01 -4.131838081027053300e-01 6.996201068441383619e-02 -4.998514413886718799e-01 -1.889199393672623128e-01 -4.129209554615640987e-01 6.925842442556133516e-02 0.000000000000000000e+00 3.113284167646602780e-03 0.000000000000000000e+00 -4.056993482663711487e-02 0.000000000000000000e+00 3.483095716063024268e-03 5.554800892353422448e+00 2.355673662448941386e+00 3.553767135681006106e+00 -7.851486626675687752e-01
-3.025210084033613245e-01 5.490397489040991230e-01 2.814092115883439216e-01 -4.129576177428365136e-01 7.000599826411971205e-02 -4.973996757515147249e-01 -1.903997202594184812e-01 -4.126885249443751347e-01 6.921860384856665105e-02 0.000000000000000000e+00 1.943027151522666758e-03 0.000000000000000000e+00 -4.128643414524713062e-02 0.000000000000000000e+00 2.289526295647918534e-03 5.556968070042289654e+00 2.355652396466830112e+00 3.546977153376498659e+00 -7.851996692220891694e-01
-3.075630252100839956e-01 5.493458918851278350e-01 2.852663305549993922e-01 -4.127055020790316719e-01 7.000110566138501023e-02 -4.949453626521382321e-01 -1.919066374680901410e-01 -4.124291453345229064e-01 6.912586454843619443e-02 0.000000000000000000e+00 7.435448458023083537e-04 0.000000000000000000e+00 -4.200943701134097347e-02 0.000000000000000000e+00 1.069579237445504203e-03 5.559128765226251545e+00 2.355633175788065969e+00 3.540277112640018764e+00 -7.852617339905939575e-01
-3.126050420168066668e-01 5.496412539894278693e-01 2.891239525575792224e-01 -4.124277140771657191e-01 6.994870433574909563e-02 -4.924894518923959574e-01 -1.934388879429053132e-01 -4.121431087569046303e-01 6.897860934701556535e-02 0.000000000000000000e+00 -4.853594831753090476e-04 0.000000000000000000e+00 -4.273844671189968442e-02 0.000000000000000000e+00 -1.753697619993202039e-04 5.561282813049393425e+00 2.355616158506510516e+00 3.533667579892817212e+00 -7.853353128439555242e-01
-3.176470588235293935e-01 5.499257167117974632e-01 2.929815070941463317e-01 -4.121240952665005675e-01 6.985061258194379119e-02 -4.900323361591975013e-01 -1.949945251057285112e-01 -4.118302305614647829e-01 6.877573144806821415e-02 0.000000000000000000e+00 -1.743754319998820114e-03 0.000000000000000000e+00 -4.347361442190881414e-02 0.000000000000000000e+00 -1.444094825936708716e-03 5.563430848992423350e+00 2.355601517915415499e+00 3.527146257355466386e+00 -7.854208475241475362e-01
-3.226890756302520646e-01 5.501972090957636397e-01 2.970647171567173395e-01 -4.117167428437860655e-01 6.955543549551766735e-02 -4.875666033826883128e-01 -1.966278229342887651e-01 -4.114098325089337038e-01 6.849033583648450607e-02 0.000000000000000000e+00 -3.017441939964351626e-03 0.000000000000000000e+00 -4.448598478265813894e-02 0.000000000000000000e+00 -2.749785960594287957e-03 5.565552915624746078e+00 2.355608208004702941e+00 3.520082556940459018e+00 -7.854169635542955774e-01
-3.277310924369747358e-01 5.504562986130454583e-01 3.010420936548738324e-01 -4.113024241950664073e-01 6.917192216773143665e-02 -4.851248305033910024e-01 -1.982969936723520121e-01 -4.109850913868105526e-01 6.811757121276230953e-02 0.000000000000000000e+00 -4.299528800745570922e-03 0.000000000000000000e+00 -4.551565842037010728e-02 0.000000000000000000e+00 -4.059480517096243288e-03 5.567674191270127970e+00 2.355615196080114604e+00 3.513100487242027281e+00 -7.854106347213739570e-01
-3.327731092436974625e-01 5.507047305722098107e-01 3.049486172207612200e-01 -4.108773664612886400e-01 6.871621829940199877e-02 -4.826995791546893066e-01 -1.999859112304059050e-01 -4.105517847604904236e-01 6.767012033722955011e-02 0.000000000000000000e+00 -5.594069312012692717e-03 0.000000000000000000e+00 -4.654935958063572549e-02 0.000000000000000000e+00 -5.377616909310880058e-03 5.569790704916426805e+00 2.355622174737165953e+00 3.506203208833920559e+00 -7.854057212023028978e-01
-3.378151260504201336e-01 5.509438170088941655e-01 3.088214661556912266e-01 -4.104335526336156392e-01 6.818692249262144067e-02 -4.802852942777456891e-01 -2.016886195204098953e-01 -4.100994763628817430e-01 6.716135200882951406e-02 0.000000000000000000e+00 -6.904047968753219099e-03 0.000000000000000000e+00 -4.759179898211657322e-02 0.000000000000000000e+00 -6.702150011428755112e-03 5.571905152768274583e+00 2.355630832780273298e+00 3.499367826683258187e+00 -7.854061142635132553e-01
-3.428571428571428048e-01 5.511741588927412394e-01 3.126672097761616920e-01 -4.099695107046409936e-01 6.759646623923426523e-02 -4.778820631466225155e-01 -2.033990808249948046e-01 -4.096287049599675600e-01 6.658978154856430576e-02 0.000000000000000000e+00 -8.228605737096132342e-03 0.000000000000000000e+00 -4.863428857885523926e-02 0.000000000000000000e+00 -8.039886171023457109e-03 5.574011216951764602e+00 2.355639434714161595e+00 3.492593597139093564e+00 -7.854066488595110584e-01
-3.478991596638655315e-01 5.513963667259927925e-01 3.164966669120691800e-01 -4.094816570856972260e-01 6.694777259572468053e-02 -4.754897078894059215e-01 -2.051154089935158520e-01 -4.091355811511991347e-01 6.595884090024042856e-02 0.000000000000000000e+00 -9.567743290401668071e-03 0.000000000000000000e+00 -4.967583685484890793e-02 0.000000000000000000e+00 -9.391042796376789653e-03 5.576108953267459256e+00 2.355648005786295407e+00 3.485873342140000108e+00 -7.854072117380911378e-01
-3.529411764705882026e-01 5.516109191054270333e-01 3.203159356631158916e-01 -4.089671792283029461e-01 6.624271390846150909e-02 -4.731089658227535244e-01 -2.068369185320340919e-01 -4.086170876432367316e-01 6.527072872845460227e-02 0.000000000000000000e+00 -1.092086128405418688e-02 0.000000000000000000e+00 -5.071556880679550794e-02 0.000000000000000000e+00 -1.075520743923088531e-02 5.578198977905128864e+00 2.355656567425417069e+00 3.479202197895746806e+00 -7.854077545591764409e-01
-3.579831932773108738e-01 5.518182364305036502e-01 3.241286426215395644e-01 -4.084237667569911023e-01 6.548263549259183969e-02 -4.707409708361449119e-01 -2.085633906756395317e-01 -4.080707515031025689e-01 6.452701222087471600e-02 0.000000000000000000e+00 -1.228699416128707471e-02 0.000000000000000000e+00 -5.175266436757489097e-02 0.000000000000000000e+00 -1.213154959692429834e-02 5.580282260017825458e+00 2.355665133575663095e+00 3.472576462051789381e+00 -7.854082544980638403e-01
-3.630252100840335450e-01 5.520187153884402731e-01 3.279371297982092148e-01 -4.078494360746030001e-01 6.466861571436996470e-02 -4.683869973386519669e-01 -2.102947349665820753e-01 -4.074944553600821640e-01 6.372892335258539820e-02 0.000000000000000000e+00 -1.366493766518444598e-02 0.000000000000000000e+00 -5.278633240665038528e-02 0.000000000000000000e+00 -1.351896692565281340e-02 5.582359994228411004e+00 2.355673712964827526e+00 3.465993009005593706e+00 -7.854087029938048303e-01
-3.680672268907562716e-01 5.522127454515017853e-01 3.317430743240259439e-01 -4.072424185448328959e-01 6.380160108551063969e-02 -4.660483436616743580e-01 -2.120308483956706569e-01 -4.068863173712466974e-01 6.287751681940664805e-02 0.000000000000000000e+00 -1.505332171631891536e-02 0.000000000000000000e+00 -5.381579530905977737e-02 0.000000000000000000e+00 -1.491616944933961755e-02 5.584433534085825102e+00 2.355682310704182214e+00 3.459448982772454162e+00 -7.854090991311035719e-01
-3.731092436974789428e-01 5.524006896474442652e-01 3.355492668305462556e-01 -4.066008825909179780e-01 6.288218412580783012e-02 -4.637259556769876001e-01 -2.137710430277178220e-01 -4.062443675252448427e-01 6.197323170871350817e-02 0.000000000000000000e+00 -1.645055608351889131e-02 0.000000000000000000e+00 -5.484045401454475110e-02 0.000000000000000000e+00 -1.632229084827892251e-02 5.586504054171306244e+00 2.355690581046031795e+00 3.452940483339344890e+00 -7.854091038594263052e-01
-3.781512605042016140e-01 5.525828537041060917e-01 3.393570826299199816e-01 -4.059232296655519989e-01 6.191089854367628348e-02 -4.614209821288112745e-01 -2.155148706868371400e-01 -4.055671399252131493e-01 6.101624439543402306e-02 0.000000000000000000e+00 -1.785492784217702911e-02 0.000000000000000000e+00 -5.585967441842108749e-02 0.000000000000000000e+00 -1.773615852239293286e-02 5.588573154098946283e+00 2.355698215268856366e+00 3.446464351141027560e+00 -7.854084687040812085e-01
-3.831932773109243406e-01 5.527596634045836010e-01 3.431642946604214206e-01 -4.052084176920959235e-01 6.088913788440380309e-02 -4.591354111717176334e-01 -2.172632879790942495e-01 -4.048536498189777566e-01 6.000832948365109054e-02 0.000000000000000000e+00 -1.926496863461864273e-02 0.000000000000000000e+00 -5.687232817686121988e-02 0.000000000000000000e+00 -1.915502113409012566e-02 5.590643236522506498e+00 2.355705864960665252e+00 3.440020277637152457e+00 -7.854078790808503019e-01
-3.882352941176470118e-01 5.529315413231321585e-01 3.469727928211523427e-01 -4.044549348894662666e-01 5.981785410735491332e-02 -4.568701559029925696e-01 -2.190156556526120235e-01 -4.041022525516762554e-01 5.895062847381168925e-02 0.000000000000000000e+00 -2.067898184966254771e-02 0.000000000000000000e+00 -5.787760710004391518e-02 0.000000000000000000e+00 -2.057730024743986696e-02 5.592715961783699896e+00 2.355713550387294131e+00 3.433605078558635171e+00 -7.854072996751806368e-01
-3.932773109243696830e-01 5.530988949315694958e-01 3.507839273370665367e-01 -4.036613356938582031e-01 5.869792045740406666e-02 -4.546262662916515929e-01 -2.207715538951849354e-01 -4.033113966512874016e-01 5.784412705351454215e-02 0.000000000000000000e+00 -2.209519784804000325e-02 0.000000000000000000e+00 -5.887470641726609555e-02 0.000000000000000000e+00 -2.200129896489963488e-02 5.594793163279260462e+00 2.355721283328718663e+00 3.427215733873836712e+00 -7.854067147830805506e-01
-3.983193277310924096e-01 5.532621234769602436e-01 3.545988263608705338e-01 -4.028262076440766171e-01 5.753017833896478805e-02 -4.524048362401864032e-01 -2.225306572440798880e-01 -4.024795806459592340e-01 5.668973596566194428e-02 0.000000000000000000e+00 -2.351179662147439772e-02 0.000000000000000000e+00 -5.986281834182109740e-02 0.000000000000000000e+00 -2.342524429427381844e-02 5.596876806809355287e+00 2.355729070571839667e+00 3.420849243021117925e+00 -7.854061184085737723e-01
-4.033613445378150808e-01 5.534216194737503480e-01 3.584185349395203612e-01 -4.019481534836392700e-01 5.631545363627216833e-02 -4.502069654478101368e-01 -2.242926870170140474e-01 -4.016053296174161291e-01 5.548832624399884644e-02 0.000000000000000000e+00 -2.492692061859218267e-02 0.000000000000000000e+00 -6.084112913290898317e-02 0.000000000000000000e+00 -2.484731070764205699e-02 5.598968974270489340e+00 2.355736915889857119e+00 3.414502560840245060e+00 -7.854055090567773068e-01
-4.084033613445377520e-01 5.535777678344603325e-01 3.622440763299238364e-01 -4.010257807345788961e-01 5.505456055988348224e-02 -4.480337442075983945e-01 -2.260573955273956215e-01 -4.006871816404378728e-01 5.424074369353746455e-02 0.000000000000000000e+00 -2.633868362598680568e-02 0.000000000000000000e+00 -6.180881780187774677e-02 0.000000000000000000e+00 -2.626563487268222460e-02 5.601071858204729637e+00 2.355744821134091005e+00 3.408172568542553904e+00 -7.854048870556170625e-01
-4.134453781512604786e-01 5.537309439526464372e-01 3.660764801430161364e-01 -4.000576950936872711e-01 5.374830061049609004e-02 -4.458862471677300654e-01 -2.278245622233412981e-01 -3.997236793333265870e-01 5.294781401147947986e-02 0.000000000000000000e+00 -2.774517807616512510e-02 0.000000000000000000e+00 -6.276505559325877559e-02 0.000000000000000000e+00 -2.767832618200200337e-02 5.603187761148847201e+00 2.355752786814520050e+00 3.401856059745600902e+00 -7.854042532312303093e-01
-4.184873949579831498e-01 5.538815112953123787e-01 3.699167963867481257e-01 -3.990424959081991796e-01 5.239745972442732408e-02 -4.437655301906035521e-01 -2.295939935301093415e-01 -3.987133641819227692e-01 5.161034371339174448e-02 0.000000000000000000e+00 -2.914448170338596392e-02 0.000000000000000000e+00 -6.370900583374676518e-02 0.000000000000000000e+00 -2.908347523010597346e-02 5.605319097150888830e+00 2.355760812390072623e+00 3.395549733011007820e+00 -7.854036083150115477e-01
-4.235294117647058210e-01 5.540298187389884887e-01 3.737661033809473454e-01 -3.979787728687145809e-01 5.100280478804403161e-02 -4.416726279812180911e-01 -2.313655232153600527e-01 -3.976547724663675454e-01 5.022911918637230910e-02 0.000000000000000000e+00 -3.053466389710712825e-02 0.000000000000000000e+00 -6.463982395473741316e-02 0.000000000000000000e+00 -3.047916125623260919e-02 5.607468394347164597e+00 2.355768896395016743e+00 3.389250187239992496e+00 -7.854029527646333442e-01
-4.285714285714285476e-01 5.541761977518498972e-01 3.776255128029745167e-01 -3.968651034706729974e-01 4.956507995802270777e-02 -4.396085516379582003e-01 -2.331390121832164208e-01 -3.965464321864626274e-01 4.880490488527133158e-02 0.000000000000000000e+00 -3.191379188528352395e-02 0.000000000000000000e+00 -6.555665758934692278e-02 0.000000000000000000e+00 -3.186345905608398837e-02 5.609638298150805724e+00 2.355777036470972696e+00 3.382953918336558896e+00 -7.854022868460763807e-01
-4.336134453781512188e-01 5.543209594731607348e-01 3.814961731742661510e-01 -3.957000509994465509e-01 4.808500292870069442e-02 -4.375742858679758096e-01 -2.349143474152436684e-01 -3.953868606669099783e-01 4.733844105576084926e-02 0.000000000000000000e+00 -3.327993679011404665e-02 0.000000000000000000e+00 -6.645864668699476285e-02 0.000000000000000000e+00 -3.323444562423404774e-02 5.611831574883408891e+00 2.355785229340794817e+00 3.376657316404651166e+00 -7.854016109079419161e-01
-4.386554621848738900e-01 5.544643988439540427e-01 3.853792410719757977e-01 -3.944821686144817652e-01 4.656328239641450289e-02 -4.355707948565822329e-01 -2.366914602698084735e-01 -3.941745759965217810e-01 4.583042267621138116e-02 0.000000000000000000e+00 -3.463117219956641374e-02 0.000000000000000000e+00 -6.734492755928764285e-02 0.000000000000000000e+00 -3.459023492246967452e-02 5.614051117690001647e+00 2.355793467668466867e+00 3.370356555352348682e+00 -7.854009548439374599e-01
-4.436974789915966166e-01 5.546067520772782755e-01 3.892762224185389863e-01 -3.932099981814117795e-01 4.500011230748735686e-02 -4.335988039267109628e-01 -2.384703421735521189e-01 -3.929079515590753746e-01 4.428085970961820328e-02 0.000000000000000000e+00 -3.596549129273673290e-02 0.000000000000000000e+00 -6.821474327524133796e-02 0.000000000000000000e+00 -3.592849344413317353e-02 5.616300368647158869e+00 2.355801892378341922e+00 3.364048213966284617e+00 -7.854002555741559366e-01
-4.487394957983192878e-01 5.547482743364150481e-01 3.931882355809766527e-01 -3.918820008969655100e-01 4.339670818222538667e-02 -4.316594014593030382e-01 -2.402508054172110830e-01 -3.915855341833271441e-01 4.269104760934121223e-02 0.000000000000000000e+00 -3.728097467154064398e-02 0.000000000000000000e+00 -6.906706401237198978e-02 0.000000000000000000e+00 -3.724776818360330671e-02 5.618582094985118403e+00 2.355810328052507785e+00 3.357727950283406315e+00 -7.853995902123236394e-01
-4.537815126050419590e-01 5.548891586877086057e-01 3.971165253390341321e-01 -3.904966777217487306e-01 4.175361896440166892e-02 -4.297534577181024718e-01 -2.420328526931783408e-01 -3.902057884519368192e-01 4.106155573702061079e-02 0.000000000000000000e+00 -3.857575584287051274e-02 0.000000000000000000e+00 -6.990100310353933311e-02 0.000000000000000000e+00 -3.854618592346570338e-02 5.620899617304881524e+00 2.355818772962161134e+00 3.351391802072281934e+00 -7.853989595764032661e-01
-4.588235294117646301e-01 5.550295626987755693e-01 4.010624392000484151e-01 -3.890525016203004727e-01 4.007137620643581172e-02 -4.278817774893423631e-01 -2.438164607493662761e-01 -3.887671526169182434e-01 3.939293586698410649e-02 0.000000000000000000e+00 -3.984800726729887527e-02 0.000000000000000000e+00 -7.071566510716122134e-02 0.000000000000000000e+00 -3.982190385927793230e-02 5.623256389856793547e+00 2.355827224699692746e+00 3.345035688572151944e+00 -7.853983598612650496e-01
-4.638655462184873568e-01 5.551696025035557369e-01 4.050273886645656130e-01 -3.875479189449547723e-01 3.835047207462083385e-02 -4.260451096336310695e-01 -2.456015998336355255e-01 -3.872680406521429308e-01 3.768569555227545276e-02 0.000000000000000000e+00 -4.109593643877643837e-02 0.000000000000000000e+00 -7.151014662325552718e-02 0.000000000000000000e+00 -4.107311536066539370e-02 5.625656018855516471e+00 2.355835679848905073e+00 3.338655437890273081e+00 -7.853977897463940705e-01
-4.689075630252100280e-01 5.553093487285474250e-01 4.090128365331059390e-01 -3.859813499416831495e-01 3.659135806691750370e-02 -4.242441472413784886e-01 -2.473882318378883005e-01 -3.857068420815796261e-01 3.594030038155400508e-02 0.000000000000000000e+00 -4.231779103831323496e-02 0.000000000000000000e+00 -7.228353673350741693e-02 0.000000000000000000e+00 -4.229805395419106856e-02 5.628102270698342124e+00 2.355844134486106967e+00 3.332246796836252134e+00 -7.853972481161273222e-01
-4.739495798319326991e-01 5.554488216187514205e-01 4.130202944217508665e-01 -3.843511871862698714e-01 3.479444402310402640e-02 -4.224795236525568098e-01 -2.491763042193340383e-01 -3.840819204696387934e-01 3.415716846828833336e-02 0.000000000000000000e+00 -4.351186031716141461e-02 0.000000000000000000e+00 -7.303491702744015213e-02 0.000000000000000000e+00 -4.349499718546839117e-02 5.630599082282032875e+00 2.355852584084891177e+00 3.325805447160995243e+00 -7.853967355219566571e-01
-4.789915966386554258e-01 5.555879880530157910e-01 4.170513175315002097e-01 -3.826557964990849880e-01 3.296009902898536931e-02 -4.207518085367587535e-01 -2.509657421026183499e-01 -3.823916136376708241e-01 3.233667973055336792e-02 0.000000000000000000e+00 -4.467648431608493148e-02 0.000000000000000000e+00 -7.376336199019584150e-02 0.000000000000000000e+00 -4.466227235717027538e-02 5.633150565665055787e+00 2.355861023998727433e+00 3.319327001185220727e+00 -7.853962509258193281e-01
-4.840336134453780970e-01 5.557267552923170761e-01 4.211075046906247454e-01 -3.808935147899088491e-01 3.108865112692479546e-02 -4.190615039474847592e-01 -2.527564366121392014e-01 -3.806342303874790112e-01 3.047920840059259451e-02 0.000000000000000000e+00 -4.581005957133345990e-02 0.000000000000000000e+00 -7.446793714110006013e-02 0.000000000000000000e+00 -4.579824908629299973e-02 5.635761018322792637e+00 2.355869454426080090e+00 3.312807019912756168e+00 -7.853957847341530574e-01
-4.890756302521007681e-01 5.558651300983890042e-01 4.251901799914069024e-01 -3.790627413422662517e-01 2.917937680885719295e-02 -4.174089563553906035e-01 -2.545483160675526269e-01 -3.788084453951347519e-01 2.858640382133592270e-02 0.000000000000000000e+00 -4.691235502664673623e-02 0.000000000000000000e+00 -7.514760558260072387e-02 0.000000000000000000e+00 -4.690213090334299090e-02 5.638433921417125738e+00 2.355877861126752570e+00 3.306239693581605188e+00 -7.853953619062050695e-01
-4.941176470588234948e-01 5.560027616172401599e-01 4.293010436828883503e-01 -3.771617334460448667e-01 2.723351346303781381e-02 -4.157946628684483503e-01 -2.563412085488864789e-01 -3.769122505659098232e-01 2.665738243581745534e-02 0.000000000000000000e+00 -4.798076405340155615e-02 0.000000000000000000e+00 -7.580157946166588001e-02 0.000000000000000000e+00 -4.797167443981238677e-02 5.641174893555900738e+00 2.355886242129249464e+00 3.299621361604962555e+00 -7.853949983327670470e-01
-4.991596638655461660e-01 5.561393517345920579e-01 4.334419376526212342e-01 -3.751887138375024078e-01 2.525119833230715649e-02 -4.142188639037913123e-01 -2.581348371177983880e-01 -3.749438196870440998e-01 2.469200820604906463e-02 0.000000000000000000e+00 -4.901373611427595894e-02 0.000000000000000000e+00 -7.642887654269452102e-02 0.000000000000000000e+00 -4.900543637648257372e-02 5.643988856337448290e+00 2.355894571615055888e+00 3.292947801163104593e+00 -7.853947027727432584e-01
-5.042016806722688926e-01 5.562745367182515555e-01 4.376146821455304536e-01 -3.731419006291080698e-01 2.323262435779199081e-02 -4.126817006144448130e-01 -2.599288244795716629e-01 -3.729013429487178510e-01 2.269048194355880940e-02 0.000000000000000000e+00 -5.000991448043946852e-02 0.000000000000000000e+00 -7.702853819360418186e-02 0.000000000000000000e+00 -5.000206772459648424e-02 5.646880911452157648e+00 2.355902849730788784e+00 3.286214449117565550e+00 -7.853944659534571882e-01
-5.092436974789915638e-01 5.564078721006581185e-01 4.418210532088839848e-01 -3.710194942799467932e-01 2.117795524166568577e-02 -4.111832437722496292e-01 -2.617227438922412053e-01 -3.707829981714385048e-01 2.065295696127876154e-02 0.000000000000000000e+00 -5.096802138124509329e-02 0.000000000000000000e+00 -7.759960307298879867e-02 0.000000000000000000e+00 -5.096028731812590057e-02 5.649856402405720068e+00 2.355911070793770268e+00 3.279416763062446005e+00 -7.853942811771466026e-01
-5.142857142857142350e-01 5.565388300032161339e-01 4.460628242667304399e-01 -3.688196776147617539e-01 1.908733300777633313e-02 -4.097234678498209437e-01 -2.635160775404223332e-01 -3.685869485179492644e-01 1.857956127233805974e-02 0.000000000000000000e+00 -5.188685889476821883e-02 0.000000000000000000e+00 -7.814110672112178912e-02 0.000000000000000000e+00 -5.187889040307454985e-02 5.652920913800556058e+00 2.355919226685478041e+00 3.272550219219739098e+00 -7.853941427376820439e-01
-5.193277310924369061e-01 5.566667955624622355e-01 4.503417701514821347e-01 -3.665406192633144378e-01 1.696088391415869270e-02 -4.083022407581764490e-01 -2.653081960742982304e-01 -3.663113451656243025e-01 1.647040795836838406e-02 0.000000000000000000e+00 -5.276531096779486091e-02 0.000000000000000000e+00 -7.865208249455497846e-02 0.000000000000000000e+00 -5.275675373359531295e-02 5.656080277635934017e+00 2.355927308200610693e+00 3.265610324303929612e+00 -7.853940454526284753e-01
-5.243697478991595773e-01 5.567910632957367989e-01 4.546596616467006302e-01 -3.641804787275018662e-01 1.479872525479491996e-02 -4.069193171906588802e-01 -2.670983426047943698e-01 -3.639543321750054461e-01 1.432560272661560601e-02 0.000000000000000000e+00 -5.360234608555268510e-02 0.000000000000000000e+00 -7.913156309429375534e-02 0.000000000000000000e+00 -5.359283953076767609e-02 5.659340580731077708e+00 2.355935305588471085e+00 3.258592631611050727e+00 -7.853939845300762501e-01
-5.294117647058822484e-01 5.569110650142169439e-01 4.590235431963333723e-01 -3.617337449022607343e-01 1.260235820454684054e-02 -4.055748066570243338e-01 -2.688846642166948242e-01 -3.615110532304871005e-01 1.214379822987480401e-02 0.000000000000000000e+00 -5.439730574289403098e-02 0.000000000000000000e+00 -7.957953794864081054e-02 0.000000000000000000e+00 -5.439072773803449445e-02 5.662704068806372781e+00 2.355942215888184865e+00 3.251486954739814639e+00 -7.853937913939046389e-01
-5.344537815126050306e-01 5.570255544177181717e-01 4.634267570510892664e-01 -3.592026543597875432e-01 1.037014585716699439e-02 -4.042689201945822153e-01 -2.706683278724201225e-01 -3.589835126070525795e-01 9.925566009983708554e-03 0.000000000000000000e+00 -5.514889536405562231e-02 0.000000000000000000e+00 -7.999428991262898248e-02 0.000000000000000000e+00 -5.514502304345664935e-02 5.666182081692106465e+00 2.355948861445849918e+00 3.244295597697399280e+00 -7.853936287436946717e-01
-5.394957983193277018e-01 5.571335997166735332e-01 4.678733473535949261e-01 -3.565851397309631188e-01 8.102612426160313991e-03 -4.030000065581964552e-01 -2.724467155318478495e-01 -3.563695958431827848e-01 7.671670720002617648e-03 0.000000000000000000e+00 -5.585637676818813041e-02 0.000000000000000000e+00 -8.037476748284470840e-02 0.000000000000000000e+00 -5.585509097857209448e-02 5.669780967306158992e+00 2.355955292955949520e+00 3.237013671281403049e+00 -7.853934754893111547e-01
-5.445378151260503730e-01 5.572341146335628714e-01 4.723654717334954678e-01 -3.538793202214345901e-01 5.800010221544082099e-03 -4.017671175794715333e-01 -2.742181630013610927e-01 -3.536674019926751567e-01 5.382441811664891509e-03 0.000000000000000000e+00 -5.651910105148889862e-02 0.000000000000000000e+00 -8.071998821203803243e-02 0.000000000000000000e+00 -5.652031753208305170e-02 5.673507777265136554e+00 2.355961523011259828e+00 3.229636959782645977e+00 -7.853933242713537766e-01
-5.495798319327730441e-01 5.573258984701431329e-01 4.769048448375429183e-01 -3.510833956436916758e-01 3.462576257940966525e-03 -4.005693340606140129e-01 -2.759810247092765456e-01 -3.508751202572857331e-01 3.058139044434810081e-03 0.000000000000000000e+00 -5.713651976246846009e-02 0.000000000000000000e+00 -8.102899805484566065e-02 0.000000000000000000e+00 -5.714016610151947950e-02 5.677369929653529823e+00 2.355967551497344381e+00 3.222161510905822812e+00 -7.853931721187239479e-01
-5.546218487394957153e-01 5.574076439354064272e-01 4.814930258391233453e-01 -3.481956369444321742e-01 1.090588712721739023e-03 -3.994056222236565534e-01 -2.777334674515594126e-01 -3.479910145974526303e-01 6.990456354951890506e-04 0.000000000000000000e+00 -5.770818643080525417e-02 0.000000000000000000e+00 -8.130086653249385398e-02 0.000000000000000000e+00 -5.771419425188415581e-02 5.681375136740965281e+00 2.355973374287845257e+00 3.214583571023498898e+00 -7.853930175265606550e-01
-5.596638655462183864e-01 5.574779388752942877e-01 4.861314648776323688e-01 -3.452143980961059344e-01 -1.315613074942356339e-03 -3.982748015055893598e-01 -2.794734163660405613e-01 -3.450134335914638029e-01 -1.694499597493998207e-03 0.000000000000000000e+00 -5.823375813991729655e-02 0.000000000000000000e+00 -8.153469011528646782e-02 0.000000000000000000e+00 -5.824206027235764860e-02 5.685531386392137065e+00 2.355978986179108503e+00 3.206899591975084007e+00 -7.853928595573885785e-01
-5.647058823529411686e-01 5.575352675232724264e-01 4.908214990844635972e-01 -3.421381342994161967e-01 -3.755613965379627026e-03 -3.971755357064425951e-01 -2.811985322440511137e-01 -3.419408279070557111e-01 -4.122083657314147900e-03 0.000000000000000000e+00 -5.871299748566553151e-02 0.000000000000000000e+00 -8.172959804127932770e-02 0.000000000000000000e+00 -5.872352673757208485e-02 5.689846931969103849e+00 2.355984381871853550e+00 3.199106253326036153e+00 -7.853926975674359046e-01
-5.697478991596638398e-01 5.575780125509971485e-01 4.955643373532029883e-01 -3.389654236306662294e-01 -6.228908425762749723e-03 -3.961063294326805928e-01 -2.829061954872031937e-01 -3.387717716515177280e-01 -6.583203524529621271e-03 0.000000000000000000e+00 -5.914577446578489495e-02 0.000000000000000000e+00 -8.188475940851479284e-02 0.000000000000000000e+00 -5.915846290223493453e-02 5.694330280873920458e+00 2.355989556302322541e+00 3.191200488779116551e+00 -7.853925311226257477e-01
-5.747899159663865110e-01 5.576044582987910170e-01 5.003610418218159550e-01 -3.356949916500761577e-01 -8.734885306569928690e-03 -3.950655263178389776e-01 -2.845934920165214543e-01 -3.355049868287082737e-01 -9.077250547578030043e-03 0.000000000000000000e+00 -5.953206802562537731e-02 0.000000000000000000e+00 -8.199939133892446275e-02 0.000000000000000000e+00 -5.954684640250633432e-02 5.698990179265735811e+00 2.355994504760569708e+00 3.183179514497131990e+00 -7.853923599713081849e-01
-5.798319327731091821e-01 5.576127953855740671e-01 5.052125077126613517e-01 -3.323257389207602275e-01 -1.127281203546970541e-02 -3.940513084877101946e-01 -2.862572005615776072e-01 -3.321393707585632571e-01 -1.160349452036500348e-02 0.000000000000000000e+00 -5.987196712328111958e-02 0.000000000000000000e+00 -8.207276820539112505e-02 0.000000000000000000e+00 -5.988876436831705452e-02 5.703835591987606257e+00 2.355999222940298399e+00 3.175040858908292574e+00 -7.853921840338943250e-01
-5.848739495798318533e-01 5.576011268648428665e-01 5.101194419213986864e-01 -3.288567714448900614e-01 -1.384181836410485790e-02 -3.930616973484338250e-01 -2.878937816216634027e-01 -3.286740264352642771e-01 -1.416106739449924344e-02 0.000000000000000000e+00 -6.016567123128129663e-02 0.000000000000000000e+00 -8.210423194619981269e-02 0.000000000000000000e+00 -6.018441394069024009e-02 5.708875677021898021e+00 2.356003706966993683e+00 3.166782393924010286e+00 -7.853920033976089510e-01
-5.899159663865545244e-01 5.575674760880976466e-01 5.150823405118267750e-01 -3.252874340059726532e-01 -1.644087981597563627e-02 -3.920945559048011342e-01 -2.894993685996241628e-01 -3.251082958034234860e-01 -1.674894671633423565e-02 0.000000000000000000e+00 -6.041349020753255389e-02 0.000000000000000000e+00 -8.209320348849426241e-02 0.000000000000000000e+00 -6.043410215130280011e-02 5.714119753832376247e+00 2.356007953419167134e+00 3.158402367569600688e+00 -7.853918183128801855e-01
-5.949579831932771956e-01 5.575097964347681678e-01 5.201014652447728537e-01 -3.216173463690855105e-01 -1.906880099935929704e-02 -3.911475928465690255e-01 -2.910697616883516359e-01 -3.214417959011660608e-01 -1.936593893593319474e-02 0.000000000000000000e+00 -6.061584347053280281e-02 0.000000000000000000e+00 -8.203919528971942432e-02 0.000000000000000000e+00 -6.063824510757448438e-02 5.719577264947427686e+00 2.356011959347254159e+00 3.149899438041278810e+00 -7.853916291903301206e-01
-5.999999999999999778e-01 5.574259830626081547e-01 5.251768192829803228e-01 -3.178464422431061531e-01 -2.172419897156432564e-02 -3.902183686483715053e-01 -2.926004251437666071e-01 -3.176744577734096908e-01 -2.201066276986166081e-02 0.000000000000000000e+00 -6.077325841356121666e-02 0.000000000000000000e+00 -8.194182498822243088e-02 0.000000000000000000e+00 -6.079736642114347972e-02 5.725257730134674539e+00 2.356015722291470382e+00 3.141272709202855395e+00 -7.853914365980746437e-01
