0.000000000000000000e+00 -1.501550790673199590e-02 -1.501740773028496442e-02 -9.174630040686612698e-02 -2.435584320877661746e-01
-5.042016806722688510e-03 -1.293863076868707711e-02 -1.293990481767726998e-02 -9.526136375532365252e-02 -2.423918731991447362e-01
-1.008403361344537702e-02 -1.406449853836416394e-02 -1.406575566629492124e-02 -9.353594051484064031e-02 -2.435279299929628272e-01
-1.512605042016806553e-02 -1.500923554535104829e-02 -1.501042903872569327e-02 -9.198623381915724262e-02 -2.442757644088433266e-01
-2.016806722689075404e-02 -1.574194255099645168e-02 -1.574302936951701981e-02 -9.072818162633758399e-02 -2.447564381820437063e-01
-2.521008403361344255e-02 -1.627345544536965005e-02 -1.627440573416163647e-02 -8.979159005611844768e-02 -2.450823992158203124e-01
-3.025210084033613106e-02 -1.663879892823543621e-02 -1.663959913410601940e-02 -8.914240135601581017e-02 -2.453315112325011038e-01
-3.529411764705882304e-02 -1.687888360355745132e-02 -1.687953390758279923e-02 -8.871951530310892564e-02 -2.455484479700373035e-01
-4.033613445378150808e-02 -1.702991794252328023e-02 -1.703042745840258401e-02 -8.846104818910682788e-02 -2.457559916287680446e-01
-4.537815126050419312e-02 -1.711991010566749072e-02 -1.712029245778764683e-02 -8.831592990940134724e-02 -2.459650612294526084e-01
-5.042016806722688510e-02 -1.716895863091092225e-02 -1.716922886469195858e-02 -8.824615193490653597e-02 -2.461808632611332259e-01
-5.546218487394957708e-02 -1.719086010275389098e-02 -1.719103287959576620e-02 -8.822500699504183530e-02 -2.464060618713751483e-01
-6.050420168067226212e-02 -1.719482869045621531e-02 -1.719491740018232184e-02 -8.823432857696783538e-02 -2.466422620237163632e-01
-6.554621848739494716e-02 -1.718690746669427824e-02 -1.718692390058536301e-02 -8.826196769760873140e-02 -2.468906644523757021e-01
-7.058823529411764608e-02 -1.717100575032530843e-02 -1.717096007958870615e-02 -8.829984620726535893e-02 -2.471523446499079013e-01
-7.563025210084033112e-02 -1.714961957553390662e-02 -1.714952047680926017e-02 -8.834256920098138011e-02 -2.474283687688313138e-01
-8.067226890756301616e-02 -1.712431649886527948e-02 -1.712417133673043920e-02 -8.838647640589898657e-02 -2.477198404002828869e-01
-8.571428571428570120e-02 -1.709605595653270957e-02 -1.709587097556756682e-02 -8.842900796881247860e-02 -2.480279179441552961e-01
-9.075630252100838624e-02 -1.706539880835287321e-02 -1.706517931193987994e-02 -8.846828484306694385e-02 -2.483538187233457484e-01
-9.579831932773108516e-02 -1.703264370959289842e-02 -1.703239421614531970e-02 -8.850283173878237264e-02 -2.486988160691953054e-01
-1.008403361344537702e-01 -1.699791574623196397e-02 -1.699764012063120430e-02 -8.853139338283169679e-02 -2.490642315053487599e-01
-1.058823529411764552e-01 -1.696122415822006596e-02 -1.696092571969564852e-02 -8.855281151714471111e-02 -2.494514224844510686e-01
-1.109243697478991542e-01 -1.692250015014207590e-02 -1.692218175936519714e-02 -8.856594165161892074e-02 -2.498617654581589687e-01
-1.159663865546218392e-01 -1.688162194513037617e-02 -1.688128607378802659e-02 -8.856959645231127221e-02 -2.502966338148620018e-01
-1.210084033613445242e-01 -1.683843174270609547e-02 -1.683808052885365364e-02 -8.856250796201216302e-02 -2.507573701931043453e-01
-1.260504201680672232e-01 -1.679274763910278828e-02 -1.679238293127094730e-02 -8.854330448982547508e-02 -2.512452528248353967e-01
-1.310924369747898943e-01 -1.674437254549676624e-02 -1.674399593866846003e-02 -8.851050055957633556e-02 -2.517614559048301781e-01
-1.361344537815125932e-01 -1.669310148334070959e-02 -1.669271434938910184e-02 -8.846250013798623302e-02 -2.523070045721942378e-01
-1.411764705882352922e-01 -1.663872820178206868e-02 -1.663833171576972400e-02 -8.839761465283747788e-02 -2.528827259831846197e-01
-1.462184873949579633e-01 -1.658105174904890913e-02 -1.658064691415367387e-02 -8.831409807826132163e-02 -2.534891991721034410e-01
-1.512605042016806622e-01 -1.652191790501382831e-02 -1.652148377350660599e-02 -8.820617909427393155e-02 -2.541264883827182297e-01
-1.563025210084033334e-01 -1.645625804712161008e-02 -1.645572977779808169e-02 -8.808164272076159096e-02 -2.547950928255133252e-01
-1.613445378151260323e-01 -1.638706083247780040e-02 -1.638644646078311201e-02 -8.793308451401435355e-02 -2.554942301372092328e-01
-1.663865546218487312e-01 -1.631413143217573872e-02 -1.631343901589582535e-02 -8.775944245949471312e-02 -2.562231488295352855e-01
-1.714285714285714024e-01 -1.623734695792685215e-02 -1.623658465068803999e-02 -8.756000279400757980e-02 -2.569807730008634161e-01
-1.764705882352941013e-01 -1.615669722401808298e-02 -1.615580389280799403e-02 -8.733455027278490268e-02 -2.577657394011678704e-01
-1.815126050420167725e-01 -1.607219460216377863e-02 -1.607109204519263992e-02 -8.708349311191876385e-02 -2.585765190039186479e-01
-1.865546218487394714e-01 -1.598377338610084894e-02 -1.598253155332075848e-02 -8.680791121624022166e-02 -2.594116117289073098e-01
-1.915966386554621703e-01 -1.589155926605045899e-02 -1.589020570383434944e-02 -8.650950455975590925e-02 -2.602695836369856019e-01
-1.966386554621848415e-01 -1.579571529762950968e-02 -1.579426525248914595e-02 -8.619047887921610362e-02 -2.611492410439001932e-01
-2.016806722689075404e-01 -1.569641265601468688e-02 -1.569488120485087318e-02 -8.585344332547126256e-02 -2.620497026233377102e-01
-2.067226890756302393e-01 -1.559381262037115579e-02 -1.559221418793967258e-02 -8.550124880142415118e-02 -2.629704317267666513e-01
-2.117647058823529105e-01 -1.548805593989643035e-02 -1.548640440261864031e-02 -8.513676940129498438e-02 -2.639112389950601933e-01
-2.168067226890756094e-01 -1.537945642910011103e-02 -1.537759323908305213e-02 -8.476203905543838735e-02 -2.648726080510072078e-01
-2.218487394957983083e-01 -1.526871658128343620e-02 -1.526577631641616584e-02 -8.437789832260787770e-02 -2.658554054501259256e-01
-2.268907563025209795e-01 -1.515507649906303218e-02 -1.515096942618885875e-02 -8.398918371037919495e-02 -2.668588593744912751e-01
-2.319327731092436784e-01 -1.503828143704942846e-02 -1.503334343510446050e-02 -8.359761946495572471e-02 -2.678835642398780248e-01
-2.369747899159663496e-01 -1.491833773133460078e-02 -1.491287160093329386e-02 -8.320294755016478805e-02 -2.689306010825547322e-01
-2.420168067226890485e-01 -1.479422363296596654e-02 -1.478882492708568849e-02 -8.280237117683628134e-02 -2.700020671016892249e-01
-2.470588235294117474e-01 -1.466570699619793722e-02 -1.466137551640878632e-02 -8.239674488538831221e-02 -2.710983219230866936e-01
-2.521008403361344463e-01 -1.453428293745660446e-02 -1.453074191952867696e-02 -8.198685928080198804e-02 -2.722191293450370031e-01
-2.571428571428571175e-01 -1.439980252369880802e-02 -1.439686727564182950e-02 -8.157219641279089828e-02 -2.733650392481649649e-01
-2.621848739495797886e-01 -1.426230263107915001e-02 -1.425988150730074511e-02 -8.115238722250335546e-02 -2.745364092519177457e-01
-2.672268907563025153e-01 -1.412232639717388681e-02 -1.412048627527491725e-02 -8.072778139001256237e-02 -2.757331909503358269e-01
-2.722689075630251865e-01 -1.398158383126334170e-02 -1.398075460830408567e-02 -8.030040507269359251e-02 -2.769545490237514951e-01
-2.773109243697478576e-01 -1.384167592492388521e-02 -1.384260538431114282e-02 -7.987211090386714396e-02 -2.781996814921915417e-01
-2.823529411764705843e-01 -1.370050559844749119e-02 -1.370360477718257468e-02 -7.943957547327004654e-02 -2.794698857532411651e-01
-2.873949579831932555e-01 -1.355584328974797706e-02 -1.356103355006510122e-02 -7.899930568861231184e-02 -2.807664956606877316e-01
-2.924369747899159266e-01 -1.340649793241119499e-02 -1.341351741636269412e-02 -7.854954017669012190e-02 -2.820903085854027381e-01
-2.974789915966385978e-01 -1.325209448264408514e-02 -1.326073680877985425e-02 -7.808969544798433082e-02 -2.834417554857281418e-01
-3.025210084033613245e-01 -1.309264553535866536e-02 -1.310281922595665609e-02 -7.761973219264832469e-02 -2.848210929048072271e-01
-3.075630252100839956e-01 -1.292832174699450228e-02 -1.294005835151804465e-02 -7.713978198295007305e-02 -2.862285000391259771e-01
-3.126050420168066668e-01 -1.275938980687568031e-02 -1.277283487647328658e-02 -7.665018740408521825e-02 -2.876640810685621164e-01
-3.176470588235293935e-01 -1.258617964079961418e-02 -1.260157535420456526e-02 -7.615162827067346873e-02 -2.891278303451886300e-01
-3.226890756302520646e-01 -1.240482309872651540e-02 -1.242076038294498939e-02 -7.563360249822854986e-02 -2.906227715284160906e-01
-3.277310924369747358e-01 -1.221392788264187741e-02 -1.222744362588973691e-02 -7.509365587960582789e-02 -2.921509597190894980e-01
-3.327731092436974625e-01 -1.202351938185457561e-02 -1.203512014882387668e-02 -7.455880358674346620e-02 -2.937061943473161518e-01
-3.378151260504201336e-01 -1.183227977397950138e-02 -1.184236888569142367e-02 -7.402208125201391320e-02 -2.952891193191282126e-01
-3.428571428571428048e-01 -1.163921666945477718e-02 -1.164810263119046146e-02 -7.347947187471019770e-02 -2.968993572292037419e-01
-3.478991596638655315e-01 -1.144368907506569666e-02 -1.145163101309432975e-02 -7.292971373298803850e-02 -2.985389420327261290e-01
-3.529411764705882026e-01 -1.124553584999067601e-02 -1.125265525304038408e-02 -7.237210602406474180e-02 -3.002070202579681935e-01
-3.579831932773108738e-01 -1.104447710015615640e-02 -1.105088068706313979e-02 -7.180633300556861498e-02 -3.019037252034793006e-01
-3.630252100840335450e-01 -1.084033105353617021e-02 -1.084611317339950580e-02 -7.123234941820827393e-02 -3.036291607694672767e-01
-3.680672268907562716e-01 -1.063297571452200864e-02 -1.063821972188979705e-02 -7.065020702601647329e-02 -3.053834169354312511e-01
-3.731092436974789428e-01 -1.042235111375990758e-02 -1.042709754560723623e-02 -7.005970133741035166e-02 -3.071669352002674991e-01
-3.781512605042016140e-01 -1.020837351936791128e-02 -1.021262249444809811e-02 -6.946084588090449541e-02 -3.089791839480392488e-01
-3.831932773109243406e-01 -9.991021324138080195e-03 -9.994884761498604511e-03 -6.885448241878069919e-02 -3.108204668234626489e-01
-3.882352941176470118e-01 -9.770238204973833579e-03 -9.773799423816311588e-03 -6.824037876617812526e-02 -3.126908746379647441e-01
-3.932773109243696830e-01 -9.545984299767943521e-03 -9.549308854747511760e-03 -6.761846380443224669e-02 -3.145904930242158226e-01
-3.983193277310924096e-01 -9.318226590521672126e-03 -9.321368158303670534e-03 -6.698871909668271951e-02 -3.165194082794067776e-01
-4.033613445378150808e-01 -9.086934511799810502e-03 -9.089938148775485519e-03 -6.635113767618426583e-02 -3.184777102444303343e-01
-4.084033613445377520e-01 -8.852077721573247196e-03 -8.854981732881191114e-03 -6.570570907557460316e-02 -3.204654940468192881e-01
-4.134453781512604786e-01 -8.613624799976049226e-03 -8.616461876557266614e-03 -6.505241420468718672e-02 -3.224828614128705251e-01
-4.184873949579831498e-01 -8.371542382009553376e-03 -8.374340351758201642e-03 -6.439122376007161419e-02 -3.245299218146532327e-01
-4.235294117647058210e-01 -8.125794522132988307e-03 -8.128576897879684002e-03 -6.372209783692667218e-02 -3.266067935489331830e-01
-4.285714285714285476e-01 -7.876342203345576207e-03 -7.879128624754636046e-03 -6.304498593346179180e-02 -3.287136047807451833e-01
-4.336134453781512188e-01 -7.623142951488281679e-03 -7.625949570919926708e-03 -6.235982709400351987e-02 -3.308504945572161016e-01
-4.386554621848738900e-01 -7.366150540522104634e-03 -7.368990371843606862e-03 -6.166655013333886132e-02 -3.330176137808255055e-01
-4.436974789915966166e-01 -7.105314791690245206e-03 -7.108198012543002695e-03 -6.096507395236740179e-02 -3.352151261151380401e-01
-4.487394957983192878e-01 -6.840581478809912817e-03 -6.843515647173639867e-03 -6.025530797601084954e-02 -3.374432087802717861e-01
-4.537815126050419590e-01 -6.571892340178039568e-03 -6.574882468715958182e-03 -5.953715273990439066e-02 -3.397020531949153099e-01
-4.588235294117646301e-01 -6.299185144437695859e-03 -6.302233609424935830e-03 -5.881050062202980433e-02 -3.419918654670465186e-01
-4.638655462184873568e-01 -6.022393670919379965e-03 -6.025500054990336543e-03 -5.807523666828069003e-02 -3.443128668453181995e-01
-4.689075630252100280e-01 -5.741447437707766950e-03 -5.744608566916837265e-03 -5.733123944128398763e-02 -3.466652943523018671e-01
-4.739495798319326991e-01 -5.456271180409696248e-03 -5.459481618189867755e-03 -5.657838187880655234e-02 -3.490494017655794146e-01
-4.789915966386554258e-01 -5.166784394476959565e-03 -5.170037345791903514e-03 -5.581653224340102359e-02 -3.514654608297618221e-01
-4.840336134453780970e-01 -4.872901345001053562e-03 -4.876189531744901107e-03 -5.504555525833272622e-02 -3.539137623217739614e-01
-4.890756302521007681e-01 -4.574531622330869733e-03 -4.577847662342671500e-03 -5.426531344078173308e-02 -3.563946166575117092e-01
-4.941176470588234948e-01 -4.271580936699171868e-03 -4.274917135854377701e-03 -5.347566860130765348e-02 -3.589083540317012933e-01
-4.991596638655461660e-01 -3.963951815549221318e-03 -3.967299645482964474e-03 -5.267648353467786065e-02 -3.614553242864440019e-01
-5.042016806722688926e-01 -3.651466686205761831e-03 -3.654933029198290887e-03 -5.186743642331737014e-02 -3.640364577874790619e-01
-5.092436974789915638e-01 -3.333934959764512859e-03 -3.337311338021678279e-03 -5.104788844505158546e-02 -3.666512389317326814e-01
-5.142857142857142350e-01 -3.011487843489771710e-03 -3.014811050656088752e-03 -5.021906196244482756e-02 -3.693004044844173661e-01
-5.193277310924369061e-01 -2.683980521282098956e-03 -2.687260673948325441e-03 -4.938031361386193557e-02 -3.719843912837279554e-01
-5.243697478991595773e-01 -2.351295153362734612e-03 -2.354533061971492407e-03 -4.853145269803415401e-02 -3.747036449758683885e-01
-5.294117647058822484e-01 -2.013319359485756660e-03 -2.016512226775780264e-03 -4.767238442310287039e-02 -3.774586262601464792e-01
-5.344537815126050306e-01 -1.669943708031212774e-03 -1.673087032348357251e-03 -4.680304830833120766e-02 -3.802498110692997813e-01
-5.394957983193277018e-01 -1.321062314751017151e-03 -1.324150572250429835e-03 -4.592341071930302471e-02 -3.830776894022160928e-01
-5.445378151260503730e-01 -9.665740043411192532e-04 -9.696009377130041830e-04 -4.503346728676631966e-02 -3.859427636342319667e-01
-5.495798319327730441e-01 -6.063836968066543126e-04 -6.093424730528578664e-04 -4.413324729592264795e-02 -3.888455464250020199e-01
-5.546218487394957153e-01 -2.404039961036811288e-04 -2.432873164180098663e-04 -4.322281866958818664e-02 -3.917865582172015415e-01
-5.596638655462183864e-01 1.314430108259830900e-04 1.286428221561955465e-04 -4.230229330990490505e-02 -3.947663242955691820e-01
-5.647058823529411686e-01 5.092237381504115083e-04 5.065146563225544733e-04 -4.137183275144609013e-02 -3.977853713704653238e-01
-5.697478991596638398e-01 8.929908639273541077e-04 8.903810936162861490e-04 -4.043165410199879573e-02 -4.008442236483218402e-01
-5.747899159663865110e-01 1.282780867951731395e-03 1.280278778489535568e-03 -3.948203624225355562e-02 -4.039433983510687387e-01
-5.798319327731091821e-01 1.678611341910394954e-03 1.676225406096245978e-03 -3.852332624511807524e-02 -4.070834006471228950e-01
-5.848739495798318533e-01 2.080478070335288997e-03 2.078216805653078023e-03 -3.755594596296665116e-02 -4.102647179584645309e-01
-5.899159663865545244e-01 2.486652735562816172e-03 2.484913559020147933e-03 -3.658715171911479380e-02 -4.134870209148099329e-01
-5.949579831932771956e-01 2.896340702830291648e-03 2.894977137742111087e-03 -3.562009333363330005e-02 -4.167499666601796049e-01
-5.999999999999999778e-01 3.313334901502397283e-03 3.311730668919092135e-03 -3.463857573798444223e-02 -4.200557478334070449e-01
