0.000000000000000000e+00 -7.041052311323452162e-03 -7.041027853835780774e-03 -1.145702064811271459e-01 -2.573045732925727802e-01
-5.042016806722688510e-03 -7.173013592108017783e-03 -7.172765675836942183e-03 -1.145282493567745946e-01 -2.579055123792758919e-01
-1.008403361344537702e-02 -7.896760663559898932e-03 -7.896500791008106979e-03 -1.138220567412740747e-01 -2.595245971612628599e-01
-1.512605042016806553e-02 -8.673298058817842382e-03 -8.672939107723052002e-03 -1.129805200384772779e-01 -2.610653368204416958e-01
-2.016806722689075404e-02 -9.489280419201101893e-03 -9.488674529608654568e-03 -1.120061617987318375e-01 -2.624827709921653818e-01
-2.521008403361344255e-02 -1.032207084917345467e-02 -1.032104153164611557e-02 -1.109201144435334463e-01 -2.637336269968831859e-01
-3.025210084033613106e-02 -1.114037518277508423e-02 -1.113897291184593775e-02 -1.097660493132536913e-01 -2.647873161076485515e-01
-3.529411764705882304e-02 -1.191013728832384863e-02 -1.190834541579211502e-02 -1.086050107827677969e-01 -2.656372753382805207e-01
-4.033613445378150808e-02 -1.259901365514640159e-02 -1.259684321402922830e-02 -1.075083085227542257e-01 -2.663043324555385283e-01
-4.537815126050419312e-02 -1.319023696529500814e-02 -1.318805155969317994e-02 -1.065218896283996464e-01 -2.668208523243205121e-01
-5.042016806722688510e-02 -1.367437430622543693e-02 -1.367222342235196487e-02 -1.056847830525155796e-01 -2.672312958949740747e-01
-5.546218487394957708e-02 -1.405568730491679220e-02 -1.405359136839926665e-02 -1.050064738745066784e-01 -2.675746776966893559e-01
-6.050420168067226212e-02 -1.434624853030536107e-02 -1.434422272164101973e-02 -1.044769810812167105e-01 -2.678810009175158213e-01
-6.554621848739494716e-02 -1.456155746353660768e-02 -1.455961305543111706e-02 -1.040751439769463937e-01 -2.681707963329930111e-01
-7.058823529411764608e-02 -1.471721084593604657e-02 -1.471535636302530141e-02 -1.037760075923551822e-01 -2.684570750374177805e-01
-7.563025210084033112e-02 -1.482702755918955187e-02 -1.482526960175404272e-02 -1.035556130728446517e-01 -2.687477615708012690e-01
-8.067226890756301616e-02 -1.490233528226794259e-02 -1.490067904274092886e-02 -1.033933127225501319e-01 -2.690476781672576090e-01
-8.571428571428570120e-02 -1.495195954580960142e-02 -1.495040910326049521e-02 -1.032724114549774808e-01 -2.693598835847902384e-01
-9.075630252100838624e-02 -1.498254277873752038e-02 -1.498110124966090667e-02 -1.031799172008590615e-01 -2.696864818727386370e-01
-9.579831932773108516e-02 -1.499896344379369681e-02 -1.499763304512616649e-02 -1.031059327367077894e-01 -2.700290765213396726e-01
-1.008403361344537702e-01 -1.500473915796231815e-02 -1.500352121863631621e-02 -1.030429824056744159e-01 -2.703890115659412507e-01
-1.058823529411764552e-01 -1.500236786786066263e-02 -1.500126281141723680e-02 -1.029854067441517140e-01 -2.707674923337850537e-01
-1.109243697478991542e-01 -1.499359767648242130e-02 -1.499260498942991439e-02 -1.029288688056383544e-01 -2.711656403897778622e-01
-1.159663865546218392e-01 -1.497963193884613992e-02 -1.497875013574361154e-02 -1.028699735189661790e-01 -2.715845128808774822e-01
-1.210084033613445242e-01 -1.496128144753299319e-02 -1.496050803894241957e-02 -1.028059849853811408e-01 -2.720251024424303887e-01
-1.260504201680672232e-01 -1.494103995413146452e-02 -1.494038436006891145e-02 -1.027300121201894095e-01 -2.724871881774926230e-01
-1.310924369747898943e-01 -1.491437829728805078e-02 -1.491380225949540117e-02 -1.026508863066844662e-01 -2.729741764213958199e-01
-1.361344537815125932e-01 -1.488466394856887386e-02 -1.488415714061145506e-02 -1.025601572687327573e-01 -2.734852857602901866e-01
-1.411764705882352922e-01 -1.485186926390490852e-02 -1.485144562936232052e-02 -1.024564302864747756e-01 -2.740211144656297115e-01
-1.462184873949579633e-01 -1.481598774441679131e-02 -1.481564178179317626e-02 -1.023383350750024512e-01 -2.745820813298450735e-01
-1.512605042016806622e-01 -1.477697360880928998e-02 -1.477668427623064426e-02 -1.022046225833174726e-01 -2.751684341666288947e-01
-1.563025210084033334e-01 -1.473474427643020265e-02 -1.473449209013696394e-02 -1.020541931014446596e-01 -2.757802489658892631e-01
-1.613445378151260323e-01 -1.468921462049401286e-02 -1.468898175389501612e-02 -1.018861083983964855e-01 -2.764174192055846579e-01
-1.663865546218487312e-01 -1.464030466520961637e-02 -1.464007502367026606e-02 -1.016996372432415335e-01 -2.770796642325548120e-01
-1.714285714285714024e-01 -1.458793394536574486e-02 -1.458767156615212515e-02 -1.014943597573839257e-01 -2.777665071923102746e-01
-1.764705882352941013e-01 -1.453220320868538890e-02 -1.453223273937544538e-02 -1.012689195035819251e-01 -2.784782127613673053e-01
-1.815126050420167725e-01 -1.447277008780456335e-02 -1.447316356867105885e-02 -1.010245783106459433e-01 -2.792135084867547468e-01
-1.865546218487394714e-01 -1.440968296245335144e-02 -1.441031845639690299e-02 -1.007621501474964126e-01 -2.799714241818351268e-01
-1.915966386554621703e-01 -1.434313664121298834e-02 -1.434373957946388084e-02 -1.004822615324455354e-01 -2.807514193237679589e-01
-1.966386554621848415e-01 -1.427322977224035339e-02 -1.427350999268917064e-02 -1.001859294470356793e-01 -2.815529917057020270e-01
-2.016806722689075404e-01 -1.420005863788375254e-02 -1.419997345314432703e-02 -9.987370001157665211e-02 -2.823759740796408235e-01
-2.067226890756302393e-01 -1.412375882735490001e-02 -1.412312278854615556e-02 -9.954678749141604444e-02 -2.832201876242034233e-01
-2.117647058823529105e-01 -1.404387468464385509e-02 -1.404266643493889966e-02 -9.920909225641491580e-02 -2.840845054045929019e-01
-2.168067226890756094e-01 -1.396059956942181934e-02 -1.395884187720954940e-02 -9.886214632170368943e-02 -2.849689020551727237e-01
-2.218487394957983083e-01 -1.387400735226415084e-02 -1.387184318309116551e-02 -9.850687817833093940e-02 -2.858737431914148974e-01
-2.268907563025209795e-01 -1.378426401595062717e-02 -1.378179175699805088e-02 -9.814405216979153745e-02 -2.867994142527042212e-01
-2.319327731092436784e-01 -1.369135652429793321e-02 -1.368866349695490106e-02 -9.777413714222764340e-02 -2.877464559387690191e-01
-2.369747899159663496e-01 -1.359525913825867377e-02 -1.359241575414563141e-02 -9.739748112190345364e-02 -2.887153730524477657e-01
-2.420168067226890485e-01 -1.349594864433819284e-02 -1.349302353399177597e-02 -9.701434090998679871e-02 -2.897066172895517711e-01
-2.470588235294117474e-01 -1.339236456853295718e-02 -1.338986911612062916e-02 -9.662326510702243243e-02 -2.907214548836281609e-01
-2.521008403361344463e-01 -1.328541709237250103e-02 -1.328352426137385973e-02 -9.622567925820656176e-02 -2.917595329596782139e-01
-2.571428571428571175e-01 -1.317592449005607763e-02 -1.317464362825175074e-02 -9.582283328157972790e-02 -2.928206046684588837e-01
-2.621848739495797886e-01 -1.306435315996947594e-02 -1.306383291459243742e-02 -9.541522502973619202e-02 -2.939047112000726658e-01
-2.672268907563025153e-01 -1.295125017632018857e-02 -1.295178502664994652e-02 -9.500349322684167874e-02 -2.950118112981566787e-01
-2.722689075630251865e-01 -1.283631139163064587e-02 -1.283817486305743015e-02 -9.458719418646908961e-02 -2.961423191537173039e-01
-2.773109243697478576e-01 -1.271908862727035364e-02 -1.272237877009821036e-02 -9.416542745706858730e-02 -2.972967186057008382e-01
-2.823529411764705843e-01 -1.259885814169277307e-02 -1.260349551201889184e-02 -9.373685390267266770e-02 -2.984755817351860130e-01
-2.873949579831932555e-01 -1.247518596404875550e-02 -1.248103905866960670e-02 -9.330057530584183467e-02 -2.996793009164907540e-01
-2.924369747899159266e-01 -1.234785149448127534e-02 -1.235481314919410767e-02 -9.285603201649271499e-02 -3.009081608171503275e-01
-2.974789915966385978e-01 -1.221673149374494401e-02 -1.222474324602620260e-02 -9.240283124484877098e-02 -3.021624052944398287e-01
-3.025210084033613245e-01 -1.208177465952247655e-02 -1.209083644916564282e-02 -9.194074659271163352e-02 -3.034422413829205301e-01
-3.075630252100839956e-01 -1.194294831664472964e-02 -1.195311505364009090e-02 -9.146951346542980810e-02 -3.047478888649933215e-01
-3.126050420168066668e-01 -1.180033032524861226e-02 -1.181172043096023055e-02 -9.098930751612183121e-02 -3.060794653270994536e-01
-3.176470588235293935e-01 -1.165400570036897142e-02 -1.166680355168848646e-02 -9.050033890151611138e-02 -3.074370705741229504e-01
-3.226890756302520646e-01 -1.150090681263871845e-02 -1.151406298861763072e-02 -8.999264440140807009e-02 -3.088232030496068647e-01
-3.277310924369747358e-01 -1.133967281094199267e-02 -1.135102567512461143e-02 -8.946315767899776228e-02 -3.102395251323388226e-01
-3.327731092436974625e-01 -1.117757277997429889e-02 -1.118741874361268984e-02 -8.893594001508997593e-02 -3.116813096916451475e-01
-3.378151260504201336e-01 -1.101398101498018631e-02 -1.102261262928875413e-02 -8.840616966953979139e-02 -3.131482093931016175e-01
-3.428571428571428048e-01 -1.084825356748468986e-02 -1.085588421909644552e-02 -8.787108075753440051e-02 -3.146423870257148980e-01
-3.478991596638655315e-01 -1.068022339884953237e-02 -1.068700407231740722e-02 -8.732915099369467637e-02 -3.161630892793558800e-01
-3.529411764705882026e-01 -1.050959402960887669e-02 -1.051564450780172362e-02 -8.677942992345510920e-02 -3.177105197623172339e-01
-3.579831932773108738e-01 -1.033616653094621488e-02 -1.034158472518800255e-02 -8.622151484028202362e-02 -3.192848311985029830e-01
-3.630252100840335450e-01 -1.015980391351411355e-02 -1.016467186587427865e-02 -8.565527242446176193e-02 -3.208861500811561740e-01
-3.680672268907562716e-01 -9.980409048226919835e-03 -9.984796887815859667e-03 -8.508069425582681644e-02 -3.225145883159669102e-01
-3.731092436974789428e-01 -9.797939222678922477e-03 -9.801905405210404806e-03 -8.449786175647133746e-02 -3.241704583116640781e-01
-3.781512605042016140e-01 -9.612270925039903199e-03 -9.615814949693992156e-03 -8.390634778728477128e-02 -3.258535284781325925e-01
-3.831932773109243406e-01 -9.423421596280661533e-03 -9.426587483615722282e-03 -8.330670519680838382e-02 -3.275640138611607410e-01
-3.882352941176470118e-01 -9.231354841212206438e-03 -9.234219173152084792e-03 -8.269918869759981805e-02 -3.293019939233402527e-01
-3.932773109243696830e-01 -9.036030075910370454e-03 -9.038652186355428803e-03 -8.208370716994146943e-02 -3.310675689471873073e-01
-3.983193277310924096e-01 -8.837414302889515585e-03 -8.839842241812598256e-03 -8.146024590682952871e-02 -3.328608360092807361e-01
-4.033613445378150808e-01 -8.635477855957767249e-03 -8.637751805975727934e-03 -8.082881745903122694e-02 -3.346818921107672651e-01
-4.084033613445377520e-01 -8.430192154593892789e-03 -8.432346409116013922e-03 -8.018944076130456178e-02 -3.365308359740439847e-01
-4.134453781512604786e-01 -8.221528395154163379e-03 -8.223592528466371412e-03 -7.954213253050676502e-02 -3.384077692844422169e-01
-4.184873949579831498e-01 -8.009456693194612689e-03 -8.011456277289141434e-03 -7.888690379635918126e-02 -3.403127977106852331e-01
-4.235294117647058210e-01 -7.793945458035958160e-03 -7.795902525164780973e-03 -7.822375849063450959e-02 -3.422460318439746740e-01
-4.285714285714285476e-01 -7.574960898769653693e-03 -7.576894262456492120e-03 -7.755269282198633263e-02 -3.442075881128476844e-01
-4.336134453781512188e-01 -7.352466612654730109e-03 -7.354392113584773058e-03 -7.687369493537667131e-02 -3.461975896962445343e-01
-4.386554621848738900e-01 -7.126423026003547191e-03 -7.128353268668240900e-03 -7.618674471143604965e-02 -3.482161678218191336e-01
-4.436974789915966166e-01 -6.896814566721724479e-03 -6.898725061268823865e-03 -7.549180792015809660e-02 -3.502633714368688089e-01
-4.487394957983192878e-01 -6.663535874118452912e-03 -6.665481357632708180e-03 -7.478888429471614030e-02 -3.523395296197143201e-01
-4.537815126050419590e-01 -6.426565511107618436e-03 -6.428554451916380572e-03 -7.407787774296038796e-02 -3.544447099866455675e-01
-4.588235294117646301e-01 -6.185851878037561084e-03 -6.187890002873713130e-03 -7.335875244409903462e-02 -3.565790829352441516e-01
-4.638655462184873568e-01 -5.941338099724108313e-03 -5.943428792875787327e-03 -7.263145134179949114e-02 -3.587428303273285657e-01
-4.689075630252100280e-01 -5.692962527051697620e-03 -5.695107259586012008e-03 -7.189590515043692287e-02 -3.609361462397685516e-01
-4.739495798319326991e-01 -5.440658859652963524e-03 -5.442857649125654868e-03 -7.115203728291887020e-02 -3.631592395506541004e-01
-4.789915966386554258e-01 -5.184356266923107956e-03 -5.186607708819975134e-03 -7.039976274117382138e-02 -3.654123331517746265e-01
-4.840336134453780970e-01 -4.923979383517984067e-03 -4.926280720197974070e-03 -6.963898933656205437e-02 -3.676956653036095313e-01
-4.890756302521007681e-01 -4.659470026303640447e-03 -4.661784558289713484e-03 -6.886962687453997145e-02 -3.700096634490868119e-01
-4.941176470588234948e-01 -4.390711319679801994e-03 -4.393042143868277315e-03 -6.809144992602245150e-02 -3.723542958278497905e-01
-4.991596638655461660e-01 -4.117617533710138215e-03 -4.119976069390067497e-03 -6.730449502306011522e-02 -3.747299572046097205e-01
-5.042016806722688926e-01 -3.840099721644248294e-03 -3.842491308091217431e-03 -6.650863937650264290e-02 -3.771369741148447030e-01
-5.092436974789915638e-01 -3.558060700767775014e-03 -3.560483543202346522e-03 -6.570374732088624103e-02 -3.795756699865363570e-01
-5.142857142857142350e-01 -3.271398525229556476e-03 -3.273847220858004496e-03 -6.488969578524962645e-02 -3.820463861987838383e-01
-5.193277310924369061e-01 -2.980006840949549467e-03 -2.982473823331300514e-03 -6.406636473713597790e-02 -3.845494825415315954e-01
-5.243697478991595773e-01 -2.683775342088682691e-03 -2.686251521194131433e-03 -6.323363624972866415e-02 -3.870853373793007868e-01
-5.294117647058822484e-01 -2.382522702508421426e-03 -2.385093104288912597e-03 -6.239143477600655324e-02 -3.896549557816200715e-01
-5.344537815126050306e-01 -2.076024223253274473e-03 -2.078485621077094843e-03 -6.153858776877856734e-02 -3.922577392702053523e-01
-5.394957983193277018e-01 -1.764392184362816507e-03 -1.766802119658095757e-03 -6.067672967006204621e-02 -3.948945119624546196e-01
-5.445378151260503730e-01 -1.447470125280521814e-03 -1.449847258564135799e-03 -5.980519810156670335e-02 -3.975657363739070749e-01
-5.495798319327730441e-01 -1.125126577906997594e-03 -1.127476176105495723e-03 -5.892379734293438920e-02 -4.002718826422985154e-01
-5.546218487394957153e-01 -7.972344289304386569e-04 -7.995570753196222860e-04 -5.803244162691303942e-02 -4.030134346634705045e-01
-5.596638655462183864e-01 -4.636683828391797708e-04 -4.659629279019895064e-04 -5.713108348514629037e-02 -4.057908903079092133e-01
-5.647058823529411686e-01 -1.243056484575300871e-04 -1.265702141251975020e-04 -5.621970207365854788e-02 -4.086047601654321237e-01
-5.697478991596638398e-01 2.209727934409655425e-04 2.187404584462230780e-04 -5.529830412439489667e-02 -4.114555657101370834e-01
-5.747899159663865110e-01 5.722807142436140034e-04 5.700830934284302313e-04 -5.436692772181800359e-02 -4.143438370385484348e-01
-5.798319327731091821e-01 9.297249635124126953e-04 9.275647028578041554e-04 -5.342564691083048767e-02 -4.172701101805285084e-01
-5.848739495798318533e-01 1.293403569422516995e-03 1.291283432333079333e-03 -5.247457673877711781e-02 -4.202349239494774791e-01
-5.899159663865545244e-01 1.663403590049558406e-03 1.661326422019548943e-03 -5.151387865260614873e-02 -4.232388162902901430e-01
-5.949579831932771956e-01 2.039798696254450580e-03 2.037767394344849967e-03 -5.054376623051162754e-02 -4.262823200806464818e-01
-5.999999999999999778e-01 2.422646468927046586e-03 2.420663954350732536e-03 -4.956451123245302071e-02 -4.293659583401938651e-01
