0.000000000000000000e+00 -1.920618116403203721e-02 -1.920915786010741338e-02 -7.373556859324956192e-02 -2.243018152347780181e-01
-5.042016806722688510e-03 -1.716184812672271257e-02 -1.716403128057178776e-02 -7.753759531702139607e-02 -2.238004788978871784e-01
-1.008403361344537702e-02 -1.818831338220874144e-02 -1.819035468467491978e-02 -7.577268550583786400e-02 -2.244286322571648618e-01
-1.512605042016806553e-02 -1.891257939007696953e-02 -1.891441467450033845e-02 -7.448439489359921784e-02 -2.247954489286938251e-01
-2.016806722689075404e-02 -1.939378637222289453e-02 -1.939538562375929878e-02 -7.361653512618815398e-02 -2.250349457081487758e-01
-2.521008403361344255e-02 -1.969787130096533473e-02 -1.969923281612009219e-02 -7.307112444661503781e-02 -2.252203878000302861e-01
-3.025210084033613106e-02 -1.987971339952761610e-02 -1.988085288490595501e-02 -7.275455123152133052e-02 -2.253870477104941150e-01
-3.529411764705882304e-02 -1.997957167653122840e-02 -1.998051285206128846e-02 -7.259341577074690521e-02 -2.255509181950818842e-01
-4.033613445378150808e-02 -2.002520076852775180e-02 -2.002596927645027003e-02 -7.253519721804885245e-02 -2.257192245378474571e-01
-4.537815126050419312e-02 -2.003512183447546391e-02 -2.003574196033229907e-02 -7.254403990592950269e-02 -2.258954510096617407e-01
-5.042016806722688510e-02 -2.002147504838377307e-02 -2.002196827785699546e-02 -7.259606347376201807e-02 -2.260815590009631060e-01
-5.546218487394957708e-02 -1.999213627978333602e-02 -1.999252089482942904e-02 -7.267555041229381563e-02 -2.262789252862906497e-01
-6.050420168067226212e-02 -1.995218230336212942e-02 -1.995247350276187562e-02 -7.277218390026654604e-02 -2.264887307941935712e-01
-6.554621848739494716e-02 -1.990487000372450146e-02 -1.990508025139058751e-02 -7.287915371181824531e-02 -2.267121215027496917e-01
-7.058823529411764608e-02 -1.985227806740297654e-02 -1.985241751042082087e-02 -7.299189479496193123e-02 -2.269502769332675807e-01
-7.563025210084033112e-02 -1.979572257460622889e-02 -1.979579945318143269e-02 -7.310726033366836407e-02 -2.272044416251409460e-01
-8.067226890756301616e-02 -1.973602416393852380e-02 -1.973604517915469869e-02 -7.322298351964837138e-02 -2.274759415681517349e-01
-8.571428571428570120e-02 -1.967367897848654526e-02 -1.967364960649245834e-02 -7.333732723169072987e-02 -2.277661938797597985e-01
-9.075630252100838624e-02 -1.960896778380671890e-02 -1.960889253616289463e-02 -7.344885418041903480e-02 -2.280767124459433803e-01
-9.579831932773108516e-02 -1.954202563968284595e-02 -1.954190827457467569e-02 -7.355627328541862464e-02 -2.284091099484495679e-01
-1.008403361344537702e-01 -1.947288657934232586e-02 -1.947273027012472180e-02 -7.365833369819595189e-02 -2.287650956914807077e-01
-1.058823529411764552e-01 -1.940151258125908176e-02 -1.940132004900260373e-02 -7.375374828954692208e-02 -2.291464681121275215e-01
-1.109243697478991542e-01 -1.932781278081370166e-02 -1.932758639704694470e-02 -7.384113534473391027e-02 -2.295551004968893472e-01
-1.159663865546218392e-01 -1.925165673445003792e-02 -1.925139859953367560e-02 -7.391897190537441431e-02 -2.299929181273536738e-01
-1.210084033613445242e-01 -1.917288420188305309e-02 -1.917259620371527390e-02 -7.398555552849112038e-02 -2.304618648378023438e-01
-1.260504201680672232e-01 -1.909131307858160861e-02 -1.909099693564375241e-02 -7.403897379800346290e-02 -2.309638568557048077e-01
-1.310924369747898943e-01 -1.900674660857696457e-02 -1.900640390086482528e-02 -7.407708312695361619e-02 -2.315007219454477960e-01
-1.361344537815125932e-01 -1.891898071021996808e-02 -1.891861290122790959e-02 -7.409750048580643345e-02 -2.320741224972544259e-01
-1.411764705882352922e-01 -1.882781206053822654e-02 -1.882742051333251981e-02 -7.409761378011685273e-02 -2.326854625737753424e-01
-1.462184873949579633e-01 -1.873304742892550542e-02 -1.873263341891086287e-02 -7.407461857714647824e-02 -2.333357813671149417e-01
-1.512605042016806622e-01 -1.863451455513039437e-02 -1.863407928321958798e-02 -7.402559035078580540e-02 -2.340256392855556145e-01
-1.563025210084033334e-01 -1.853207456559463964e-02 -1.853161917487425661e-02 -7.394760160143094840e-02 -2.347550079934249967e-01
-1.613445378151260323e-01 -1.842563546272042371e-02 -1.842516105897212819e-02 -7.383789091390674519e-02 -2.355231816256328770e-01
-1.663865546218487312e-01 -1.831516558636786182e-02 -1.831467326613465604e-02 -7.369408478526695561e-02 -2.363287316508421720e-01
-1.714285714285714024e-01 -1.820241606202393711e-02 -1.820182638553411239e-02 -7.351169572794029328e-02 -2.371695179258611064e-01
-1.764705882352941013e-01 -1.808336384506554345e-02 -1.808253306915594272e-02 -7.329690537687039154e-02 -2.380426758100252504e-01
-1.815126050420167725e-01 -1.796089046636981795e-02 -1.795974837922374723e-02 -7.304570913996763504e-02 -2.389450891866059246e-01
-1.865546218487394714e-01 -1.783510306786714392e-02 -1.783372210470544894e-02 -7.275989881277306059e-02 -2.398737720050954092e-01
-1.915966386554621703e-01 -1.770634680549072401e-02 -1.770476764202542214e-02 -7.244248819722320931e-02 -2.408258204551246007e-01
-1.966386554621848415e-01 -1.757492612135061472e-02 -1.757318834345137498e-02 -7.209772459328844807e-02 -2.417988463089897899e-01
-2.016806722689075404e-01 -1.744112263672452715e-02 -1.743926456479151857e-02 -7.173069855565945840e-02 -2.427911791083486315e-01
-2.067226890756302393e-01 -1.730517419509729551e-02 -1.730323222854183648e-02 -7.134680746483709757e-02 -2.438019808554213741e-01
-2.117647058823529105e-01 -1.716725402671412035e-02 -1.716525223405773737e-02 -7.095121421213781976e-02 -2.448312038410679070e-01
-2.168067226890756094e-01 -1.702743847181428793e-02 -1.702539031615703247e-02 -7.054841276232935721e-02 -2.458794386874927906e-01
-2.218487394957983083e-01 -1.688569097848094391e-02 -1.688361071387038323e-02 -7.014184189545143167e-02 -2.469477379003489348e-01
-2.268907563025209795e-01 -1.674188571467098360e-02 -1.673978801397452490e-02 -6.973372959635745771e-02 -2.480373943545844673e-01
-2.319327731092436784e-01 -1.659583845260398025e-02 -1.659373819483236229e-02 -6.932521283761144959e-02 -2.491497378489877790e-01
-2.369747899159663496e-01 -1.644683019619427519e-02 -1.644427169521300858e-02 -6.891531939488639014e-02 -2.502869320186110191e-01
-2.420168067226890485e-01 -1.629410794747185656e-02 -1.629040119031466283e-02 -6.850243503278780066e-02 -2.514508347411047451e-01
-2.470588235294117474e-01 -1.613804980709920844e-02 -1.613364920364449354e-02 -6.808802303010474954e-02 -2.526408658308700317e-01
-2.521008403361344463e-01 -1.597838310996725283e-02 -1.597365834892669478e-02 -6.767100614150084459e-02 -2.538578869849014708e-01
-2.571428571428571175e-01 -1.581633749871455899e-02 -1.581154381492401451e-02 -6.725169191649825462e-02 -2.551017145548443721e-01
-2.621848739495797886e-01 -1.565414068628651761e-02 -1.564973348271537362e-02 -6.683173316324204916e-02 -2.563713968815083954e-01
-2.672268907563025153e-01 -1.549534616281834053e-02 -1.549226148991518330e-02 -6.641447733267033526e-02 -2.576650851847112067e-01
-2.722689075630251865e-01 -1.533814005711050740e-02 -1.533731795256345481e-02 -6.599768293789402829e-02 -2.589836667492160793e-01
-2.773109243697478576e-01 -1.517718181041201493e-02 -1.517902095084025169e-02 -6.557482540499633139e-02 -2.603299510872655320e-01
-2.823529411764705843e-01 -1.500994940637690768e-02 -1.501442608621466127e-02 -6.514238311892299460e-02 -2.617055202152505089e-01
-2.873949579831932555e-01 -1.483564183089333514e-02 -1.484265658309494654e-02 -6.469893875202299693e-02 -2.631111978453815059e-01
-2.924369747899159266e-01 -1.465441977161011274e-02 -1.466394894907695375e-02 -6.424427016056599715e-02 -2.645473520590061467e-01
-2.974789915966385978e-01 -1.446685971886290181e-02 -1.447899019068369514e-02 -6.377881770177973308e-02 -2.660140992235701107e-01
-3.025210084033613245e-01 -1.426671091110366489e-02 -1.427992138011708462e-02 -6.329141186618841841e-02 -2.675156350272341887e-01
-3.075630252100839956e-01 -1.405250505165705696e-02 -1.406378193367162875e-02 -6.278003869719173125e-02 -2.690542516256636540e-01
-3.126050420168066668e-01 -1.384121681367789063e-02 -1.385089679130905443e-02 -6.227538914652315516e-02 -2.706208997488238621e-01
-3.176470588235293935e-01 -1.363033809015538889e-02 -1.363866783758994373e-02 -6.176968252868772491e-02 -2.722166628442123093e-01
-3.226890756302520646e-01 -1.341832673398533210e-02 -1.342549499784768952e-02 -6.125893663997592636e-02 -2.738421153823307197e-01
-3.277310924369747358e-01 -1.320423149229137637e-02 -1.321038842169849903e-02 -6.074126067997272227e-02 -2.754975814815550095e-01
-3.327731092436974625e-01 -1.298746058946208433e-02 -1.299272945219004036e-02 -6.021584663949371141e-02 -2.771832587090670152e-01
-3.378151260504201336e-01 -1.276760379291230416e-02 -1.277212345547899808e-02 -5.968225728824916310e-02 -2.788984784147966467e-01
-3.428571428571428048e-01 -1.254435205001313593e-02 -1.254830962647465915e-02 -5.914082977333710162e-02 -2.806450705965700121e-01
-3.478991596638655315e-01 -1.231772065184164738e-02 -1.232117258379043442e-02 -5.859144671428969525e-02 -2.824221547761907591e-01
-3.529411764705882026e-01 -1.208757856793491597e-02 -1.209058226339714687e-02 -5.803411489487907138e-02 -2.842298119222043118e-01
-3.579831932773108738e-01 -1.185383580609877807e-02 -1.185644833306996604e-02 -5.746887389828435333e-02 -2.860681141582308573e-01
-3.630252100840335450e-01 -1.161643078268735294e-02 -1.161870660499238900e-02 -5.689576980430754993e-02 -2.879371303454278941e-01
-3.680672268907562716e-01 -1.137531878507755737e-02 -1.137730815658845492e-02 -5.631483748957116786e-02 -2.898369291668955183e-01
-3.731092436974789428e-01 -1.113046483836234446e-02 -1.113221320256745257e-02 -5.572609674404917224e-02 -2.917675812250971612e-01
-3.781512605042016140e-01 -1.088190165079773626e-02 -1.088350348760578831e-02 -5.512923986017481681e-02 -2.937299616154959159e-01
-3.831932773109243406e-01 -1.062966602446450796e-02 -1.063102577304729512e-02 -5.452423872312565922e-02 -2.957226074494639367e-01
-3.882352941176470118e-01 -1.037357677001484249e-02 -1.037479510839403769e-02 -5.391189921125605355e-02 -2.977463159764339728e-01
-3.932773109243696830e-01 -1.011360244483445157e-02 -1.011474419774660571e-02 -5.329186959629172993e-02 -2.998011909032662903e-01
-3.983193277310924096e-01 -9.849715965435620543e-03 -9.850825780303116078e-03 -5.266398641981782924e-02 -3.018873374481568228e-01
-4.033613445378150808e-01 -9.581887780746818628e-03 -9.582998224006255075e-03 -5.202814608913949174e-02 -3.040048684002323309e-01
-4.084033613445377520e-01 -9.310083917118018929e-03 -9.311219672381410017e-03 -5.138425849642384163e-02 -3.061539069304009542e-01
-4.134453781512604786e-01 -9.034265508086532573e-03 -9.035445596998687920e-03 -5.073223084349116896e-02 -3.083345882453379372e-01
-4.184873949579831498e-01 -8.754388699121210676e-03 -8.755627716708118402e-03 -5.007196231531947650e-02 -3.105470608287954071e-01
-4.235294117647058210e-01 -8.470404609373257537e-03 -8.471713482143570367e-03 -4.940334259301353698e-02 -3.127914875257965521e-01
-4.285714285714285476e-01 -8.182259286829024827e-03 -8.183645812084106366e-03 -4.872625174891059147e-02 -3.150680465502044281e-01
-4.336134453781512188e-01 -7.889893668063072130e-03 -7.891362960520367092e-03 -4.804056069667558826e-02 -3.173769324308574058e-01
-4.386554621848738900e-01 -7.593243577247910450e-03 -7.594798468543275186e-03 -4.734613194073262338e-02 -3.197183568792267283e-01
-4.436974789915966166e-01 -7.292239812772228699e-03 -7.293881182308658076e-03 -4.664282056919800273e-02 -3.220925495360370538e-01
-4.487394957983192878e-01 -6.986808377799308932e-03 -6.988535323179036196e-03 -4.593047550155650305e-02 -3.244997585325054557e-01
-4.537815126050419590e-01 -6.676795902628571838e-03 -6.678562601645929991e-03 -4.520871821287042458e-02 -3.269400859918519253e-01
-4.588235294117646301e-01 -6.361943644824579261e-03 -6.363734558964446140e-03 -4.447729943227805155e-02 -3.294143580690031547e-01
-4.638655462184873568e-01 -6.042536359747344155e-03 -6.044324034231414802e-03 -4.373669176053014002e-02 -3.319224951833546489e-01
-4.689075630252100280e-01 -5.718433281526083892e-03 -5.720209824667206455e-03 -4.298648432042352641e-02 -3.344648288570704064e-01
-4.739495798319326991e-01 -5.389516608825195565e-03 -5.391279928627124539e-03 -4.222646634095628820e-02 -3.370417050387263247e-01
-4.789915966386554258e-01 -5.055674100964163697e-03 -5.057423311125872588e-03 -4.145647673727574645e-02 -3.396534893634406416e-01
-4.840336134453780970e-01 -4.716793994704447657e-03 -4.718528547882242657e-03 -4.067637111048170301e-02 -3.423005691106100756e-01
-4.890756302521007681e-01 -4.372764268716709812e-03 -4.374484036795220181e-03 -3.988601703649392871e-02 -3.449833534509986199e-01
-4.941176470588234948e-01 -4.023473504785239283e-03 -4.025178631292161691e-03 -3.908529585654552108e-02 -3.477022725899494571e-01
-4.991596638655461660e-01 -3.668812079760358936e-03 -3.670502491562817327e-03 -3.827410592499182196e-02 -3.504577763981580052e-01
-5.042016806722688926e-01 -3.308673264681841371e-03 -3.310348136539039473e-03 -3.745236642019045964e-02 -3.532503329050188934e-01
-5.092436974789915638e-01 -2.942954291138311605e-03 -2.944611694296080020e-03 -3.662002167326736807e-02 -3.560804267265730294e-01
-5.142857142857142350e-01 -2.571557565161584555e-03 -2.573194349184648212e-03 -3.577704600340549101e-02 -3.589485573287795050e-01
-5.193277310924369061e-01 -2.194392146555980763e-03 -2.196003993935212971e-03 -3.492344899924246238e-02 -3.618552369929011747e-01
-5.243697478991595773e-01 -1.811375531019846635e-03 -1.812957102296113010e-03 -3.405928118981035868e-02 -3.648009883749540050e-01
-5.294117647058822484e-01 -1.422435729089749617e-03 -1.423980837061863871e-03 -3.318464007265348181e-02 -3.677863415818557469e-01
-5.344537815126050306e-01 -1.027513623610013319e-03 -1.029015402770557235e-03 -3.229967648001182828e-02 -3.708118307068085096e-01
-5.394957983193277018e-01 -6.265655882401381747e-04 -6.280166458704785314e-04 -3.140460126132299523e-02 -3.738779897765387994e-01
-5.445378151260503730e-01 -2.195663528170737656e-04 -2.209588995572609772e-04 -3.049969224727638525e-02 -3.769853480678170832e-01
-5.495798319327730441e-01 1.934878970878144058e-04 1.921619342394043084e-04 -2.958530144277448509e-02 -3.801344247540616728e-01
-5.546218487394957153e-01 6.125762001849349107e-04 6.113250777847762524e-04 -2.866186237620832467e-02 -3.833257228466538380e-01
-5.596638655462183864e-01 1.037649296065359375e-03 1.036481362412044940e-03 -2.772989751151899024e-02 -3.865597224013129218e-01
-5.647058823529411686e-01 1.464202779879010497e-03 1.463644296561899226e-03 -2.680697843312503797e-02 -3.898346294479118068e-01
-5.697478991596638398e-01 1.896144646842226047e-03 1.895892666969861869e-03 -2.587575112521868156e-02 -3.931524157046557000e-01
-5.747899159663865110e-01 2.335465091534354859e-03 2.335026966069396817e-03 -2.493038251485086079e-02 -3.965145789507232843e-01
-5.798319327731091821e-01 2.781336980379592316e-03 2.780595882906319524e-03 -2.397691269528805236e-02 -3.999213776315271307e-01
-5.848739495798318533e-01 3.233431171056052288e-03 3.232281283627491328e-03 -2.301682938062235215e-02 -4.033731026542117792e-01
-5.899159663865545244e-01 3.691517529211989397e-03 3.689737972558294107e-03 -2.205094203702086947e-02 -4.068700019513964428e-01
-5.949579831932771956e-01 4.155314972565410381e-03 4.152534735520688018e-03 -2.108031969885568180e-02 -4.104122310260985840e-01
-5.999999999999999778e-01 4.624702065176190466e-03 4.620407869524411661e-03 -2.010460144186574857e-02 -4.139999369756596215e-01
