0.000000000000000000e+00 4.184728725926307319e-02 4.193155071516307258e-02 8.784640434330370784e-01 3.100673196594454228e-03 3.002180228393226333e-03 -8.794894886384452271e-01 4.183880356270007483e-02 4.191717106830478851e-02 8.784777221179983497e-01 3.083608947702114536e-03 2.984016351320268809e-03 -3.195845004208040796e-02 -8.794684442239905087e-01
-5.042016806722688510e-03 2.627599354278068594e-02 2.635909590131295735e-02 9.120139059300947926e-01 2.434860605459734234e-02 2.427197198204686379e-02 -9.116770852723333762e-01 2.627168083666889947e-02 2.635218824176076280e-02 9.120202939360717576e-01 2.434038138159120429e-02 2.426325513601800682e-02 -2.850191511804060079e-02 -9.116677514412315775e-01
-1.008403361344537702e-02 3.874230451539621006e-02 3.882839709233369685e-02 8.977027541372112340e-01 6.972760914363442322e-03 6.891549719982053429e-03 -8.989606411464253766e-01 3.873620545543286775e-02 3.881841691397586169e-02 8.977121553898824713e-01 6.961240576591077450e-03 6.879376383149424928e-03 -2.950259588618085738e-02 -8.989475554724419837e-01
-1.512605042016806553e-02 5.073245655011503208e-02 5.081996608903480150e-02 8.841047270003630221e-01 -8.701913319073113773e-03 -8.785659396018642708e-03 -8.866597494189989437e-01 5.072442554787005842e-02 5.080675257170052389e-02 8.841174492721254330e-01 -8.716343916487899121e-03 -8.800870914656465718e-03 -3.028029743665755849e-02 -8.866431884743248837e-01
-2.016806722689075404e-02 6.136548744158818597e-02 6.145289045540044265e-02 8.724704902872810752e-01 -2.163055979305527829e-02 -2.171527147878012792e-02 -8.760827597670495237e-01 6.135559170957945174e-02 6.143673006556482630e-02 8.724864076602710794e-01 -2.164700635764436887e-02 -2.173257409039681259e-02 -3.076651132044298798e-02 -8.760636779483513825e-01
-2.521008403361344255e-02 7.010126621928483570e-02 7.018707809353294524e-02 8.635496921805662085e-01 -3.131394582522882553e-02 -3.139826916921362177e-02 -8.680577233390012193e-01 7.008973410592936326e-02 7.016855246102350618e-02 8.635683348050443575e-01 -3.133136565972728660e-02 -3.141656825695995220e-02 -3.094564558785473790e-02 -8.680373675211692230e-01
-3.025210084033613106e-02 7.683686078839710443e-02 7.691993697070199920e-02 8.574615691523989058e-01 -3.783520518368495289e-02 -3.791815670576975661e-02 -8.627686085144175010e-01 7.682399565081760029e-02 7.689971289638970753e-02 8.574823100513707663e-01 -3.785269832412857527e-02 -3.793651342683886096e-02 -3.084692775823410366e-02 -8.627481287713476554e-01
-3.529411764705882304e-02 8.178794229739055899e-02 8.186706677975351398e-02 8.538659847546905546e-01 -4.165095346286576405e-02 -4.172897532477153060e-02 -8.599135566612434722e-01 8.177405335161173905e-02 8.184575085964147789e-02 8.538881991795281845e-01 -4.166787267413182144e-02 -4.174671582760924177e-02 -3.052282971578000950e-02 -8.598938150509616296e-01
-4.033613445378150808e-02 8.530763928886145320e-02 8.538113150086849845e-02 8.522274039008527202e-01 -4.334003422265346461e-02 -4.340687388942926495e-02 -8.589743044399930083e-01 8.529300317713295332e-02 8.535921283368276546e-02 8.522505541727788403e-01 -4.335596701066662950e-02 -4.342356880581992040e-02 -3.002926631491897175e-02 -8.589558598490699692e-01
-4.537815126050419312e-02 8.776319236530316648e-02 8.783278823711547501e-02 8.520057382908207133e-01 -4.344345674706329152e-02 -4.350807688968644227e-02 -8.594176472624235341e-01 8.774803488951227193e-02 8.781063752186485383e-02 8.520293998904995281e-01 -4.345816151446556252e-02 -4.352348428767316424e-02 -2.941464914769029160e-02 -8.594008164700237540e-01
-5.042016806722688510e-02 8.945852075390767211e-02 8.952386915279619828e-02 8.527554773109565778e-01 -4.239484541308985444e-02 -4.245833176018751209e-02 -8.608008244813252219e-01 8.944302434754299036e-02 8.950175487980009670e-02 8.527793299724873988e-01 -4.240819835538568727e-02 -4.247232655508020871e-02 -2.871609870331792019e-02 -8.607857589570820922e-01
-5.546218487394957708e-02 9.062299280022037551e-02 9.068444848702553185e-02 8.541424120934407727e-01 -4.050844568012723634e-02 -4.057055222721689391e-02 -8.627910329100929587e-01 9.060730230194738444e-02 9.066256291401270095e-02 8.541662198161529274e-01 -4.052039601587488493e-02 -4.058308441066957317e-02 -2.796024418297397840e-02 -8.627777778991559954e-01
-6.050420168067226212e-02 9.142492191113543720e-02 9.148283121342536128e-02 8.559288421187465357e-01 -3.800415444554455791e-02 -3.806477089973880901e-02 -8.651520467536171211e-01 9.140915240275052089e-02 9.146131146991372252e-02 8.559524327665061216e-01 -3.801469688305196548e-02 -3.807583741474825090e-02 -2.716543034926624176e-02 -8.651405815487671624e-01
-6.554621848739494716e-02 9.198251336505006148e-02 9.203718889628256794e-02 8.579524285171142850e-01 -3.502875096596334142e-02 -3.508783737340466502e-02 -8.677227411689509839e-01 9.196675795557048005e-02 9.201613368891511935e-02 8.579756758441483555e-01 -3.503790870778678013e-02 -3.509746448708186278e-02 -2.634388378346725484e-02 -8.677130049699159908e-01
-7.058823529411764608e-02 9.237749017808645491e-02 9.242920152682894408e-02 8.601048166012549290e-01 -3.167680686757238379e-02 -3.173435378744386692e-02 -8.703954174632092533e-01 9.236182636556579395e-02 9.240868335896879060e-02 8.601276262656009086e-01 -3.168462154597886243e-02 -3.174258664494110371e-02 -2.550355164575566699e-02 -8.703873250792718563e-01
-7.563025210084033112e-02 9.266594123608205835e-02 9.271491468516260270e-02 8.623147558772539245e-01 -2.800670594249693446e-02 -2.806271170941026377e-02 -8.730986522676861261e-01 9.265043576159537331e-02 9.269498846045789997e-02 8.623370551442801624e-01 -2.801323178012751769e-02 -2.806960826058511188e-02 -2.464946277942092062e-02 -8.730921034114312862e-01
-8.067226890756301616e-02 9.288622676714745896e-02 9.293264957713018304e-02 8.645358759946978333e-01 -2.405208297920287397e-02 -2.410654176746308483e-02 -8.757848720592968927e-01 9.287093913636543241e-02 9.291335849639044409e-02 8.645576064255230397e-01 -2.405738342286659059e-02 -2.411216925485057047e-02 -2.378468067495228405e-02 -8.757797568016756351e-01
-8.571428571428570120e-02 9.306447649762883412e-02 9.310850311346600960e-02 8.667382372809436797e-01 -1.982969618516617488e-02 -1.988259264128231993e-02 -8.784217538298421113e-01 9.304946141582980113e-02 9.308988261907712169e-02 8.667593496879675286e-01 -1.983384192701601739e-02 -1.988702552913486354e-02 -2.291095135051501169e-02 -8.784179558617312145e-01
-9.075630252100838624e-02 9.321831969536199802e-02 9.326007841024121225e-02 8.689026401740623795e-01 -1.534475393151615158e-02 -1.539606167278451468e-02 -8.809864104110182170e-01 9.320362865020004328e-02 9.324215874652785896e-02 8.689230912474136259e-01 -1.534782166123150118e-02 -1.539938033941324474e-02 -2.202913850366292753e-02 -8.809838091236947832e-01
-9.579831932773108516e-02 9.335938816412475694e-02 9.339898747926755895e-02 8.710168453961388835e-01 -1.059451291063193829e-02 -1.064419522136502219e-02 -8.834614939832685643e-01 9.334507035173708611e-02 9.338179527685869230e-02 8.710365955483967415e-01 -1.059658440897274026e-02 -1.064648501312761078e-02 -2.113951659370488095e-02 -8.834599659722189857e-01
-1.008403361344537702e-01 9.349499602215605165e-02 9.353253034159339507e-02 8.730730779638308237e-01 -5.570742921283899918e-03 -5.618754638592697928e-03 -8.858325818618227876e-01 9.348109877040357285e-02 9.351608951107519274e-02 8.730920900651261141e-01 -5.571904269220185127e-03 -5.620105051049300443e-03 -2.024197207268958743e-02 -8.858320022036662023e-01
-1.058823529411764552e-01 9.362927976444888889e-02 9.366483428323592320e-02 8.750663792233585037e-01 -2.614727511476531985e-04 -3.077627425854545518e-04 -8.880864073508210055e-01 9.361584857155544337e-02 9.364916641580089962e-02 8.750846179939262282e-01 -2.618135282498081085e-04 -3.082665985137712783e-04 -1.933614708686247352e-02 -8.880866508449610786e-01
-1.109243697478991542e-01 9.376399127402758327e-02 9.379764603299346748e-02 8.769935143919113107e-01 5.347699834145562547e-03 5.303185950577962021e-03 -8.902096476269291125e-01 9.375106955379303164e-02 9.378277044539633234e-02 8.770109462874698947e-01 5.348087427496275859e-03 5.303433395638684766e-03 -1.842154860457107662e-02 -8.902105900966429397e-01
-1.159663865546218392e-01 9.389907260995010441e-02 9.393090574546038296e-02 8.788522436230294943e-01 1.127254140510032532e-02 1.122985849898035585e-02 -8.921880860941145963e-01 9.388670121547117164e-02 9.391683926772140256e-02 8.788688370938991801e-01 1.127356353012374385e-02 1.123076055274371474e-02 -1.749763812529910728e-02 -8.921896057803422320e-01
-1.210084033613445242e-01 9.403309829161106415e-02 9.406318853270691227e-02 8.806408326937414932e-01 1.752922754800355018e-02 1.748842828830289922e-02 -8.940060395094362455e-01 9.402131487689846523e-02 9.404994511024110382e-02 8.806565587286934171e-01 1.753078981983379955e-02 1.748988792612797202e-02 -1.656391183916559179e-02 -8.940080185523848755e-01
-1.260504201680672232e-01 9.416364230406749913e-02 9.419207079359540047e-02 8.823577246786104000e-01 2.413340792791397044e-02 2.409454021319263825e-02 -8.956459904778909520e-01 9.415248057528473324e-02 9.417966096213468974e-02 8.823725575612587635e-01 2.413541660836078517e-02 2.409646128085337138e-02 -1.561997746139694339e-02 -8.956483164551635179e-01
-1.310924369747898943e-01 9.428760830355750744e-02 9.431445978558811172e-02 8.840013238215518321e-01 3.109922991984320415e-02 3.106233449097288782e-02 -8.970884010944943920e-01 9.427709720816060401e-02 9.430289006809078334e-02 8.840152420358619034e-01 3.110159319051043064e-02 3.106462298571540520e-02 -1.466563129511522408e-02 -8.970909685669634648e-01
-1.361344537815125932e-01 9.440154875773512644e-02 9.442691220028064103e-02 8.855698624385749396e-01 3.843828262693572279e-02 3.840339087825485331e-02 -8.983117083391124469e-01 9.439171165941778741e-02 9.441618447217521581e-02 8.855828496618933787e-01 3.844091191412156439e-02 3.840595627896085246e-02 -1.370093688865758018e-02 -8.983144203425890151e-01
-1.411764705882352922e-01 9.457200172156086937e-02 9.459951726290379004e-02 8.869638084276298962e-01 4.611581843624482091e-02 4.608125002856688912e-02 -8.992494689235868144e-01 9.451309069868299439e-02 9.453596263562547009e-02 8.870415112404677060e-01 4.613385090223071083e-02 4.609844515160411993e-02 -1.272854874226994962e-02 -8.992671086785900547e-01
-1.462184873949579633e-01 9.465317952065284424e-02 9.467890203239984204e-02 8.883916817859425219e-01 5.423295846918450847e-02 5.419980366119987736e-02 -8.999746029254931390e-01 9.459753051612704300e-02 9.461933371936505355e-02 8.884649411160157051e-01 5.425209241530810217e-02 5.421816986087639456e-02 -1.174397559612229761e-02 -8.999925430839728069e-01
-1.512605042016806622e-01 9.471565235348140821e-02 9.473974961033332365e-02 8.897336813277064715e-01 6.272709133898163314e-02 6.269552798016267414e-02 -9.004031001181462823e-01 9.466340158822959816e-02 9.468421699384986512e-02 8.898023668747236936e-01 6.274691305980338585e-02 6.271464731636416934e-02 -1.075191538417603031e-02 -9.004209334595519865e-01
-1.563025210084033334e-01 9.475749078044197471e-02 9.478011637325338412e-02 8.909887004406362720e-01 7.158856298903992776e-02 7.155871478458077084e-02 -9.005109729142078967e-01 9.470873874144428162e-02 9.472863835309205949e-02 8.910527190693867672e-01 7.160868494000520446e-02 7.157819593564525296e-02 -9.754155834092392841e-03 -9.005283462402382533e-01
-1.613445378151260323e-01 9.477837455117674170e-02 9.479967278251094642e-02 8.921551655252715207e-01 8.079874438891115895e-02 8.077069188243862774e-02 -9.002752088655083806e-01 9.473318145023736092e-02 9.475223374393837439e-02 8.922144680720709431e-01 8.081881239104643511e-02 8.079017727202204846e-02 -8.753102901927206983e-03 -9.002918280398782835e-01
-1.663865546218487312e-01 9.477979436342204300e-02 9.479990256691754602e-02 8.932314150338400704e-01 9.032936781718930996e-02 9.030315572790939549e-02 -8.996753746732257806e-01 9.473817695350085499e-02 9.475644961938270439e-02 8.932860015223029748e-01 9.034906753807750435e-02 9.032232791928862525e-02 -7.751767966006761247e-03 -8.996910076008308721e-01
-1.714285714285714024e-01 9.476521273422984504e-02 9.478426193010917877e-02 8.942160470738493849e-01 1.001422807000165588e-01 1.001179230800002679e-01 -8.986952979819214926e-01 9.472714280026334199e-02 9.474470370191226398e-02 8.942659698763367748e-01 1.001613429541408778e-01 1.001365099838268102e-01 -6.753715833723384146e-03 -8.987097751760029229e-01
-1.764705882352941013e-01 9.473960252312356445e-02 9.475858172191865825e-02 8.951083670152227834e-01 1.101909016645707257e-01 1.101667729271725016e-01 -8.973247457776651892e-01 9.470500751042633392e-02 9.472278918023364913e-02 8.951537312438800909e-01 1.102091060087496827e-01 1.101845512484867368e-01 -5.762938208686544175e-03 -8.973379582200633475e-01
-1.815126050420167725e-01 9.471452500076281422e-02 9.472591906358611424e-02 8.959081750219994866e-01 1.204092173333920490e-01 1.204002538339221662e-01 -8.955609071209097438e-01 9.468328884995952377e-02 9.469373074228461251e-02 8.959491356867070877e-01 1.204263952625096445e-01 1.204170485839487631e-01 -4.784048580850137899e-03 -8.955728013336705651e-01
-1.865546218487394714e-01 9.469817566726490554e-02 9.470256668444668180e-02 8.966156803322661295e-01 1.307411362279095324e-01 1.307460319454852304e-01 -8.934093749198542822e-01 9.467014445651258936e-02 9.467378538645863928e-02 8.966524422454373866e-01 1.307571689531966952e-01 1.307617214398385797e-01 -3.821313352939432247e-03 -8.934199481112437002e-01
-1.915966386554621703e-01 9.469995460614671901e-02 9.470049395853888385e-02 8.972335636455331942e-01 1.411235628160965871e-01 1.411358515855140050e-01 -8.908844247365462765e-01 9.467494406825398279e-02 9.467489650671845336e-02 8.972663706751589086e-01 1.411383780415007838e-01 1.411503621290956245e-01 -2.878918409567132221e-03 -8.908937150738759359e-01
-1.966386554621848415e-01 9.473119986044936658e-02 9.472816730419011955e-02 8.977656884789436686e-01 1.514881725075565289e-01 1.515069766748105284e-01 -8.880078440269292273e-01 9.470900283480794546e-02 9.470551420005454690e-02 8.977948127327853856e-01 1.515017401408746411e-01 1.515202760262403803e-01 -1.960809263964743282e-03 -8.880159206676918604e-01
-2.016806722689075404e-01 9.480232344340720763e-02 9.479533303146098211e-02 8.982167732853330033e-01 1.617725068350641671e-01 1.617983308389323027e-01 -8.848076359379841715e-01 9.478271818546060712e-02 9.477537584505765778e-02 8.982425050832021363e-01 1.617848326917220303e-01 1.618104222505013789e-01 -1.070286073485495404e-03 -8.848145896768087049e-01
-2.067226890756302393e-01 9.492276898039982147e-02 9.491195021390745612e-02 8.985923220598263095e-01 1.719220142031084031e-01 1.719544285663456296e-01 -8.813162625928327998e-01 9.490552719857775488e-02 9.489443870738284437e-02 8.986149600072184107e-01 1.719331329206499059e-01 1.719653440161550972e-01 -2.098732633070534489e-04 -8.813221972312736963e-01
-2.117647058823529105e-01 9.511768004337073368e-02 9.507562544615584532e-02 8.988957001646173950e-01 1.818783781094487906e-01 1.819715136228194641e-01 -8.775603988855608106e-01 9.510258134122770435e-02 9.506031814523031864e-02 8.989155346744662767e-01 1.818883429266088814e-01 1.819813056389310568e-01 6.204597767356650074e-04 -8.775654209271424033e-01
-2.168067226890756094e-01 9.541253260655964408e-02 9.526331080119568306e-02 8.991310237153756768e-01 1.915677529129828083e-01 1.918632824118204072e-01 -8.735678234034497391e-01 9.539936437556506554e-02 9.524997876549355647e-02 8.991483337084621441e-01 1.915766314651893842e-01 1.918720162243797434e-01 1.419996413615141461e-03 -8.735720380669971252e-01
-2.218487394957983083e-01 9.582623627351348483e-02 9.547458220700552611e-02 8.993057649839224510e-01 2.009436163401726871e-01 2.016095924906353698e-01 -8.693755756527602463e-01 9.581479019258333507e-02 9.546300690837086766e-02 8.993208217769711466e-01 2.009514877485651108e-01 2.016173435668628666e-01 2.188164573399650065e-03 -8.693790865527573075e-01
-2.268907563025209795e-01 9.631033782048799285e-02 9.576299513000195718e-02 8.994354166006259810e-01 2.100510208468497342e-01 2.110732532272972806e-01 -8.650370519272524428e-01 9.630041168202674307e-02 9.575296721992282434e-02 8.994484833599000195e-01 2.100579723405420762e-01 2.110801044215961653e-01 2.922500248509284082e-03 -8.650399590028284846e-01
-2.319327731092436784e-01 9.685298031098601990e-02 9.614495530271474633e-02 8.995243016124111479e-01 2.189107498852079225e-01 2.202222827736862731e-01 -8.605783262308847048e-01 9.684438854944994735e-02 9.613628355638165202e-02 8.995356203554276675e-01 2.189168691778852760e-01 2.202283183167740854e-01 3.624002378706353469e-03 -8.605807200665740453e-01
-2.369747899159663496e-01 9.744694649907739703e-02 9.662744673350179281e-02 8.995761858470361361e-01 2.275586704537872207e-01 2.290641926571387044e-01 -8.560099783376192706e-01 9.743952495079116760e-02 9.661996215437873570e-02 8.995859711094620348e-01 2.275640402826950570e-01 2.290694929820600578e-01 4.295482275304424863e-03 -8.560119378350604658e-01
-2.420168067226890485e-01 9.809773850844498433e-02 9.720612221043539725e-02 8.995928696968303884e-01 2.360072186314664811e-01 2.376298025523699009e-01 -8.513382632472226152e-01 9.809134170383930484e-02 9.719967544695334860e-02 8.996013117371316481e-01 2.360119164385917900e-01 2.376344433681382429e-01 4.939683383717123448e-03 -8.513398568810788269e-01
-2.470588235294117474e-01 9.881257557856576446e-02 9.787238030998654525e-02 8.995763526922452291e-01 2.442653545886264987e-01 2.459579779171771619e-01 -8.465656626404434171e-01 9.880707535333974056e-02 9.786684015358372568e-02 8.995836191103656621e-01 2.442694517313791225e-01 2.459620291514790225e-01 5.559338929193757134e-03 -8.465669492759650971e-01
-2.521008403361344463e-01 9.959580323535691115e-02 9.861769870602665744e-02 8.995291977577155595e-01 2.523455881989468130e-01 2.540855130501482595e-01 -8.416920341592729615e-01 9.959108713985018180e-02 9.861295032463512911e-02 8.995354355082855191e-01 2.523491496559728264e-01 2.540890384422827553e-01 6.157023734536654774e-03 -8.416930640497199967e-01
-2.571428571428571175e-01 1.004479979377608939e-01 9.944457432091115268e-02 8.994537960654649389e-01 2.602923293953952055e-01 2.620525841732095906e-01 -8.367041509827484180e-01 1.004439695196772814e-01 9.944051924016669708e-02 8.994591311727389016e-01 2.602954124901213362e-01 2.620556401250819234e-01 6.736600983589049324e-03 -8.367049661940991756e-01
-2.621848739495797886e-01 1.013717057476507533e-01 1.003521287309238896e-01 8.993512439994700847e-01 2.681256362019594497e-01 2.698854254090195526e-01 -8.315959321229776657e-01 1.013682804261098885e-01 1.003486807755701316e-01 8.993557868777677378e-01 2.681282926097511288e-01 2.698880627640763419e-01 7.300545495414830117e-03 -8.315965684593719098e-01
-2.672268907563025153e-01 1.023680654254005423e-01 1.013144527045618803e-01 8.992224062321242384e-01 2.757723929873492907e-01 2.775644996014866583e-01 -8.264034815810055168e-01 1.023651626356945621e-01 1.013115303490347285e-01 8.992262619380335664e-01 2.757746737639192314e-01 2.775667682187809016e-01 7.845895714948149594e-03 -8.264039714211164345e-01
-2.722689075630251865e-01 1.034179698098205147e-01 1.023347461946307879e-01 8.990676319875725575e-01 2.832475427073943841e-01 2.850635002328496537e-01 -8.211387122810327455e-01 1.034155174731973548e-01 1.023322764133652585e-01 8.990708947187889821e-01 2.832494947501882354e-01 2.850654460516953148e-01 8.372427088660629180e-03 -8.211390833389796695e-01
-2.773109243697478576e-01 1.044811383785407138e-01 1.034273069841278869e-01 8.988835046263481399e-01 2.905582495634398410e-01 2.922878874582147124e-01 -8.158367120995687616e-01 1.044790701629108032e-01 1.034252225765262545e-01 8.988862613504264854e-01 2.905599172873439273e-01 2.922895541381829720e-01 8.876805355243110734e-03 -8.158369884372063119e-01
-2.823529411764705843e-01 1.055327328959505817e-01 1.046025143389391343e-01 8.986702265741194351e-01 2.977343535575557865e-01 2.992026455760388171e-01 -8.105105372418334175e-01 1.055309908115069362e-01 1.046007568606748539e-01 8.986725532915558201e-01 2.977357766281751306e-01 2.992040720662993980e-01 9.358420998469865054e-03 -8.105107387269386843e-01
-2.873949579831932555e-01 1.065976459291972933e-01 1.058450475516370948e-01 8.984378485163823091e-01 3.048277085496209349e-01 3.059351325087680817e-01 -8.051148367078120316e-01 1.065961836868704743e-01 1.058435709025810079e-01 8.984398054297066949e-01 3.048289188595901811e-01 3.059363498337653864e-01 9.823552823057241437e-03 -8.051149785934880176e-01
-2.924369747899159266e-01 1.077049496733130940e-01 1.071280855557609352e-01 8.981955474739292677e-01 3.118456280933881719e-01 3.125998591706110608e-01 -7.996174781048021041e-01 1.077037289902375156e-01 1.071268517459014052e-01 8.981971841907121501e-01 3.118466522628670634e-01 3.126008930874749070e-01 1.027680472871061144e-02 -7.996175725429883752e-01
-2.974789915966385978e-01 1.088658749246567692e-01 1.084416829425537410e-01 8.979480142704210355e-01 3.187939529574596031e-01 3.192427518936459263e-01 -7.940049372941646588e-01 1.088648627586980416e-01 1.084406590994636127e-01 8.979493736734552867e-01 3.187948142891690040e-01 3.192436249484891242e-01 1.072049603291563846e-02 -7.940049943282758704e-01
-3.025210084033613245e-01 1.100825653692306533e-01 1.097856167714399561e-01 8.976965213504253249e-01 3.256779862246252932e-01 3.258718911489986714e-01 -7.882739999779588835e-01 1.100817325601493868e-01 1.097847737950793656e-01 8.976976414214502542e-01 3.256787056285743720e-01 3.258726236049124259e-01 1.115570590886903572e-02 -7.882740280294915358e-01
-3.075630252100839956e-01 1.113551273880638015e-01 1.111620101184183779e-01 8.974408362968999686e-01 3.324996059878057575e-01 3.324835008442680873e-01 -7.824258199157988480e-01 1.113544480363648503e-01 1.111613220872002816e-01 8.974417509207657240e-01 3.325002023511675064e-01 3.324841110445904691e-01 1.158304105007428378e-02 -7.824258260476641968e-01
-3.126050420168066668e-01 1.126826752670062048e-01 1.125733315821221825e-01 8.971801363780380623e-01 3.392576706468460879e-01 3.390686920723962050e-01 -7.764644685214922015e-01 1.126821263506929405e-01 1.125727753910334000e-01 8.971808758231891723e-01 3.392581610338809561e-01 3.390691966327698537e-01 1.200282692858108471e-02 -7.764644586238933499e-01
-3.176470588235293935e-01 1.140632261856246027e-01 1.140220163401627906e-01 8.969134060110366402e-01 3.459517638414884022e-01 3.456175223284876363e-01 -7.703941915958825160e-01 1.140627873340028797e-01 1.140215714954547765e-01 8.969139971942310385e-01 3.459521635842220388e-01 3.456179362179438441e-01 1.241530816431675628e-02 -7.703941705259210737e-01
-3.226890756302520646e-01 1.154944548648009772e-01 1.155099604934137769e-01 8.966397925466146335e-01 3.525804851306458820e-01 3.521199022405751555e-01 -7.642202694137089081e-01 1.154941081347916620e-01 1.155096089062590675e-01 8.966402592974218599e-01 3.525808079313561549e-01 3.521202388723136401e-01 1.282064063099584011e-02 -7.642202411252964067e-01
-3.277310924369747358e-01 1.169738116862958088e-01 1.170383057565510532e-01 8.963590763030264696e-01 3.591393986751149625e-01 3.585640262575506831e-01 -7.579514016227538731e-01 1.169735413055710549e-01 1.170380314984044295e-01 8.963594396802019304e-01 3.591396567480495405e-01 3.585642976207796262e-01 1.321878722966629040e-02 -7.579513692905210931e-01
-3.327731092436974625e-01 1.185577228543530232e-01 1.186158644822480068e-01 8.960657245643621760e-01 3.657022752075355099e-01 3.651429562830742492e-01 -7.514564222570722096e-01 1.185574667795100817e-01 1.186156284759156271e-01 8.960660189295581723e-01 3.657029363705777691e-01 3.651430230349793082e-01 1.362158154250217926e-02 -7.514563739051829394e-01
-3.378151260504201336e-01 1.202953600834676257e-01 1.202656479368952591e-01 8.957482815909691976e-01 3.722520567900949873e-01 3.719080506101755668e-01 -7.447041777597420698e-01 1.202951635282446530e-01 1.202654682181040630e-01 8.957485023062671248e-01 3.722526333430277168e-01 3.719080681394771326e-01 1.403550089735283897e-02 -7.447041348009340034e-01
-3.428571428571428048e-01 1.220660519698044538e-01 1.219800524878928150e-01 8.954081223763639130e-01 3.786083587632127490e-01 3.784015612096961467e-01 -7.380121667623927850e-01 1.220659249961893456e-01 1.219797876646230433e-01 8.954082062320267710e-01 3.786086519351608559e-01 3.784013196211770680e-01 1.443668852835363475e-02 -7.380121055058463941e-01
-3.478991596638655315e-01 1.238686202457388585e-01 1.237527832952932672e-01 8.950522779624808800e-01 3.848393563618042190e-01 3.847054317642509824e-01 -7.313131873233695845e-01 1.238685335470225551e-01 1.237525869917295573e-01 8.950523209816549919e-01 3.848395907799148086e-01 3.847051554229914405e-01 1.482829610490719527e-02 -7.313131415989690964e-01
-3.529411764705882026e-01 1.257035404078306051e-01 1.255688059611694551e-01 8.946786783249119912e-01 3.909684660914123921e-01 3.908824683802439304e-01 -7.245674486294444439e-01 1.257034801387351963e-01 1.255686547117682572e-01 8.946786995193460879e-01 3.909686537390559824e-01 3.908821783214732060e-01 1.521251993898144195e-02 -7.245674157000168147e-01
-3.579831932773108738e-01 1.275718860222747331e-01 1.274250631994880700e-01 8.942893279929970962e-01 3.970156975608503669e-01 3.969623854350555203e-01 -7.177540744048852561e-01 1.275718456953253421e-01 1.274249468358719661e-01 8.942893332674787255e-01 3.970158437334280754e-01 3.969620880150971365e-01 1.559090027057337922e-02 -7.177540525564991558e-01
-3.630252100840335450e-01 1.294748861884805480e-01 1.293202898610643081e-01 8.938860332854898783e-01 4.029899416228518993e-01 4.029597806892291634e-01 -7.108650019078346372e-01 1.294748605739872993e-01 1.293202003063126937e-01 8.938860275053361892e-01 4.029900508448530094e-01 4.029594809341113248e-01 1.596442723362000160e-02 -7.108649896229768395e-01
-3.680672268907562716e-01 1.314136278413640668e-01 1.312540634574704546e-01 8.934702475020698254e-01 4.088951681185041265e-01 4.088819771401933090e-01 -7.038979714140409794e-01 1.314136127608681870e-01 1.312539942994799813e-01 8.934702346039522514e-01 4.088952442234813911e-01 4.088816790480278018e-01 1.633382164494800309e-02 -7.038979673176836149e-01
-3.731092436974789428e-01 1.333892451810690660e-01 1.332260628202873165e-01 8.930432507545968956e-01 4.147334911021704484e-01 4.147371561731650891e-01 -6.968501308920508341e-01 1.333884975529241734e-01 1.332253282439766762e-01 8.930439085964783086e-01 4.147346106836288238e-01 4.147379399715369619e-01 1.669969258427626835e-02 -6.968493843464698134e-01
-3.781512605042016140e-01 1.354033649867363021e-01 1.352355322115799952e-01 8.926052766538121741e-01 4.205051416902785832e-01 4.205284194083072635e-01 -6.897224440453268990e-01 1.354028661816010504e-01 1.352350472095096567e-01 8.926056346187588586e-01 4.205059960481300485e-01 4.205289243266197019e-01 1.706273775166157469e-02 -6.897218065805216236e-01
-3.831932773109243406e-01 1.374548727415714489e-01 1.372848460468983345e-01 8.921571607077660726e-01 4.262101664158650105e-01 4.262463471845546192e-01 -6.825237591053023856e-01 1.374545597442206613e-01 1.372845480948255703e-01 8.921573033063014968e-01 4.262108071733944348e-01 4.262466211842007580e-01 1.742309325646036397e-02 -6.825232324296395259e-01
-3.882352941176470118e-01 1.395445272594755259e-01 1.393736570782708184e-01 8.916991392151190077e-01 4.318501741219603063e-01 4.318953193647995237e-01 -6.752527667206940087e-01 1.395443471961254067e-01 1.393734937234472060e-01 8.916991378354247599e-01 4.318506453501393949e-01 4.318954036891530790e-01 1.778129283712211531e-02 -6.752523498382482225e-01
-3.932773109243696830e-01 1.416729501102451105e-01 1.415019693481864571e-01 8.912313624525106670e-01 4.374259836189453021e-01 4.374776631522910852e-01 -6.679097125494863896e-01 1.416728595412506397e-01 1.415018974709747190e-01 8.912312759175541332e-01 4.374263223025681158e-01 4.374775927252237406e-01 1.813781067013549644e-02 -6.679094017347351198e-01
-3.983193277310924096e-01 1.438406760133734696e-01 1.436699635974422462e-01 8.907538670481218723e-01 4.429382012753645959e-01 4.429948262141422122e-01 -6.604953420518084872e-01 1.438406403482432316e-01 1.436699488031979999e-01 8.907537420565049269e-01 4.429384377200259459e-01 4.429946299629242135e-01 1.849309383954150093e-02 -6.604951307898231372e-01
-4.033613445378150808e-01 1.460481966677958654e-01 1.458779220721149739e-01 8.902665759601060547e-01 4.483874113401383199e-01 4.484478799779602620e-01 -6.530104849507127884e-01 1.460481896499406518e-01 1.458779381581520040e-01 8.902664474778151371e-01 4.483875695659025329e-01 4.484475811174413185e-01 1.884757627257647658e-02 -6.530103638457970261e-01
-4.084033613445377520e-01 1.482959931969106693e-01 1.481261979192740608e-01 8.897693055480082602e-01 4.537742297811066527e-01 4.538377370108005460e-01 -6.454558968379854322e-01 1.482959964355100302e-01 1.481262263925617328e-01 8.897691971792077714e-01 4.537743279251642559e-01 4.538373532984761316e-01 1.920168512526821900e-02 -6.454558534939083270e-01
-4.134453781512604786e-01 1.505845590886481511e-01 1.504152044405923094e-01 8.892617724355735831e-01 4.590993144857457575e-01 4.591652465594547872e-01 -6.378321999403214759e-01 1.505845616257976693e-01 1.504152340736196747e-01 8.892616967868195443e-01 4.590993652284308113e-01 4.591647905191016399e-01 1.955584405204584958e-02 -6.378322188161278383e-01
-4.184873949579831498e-01 1.529144165608670169e-01 1.527454131395183101e-01 8.887435980658383583e-01 4.643633635520137970e-01 4.644312375609366272e-01 -6.301398602464153287e-01 1.529144144661110372e-01 1.527454395563566381e-01 8.887435571131176992e-01 4.643633745769879528e-01 4.644307166663857456e-01 1.991047512871881031e-02 -6.301399224924273401e-01
-4.235294117647058210e-01 1.552861287246677935e-01 1.551173556491662608e-01 8.882143107107577373e-01 4.695671112496994093e-01 4.696365382870773542e-01 -6.223791770778226429e-01 1.552861247100117970e-01 1.551173809355433642e-01 8.882142961767515166e-01 4.695670857432268641e-01 4.696359550959495754e-01 2.026600013790421512e-02 -6.223792603562972037e-01
-4.285714285714285476e-01 1.577003091575603366e-01 1.575316273746841522e-01 8.876733452469616203e-01 4.747113238836555005e-01 4.747819849763965094e-01 -6.145502764746206825e-01 1.577003122054045081e-01 1.575316597059960300e-01 8.876733389949955644e-01 4.747112610642432173e-01 4.747813372060071258e-01 2.062284151008732941e-02 -6.145503547680534195e-01
-4.336134453781512188e-01 1.601576299042563045e-01 1.599888918820946970e-01 8.871200410826738381e-01 4.797967956450970295e-01 4.798684248115068218e-01 -6.066531055428359132e-01 1.601576548984328663e-01 1.599889451619990188e-01 8.871200155334186821e-01 4.797966912841205578e-01 4.798677053654880620e-01 2.098142304826729893e-02 -6.066531489486519657e-01
-4.386554621848738900e-01 1.626588285318097404e-01 1.624898855434072642e-01 8.865536385465716540e-01 4.848243440134732962e-01 4.848967157144769002e-01 -5.986874270082779281e-01 1.626588958781281791e-01 1.624899790431428293e-01 8.865535571234296475e-01 4.848241908517749721e-01 4.848959127055277318e-01 2.134217049440522568e-02 -5.986874015102523483e-01
-4.436974789915966166e-01 1.652047146223599994e-01 1.650354220654507431e-01 8.859732739503752841e-01 4.897948041472411362e-01 4.898677242892608974e-01 -5.906528139626279206e-01 1.652048498406087085e-01 1.650355800503901793e-01 8.859730915598739154e-01 4.897945920352432814e-01 4.898668211658711025e-01 2.170551196227182497e-02 -5.906526811549150935e-01
-4.487394957983192878e-01 1.677961759000466402e-01 1.676263964773654636e-01 8.853779734693022485e-01 4.947090216971801180e-01 4.947823228230441850e-01 -5.825486450398725813e-01 1.677964091669544022e-01 1.676266478052030329e-01 8.853776370236194904e-01 4.947087372273042405e-01 4.947812987747320923e-01 2.207187824183930863e-02 -5.825483617603673947e-01
-4.537815126050419590e-01 1.704341839854983109e-01 1.702637881319110924e-01 8.847666459978841269e-01 4.995678437882495326e-01 4.996413859789731182e-01 -5.743741002824847008e-01 1.704345496164680340e-01 1.702641658096571697e-01 8.847660949888401793e-01 4.995674692552786178e-01 4.996402167999819399e-01 2.244170297504972239e-02 -5.743736180955161252e-01
-4.588235294117646301e-01 1.731197994798004125e-01 1.729486626299294449e-01 8.841380752793820408e-01 5.043721089787895906e-01 5.044457871280844108e-01 -5.661281577628798356e-01 1.731203353694301394e-01 1.729492033315843669e-01 8.841372424158806531e-01 5.043716208169111148e-01 5.044444465752164763e-01 2.281542271983221307e-02 -5.661274222382296495e-01
-4.638655462184873568e-01 1.758541758214774708e-01 1.756821736016674351e-01 8.834909118337597178e-01 5.091226388434396677e-01 5.091963928954323926e-01 -5.578095906254632030e-01 1.758549229238395295e-01 1.756829171757401942e-01 8.834897237546286419e-01 5.091220061998393831e-01 5.091948543028248508e-01 2.319347696736420716e-02 -5.578085404210628706e-01
-4.689075630252100280e-01 1.786385615652246184e-01 1.784655665109139144e-01 8.828236652512461147e-01 5.138202347794358360e-01 5.138940534090498113e-01 -5.494169638669647027e-01 1.786395635473026211e-01 1.784665555324341513e-01 8.828220433157739633e-01 5.138194191993166182e-01 5.138922911214308664e-01 2.357630822872722881e-02 -5.494155297444992536e-01
-4.739495798319326991e-01 1.814743018880553560e-01 1.813001863500236233e-01 8.821346968753456252e-01 5.184656805788498968e-01 5.185395874386122816e-01 -5.409486303426633835e-01 1.814756050527356057e-01 1.813014657669316243e-01 8.821325580128582811e-01 5.184646374104031619e-01 5.185375776842368056e-01 2.396436228427932524e-02 -5.409467343596248146e-01
-4.789915966386554258e-01 1.843628415645066632e-01 1.841874880509623003e-01 8.814222118994722299e-01 5.230597443959239534e-01 5.231337666876240133e-01 -5.324027262212059908e-01 1.843644949859846449e-01 1.841891049317874174e-01 8.814194694796422258e-01 5.230584255475428934e-01 5.231314877610397929e-01 2.435808853642564692e-02 -5.324002813175586768e-01
-4.840336134453780970e-01 1.873057312949822362e-01 1.871290451601223537e-01 8.806842495103521795e-01 5.276031706392483311e-01 5.276773064578691441e-01 -5.237771666065158538e-01 1.873077869606926682e-01 1.871310485025988735e-01 8.806808141978067495e-01 5.276015275342598176e-01 5.276747383224960064e-01 2.475794022966491467e-02 -5.237740766000227310e-01
-4.890756302521007681e-01 1.903046364121694367e-01 1.901265532172421446e-01 8.799186706606672015e-01 5.320966595615437278e-01 5.321708648534261288e-01 -5.150696417086345624e-01 1.903071491742744370e-01 1.901289937625488813e-01 8.799144512441781085e-01 5.320946452203312305e-01 5.321679884220233969e-01 2.516437430605805020e-02 -5.150658014928046757e-01
-4.941176470588234948e-01 1.933613445935446207e-01 1.931818287745992457e-01 8.791231443560778569e-01 5.365408427093795174e-01 5.366150442744572757e-01 -5.062776135059536831e-01 1.933643718779288478e-01 1.931847587880101136e-01 8.791180485711185266e-01 5.365384126265703157e-01 5.366118406680808750e-01 2.557785087226938439e-02 -5.062729091972444362e-01
-4.991596638655461660e-01 1.964777700736023980e-01 1.962968077585653115e-01 8.782951335956881156e-01 5.409362637526320405e-01 5.410103871931180031e-01 -4.973983130996474378e-01 1.964813714230525810e-01 1.963002807617891809e-01 8.782890689676594587e-01 5.409333758815303428e-01 5.410068371990689462e-01 2.599883244082600020e-02 -4.973926220000459142e-01
-5.042016806722688926e-01 1.996559545554219550e-01 1.994735456547214736e-01 8.774318814224710827e-01 5.452833671231500645e-01 5.453573637647388672e-01 -4.884287393561284607e-01 1.996601911130417017e-01 1.994776161125715874e-01 8.774247561484180835e-01 5.452799814657008914e-01 5.453534475699187700e-01 2.642778311301239441e-02 -4.884219297385250513e-01
-5.092436974789915638e-01 2.028980665594344590e-01 2.027142194844022416e-01 8.765303969020256103e-01 5.495824908357102023e-01 5.496563542460446428e-01 -4.793656592188692001e-01 2.029030005610533149e-01 2.027189424555305708e-01 8.765221207744505749e-01 5.495785689974468369e-01 5.496520514047243955e-01 2.686516776152693062e-02 -4.793575900125836009e-01
-5.142857142857142350e-01 2.062064006555614504e-01 2.060211303292410201e-01 8.755874406846484437e-01 5.538338591267389921e-01 5.539076302484386982e-01 -4.702056095599934649e-01 2.062120949542018966e-01 2.060265610907612011e-01 8.755779260506701966e-01 5.538293639981743954e-01 5.539029197962596074e-01 2.731145117940195557e-02 -4.701961300168224223e-01
-5.193277310924369061e-01 2.095833770574736521e-01 2.093967053172140769e-01 8.745995099314178844e-01 5.580375727004408537e-01 5.581113370896297887e-01 -4.609449002304054077e-01 2.095898946754529424e-01 2.094028989700236765e-01 8.745886726750259355e-01 5.580324682928922142e-01 5.581061977196412061e-01 2.776709713121192080e-02 -4.609338496283040820e-01
-5.243697478991595773e-01 2.130467213137935412e-01 2.128565032033435667e-01 8.735490806839764089e-01 5.621870828513513274e-01 5.622658651126044571e-01 -4.515776254429034742e-01 2.130463787628367189e-01 2.128561694222393663e-01 8.735496468437642381e-01 5.621873312554440671e-01 5.622658646630047663e-01 2.823320456138171675e-02 -4.515781967130915731e-01
-5.294117647058822484e-01 2.165729517574925544e-01 2.163805152163846834e-01 8.724573312371735057e-01 5.662957061149677118e-01 5.663823814114353761e-01 -4.420920509919294417e-01 2.165725484723690364e-01 2.163801246593692607e-01 8.724579933925724617e-01 5.662959922653442169e-01 5.663824239533737925e-01 2.870938576980788109e-02 -4.420927344012426929e-01
-5.344537815126050306e-01 2.201750263611960412e-01 2.199816819767920206e-01 8.713083848297276113e-01 5.703551215869187008e-01 5.704451537066266287e-01 -4.325016946487874048e-01 2.201745557468184344e-01 2.199812286521568294e-01 8.713091519728861645e-01 5.703554501133040189e-01 5.704452422888121044e-01 2.919622619246943149e-02 -4.325025063808307091e-01
-5.394957983193277018e-01 2.238564330586516882e-01 2.236625330712206094e-01 8.700972604328041093e-01 5.743657789010205850e-01 5.744579360866768347e-01 -4.227950805703681869e-01 2.238558883308782166e-01 2.236620108687624453e-01 8.700981414572366290e-01 5.743661544654333762e-01 5.744580737367632750e-01 2.969421449698845389e-02 -4.227960382983897980e-01
-5.445378151260503730e-01 2.276203852514178394e-01 2.274260211478252858e-01 8.688188764478359527e-01 5.783269325172671893e-01 5.784209307500822739e-01 -4.129663342668264958e-01 2.276197595072164681e-01 2.274254239044843362e-01 8.688198799986309728e-01 5.783273597604522420e-01 5.784211205027259828e-01 3.020379893827774762e-02 -4.129674571388368687e-01
-5.495798319327730441e-01 2.314700905884407300e-01 2.312752935657262365e-01 8.674678224006479033e-01 5.822376080284153987e-01 5.823334224051813779e-01 -4.030103537966858163e-01 2.314693768757639381e-01 2.312746151320219101e-01 8.674689567342610541e-01 5.822380915372993293e-01 5.823336673210327552e-01 3.072541104615923377e-02 -4.030116624312429230e-01
-5.546218487394957153e-01 2.354088243798921343e-01 2.352136207815528346e-01 8.660383078638709264e-01 5.860966336501122198e-01 5.861943017452232452e-01 -3.929220229905673878e-01 2.354080157743959900e-01 2.352128550943779206e-01 8.660395807071038510e-01 5.860971779350695465e-01 5.861946049229100897e-01 3.125946682628681639e-02 -3.929235394578691754e-01
-5.596638655462183864e-01 2.394399440704125803e-01 2.392443695120095859e-01 8.645241408834806185e-01 5.899025994948309259e-01 5.900021668328732094e-01 -3.826960993783387055e-01 2.394390337604693220e-01 2.392435106746750861e-01 8.645255592914853349e-01 5.899032089732225703e-01 5.900025314171201130e-01 3.180636435802529360e-02 -3.826978471587919040e-01
-5.647058823529411686e-01 2.435668851769489662e-01 2.433709872847814037e-01 8.629187116350716114e-01 5.936538284913770447e-01 5.937553341229769854e-01 -3.723272145315683068e-01 2.435658665572865700e-01 2.433700296543569175e-01 8.629202818501571226e-01 5.936545074757099139e-01 5.937557633112579003e-01 3.236648057077916307e-02 -3.723292184474994437e-01
-5.697478991596638398e-01 2.477931501089451483e-01 2.475969882999767280e-01 8.612149777334445755e-01 5.973483557733335614e-01 5.974518288469354843e-01 -3.618098953163631504e-01 2.477920168828769421e-01 2.475959265816580490e-01 8.612167050469394791e-01 5.973491084633112402e-01 5.974523258962626260e-01 3.294016754905917249e-02 -3.618121814329843255e-01
-5.747899159663865110e-01 2.521222928752203662e-01 2.519259374830212783e-01 8.594054510583230000e-01 6.009839114617416822e-01 6.010893706766387012e-01 -3.511385918094029890e-01 2.521210391651816374e-01 2.519247668310501398e-01 8.594073396779061680e-01 6.009847419397951196e-01 6.010899389114372493e-01 3.352774838220531212e-02 -3.511411873013261520e-01
-5.798319327731091821e-01 2.565579002842172662e-01 2.563614316288199135e-01 8.574821865715462899e-01 6.045579049819812534e-01 6.046653587213035586e-01 -3.403077100628407181e-01 2.565565207500636880e-01 2.563601477532764794e-01 8.574842394965337400e-01 6.045588172116472814e-01 6.046660015427185453e-01 3.412951253820954711e-02 -3.403106430426501294e-01
-5.848739495798318533e-01 2.611035695502484932e-01 2.609070770887135793e-01 8.554367737704415831e-01 6.080674105685477393e-01 6.081768571398407097e-01 -3.293116498896180855e-01 2.611020595144635248e-01 2.609056763671221413e-01 8.554389926775184394e-01 6.080684083954062125e-01 6.081775780363664063e-01 3.474571074043533714e-02 -3.293149491950977392e-01
-5.899159663865545244e-01 2.657628820034496631e-01 2.655664635770839110e-01 8.532603315334751359e-01 6.115091541516829432e-01 6.116205820002675875e-01 -3.181448481791147032e-01 2.657612375820747053e-01 2.655649431696125440e-01 8.532627166752915215e-01 6.115102413056855424e-01 6.116213845591318421e-01 3.537654932890839377e-02 -3.181485431165311240e-01
-5.949579831932771956e-01 2.705393725177167585e-01 2.703431336824432263e-01 8.509435072293365376e-01 6.148795020177816317e-01 6.149928898918379794e-01 -3.068018283369739474e-01 2.705375907554554704e-01 2.703414916488857123e-01 8.509460573482610091e-01 6.148806821155859970e-01 6.149937778102476660e-01 3.602218409150635681e-02 -3.068059483782415442e-01
-5.999999999999999778e-01 2.754364942269988403e-01 2.752405476477045587e-01 8.484764810878384633e-01 6.181744517326902555e-01 6.182897688069065589e-01 -2.952772564867491845e-01 2.754345732344594677e-01 2.752387830642728517e-01 8.484791933469726377e-01 6.181757282787325725e-01 6.182907459018566199e-01 3.668271355553813506e-02 -2.952818309193790403e-01
