0.000000000000000000e+00 3.567362463001903447e-03 3.652912923021076150e-03 9.728381316626834030e-01 6.334845361911060901e-02 6.330580035354735347e-02 -9.690289056272972656e-01 3.564915459241398913e-03 3.651032923873137950e-03 9.728404227697379225e-01 6.335124132013200682e-02 6.329596611359583624e-02 -1.852040473086498731e-02 -9.690257193673195157e-01
-5.042016806722688510e-03 7.825152887938956886e-03 7.916784226057287099e-03 9.736937939937095887e-01 5.787898186042957083e-02 5.782906239393417053e-02 -9.707751392012229363e-01 7.822725638270321136e-03 7.914908781319235018e-03 9.736958344381675401e-01 5.788271490777813916e-02 5.781644397013758346e-02 -1.775618142845590899e-02 -9.707715498089312112e-01
-1.008403361344537702e-02 1.008370461937462860e-02 1.018163009105219410e-02 9.698693095293180466e-01 5.253685303775806892e-02 5.247879878615968607e-02 -9.677068269149767810e-01 1.008179403842403982e-02 1.017872812917238086e-02 9.698721835780160783e-01 5.253286065186396625e-02 5.247469524822237497e-02 -1.832052754005200276e-02 -9.677033562561810909e-01
-1.512605042016806553e-02 1.307135133127454787e-02 1.317653326764906506e-02 9.653948022567192533e-01 4.672106936915704223e-02 4.665338797735552046e-02 -9.640225915221365405e-01 1.306843610096027064e-02 1.317199865670463065e-02 9.653991188796743339e-01 4.671473953709309734e-02 4.664689101937870286e-02 -1.891415643775708200e-02 -9.640173162907216264e-01
-2.016806722689075404e-02 1.683401964048371335e-02 1.694537197415511148e-02 9.602204261041435984e-01 4.043000773077089910e-02 4.035149406586841653e-02 -9.596724151083050325e-01 1.682964035446585238e-02 1.693845241997922468e-02 9.602268240525542176e-01 4.042046693860823492e-02 4.034170960182822258e-02 -1.952645690330068184e-02 -9.596646001641804258e-01
-2.521008403361344255e-02 2.137828507119767310e-02 2.149699164402404591e-02 9.543415755959944180e-01 3.372166027878908262e-02 3.362672002517825415e-02 -9.546494759210311098e-01 2.137184579448613356e-02 2.148673989435195136e-02 9.543508807893834600e-01 3.370800046642229153e-02 3.361271443938042280e-02 -2.014062023694704329e-02 -9.546382855027302217e-01
-3.025210084033613106e-02 2.665274120661479534e-02 2.678179557670896244e-02 9.478274693130862572e-01 2.673369637313895500e-02 2.661133399423654816e-02 -9.490181056886424216e-01 2.664352582443020589e-02 2.676713216199024317e-02 9.478406690730734052e-01 2.671516253396513663e-02 2.659232049987434940e-02 -2.073309486687261935e-02 -9.490027427939652371e-01
-3.529411764705882304e-02 3.251761188695153487e-02 3.266105776406261901e-02 9.408487395284341748e-01 1.970427007552387824e-02 1.954290318113278274e-02 -9.429408579955743663e-01 3.250484910931460136e-02 3.264091029357184259e-02 9.408668913321871496e-01 1.968050000823978740e-02 1.951848982372013375e-02 -2.127413946155270325e-02 -9.429207866482315348e-01
-4.033613445378150808e-02 3.874495097013673506e-02 3.889548325620214436e-02 9.336838500411717146e-01 1.295351017980884110e-02 1.277116809139903358e-02 -9.366857971038370367e-01 3.872793223369468824e-02 3.886897642400034825e-02 9.337079239430782218e-01 1.292472676749074206e-02 1.274159005047687324e-02 -2.173050711387507217e-02 -9.366609846403955997e-01
-4.537815126050419312e-02 4.505229791354180280e-02 4.520910800812157071e-02 9.266753590443403965e-01 6.831447906080026153e-03 6.622374764268927974e-03 -9.305868749456477351e-01 4.503047434957833939e-02 4.517576301325130356e-02 9.267060610361649298e-01 6.798526572768687562e-03 6.588501685249886428e-03 -2.207197793482737480e-02 -9.305579123394136509e-01
-5.042016806722688510e-02 5.113417823900432563e-02 5.130333759404904354e-02 9.201835872101481462e-01 1.674884265364273706e-03 1.420970719287741046e-03 -9.249928809253302742e-01 5.110726898298031950e-02 5.126317879137214095e-02 9.202212078407959739e-01 1.639222735456703425e-03 1.384187257754073558e-03 -2.227541133111107796e-02 -9.249609397846836334e-01
-5.546218487394957708e-02 5.667499337716434132e-02 5.684913521997705943e-02 9.145901203045642136e-01 -2.239755237016253370e-03 -2.529810019873800914e-03 -9.202309902507458395e-01 5.666989757625857937e-02 5.684170467783496161e-02 9.145971703191256852e-01 -2.245622608793008262e-03 -2.535886277331872093e-03 -2.232626522077117703e-02 -9.202256590942521353e-01
-6.050420168067226212e-02 6.162652737970743255e-02 6.180288028893383967e-02 9.099205738161009194e-01 -4.898579491674303829e-03 -5.191977211548850016e-03 -9.163917832276871067e-01 6.162054446098035043e-02 6.179437139115790539e-02 9.099287956719319670e-01 -4.904515485017689122e-03 -5.198129187846142404e-03 -2.223226143126990142e-02 -9.163863479245017984e-01
-6.554621848739494716e-02 6.586323098676395704e-02 6.603871283623952149e-02 9.063017646697104635e-01 -6.269873818863108857e-03 -6.561707586342919486e-03 -9.135538021471389936e-01 6.585646598007155461e-02 6.602932938564659571e-02 9.063109901729632378e-01 -6.275609291953200899e-03 -6.567658587684455443e-03 -2.200173137148887792e-02 -9.135485375029960275e-01
-7.058823529411764608e-02 6.939944848172434344e-02 6.957239891626880446e-02 9.036865744580461213e-01 -6.450020327957611474e-03 -6.738371917104778348e-03 -9.116596653131272543e-01 6.939203826954631893e-02 6.956236817320407551e-02 9.036965949421967847e-01 -6.455342513675608324e-03 -6.743903547574698135e-03 -2.165191437969851695e-02 -9.116547932090852679e-01
-7.563025210084033112e-02 7.230661046308087259e-02 7.247566724133634730e-02 9.019528843634850857e-01 -5.591918663952973739e-03 -5.875236136434578739e-03 -9.105803404910567389e-01 7.229870347753265813e-02 7.246521043031711740e-02 9.019634819940944848e-01 -5.596681198286986708e-03 -5.880197977507608045e-03 -2.120306263278214434e-02 -9.105760142903694954e-01
-8.067226890756301616e-02 7.468267892830827981e-02 7.484679887216307004e-02 9.009481650581190326e-01 -3.860415754286082232e-03 -4.137484649566494643e-03 -9.101597279527675610e-01 7.467442029786523772e-02 7.483611413337397378e-02 9.009591343095758598e-01 -3.864532821226021597e-03 -4.141788223482422218e-03 -2.067473207492382531e-02 -9.101560356880058489e-01
-8.571428571428570120e-02 7.663010051160694391e-02 7.678854207634829010e-02 9.005186200346573244e-01 -1.407750243545126054e-03 -1.677643491095819755e-03 -9.102430147456531673e-01 7.662162321766068096e-02 7.677779725433250824e-02 9.005297793769240222e-01 -1.411184618190810397e-03 -1.681250036452117819e-03 -2.008399157112863292e-02 -9.102399908596621181e-01
-9.075630252100838624e-02 7.824273729142534883e-02 7.839502440554445284e-02 9.005260021893175537e-01 1.638579094559982491e-03 1.376555148552473934e-03 -9.106923430069566727e-01 7.823415825264105894e-02 7.838435643170002520e-02 9.005371981401811832e-01 1.635828765771148510e-03 1.373647659923891984e-03 -1.944473695394919807e-02 -9.106899821525735739e-01
-9.579831932773108516e-02 7.960001420570111952e-02 7.974589499643290613e-02 9.008545811302900441e-01 5.179040745315069416e-03 4.925394642685295213e-03 -9.113926597849325573e-01 7.959143363123885595e-02 7.973541281324705854e-02 9.008656875314439150e-01 5.176950877488113029e-03 4.923162664883176318e-03 -1.876772014389724297e-02 -9.113909292342087243e-01
-1.008403361344537702e-01 8.076568171525969064e-02 8.090508956421225972e-02 9.014119002207301445e-01 9.140207112465784101e-03 8.895301257383589691e-03 -9.122515906963615251e-01 8.075718424906648540e-02 8.089487843098774889e-02 9.014228151286380886e-01 9.138737612041425429e-03 8.893704282741467931e-03 -1.806094289439929071e-02 -9.122504401559192733e-01
-1.058823529411764552e-01 8.178901139186318947e-02 8.192203134470486814e-02 9.021263672900600161e-01 1.347063772557555335e-02 1.323471779138616494e-02 -9.131964289012211022e-01 8.178066800308825268e-02 8.191215725632014499e-02 9.021370090818814358e-01 1.346973810070183769e-02 1.323370460347408906e-02 -1.733017785378194661e-02 -9.131957977360664058e-01
-1.109243697478991542e-01 8.277651467963700882e-02 8.290787971506319298e-02 9.028483494041072976e-01 1.809105133015382130e-02 1.786350140500943609e-02 -9.141268554893416942e-01 8.272526522009124306e-02 8.284820504299744703e-02 9.029134295647549546e-01 1.808855954942974187e-02 1.786006654871335336e-02 -1.658222167078711104e-02 -9.141256136015686318e-01
-1.159663865546218392e-01 8.361312265708864544e-02 8.373863967395951680e-02 9.037405139605828586e-01 2.308388907020087269e-02 2.286450732994260021e-02 -9.150949548165304703e-01 8.356280133290588941e-02 8.368080680213328681e-02 9.038040446584721943e-01 2.308426297645171932e-02 2.286399782343275650e-02 -1.581332834313692315e-02 -9.150961641637339605e-01
-1.210084033613445242e-01 8.439143636236713653e-02 8.451158731237810862e-02 9.046655214797018063e-01 2.838087934853528865e-02 2.816944617637653567e-02 -9.160110929640344901e-01 8.434229616348080938e-02 8.445579135312848706e-02 9.047272421073027093e-01 2.838381284417707331e-02 2.817155450810400821e-02 -1.502909758203526541e-02 -9.160143980885930848e-01
-1.260504201680672232e-01 8.512378568736644890e-02 8.524042470636573887e-02 9.055964707954062831e-01 3.397253070959024152e-02 3.376631023796569653e-02 -9.168408051432673789e-01 8.507604816537946146e-02 8.518682523304560439e-02 9.056561601896110369e-01 3.397771106944198760e-02 3.377072068630420504e-02 -1.423129392478751469e-02 -9.168458535590525704e-01
-1.310924369747898943e-01 8.581787703686921676e-02 8.593418332569847939e-02 9.065177626815540401e-01 3.985918615430059098e-02 3.965299181332488515e-02 -9.175588783909887081e-01 8.577173960588324597e-02 8.588291486297681965e-02 9.065752271875020529e-01 3.986630039658924096e-02 3.965938767380546015e-02 -1.342077587082784497e-02 -9.175653287916712975e-01
-1.361344537815125932e-01 8.648211428634404452e-02 8.659792542712607677e-02 9.074168367162910309e-01 4.603587140331009270e-02 4.583107699036277627e-02 -9.181421788964277964e-01 8.643775148948101839e-02 8.654909747561134736e-02 9.074719089027585284e-01 4.604460894330861948e-02 4.583914648762728306e-02 -1.259843121840646500e-02 -9.181497063994120689e-01
-1.411764705882352922e-01 8.712015983213480808e-02 8.723520622842619032e-02 9.082845508913997001e-01 5.250212256004353761e-02 5.230020907135002339e-02 -9.185696028327855478e-01 8.707772339912150938e-02 8.718890684516042433e-02 9.083370869764986200e-01 5.251218030313964391e-02 5.230964762839954846e-02 -1.176504195043390558e-02 -9.185779032775747144e-01
-1.462184873949579633e-01 8.773426632004156789e-02 8.784827612053196233e-02 9.091137361872889677e-01 5.925591940394372287e-02 5.905832315488739742e-02 -9.188212263039601257e-01 8.769388480493982285e-02 8.780457234693414548e-02 9.091636159268385864e-01 5.926700530411820739e-02 5.906883702399520070e-02 -1.092150910935014464e-02 -9.188300200190426814e-01
-1.512605042016806622e-01 8.832595426944658823e-02 8.843867282233174032e-02 9.098986469496872509e-01 6.629247040951273540e-02 6.610054833656593687e-02 -9.188781648426158633e-01 8.828773222845734403e-02 8.839761048230850016e-02 9.099457743852109592e-01 6.630430694720723661e-02 6.611185813783765353e-02 -1.006894078153763340e-02 -9.188871998647063499e-01
-1.563025210084033334e-01 8.889650343057377280e-02 8.900770927498566354e-02 9.106346048230504753e-01 7.360329075343745309e-02 7.341828928666552234e-02 -9.187226968723605225e-01 8.886052045976031155e-02 8.896931247048925351e-02 9.106789094671068341e-01 7.361561828045695699e-02 7.343013341387513715e-02 -9.208713362439726116e-03 -9.187317515304667115e-01
-1.613445378151260323e-01 8.944736031484172567e-02 8.955687047629674880e-02 9.113177761709004843e-01 8.117547568024671700e-02 8.099850280621290199e-02 -9.183385938425412398e-01 8.941367015724691059e-02 8.952114106239658642e-02 9.113592142975822652e-01 8.118805554814065295e-02 8.101064058455779981e-02 -8.342511809467321668e-03 -9.183474785957825848e-01
-1.663865546218487312e-01 8.998044412848298090e-02 9.008812532292530262e-02 9.119450523671853714e-01 8.899122914877496959e-02 8.882322083371840815e-02 -9.177116044092201719e-01 8.994907412028904647e-02 9.005504260014984830e-02 9.119836080628596076e-01 8.900384646358054652e-02 8.883543530831194968e-02 -7.472343265264144198e-03 -9.177201628119444621e-01
-1.714285714285714024e-01 9.049061167366474756e-02 9.062843353605669339e-02 9.125082984753505322e-01 9.705720955783711523e-02 9.684850070882008999e-02 -9.168257653863230994e-01 9.046156363699084380e-02 9.059795667543091291e-02 9.125439829524804036e-01 9.706967995945656180e-02 9.686060279823725805e-02 -6.598705688492126006e-03 -9.168338737603782818e-01
-1.764705882352941013e-01 9.098009782676774737e-02 9.118910602285240641e-02 9.130052899436986724e-01 1.053592978198396174e-01 1.050467157628550696e-01 -9.156710101790981327e-01 9.095335128223251686e-02 9.116117793211189757e-02 9.130381369927732527e-01 1.053714632811218049e-01 1.050585418930961440e-01 -5.723134287410829024e-03 -9.156785746946934923e-01
-1.815126050420167725e-01 9.147403534444109585e-02 9.171784594556908754e-02 9.134488987385354086e-01 1.137931670624904995e-01 1.134339593226008219e-01 -9.142533888543367127e-01 9.144954296433346896e-02 9.169238289245004725e-02 9.134789727919622182e-01 1.138048875582330088e-01 1.134453701548008564e-01 -4.852732525066487043e-03 -9.142603469283350215e-01
-1.865546218487394714e-01 9.198182578844699142e-02 9.221993016996302139e-02 9.138343047838035638e-01 1.223154867684761865e-01 1.219761658594914477e-01 -9.125690850847326674e-01 9.195951708870797603e-02 9.219682410925736371e-02 9.138617000687658809e-01 1.223266530201727181e-01 1.219870551315214574e-01 -3.990018820420530681e-03 -9.125754033318465019e-01
-1.915966386554621703e-01 9.251297247550363534e-02 9.269697566402515521e-02 9.141595310919881090e-01 1.308800751117568106e-01 1.306484826536793153e-01 -9.106187025703152971e-01 9.249275804338948082e-02 9.267610617522048511e-02 9.141843617668282684e-01 1.308906075049649786e-01 1.306587704705778896e-01 -3.137318703922238258e-03 -9.106243708158030525e-01
-1.966386554621848415e-01 9.305356855779238490e-02 9.318221812317381558e-02 9.144242004621878639e-01 1.394884792609620838e-01 1.393662375083832561e-01 -9.084096380885338107e-01 9.303533988929060805e-02 9.316345235028775096e-02 9.144466010760035068e-01 1.394983255003293954e-01 1.393758690144337176e-01 -2.297277554314419365e-03 -9.084146665737929949e-01
-2.016806722689075404e-01 9.363379848167112385e-02 9.367004042488395743e-02 9.146242035500472545e-01 1.480828471612546104e-01 1.481315842292487139e-01 -9.059454144903610340e-01 9.361744014379907997e-02 9.365323995955404657e-02 9.146443178451405531e-01 1.480919765885822525e-01 1.481405285554870943e-01 -1.470627966329821025e-03 -9.059498273039191529e-01
-2.067226890756302393e-01 9.425316404586198127e-02 9.416485908698898899e-02 9.147673079837352894e-01 1.566218722266856656e-01 1.568994528181531789e-01 -9.032461218978670159e-01 9.423854941042456024e-02 9.414987955372647321e-02 9.147852910344955735e-01 1.566302741343389149e-01 1.569076968775802716e-01 -6.608370385285712318e-04 -9.032499553907468171e-01
-2.117647058823529105e-01 9.489776913767934696e-02 9.468406213568839047e-02 9.148619600793251871e-01 1.650914922115768457e-01 1.656011572495313666e-01 -9.003356485270637144e-01 9.488476386560332210e-02 9.467075587644956103e-02 9.148779748320224892e-01 1.650991732724211847e-01 1.656087037570675713e-01 1.289656851853292468e-04 -9.003389477880228142e-01
-2.168067226890756094e-01 9.557021237605091424e-02 9.523790442513876964e-02 9.149103602604575780e-01 1.734583596626301794e-01 1.741903508682961788e-01 -8.972359176554274285e-01 9.555867770846405984e-02 9.522612214189965507e-02 9.149245748807829370e-01 1.734653417864613634e-01 1.741972177200748484e-01 8.963747345536375545e-04 -8.972387333628105699e-01
-2.218487394957983083e-01 9.626986832592648868e-02 9.584129667923564633e-02 9.149142222280254311e-01 1.817120683647553969e-01 1.826263359309246437e-01 -8.939661402744956131e-01 9.625966734670610148e-02 9.583089263208244279e-02 9.149268030530579576e-01 1.817183839697840975e-01 1.826325521964212162e-01 1.640461776921061732e-03 -8.939685247360765752e-01
-2.268907563025209795e-01 9.699905904950840985e-02 9.650326082487066526e-02 9.148759832786358404e-01 1.898509645001862922e-01 1.908920284330968831e-01 -8.905411222069911092e-01 9.699006206286941989e-02 9.649409755846066750e-02 9.148870883946091936e-01 1.898566517660928432e-01 1.908976299927252762e-01 2.361633567518677587e-03 -8.905431261715746061e-01
-2.319327731092436784e-01 9.776489566196829017e-02 9.722430380831566243e-02 9.147983485650430513e-01 1.978665395067480681e-01 1.989895810486642935e-01 -8.869734675672280577e-01 9.775698172284995324e-02 9.721625365540412234e-02 9.148081256850939535e-01 1.978716397442451258e-01 1.989946076687430510e-01 3.060641940912006958e-03 -8.869751387871807058e-01
-2.369747899159663496e-01 9.857499789459571449e-02 9.800142246571824645e-02 9.146839297674734803e-01 2.057493185528890822e-01 2.069289328678292905e-01 -8.832739486821368224e-01 9.856805516913494380e-02 9.799436790897847471e-02 9.146925155883819381e-01 2.057538744888776083e-01 2.069334261349555226e-01 3.738376721129777272e-03 -8.832753312132411994e-01
-2.420168067226890485e-01 9.943435590315197192e-02 9.883216123685339971e-02 9.145352385465634892e-01 2.134949541297936904e-01 2.147197852896176040e-01 -8.794517193930491139e-01 9.942828163245184814e-02 9.882599478054275577e-02 9.145427587032540773e-01 2.134990086384269958e-01 2.147237871339492121e-01 4.395812505612377297e-03 -8.794528532884829941e-01
-2.470588235294117474e-01 1.003448082118540974e-01 9.971534230813941524e-02 9.143546043538679502e-01 2.211040773426127815e-01 2.223686944777276964e-01 -8.755147974382141429e-01 1.003395083546088362e-01 9.970996599567702456e-02 9.143611738221533169e-01 2.211076725720246550e-01 2.223722461989303123e-01 5.033888345688149364e-03 -8.755157187196902502e-01
-2.521008403361344463e-01 1.013055728940280564e-01 1.006504820994942040e-01 9.141439999614302536e-01 2.285798208052918778e-01 2.298784953006356713e-01 -8.714706136520206092e-01 1.013009615768543648e-01 1.006458068338710460e-01 9.141497237249701646e-01 2.285829976211103676e-01 2.298816369721746189e-01 5.653391245780343792e-03 -8.714713544472891815e-01
-2.571428571428571175e-01 1.023137071126959119e-01 1.016437539095194076e-01 9.139051135663192049e-01 2.359492956778509176e-01 2.372570579589724504e-01 -8.673183803431251393e-01 1.023097078701225293e-01 1.016397004955759409e-01 9.139100851450691065e-01 2.359520921478141520e-01 2.372598270428204481e-01 6.256324603289630665e-03 -8.673189686128210951e-01
-2.621848739495797886e-01 1.033629154898186991e-01 1.027016772964811642e-01 9.136376437958573238e-01 2.432234259174327895e-01 2.444892922809849822e-01 -8.630648683682505817e-01 1.033594585662406251e-01 1.026981737817127815e-01 9.136419484953415271e-01 2.432258783902098154e-01 2.444917245586397392e-01 6.843070850561249613e-03 -8.630653287669773910e-01
-2.672268907563025153e-01 1.044444387786982176e-01 1.038156539822098351e-01 9.133412043997096719e-01 2.503540671944568530e-01 2.515315274514761112e-01 -8.587413034326167871e-01 1.044414567098946589e-01 1.038126313226655495e-01 9.133449246811442546e-01 2.503562127136346738e-01 2.515336591314677461e-01 7.410052247218064901e-03 -8.587416584996414581e-01
-2.722689075630251865e-01 1.055555090049707517e-01 1.049887334952638029e-01 9.130184531296053896e-01 2.573667850893583409e-01 2.583977360934627820e-01 -8.543468249941932324e-01 1.055529425890448236e-01 1.049861315470978773e-01 9.130216611815944461e-01 2.573686571076234109e-01 2.583995997362234509e-01 7.959018248968689410e-03 -8.543470937324020298e-01
-2.773109243697478576e-01 1.066998909764809295e-01 1.062151179704307336e-01 9.126724423386022300e-01 2.642745051353201369e-01 2.651199164049048984e-01 -8.498773382390466535e-01 1.066976884824479971e-01 1.062128844951199524e-01 9.126752010936916015e-01 2.642761336115765913e-01 2.651215410594604527e-01 8.491857354105987812e-03 -8.498775365877365706e-01
-2.823529411764705843e-01 1.078838116183333390e-01 1.074852543907974800e-01 9.123072166977530539e-01 2.710904445253710104e-01 2.717434299607811576e-01 -8.453232615771746339e-01 1.078819282399529067e-01 1.074833441894999936e-01 9.123095806272998320e-01 2.710918559378306947e-01 2.717448412882287334e-01 9.010952749710020651e-03 -8.453234028286840118e-01
-2.873949579831932555e-01 1.091089323609940459e-01 1.087932155557828767e-01 9.119255690719503260e-01 2.778251653623671213e-01 2.782942130245104062e-01 -8.406787911757768184e-01 1.091073286933472442e-01 1.087915888423074406e-01 9.119275861215629941e-01 2.778263835002238169e-01 2.782954341052883418e-01 9.517875016555510728e-03 -8.406788865181099579e-01
-2.924369747899159266e-01 1.103744793775051913e-01 1.101362936663290854e-01 9.115292541928056158e-01 2.844878610435729316e-01 2.847850841269679023e-01 -8.359407411463201099e-01 1.103731204436360358e-01 1.101349150931907606e-01 9.115309669838194129e-01 2.844889074884226488e-01 2.847861359260346892e-01 1.001369596655440897e-02 -8.359408000217217749e-01
-2.974789915966385978e-01 1.116795542796262253e-01 1.115131774026034139e-01 9.111194460125936478e-01 2.910863727653358324e-01 2.912243217789944327e-01 -8.311066757080800560e-01 1.116784089486384246e-01 1.115120154896496185e-01 9.111208925467730868e-01 2.910872671363659014e-01 2.912252233759902720e-01 1.049931806948179586e-02 -8.311067060635822790e-01
-3.025210084033613245e-01 1.130235493106739320e-01 1.129232286581562800e-01 9.106969587703533930e-01 2.976267313047702423e-01 2.976175477286371329e-01 -8.261748615134532070e-01 1.130225898373570514e-01 1.129222553337028978e-01 9.106981729876342246e-01 2.976274914449691944e-01 2.976183164953375981e-01 1.097552346423284059e-02 -8.261748700091678943e-01
-3.075630252100839956e-01 1.144060422009148398e-01 1.143661690846034668e-01 9.102623501032669484e-01 3.041126791874089186e-01 3.039677508367537584e-01 -8.211447237736545501e-01 1.144052438283438139e-01 1.143653592838588806e-01 9.102633623653173522e-01 3.041133213294618387e-01 3.039684025976713277e-01 1.144294742381547422e-02 -8.211447159616735991e-01
-3.126050420168066668e-01 1.158268419242190206e-01 1.158421329482125506e-01 9.098158465603684020e-01 3.105479289267846776e-01 3.102778535330126819e-01 -8.160151258084562542e-01 1.158261826255941596e-01 1.158414643527170274e-01 9.098166839576076192e-01 3.105484677802236582e-01 3.102784026476482215e-01 1.190223837494559268e-02 -8.160151062748002282e-01
-3.176470588235293935e-01 1.172851526244213377e-01 1.173512939563169655e-01 9.093578046033616857e-01 3.169318798485193378e-01 3.165447951297984952e-01 -8.107888555148140552e-01 1.172846127127785132e-01 1.173507466006589173e-01 9.093584914331777069e-01 3.169323287953866863e-01 3.165452546839099268e-01 1.235367935021071568e-02 -8.107888280253268132e-01
-3.226890756302520646e-01 1.187798951818337390e-01 1.188938520014160005e-01 9.088885969986675306e-01 3.232638650188944252e-01 3.227648685327921818e-01 -8.054691007161425276e-01 1.187794571139566407e-01 1.188934080789060266e-01 9.088891549948325821e-01 3.232642361856069013e-01 3.227652504050488869e-01 1.279750635224471272e-02 -8.054690683220315783e-01
-3.277310924369747358e-01 1.203099685950740488e-01 1.204700081811419243e-01 9.084085232546554867e-01 3.295445583797088074e-01 3.289358894115063103e-01 -8.000579000031160515e-01 1.203095659874958978e-01 1.204696373559703410e-01 9.084089838040111387e-01 3.295454431691223207e-01 3.289361437602908445e-01 1.323402336060513877e-02 -8.000578248945768856e-01
-3.327731092436974625e-01 1.219182588779295362e-01 1.220814548175679637e-01 9.079115237061370358e-01 3.358505548820618913e-01 3.352418949120716252e-01 -7.944404643426661305e-01 1.219179372137855766e-01 1.220811604296468261e-01 9.079118892245015005e-01 3.358513411556145467e-01 3.352420874276776930e-01 1.367477354712209534e-02 -7.944403951664367192e-01
-3.378151260504201336e-01 1.236402798857376417e-01 1.237400789086102598e-01 9.073876417809660921e-01 3.421837720374492076e-01 3.417461333198241746e-01 -7.885772172995038076e-01 1.236400457812292936e-01 1.237396895290171633e-01 9.073878268338965158e-01 3.421842530665787918e-01 3.417459968180722174e-01 1.412610589053671546e-02 -7.885771133542339717e-01
-3.428571428571428048e-01 1.253921349922382245e-01 1.254543278134707118e-01 9.068529879529628746e-01 3.483531235982182950e-01 3.480205891343436941e-01 -7.827465721030255619e-01 1.253919560134042488e-01 1.254540204331197617e-01 9.068531278689200281e-01 3.483535457758771825e-01 3.480204173730351846e-01 1.456432895983321429e-02 -7.827464871589218109e-01
-3.478991596638655315e-01 1.271721840549743243e-01 1.272108169741350825e-01 9.063022687380876130e-01 3.544043914012433572e-01 3.541418679862838870e-01 -7.768972648464983477e-01 1.271720557045017685e-01 1.272105857314488886e-01 9.063023595302762692e-01 3.544047557961146344e-01 3.541416569653494939e-01 1.499267399014674561e-02 -7.768971964738748959e-01
-3.529411764705882026e-01 1.289805990382270617e-01 1.290047860256627044e-01 9.057352112352898832e-01 3.603708188502746101e-01 3.601556786569334867e-01 -7.709969465171072622e-01 1.289805054319808353e-01 1.290046072237031050e-01 9.057352732449142074e-01 3.603711364306411147e-01 3.601554508429164470e-01 1.541345725864175231e-02 -7.709968921479388726e-01
-3.579831932773108738e-01 1.308181478072887871e-01 1.308336908315261282e-01 9.051523019637266465e-01 3.662692364237326581e-01 3.660870987298914803e-01 -7.650292310656126027e-01 1.308180814195207542e-01 1.308335537891859579e-01 9.051523414731279527e-01 3.662695121543805277e-01 3.660868607211911208e-01 1.582810397373456482e-02 -7.650291887472455699e-01
-3.630252100840335450e-01 1.326856280602446703e-01 1.326962839883170098e-01 9.045542684428434788e-01 3.721080619585723781e-01 3.719495917409527674e-01 -7.589864406625311810e-01 1.326855826590599419e-01 1.326961799264653186e-01 9.045542908071364518e-01 3.721083002630610204e-01 3.719493488383327495e-01 1.623754942132751497e-02 -7.589864086844564373e-01
-3.680672268907562716e-01 1.345837776378308592e-01 1.345919992099475215e-01 9.039418511624912611e-01 3.778914075855742682e-01 3.777504323220442495e-01 -7.528654595171524466e-01 1.345837480852390133e-01 1.345919209208139566e-01 9.039418609067112476e-01 3.778916123804862970e-01 3.777501887847624640e-01 1.664246902757045982e-02 -7.528654363650509884e-01
-3.731092436974789428e-01 1.365131992354559620e-01 1.365211601641119210e-01 9.033152465218440286e-01 3.836209081403023080e-01 3.834931285450742799e-01 -7.466655125744718902e-01 1.365119922416118403e-01 1.365199536829742599e-01 9.033165449496716182e-01 3.836225131422071888e-01 3.834944266158821224e-01 1.704328795998600113e-02 -7.466647933198037324e-01
-3.781512605042016140e-01 1.384754314358910554e-01 1.384818927154982116e-01 9.026760430267685154e-01 3.892985448390534620e-01 3.891870641148708621e-01 -7.403832598390319708e-01 1.384745749731780551e-01 1.384810382732878375e-01 9.026769227439468413e-01 3.892998248658110505e-01 3.891880504183374834e-01 1.744088924758276093e-02 -7.403826332186850268e-01
-3.831932773109243406e-01 1.404701689180021806e-01 1.404758639271626031e-01 9.020237944241813466e-01 3.949235150930398008e-01 3.948265421598159408e-01 -7.340233319220377251e-01 1.404695888179119390e-01 1.404752870991711200e-01 9.020243456539700500e-01 3.949245262207820573e-01 3.948272660374172460e-01 1.783536696411034198e-02 -7.340227962655125893e-01
-3.882352941176470118e-01 1.424973459427463784e-01 1.425036548771949629e-01 9.013588791203486217e-01 4.004962295265434569e-01 4.004094814012194581e-01 -7.275884445035820658e-01 1.424969774163699077e-01 1.425032908635446294e-01 9.013591816851874716e-01 4.004970215305856396e-01 4.004099867866781626e-01 1.822704462861650734e-02 -7.275879968849110480e-01
-3.932773109243696830e-01 1.445575537751697670e-01 1.445652504184484488e-01 9.006813855605170227e-01 4.060173406243629546e-01 4.059381262858762773e-01 -7.210784363218263326e-01 1.445573411092102856e-01 1.445650436317350018e-01 9.006815088874438047e-01 4.060179570483357647e-01 4.059384516821878397e-01 1.861635377119236212e-02 -7.210780726599741453e-01
-3.983193277310924096e-01 1.466513122003681169e-01 1.466608109434668628e-01 8.999913431017103616e-01 4.114871672845805683e-01 4.114137269812931930e-01 -7.144937602094673101e-01 1.466512083367323416e-01 1.466607145257552147e-01 8.999913464142824671e-01 4.114876456503804847e-01 4.114139055985772120e-01 1.900369314149234420e-02 -7.144934753280062223e-01
-4.033613445378150808e-01 1.487791041308495488e-01 1.487906031013961350e-01 8.992887053392720764e-01 4.169059278125995527e-01 4.168370563664584583e-01 -7.078350856317494610e-01 1.487790703263365266e-01 1.487905785364188604e-01 8.992886377831637024e-01 4.169062998055883540e-01 4.168371162301011124e-01 1.938944579162343168e-02 -7.078348732978146929e-01
-4.084033613445377520e-01 1.509414010844432052e-01 1.509549658951993556e-01 8.985733465926987185e-01 4.222738300466846173e-01 4.222086617844762468e-01 -7.011031178373302586e-01 1.509414066227048878e-01 1.509549826832251584e-01 8.985732473258070119e-01 4.222741216949292276e-01 4.222086258314293183e-01 1.977398734826224524e-02 -7.011029707791185395e-01
-4.134453781512604786e-01 1.531386813722630247e-01 1.531542949617313853e-01 8.978450629045011677e-01 4.275911032535350542e-01 4.275289883493124110e-01 -6.942985166427997346e-01 1.531387033132856068e-01 1.531543303388365751e-01 8.978449611672718600e-01 4.275913351103388660e-01 4.275288745185294448e-01 2.015769022997683513e-02 -6.942984265454585913e-01
-4.184873949579831498e-01 1.553714431394434548e-01 1.553890361573509460e-01 8.971035738228383405e-01 4.328580079672370018e-01 4.327984403487903364e-01 -6.874218594005661043e-01 1.553714660972938255e-01 1.553890748474816563e-01 8.971034889985100014e-01 4.328581953004387861e-01 4.327982616661840698e-01 2.054092599854492190e-02 -6.874218168811707663e-01
-4.235294117647058210e-01 1.576402140172130650e-01 1.576596839096675029e-01 8.963485235224395442e-01 4.380748382735298874e-01 4.380174126717543692e-01 -6.804736227149628114e-01 1.576402299592235823e-01 1.576597179013622951e-01 8.963484651943720571e-01 4.380749912597842188e-01 4.380171773236682387e-01 2.092406683432892697e-02 -6.804736172782663850e-01
-4.285714285714285476e-01 1.599455586421298647e-01 1.599667820385440031e-01 8.955794808161812171e-01 4.432419218639584435e-01 4.431863074364668087e-01 -6.734541716414832457e-01 1.599455667037351925e-01 1.599668103801637209e-01 8.955794488283144172e-01 4.432420457777003775e-01 4.431860188220291819e-01 2.130748657962030015e-02 -6.734541916193335087e-01
-4.336134453781512188e-01 1.622880782185687210e-01 1.623109439596526760e-01 8.947959370208830032e-01 4.483596232848539587e-01 4.483055358194012463e-01 -6.663637532869410851e-01 1.622880912011341048e-01 1.623109544802715243e-01 8.947959227111924596e-01 4.483597144707996973e-01 4.483051988384193498e-01 2.169156156093819676e-02 -6.663637842860984373e-01
-4.386554621848738900e-01 1.646675596124962115e-01 1.646934967266406313e-01 8.939970945144700698e-01 4.534281362361934908e-01 4.533752723534382745e-01 -6.592024972982414299e-01 1.646675823812008277e-01 1.646934230487443751e-01 8.939971509128359362e-01 4.534281227563387584e-01 4.533749996100522317e-01 2.207699004276845317e-02 -6.592024795711735052e-01
-4.436974789915966166e-01 1.670866378902447491e-01 1.671138896717986322e-01 8.931826495361829821e-01 4.584481014137402610e-01 4.583963455500426054e-01 -6.519706247446487302e-01 1.670867004420427404e-01 1.671138694602528618e-01 8.931826586576198101e-01 4.584480987203844449e-01 4.583950547182216173e-01 2.246352279709135785e-02 -6.519706332203680788e-01
-4.487394957983192878e-01 1.695449832042164040e-01 1.695735397952735091e-01 8.923516661813559736e-01 4.634201928576561769e-01 4.633691406798072787e-01 -6.446675459899851024e-01 1.695451039192527320e-01 1.695736008330027689e-01 8.923515959146801624e-01 4.634201184701732812e-01 4.633677724258446484e-01 2.285186886002877824e-02 -6.446675221717137472e-01
-4.537815126050419590e-01 1.720433534452874003e-01 1.720732831491081916e-01 8.915033329622601421e-01 4.683449179479872160e-01 4.682940644136422415e-01 -6.372930287300209162e-01 1.720435652275423555e-01 1.720734539159403942e-01 8.915031361570915358e-01 4.683447458692095444e-01 4.682926007571628357e-01 2.324241842588252102e-02 -6.372929549932031534e-01
-4.588235294117646301e-01 1.745826815659936859e-01 1.746140013503741095e-01 8.906367085949622453e-01 4.732226462649443133e-01 4.731716459366409055e-01 -6.298467159748941668e-01 1.745830237240501015e-01 1.746143162896404699e-01 8.906363290539457411e-01 4.732223457521715360e-01 4.731700656282194495e-01 2.363556667549914642e-02 -6.298465727253510504e-01
-4.638655462184873568e-01 1.771639575447341575e-01 1.771966609317970898e-01 8.897507451604073081e-01 4.780538465551851801e-01 4.780024379685531288e-01 -6.223280261828528781e-01 1.771644756238608120e-01 1.771971602482933505e-01 8.897501178695328417e-01 4.780533822350279682e-01 4.780007168367423898e-01 2.403171537034345245e-02 -6.223277916200337101e-01
-4.689075630252100280e-01 1.797882403904446091e-01 1.798223120127070418e-01 8.888442842709642910e-01 4.828390350068243464e-01 4.827870037350944221e-01 -6.147361903688930429e-01 1.797889859905237309e-01 1.798230414602448313e-01 8.888433356748763892e-01 4.828383670016913598e-01 4.827851150500037658e-01 2.443127215871850402e-02 -6.147358402207874217e-01
-4.739495798319326991e-01 1.824566659835649696e-01 1.824920895793346043e-01 8.879160505485427235e-01 4.875787526125041627e-01 4.875259128428368061e-01 -6.070702594669296071e-01 1.824576965602748291e-01 1.824931002357496057e-01 8.879146988753139347e-01 4.875778366784619400e-01 4.875238276955182193e-01 2.483465047631714176e-02 -6.070697666966189399e-01
-4.789915966386554258e-01 1.851704530793935877e-01 1.852072161688791962e-01 8.869646438403376854e-01 4.922735529847599989e-01 4.922197380126076549e-01 -5.993291020858665386e-01 1.851718317260284130e-01 1.852085641963231444e-01 8.869627994797355530e-01 4.922723406601822727e-01 4.922174257094303895e-01 2.524226959884760119e-02 -5.993284365696129878e-01
-4.840336134453780970e-01 1.879309098275487866e-01 1.879690046503769141e-01 8.859885304561442299e-01 4.969239905458328610e-01 4.968690544105923146e-01 -5.915113996426639709e-01 1.879326977293979406e-01 1.879707543800445968e-01 8.859861023057776785e-01 4.969227277507908269e-01 4.968671595604515767e-01 2.565455444319086897e-02 -5.915104816611356231e-01
-4.890756302521007681e-01 1.907394356693002668e-01 1.907788621911703508e-01 8.849860342870720098e-01 5.015306217810887590e-01 5.014744276873194240e-01 -5.836156358353888907e-01 1.907417129359526842e-01 1.907810762180435771e-01 8.849829133901656597e-01 5.015290258448397154e-01 5.014722089879997124e-01 2.607193673609208007e-02 -5.836144712358780628e-01
-4.941176470588234948e-01 1.935975253923967465e-01 1.936382982855494872e-01 8.839553267370674483e-01 5.060939927711367581e-01 5.060364026297227147e-01 -5.756401046525182474e-01 1.936003702006163785e-01 1.936410465345652365e-01 8.839514030782054110e-01 5.060920163893573021e-01 5.060338288975693155e-01 2.649485307653063129e-02 -5.756386506617987564e-01
-4.991596638655461660e-01 1.965091826846511736e-01 1.965471644549056374e-01 8.828943498651017352e-01 5.106138295507358649e-01 5.105562756966628424e-01 -5.675826752799574271e-01 1.965126200156317171e-01 1.965505530777156840e-01 8.828895122427646847e-01 5.106114077811375607e-01 5.105533392513094126e-01 2.692325470759607611e-02 -5.675808499099875837e-01
-5.042016806722688926e-01 1.994724929250996370e-01 1.995097049559636238e-01 8.818009735349014999e-01 5.150907103038195878e-01 5.150353170208087361e-01 -5.594406520544066286e-01 1.994766000532166572e-01 1.995138025719822017e-01 8.817951044216973955e-01 5.150878124724840301e-01 5.150319678508680221e-01 2.735855721235174592e-02 -5.594384320853252879e-01
-5.092436974789915638e-01 2.024901984021213464e-01 2.025271916071235412e-01 8.806728863633395132e-01 5.195264744234322496e-01 5.194714188386682086e-01 -5.512128084973856312e-01 2.024951083447373290e-01 2.025320791642786222e-01 8.806658577984474157e-01 5.195230500744310032e-01 5.194676276679093263e-01 2.780073103963343756e-02 -5.512101198242322919e-01
-5.142857142857142350e-01 2.055644503892993524e-01 2.056014289262107497e-01 8.795075107317309460e-01 5.239210638569773426e-01 5.238655899792020731e-01 -5.428964672350408138e-01 2.055702540815216861e-01 2.056071939568746010e-01 8.794991949410775334e-01 5.239170669239190392e-01 5.238613249278545325e-01 2.825023722005975957e-02 -5.428932404227633235e-01
-5.193277310924369061e-01 2.086973476143165473e-01 2.087344251580782184e-01 8.783020745225572634e-01 5.282747555425137964e-01 5.282184564253038506e-01 -5.344886754679363250e-01 2.087041387100756762e-01 2.087411575729477275e-01 8.782923414118323224e-01 5.282701405888394763e-01 5.282136862622395235e-01 2.870754171612711209e-02 -5.344848335630401071e-01
-5.243697478991595773e-01 2.118910900260978503e-01 2.119283233600259830e-01 8.770535867593857171e-01 5.325877666380675057e-01 5.325304612232903967e-01 -5.259863629827979947e-01 2.118989643969179659e-01 2.119361149565897051e-01 8.770423048940572119e-01 5.325824892533933541e-01 5.325251557563845939e-01 2.917311274520659886e-02 -5.259818208713371579e-01
-5.294117647058822484e-01 2.151479798153722867e-01 2.151854084787013788e-01 8.757588175621427995e-01 5.368602858106364950e-01 5.368018886203185236e-01 -5.173862631997855344e-01 2.151570350079382576e-01 2.151943524007320363e-01 8.757458552147103781e-01 5.368543030503695190e-01 5.367960190968282808e-01 2.964742142278016870e-02 -5.173809269329270322e-01
-5.344537815126050306e-01 2.184704358922089085e-01 2.185080977301394334e-01 8.744142809460342392e-01 5.410924355793966800e-01 5.410329057516279905e-01 -5.086848826668010082e-01 2.184807705362510899e-01 2.185182878728198497e-01 8.743995072102028754e-01 5.410857064287470930e-01 5.410264452496350573e-01 3.013094118242141961e-02 -5.086786487658369049e-01
-5.394957983193277018e-01 2.218610002886044485e-01 2.218989376590921048e-01 8.730162182798689718e-01 5.452842480047793705e-01 5.452235690130767809e-01 -4.998784923665451352e-01 2.218727134477535001e-01 2.219104680162300447e-01 8.729995042488938317e-01 5.452767338489306059e-01 5.452164928109842768e-01 3.062414679683289273e-02 -4.998712471182317763e-01
-5.445378151260503730e-01 2.253421305773825600e-01 2.253787959477350777e-01 8.715402419596774974e-01 5.494269388599765103e-01 5.493697001046513595e-01 -4.909637952582460163e-01 2.253414570536619310e-01 2.253781253464993972e-01 8.715411997174118408e-01 5.494273410992740470e-01 5.493700891364435845e-01 3.112786341287739761e-02 -4.909641940931258053e-01
-5.495798319327730441e-01 2.288818536190828645e-01 2.289174350334296504e-01 8.700197312573670905e-01 5.535382168203077935e-01 5.534878561470152336e-01 -4.819243185919070416e-01 2.288810685131631439e-01 2.289166550661544952e-01 8.700208449703665803e-01 5.535386800763645310e-01 5.534883028330311872e-01 3.164229117508103595e-02 -4.819247960598654346e-01
-5.546218487394957153e-01 2.324972188454314803e-01 2.325329832868772706e-01 8.684327720215845314e-01 5.576075442927158621e-01 5.575595490764333473e-01 -4.727746810887786810e-01 2.324963106002103097e-01 2.325320828444453203e-01 8.684340568005826100e-01 5.576080732648495131e-01 5.575600573492546230e-01 3.216772482711990899e-02 -4.727752495814784850e-01
-5.596638655462183864e-01 2.361918926119641049e-01 2.362282633422117528e-01 8.667739938886250828e-01 5.616354022986992378e-01 5.615882491382776509e-01 -4.635042871309320578e-01 2.361908493608675108e-01 2.362272310632408390e-01 8.667754649834410463e-01 5.616360015361959723e-01 5.615888227548988532e-01 3.270469079131323870e-02 -4.635049605675667372e-01
-5.647058823529411686e-01 2.399692405120344985e-01 2.400063663582455153e-01 8.650379582462829342e-01 5.656211726669264639e-01 5.655743284976688656e-01 -4.541069660393756147e-01 2.399680502097056300e-01 2.400051907580402766e-01 8.650396308400749579e-01 5.656218464946155544e-01 5.655749709826006777e-01 3.325366203099646562e-02 -4.541077599501424644e-01
-5.697478991596638398e-01 2.438326131978426903e-01 2.438705571965146257e-01 8.632189075510384724e-01 5.695639799854438357e-01 5.695172330933954141e-01 -4.445773156404783100e-01 2.438312637573993580e-01 2.438692268034923227e-01 8.632207965523135407e-01 5.695647324380288534e-01 5.695179476894688397e-01 3.381509208808915201e-02 -4.445782472620878889e-01
-5.747899159663865110e-01 2.477854280673276455e-01 2.478242285328272065e-01 8.613106975680926425e-01 5.734627700204658618e-01 5.734160098635350256e-01 -4.349099261537405225e-01 2.477839075136648028e-01 2.478227320406229950e-01 8.613128173887808492e-01 5.734636047811431103e-01 5.734167994867688245e-01 3.438941938625883488e-02 -4.349110145192652821e-01
-5.798319327731091821e-01 2.518311879361952443e-01 2.518708774586217447e-01 8.593067692992084616e-01 5.773162847059074565e-01 5.772694308807986285e-01 -4.250992254849657592e-01 2.518294845776820057e-01 2.518692038958369461e-01 8.593091336173557249e-01 5.773172050498587282e-01 5.772702980800450412e-01 3.497706529656659930e-02 -4.251004914999401696e-01
-5.848739495798318533e-01 2.559734787881788876e-01 2.560140895840383735e-01 8.572001299521525564e-01 5.811230344380751145e-01 5.810760144579595332e-01 -4.151394590217306058e-01 2.559715814071873985e-01 2.560122285016441790e-01 8.572027514605297105e-01 5.811240431821990127e-01 5.810769613808836054e-01 3.557843065322602999e-02 -4.151409255199968173e-01
-5.899159663865545244e-01 2.602159591020898333e-01 2.602575240111742461e-01 8.549833367793149286e-01 5.848812758550154811e-01 5.848340186714936495e-01 -4.050247006130455185e-01 2.602138571638832332e-01 2.602554656869313088e-01 8.549862269222610056e-01 5.848823753153822302e-01 5.848350470386411981e-01 3.619389158935581996e-02 -4.050263923858475335e-01
-5.949579831932771956e-01 2.645623442998578101e-01 2.646048964153213667e-01 8.526484829261335996e-01 5.885889926844485309e-01 5.885414272311295658e-01 -3.947488734260293231e-01 2.645600281786573138e-01 2.646026320738795734e-01 8.526516516276408941e-01 5.885901846441978780e-01 5.885425383197383509e-01 3.682379481784350816e-02 -3.947508172170516305e-01
-5.999999999999999778e-01 2.690163871056990286e-01 2.690599589780409140e-01 8.501871856369367375e-01 5.922438779779473084e-01 5.921959333168783646e-01 -3.843057767479027276e-01 2.690138483260757774e-01 2.690574810245531800e-01 8.501906410236244049e-01 5.922451636663723651e-01 5.921971279558934098e-01 3.746845234658372631e-02 -3.843080012062855544e-01
