0.000000000000000000e+00 -5.530222956002075682e-03
-5.042016806722688510e-03 -5.911315629491391624e-03
-1.008403361344537702e-02 -6.255606278123561001e-03
-1.512605042016806553e-02 -6.541364677384378656e-03
-2.016806722689075404e-02 -6.771043560711622125e-03
-2.521008403361344255e-02 -6.946254515100916578e-03
-3.025210084033613106e-02 -7.079971365712397872e-03
-3.529411764705882304e-02 -7.180314785418636520e-03
-4.033613445378150808e-02 -7.253423966848826857e-03
-4.537815126050419312e-02 -7.303617930317548787e-03
-5.042016806722688510e-02 -7.333757310142931078e-03
-5.546218487394957708e-02 -7.345585710845184760e-03
-6.050420168067226212e-02 -7.339995274468673683e-03
-6.554621848739494716e-02 -7.317218180873095480e-03
-7.058823529411764608e-02 -7.276960517971096422e-03
-7.563025210084033112e-02 -7.218495556426019095e-03
-8.067226890756301616e-02 -7.140730512183275473e-03
-8.571428571428570120e-02 -7.042257841057499371e-03
-9.075630252100838624e-02 -6.921399862227348501e-03
-9.579831932773108516e-02 -6.776254095261654252e-03
-1.008403361344537702e-01 -6.604745943379484313e-03
-1.058823529411764552e-01 -6.404695072371200358e-03
-1.109243697478991542e-01 -6.173901872348630700e-03
-1.159663865546218392e-01 -5.910260668673886740e-03
-1.210084033613445242e-01 -5.611906879497269990e-03
-1.260504201680672232e-01 -5.277406224948190394e-03
-1.310924369747898943e-01 -4.905995627184139493e-03
-1.361344537815125932e-01 -4.497887937840910726e-03
-1.411764705882352922e-01 -4.054656363582117770e-03
-1.462184873949579633e-01 -3.579719283977142452e-03
-1.512605042016806622e-01 -3.078950795142233743e-03
-1.563025210084033334e-01 -2.561443117638180934e-03
-1.613445378151260323e-01 -2.040435938589685305e-03
-1.663865546218487312e-01 -1.534389598542400257e-03
-1.714285714285714024e-01 -1.068088854749988910e-03
-1.764705882352941013e-01 -6.734890579190298040e-04
-1.815126050420167725e-01 -3.897341268427522093e-04
-1.865546218487394714e-01 -2.614262166440470899e-04
-1.915966386554621703e-01 -3.341435993993076021e-04
-1.966386554621848415e-01 -6.461800143016324660e-04
-2.016806722689075404e-01 -1.216230216451021171e-03
-2.067226890756302393e-01 -2.036129954687675072e-03
-2.117647058823529105e-01 -3.065202626700585034e-03
-2.168067226890756094e-01 -4.238671080744451335e-03
-2.218487394957983083e-01 -5.484000978994480260e-03
-2.268907563025209795e-01 -6.738582517837044851e-03
-2.319327731092436784e-01 -7.960638849869999811e-03
-2.369747899159663496e-01 -9.130550814961375591e-03
-2.420168067226890485e-01 -1.025596572521983441e-02
-2.470588235294117474e-01 -1.135426673357881229e-02
-2.521008403361344463e-01 -1.241054136319351756e-02
-2.571428571428571175e-01 -1.341089068448750483e-02
-2.621848739495797886e-01 -1.433977652626905810e-02
-2.672268907563025153e-01 -1.522639484036325194e-02
-2.722689075630251865e-01 -1.610435410539978740e-02
-2.773109243697478576e-01 -1.698768864900828540e-02
-2.823529411764705843e-01 -1.787934574963347817e-02
-2.873949579831932555e-01 -1.885070607515844029e-02
-2.924369747899159266e-01 -1.983824840068144912e-02
-2.974789915966385978e-01 -2.079990579530786865e-02
-3.025210084033613245e-01 -2.174552532935539184e-02
-3.075630252100839956e-01 -2.267987895650708241e-02
-3.126050420168066668e-01 -2.360492486748238389e-02
-3.176470588235293935e-01 -2.452112522802668906e-02
-3.226890756302520646e-01 -2.542817493174108837e-02
-3.277310924369747358e-01 -2.632538590915688148e-02
-3.327731092436974625e-01 -2.721188010673427846e-02
-3.378151260504201336e-01 -2.808668090640580386e-02
-3.428571428571428048e-01 -2.894875298502786257e-02
-3.478991596638655315e-01 -2.979701724424908132e-02
-3.529411764705882026e-01 -3.063035440949327462e-02
-3.579831932773108738e-01 -3.144725026961227299e-02
-3.630252100840335450e-01 -3.224765358612253358e-02
-3.680672268907562716e-01 -3.302968063114081199e-02
-3.731092436974789428e-01 -3.379185518712116143e-02
-3.781512605042016140e-01 -3.453283335730179121e-02
-3.831932773109243406e-01 -3.525121541005455522e-02
-3.882352941176470118e-01 -3.594555120486154359e-02
-3.932773109243696830e-01 -3.661433961733290970e-02
-3.983193277310924096e-01 -3.725602925435904378e-02
-4.033613445378150808e-01 -3.786902008962705207e-02
-4.084033613445377520e-01 -3.845166589198999174e-02
-4.134453781512604786e-01 -3.900227741673541887e-02
-4.184873949579831498e-01 -3.951912637290040664e-02
-4.235294117647058210e-01 -4.000045020361606141e-02
-4.285714285714285476e-01 -4.044445773519421417e-02
-4.336134453781512188e-01 -4.084933577028817403e-02
-4.386554621848738900e-01 -4.121325672361715597e-02
-4.436974789915966166e-01 -4.153438742666503564e-02
-4.487394957983192878e-01 -4.181089925822054076e-02
-4.537815126050419590e-01 -4.204097978070146097e-02
-4.588235294117646301e-01 -4.222284605057199935e-02
-4.638655462184873568e-01 -4.235475966587927410e-02
-4.689075630252100280e-01 -4.243504334845601966e-02
-4.739495798319326991e-01 -4.246209851436425625e-02
-4.789915966386554258e-01 -4.243442327034634143e-02
-4.840336134453780970e-01 -4.235063098703584217e-02
-4.890756302521007681e-01 -4.220947062167353103e-02
-4.941176470588234948e-01 -4.200985017006769739e-02
-4.991596638655461660e-01 -4.175086362330993062e-02
-5.042016806722688926e-01 -4.145165373015176347e-02
-5.092436974789915638e-01 -4.110154820662344916e-02
-5.142857142857142350e-01 -4.068832634256317610e-02
-5.193277310924369061e-01 -4.021109139331176252e-02
-5.243697478991595773e-01 -3.966853561512288101e-02
-5.294117647058822484e-01 -3.905912876311813664e-02
-5.344537815126050306e-01 -3.838113156016573907e-02
-5.394957983193277018e-01 -3.763884422183601253e-02
-5.445378151260503730e-01 -3.684134395132931256e-02
-5.495798319327730441e-01 -3.599504294079250433e-02
-5.546218487394957153e-01 -3.508871454594003625e-02
-5.596638655462183864e-01 -3.412067452499105424e-02
-5.647058823529411686e-01 -3.310574428205783487e-02
-5.697478991596638398e-01 -3.205072655116694008e-02
-5.747899159663865110e-01 -3.096642776967372529e-02
-5.798319327731091821e-01 -2.986336863868482849e-02
-5.848739495798318533e-01 -2.874829485642022703e-02
-5.899159663865545244e-01 -2.762515179239237104e-02
-5.949579831932771956e-01 -2.649727119061251121e-02
-5.999999999999999778e-01 -2.536839046437819323e-02
