0.000000000000000000e+00 -4.749598423504871637e-03
-5.042016806722688510e-03 -3.753370054586928524e-03
-1.008403361344537702e-02 -4.240917191745422789e-03
-1.512605042016806553e-02 -4.647453197487737275e-03
-2.016806722689075404e-02 -4.949826169107024443e-03
-2.521008403361344255e-02 -5.146004351058830473e-03
-3.025210084033613106e-02 -5.248926258446581956e-03
-3.529411764705882304e-02 -5.277418412905779746e-03
-4.033613445378150808e-02 -5.249793799099124539e-03
-4.537815126050419312e-02 -5.181226729860463447e-03
-5.042016806722688510e-02 -5.083013727743668220e-03
-5.546218487394957708e-02 -4.963245658045470354e-03
-6.050420168067226212e-02 -4.827612615636447425e-03
-6.554621848739494716e-02 -4.680063627173287194e-03
-7.058823529411764608e-02 -4.523354508569903468e-03
-7.563025210084033112e-02 -4.359448320139436804e-03
-8.067226890756301616e-02 -4.189798146744565938e-03
-8.571428571428570120e-02 -4.015544140982343219e-03
-9.075630252100838624e-02 -3.837651348020760297e-03
-9.579831932773108516e-02 -3.657008158715115923e-03
-1.008403361344537702e-01 -3.474499429374049153e-03
-1.058823529411764552e-01 -3.291063799570743270e-03
-1.109243697478991542e-01 -3.107741385741820232e-03
-1.159663865546218392e-01 -2.925715530300409227e-03
-1.210084033613445242e-01 -2.746350355600523253e-03
-1.260504201680672232e-01 -2.571224280238080563e-03
-1.310924369747898943e-01 -2.402158244416871015e-03
-1.361344537815125932e-01 -2.241236081778492581e-03
-1.411764705882352922e-01 -2.091247185733258272e-03
-1.462184873949579633e-01 -1.953938074004880465e-03
-1.512605042016806622e-01 -1.832652779523757545e-03
-1.563025210084033334e-01 -1.730397338225073221e-03
-1.613445378151260323e-01 -1.650279495483983208e-03
-1.663865546218487312e-01 -1.595387543729916754e-03
-1.714285714285714024e-01 -1.568643053772107200e-03
-1.764705882352941013e-01 -1.572640118048969403e-03
-1.815126050420167725e-01 -1.609525481802180505e-03
-1.865546218487394714e-01 -1.680733911225912878e-03
-1.915966386554621703e-01 -1.786938633894730828e-03
-1.966386554621848415e-01 -1.928030347523732729e-03
-2.016806722689075404e-01 -2.103150619653011005e-03
-2.067226890756302393e-01 -2.310795950301806033e-03
-2.117647058823529105e-01 -2.549647449465509454e-03
-2.168067226890756094e-01 -2.817815446186762874e-03
-2.218487394957983083e-01 -3.112775385748187216e-03
-2.268907563025209795e-01 -3.430495216692427875e-03
-2.319327731092436784e-01 -3.768318687401360761e-03
-2.369747899159663496e-01 -4.124733348171699156e-03
-2.420168067226890485e-01 -4.498539014293597739e-03
-2.470588235294117474e-01 -4.888862837812355845e-03
-2.521008403361344463e-01 -5.295080572473941267e-03
-2.571428571428571175e-01 -5.718022208400520487e-03
-2.621848739495797886e-01 -6.157987239427357463e-03
-2.672268907563025153e-01 -6.610616846826769012e-03
-2.722689075630251865e-01 -7.073810477605087244e-03
-2.773109243697478576e-01 -7.543070494343815692e-03
-2.823529411764705843e-01 -8.016150292745960818e-03
-2.873949579831932555e-01 -8.496623743301432580e-03
-2.924369747899159266e-01 -8.986733767261528838e-03
-2.974789915966385978e-01 -9.487181951992195925e-03
-3.025210084033613245e-01 -9.997906406414186140e-03
-3.075630252100839956e-01 -1.051854689827099593e-02
-3.126050420168066668e-01 -1.104851240821204741e-02
-3.176470588235293935e-01 -1.158719333467608976e-02
-3.226890756302520646e-01 -1.213388349120916344e-02
-3.277310924369747358e-01 -1.268746673394778937e-02
-3.327731092436974625e-01 -1.325892756479007430e-02
-3.378151260504201336e-01 -1.385271193255236018e-02
-3.428571428571428048e-01 -1.444249358317984712e-02
-3.478991596638655315e-01 -1.503205944400839295e-02
-3.529411764705882026e-01 -1.562288288357913460e-02
-3.579831932773108738e-01 -1.621566846378972790e-02
-3.630252100840335450e-01 -1.681029660168988429e-02
-3.680672268907562716e-01 -1.740626754859159880e-02
-3.731092436974789428e-01 -1.800315338835004747e-02
-3.781512605042016140e-01 -1.860023940984838198e-02
-3.831932773109243406e-01 -1.919622649454294158e-02
-3.882352941176470118e-01 -1.979046715224809169e-02
-3.932773109243696830e-01 -2.038220317151967151e-02
-3.983193277310924096e-01 -2.097062840440012607e-02
-4.033613445378150808e-01 -2.155491328997577449e-02
-4.084033613445377520e-01 -2.213421412831748786e-02
-4.134453781512604786e-01 -2.270767654328618990e-02
-4.184873949579831498e-01 -2.327443685573767421e-02
-4.235294117647058210e-01 -2.383362276978535921e-02
-4.285714285714285476e-01 -2.438435387101628785e-02
-4.336134453781512188e-01 -2.492574210049185515e-02
-4.386554621848738900e-01 -2.545689225455808821e-02
-4.436974789915966166e-01 -2.597690253015973172e-02
-4.487394957983192878e-01 -2.648486513264027703e-02
-4.537815126050419590e-01 -2.697986695445143274e-02
-4.588235294117646301e-01 -2.746099028962938060e-02
-4.638655462184873568e-01 -2.792731346142089330e-02
-4.689075630252100280e-01 -2.837791118027406176e-02
-4.739495798319326991e-01 -2.881185456697238009e-02
-4.789915966386554258e-01 -2.922821109477993090e-02
-4.840336134453780970e-01 -2.962604490519638381e-02
-4.890756302521007681e-01 -3.000441771851386843e-02
-4.941176470588234948e-01 -3.036239012193248099e-02
-4.991596638655461660e-01 -3.069902286181168394e-02
-5.042016806722688926e-01 -3.101337795672043027e-02
-5.092436974789915638e-01 -3.130451969323515271e-02
-5.142857142857142350e-01 -3.157151566991216185e-02
-5.193277310924369061e-01 -3.181343803508483031e-02
-5.243697478991595773e-01 -3.203039782985736550e-02
-5.294117647058822484e-01 -3.221942277398523458e-02
-5.344537815126050306e-01 -3.238044389325826083e-02
-5.394957983193277018e-01 -3.251276315615686530e-02
-5.445378151260503730e-01 -3.261552841285274285e-02
-5.495798319327730441e-01 -3.268788164451848222e-02
-5.546218487394957153e-01 -3.272898560911116639e-02
-5.596638655462183864e-01 -3.273803179688525300e-02
-5.647058823529411686e-01 -3.271424607251818828e-02
-5.697478991596638398e-01 -3.265689456443032768e-02
-5.747899159663865110e-01 -3.256529021228279919e-02
-5.798319327731091821e-01 -3.243880005369530195e-02
-5.848739495798318533e-01 -3.227685327722543129e-02
-5.899159663865545244e-01 -3.207895005271159394e-02
-5.949579831932771956e-01 -3.184467113787332881e-02
-5.999999999999999778e-01 -3.157368824571707422e-02
