#kx=6.0, ky=6.0, Jx=1.0, Jy=1.0, Jz=1.0, h=0.15
0.044427803896696094 -0.19520037662689538
0.09733035853841776 -0.19520037662689538
0.1149544833700239 -0.19520037662689538
0.13492806577756977 -0.19520037662689538
0.16034052777368468 -0.19520037662689538
0.2215245906671548 -0.19520037662689538
0.2300319569801884 -0.19520037662689538
0.256608395342402 -0.19520037662689538
0.2615526520533301 -0.19520037662689538
0.27764139987718983 -0.19520037662689538
0.30180794684851464 -0.19520037662689538
0.3083762587091321 -0.19520037662689538
0.3201721855252643 -0.19520037662689538
0.3371617095488777 -0.19520037662689538
0.34646472880981494 -0.19520037662689538
0.3581471627876248 -0.19520037662689538
0.38316320240408874 -0.19520037662689538
0.39618157789407693 -0.19520037662689538
0.4080182105855745 -0.19520037662689538
0.41399466313699784 -0.19520037662689538
0.4233795672799284 -0.19520037662689538
0.4316968844976643 -0.19520037662689538
0.4457708777246383 -0.19520037662689538
0.46064943960582416 -0.19520037662689538
0.47582569550823406 -0.19520037662689538
0.4978973838934314 -0.19520037662689538
0.5116062439117519 -0.19520037662689538
0.520256832339297 -0.19520037662689538
0.5355188203878708 -0.19520037662689538
0.5481272493497769 -0.19520037662689538
0.5598074662905811 -0.19520037662689538
0.5678146863774769 -0.19520037662689538
0.5827450999922479 -0.19520037662689538
0.5862165322312357 -0.19520037662689538
0.5998135835127805 -0.19520037662689538
0.6082123113883381 -0.19520037662689538
0.612324258257444 -0.19520037662689538
0.6296325167426647 -0.19520037662689538
0.6331584820038638 -0.19520037662689538
0.6449221543465988 -0.19520037662689538
0.6570674810214949 -0.19520037662689538
0.6710899496308881 -0.19520037662689538
0.6835694060164571 -0.19520037662689538
0.6852054533279034 -0.19520037662689538
0.7098585552176351 -0.19520037662689538
0.7250928770123943 -0.19520037662689538
0.737269264431662 -0.19520037662689538
0.7444347370267423 -0.19520037662689538
0.7603570314985553 -0.19520037662689538
0.773115909976928 -0.19520037662689538
0.7867593657355088 -0.19520037662689538
0.822476530651986 -0.19520037662689538
0.835324310897092 -0.19520037662689538
0.8520312541954994 -0.19520037662689538
0.9009484166212905 -0.19520037662689538
0.9269963174049489 -0.19520037662689538
0.9567122998047473 -0.19520037662689538
0.964698288849079 -0.19520037662689538
0.9734495198215753 -0.19520037662689538
1.021382928233761 -0.19520037662689538
1.0466678304900352 -0.19520037662689538
1.0513732671090792 -0.19520037662689538
1.0741619195601233 -0.19520037662689538
1.0858249984422836 -0.19520037662689538
1.0976452711821278 -0.19520037662689538
1.1029920003494664 -0.19520037662689538
1.1095738088294427 -0.19520037662689538
1.1208335338421982 -0.19520037662689538
1.1299731798390984 -0.19520037662689538
1.1394282874351362 -0.19520037662689538
1.15129379383671 -0.19520037662689538
1.1660829013181184 -0.19520037662689538
1.1708580085879094 -0.19520037662689538
1.176840938886408 -0.19520037662689538
1.1841177168065102 -0.19520037662689538
1.186162116827147 -0.19520037662689538
1.203909450241531 -0.19520037662689538
1.2134486067506915 -0.19520037662689538
1.2200434722392588 -0.19520037662689538
1.2280343268530531 -0.19520037662689538
1.2362268678184334 -0.19520037662689538
1.2399225534288356 -0.19520037662689538
1.24961470973245 -0.19520037662689538
1.2522370825393925 -0.19520037662689538
1.2657233602277906 -0.19520037662689538
1.2769842520751902 -0.19520037662689538
1.285436945062925 -0.19520037662689538
1.2891585878650047 -0.19520037662689538
1.2985394338472778 -0.19520037662689538
1.3105898303456494 -0.19520037662689538
1.3191773759511183 -0.19520037662689538
1.3222065327454469 -0.19520037662689538
1.33226148036525 -0.19520037662689538
1.3424581993591567 -0.19520037662689538
1.3466070675695003 -0.19520037662689538
1.3643376510486704 -0.19520037662689538
1.372682151228013 -0.19520037662689538
1.3840285207043341 -0.19520037662689538
1.3933539605631347 -0.19520037662689538
1.4024059278880685 -0.19520037662689538
1.415925988124006 -0.19520037662689538
1.429341684384597 -0.19520037662689538
1.435566962049597 -0.19520037662689538
1.4491679607063834 -0.19520037662689538
1.4523463960442118 -0.19520037662689538
1.4601300972179143 -0.19520037662689538
1.4718721705217885 -0.19520037662689538
1.4832638315385893 -0.19520037662689538
1.4981960602800375 -0.19520037662689538
1.5048982151372208 -0.19520037662689538
1.5182288432453994 -0.19520037662689538
1.5444801337734009 -0.19520037662689538
1.5576088025026291 -0.19520037662689538
1.57208856681559 -0.19520037662689538
1.5846663806672305 -0.19520037662689538
1.5890966207603623 -0.19520037662689538
1.6020474386385408 -0.19520037662689538
1.6144769243956696 -0.19520037662689538
1.6301672231614217 -0.19520037662689538
1.6456711182735146 -0.19520037662689538
1.6698917278903962 -0.19520037662689538
1.680409410127115 -0.19520037662689538
1.6928704991726202 -0.19520037662689538
1.7349681745887642 -0.19520037662689538
1.770107850759786 -0.19520037662689538
#kx=4.0, ky=4.0, Jx=1.0, Jy=1.0, Jz=1.0, h=0.15
0.048223021926516174 0.02392737328302931
0.08923211484695326 0.02392737328302931
0.11443155712309805 0.02392737328302931
0.13649205518726393 0.02392737328302931
0.16177040997328862 0.02392737328302931
0.21379801057210102 0.02392737328302931
0.22802442975427772 0.02392737328302931
0.252934797744479 0.02392737328302931
0.2684878437399335 0.02392737328302931
0.2926266135639777 0.02392737328302931
0.30596004608512306 0.02392737328302931
0.31294091353419207 0.02392737328302931
0.3255694044427254 0.02392737328302931
0.3391193115707958 0.02392737328302931
0.3523139585087304 0.02392737328302931
0.36728152895703636 0.02392737328302931
0.3782143667068405 0.02392737328302931
0.39353499002844294 0.02392737328302931
0.40992918201441575 0.02392737328302931
0.42404140918869127 0.02392737328302931
0.42710026989710825 0.02392737328302931
0.4389174287490949 0.02392737328302931
0.44733172485827977 0.02392737328302931
0.4660142741857054 0.02392737328302931
0.4909774423937646 0.02392737328302931
0.49802718846052474 0.02392737328302931
0.5239884302720432 0.02392737328302931
0.5364878085473601 0.02392737328302931
0.5494582815684784 0.02392737328302931
0.5575765577223835 0.02392737328302931
0.5631495557723176 0.02392737328302931
0.576964289126673 0.02392737328302931
0.585681270811112 0.02392737328302931
0.5975873646942148 0.02392737328302931
0.6110445810515663 0.02392737328302931
0.6179798746202592 0.02392737328302931
0.62758785928063 0.02392737328302931
0.6358459945878653 0.02392737328302931
0.6526662924587395 0.02392737328302931
0.656572287436954 0.02392737328302931
0.6649277045887958 0.02392737328302931
0.67620786404746 0.02392737328302931
0.6871003348145677 0.02392737328302931
0.700706641338808 0.02392737328302931
0.7158851619678724 0.02392737328302931
0.733408380528548 0.02392737328302931
0.7499781967611463 0.02392737328302931
0.7604650196793761 0.02392737328302931
0.7734606315104914 0.02392737328302931
0.7935131824753905 0.02392737328302931
0.814736569896331 0.02392737328302931
0.8276206030961003 0.02392737328302931
0.839912105191789 0.02392737328302931
0.8596691478237678 0.02392737328302931
0.899620809215752 0.02392737328302931
0.9078816089489022 0.02392737328302931
0.9510880848493847 0.02392737328302931
0.9614571554933798 0.02392737328302931
0.9817338960229616 0.02392737328302931
0.9950626728938133 0.02392737328302931
1.0255949099139683 0.02392737328302931
1.0549338151453502 0.02392737328302931
1.0608741448574521 0.02392737328302931
1.0692177118691566 0.02392737328302931
1.0846385810532666 0.02392737328302931
1.0964615310605201 0.02392737328302931
1.1003978872295395 0.02392737328302931
1.107831521608137 0.02392737328302931
1.124827111830452 0.02392737328302931
1.1340763787809967 0.02392737328302931
1.1416058129431583 0.02392737328302931
1.1552930293898689 0.02392737328302931
1.169665733262926 0.02392737328302931
1.1761760453226118 0.02392737328302931
1.1854876542477721 0.02392737328302931
1.1940161880280198 0.02392737328302931
1.20196117530531 0.02392737328302931
1.2075961434535554 0.02392737328302931
1.2166533986441115 0.02392737328302931
1.2270454014576981 0.02392737328302931
1.2324252474784414 0.02392737328302931
1.2407171842933944 0.02392737328302931
1.24802342091068 0.02392737328302931
1.2555394748945714 0.02392737328302931
1.259493335180255 0.02392737328302931
1.2700506357362573 0.02392737328302931
1.2796608241815126 0.02392737328302931
1.2871284766748337 0.02392737328302931
1.2971307860177812 0.02392737328302931
1.3038823871592213 0.02392737328302931
1.3252472464788645 0.02392737328302931
1.3269600357879008 0.02392737328302931
1.331640821428941 0.02392737328302931
1.3367214970413877 0.02392737328302931
1.3502455551300723 0.02392737328302931
1.3660293843181315 0.02392737328302931
1.3740664250244778 0.02392737328302931
1.3825182044454354 0.02392737328302931
1.3898370272423943 0.02392737328302931
1.400769977150288 0.02392737328302931
1.4121019358249787 0.02392737328302931
1.4216170277291407 0.02392737328302931
1.4366063993245142 0.02392737328302931
1.4467614680549012 0.02392737328302931
1.458637544555363 0.02392737328302931
1.4708301427679216 0.02392737328302931
1.4779468619569547 0.02392737328302931
1.4891338665361968 0.02392737328302931
1.4965396628479877 0.02392737328302931
1.502046035043062 0.02392737328302931
1.5179685899178592 0.02392737328302931
1.5244853380758538 0.02392737328302931
1.5524664693444634 0.02392737328302931
1.5645521986442263 0.02392737328302931
1.5740945983181138 0.02392737328302931
1.5864036100386458 0.02392737328302931
1.6043146287221206 0.02392737328302931
1.6206673922563875 0.02392737328302931
1.6243330672826184 0.02392737328302931
1.6400287761822545 0.02392737328302931
1.6505806776498888 0.02392737328302931
1.6831296222522978 0.02392737328302931
1.714800374224406 0.02392737328302931
1.7261775621358177 0.02392737328302931
1.7527745595705824 0.02392737328302931
#kx=2.0, ky=2.0, Jx=1.0, Jy=1.0, Jz=1.0, h=0.15
0.06326871391173994 -0.0641593958433943
0.09565352738306943 -0.0641593958433943
0.1147530511120004 -0.0641593958433943
0.13365991471369465 -0.0641593958433943
0.17436219635448114 -0.0641593958433943
0.2110454119444749 -0.0641593958433943
0.22483598004989502 -0.0641593958433943
0.2510198983343209 -0.0641593958433943
0.27949070682827204 -0.0641593958433943
0.29667541040696854 -0.0641593958433943
0.30689365763745036 -0.0641593958433943
0.3151521835512694 -0.0641593958433943
0.3256301349367374 -0.0641593958433943
0.3380490173815415 -0.0641593958433943
0.35668984314368934 -0.0641593958433943
0.3652185476785791 -0.0641593958433943
0.37881010596460707 -0.0641593958433943
0.39194919093113956 -0.0641593958433943
0.40066573297461827 -0.0641593958433943
0.4059159545780616 -0.0641593958433943
0.4180926841754551 -0.0641593958433943
0.4314513218454402 -0.0641593958433943
0.4466943185081135 -0.0641593958433943
0.45902704339501943 -0.0641593958433943
0.4795847573915274 -0.0641593958433943
0.49457854706865145 -0.0641593958433943
0.5236913697888929 -0.0641593958433943
0.538406604346085 -0.0641593958433943
0.5476124700573687 -0.0641593958433943
0.5536131477208733 -0.0641593958433943
0.5641200414267 -0.0641593958433943
0.5706610677273594 -0.0641593958433943
0.5810931468501074 -0.0641593958433943
0.5833916160969432 -0.0641593958433943
0.5959013627439746 -0.0641593958433943
0.6013507061695872 -0.0641593958433943
0.6160807291365744 -0.0641593958433943
0.6263470320357339 -0.0641593958433943
0.6349467600978181 -0.0641593958433943
0.6488234418455718 -0.0641593958433943
0.6571333938799778 -0.0641593958433943
0.6723992155661107 -0.0641593958433943
0.6797872409461836 -0.0641593958433943
0.6934361235599729 -0.0641593958433943
0.7049961793702514 -0.0641593958433943
0.7195033913763871 -0.0641593958433943
0.7312277828815877 -0.0641593958433943
0.7451777784511532 -0.0641593958433943
0.7599649641257561 -0.0641593958433943
0.786600497098045 -0.0641593958433943
0.804615669536945 -0.0641593958433943
0.8294126814589875 -0.0641593958433943
0.8355936447836204 -0.0641593958433943
0.8606916358897537 -0.0641593958433943
0.8729594379486794 -0.0641593958433943
0.9104645170586778 -0.0641593958433943
0.9314560825167773 -0.0641593958433943
0.9465056476427208 -0.0641593958433943
0.9575753729497377 -0.0641593958433943
0.97651354336935 -0.0641593958433943
0.9886293868357615 -0.0641593958433943
0.9939625064727092 -0.0641593958433943
1.0423136637889523 -0.0641593958433943
1.0628014648276056 -0.0641593958433943
1.0766263395915883 -0.0641593958433943
1.0927389569602053 -0.0641593958433943
1.104860936031521 -0.0641593958433943
1.1136342667971126 -0.0641593958433943
1.126335022122903 -0.0641593958433943
1.1334064228603313 -0.0641593958433943
1.1438419202896921 -0.0641593958433943
1.1528116117708147 -0.0641593958433943
1.1647891389119014 -0.0641593958433943
1.1771579620208823 -0.0641593958433943
1.1831805824508872 -0.0641593958433943
1.1929906650531112 -0.0641593958433943
1.200769312525125 -0.0641593958433943
1.206997407864684 -0.0641593958433943
1.215666326277149 -0.0641593958433943
1.2246003454718202 -0.0641593958433943
1.2358038367274615 -0.0641593958433943
1.2419641420720913 -0.0641593958433943
1.2524913919377856 -0.0641593958433943
1.2548139054336582 -0.0641593958433943
1.264567495920893 -0.0641593958433943
1.2683416040515927 -0.0641593958433943
1.2741776739171535 -0.0641593958433943
1.2825132613700156 -0.0641593958433943
1.2933476086428626 -0.0641593958433943
1.300080725686379 -0.0641593958433943
1.305384134713972 -0.0641593958433943
1.3195963410224358 -0.0641593958433943
1.3322885548931578 -0.0641593958433943
1.3434716997063485 -0.0641593958433943
1.3503576757562326 -0.0641593958433943
1.3604041360583286 -0.0641593958433943
1.370333041705281 -0.0641593958433943
1.3750881347123134 -0.0641593958433943
1.3892549794696385 -0.0641593958433943
1.4017138310556558 -0.0641593958433943
1.4092524403984448 -0.0641593958433943
1.4192557176082854 -0.0641593958433943
1.4248619562731801 -0.0641593958433943
1.4331802943926442 -0.0641593958433943
1.447776359217351 -0.0641593958433943
1.4523218820914041 -0.0641593958433943
1.4633055115137261 -0.0641593958433943
1.4783981409516744 -0.0641593958433943
1.484516360927008 -0.0641593958433943
1.503614186307397 -0.0641593958433943
1.5099891652228647 -0.0641593958433943
1.5185302964484078 -0.0641593958433943
1.5354781822757968 -0.0641593958433943
1.5456028611895007 -0.0641593958433943
1.558465370859012 -0.0641593958433943
1.5729378383799952 -0.0641593958433943
1.5908735925443134 -0.0641593958433943
1.6047447119229936 -0.0641593958433943
1.6173891307131423 -0.0641593958433943
1.6221111580239849 -0.0641593958433943
1.6436398865001656 -0.0641593958433943
1.6706218808278845 -0.0641593958433943
1.6894729739968501 -0.0641593958433943
1.7135540118989145 -0.0641593958433943
1.7441161302954977 -0.0641593958433943
#kx=0.0, ky=0.0, Jx=1.0, Jy=1.0, Jz=1.0, h=0.15
-0.01641944794664063 -0.19946975956123758
0.044270674704030566 -0.19946975956123758
0.10313192895174184 -0.19946975956123758
0.11369425322428683 -0.19946975956123758
0.12968803088059477 -0.19946975956123758
0.166736187376052 -0.19946975956123758
0.21217930328536583 -0.19946975956123758
0.22377151350935098 -0.19946975956123758
0.264630844191977 -0.19946975956123758
0.28070861453604323 -0.19946975956123758
0.288991518373079 -0.19946975956123758
0.30735278833763424 -0.19946975956123758
0.3200837274487489 -0.19946975956123758
0.3335947885050833 -0.19946975956123758
0.3379332739583457 -0.19946975956123758
0.3489539928582086 -0.19946975956123758
0.3692728546699109 -0.19946975956123758
0.3750756436681646 -0.19946975956123758
0.38050005551525046 -0.19946975956123758
0.39741462325207644 -0.19946975956123758
0.40775224102344687 -0.19946975956123758
0.4176824981561261 -0.19946975956123758
0.42949222296783773 -0.19946975956123758
0.4364976459151265 -0.19946975956123758
0.4394874866688303 -0.19946975956123758
0.4544809528569904 -0.19946975956123758
0.4678007292149422 -0.19946975956123758
0.4861321063220331 -0.19946975956123758
0.5130931756136081 -0.19946975956123758
0.5204627883360174 -0.19946975956123758
0.5394374474532432 -0.19946975956123758
0.5548313142375372 -0.19946975956123758
0.5573802197352218 -0.19946975956123758
0.5642136463186392 -0.19946975956123758
0.5810554940347834 -0.19946975956123758
0.5870558680591992 -0.19946975956123758
0.5955238811004399 -0.19946975956123758
0.6045800017306618 -0.19946975956123758
0.6091607925878989 -0.19946975956123758
0.6223995238451902 -0.19946975956123758
0.6366896470931827 -0.19946975956123758
0.6447456152719699 -0.19946975956123758
0.6573234886328083 -0.19946975956123758
0.6650590124084033 -0.19946975956123758
0.6832618856715417 -0.19946975956123758
0.7019833974163281 -0.19946975956123758
0.7118813077055519 -0.19946975956123758
0.7139258731193093 -0.19946975956123758
0.7328280028988293 -0.19946975956123758
0.7496251018312783 -0.19946975956123758
0.7558178860098519 -0.19946975956123758
0.7627513335558317 -0.19946975956123758
0.7819437536859225 -0.19946975956123758
0.8032822089373653 -0.19946975956123758
0.832192123182563 -0.19946975956123758
0.847759812432593 -0.19946975956123758
0.8669361271515408 -0.19946975956123758
0.8788626651616116 -0.19946975956123758
0.9282552409925626 -0.19946975956123758
0.9403849821799531 -0.19946975956123758
0.9724337881778045 -0.19946975956123758
0.985488062772768 -0.19946975956123758
0.9976436861160204 -0.19946975956123758
1.043204836435057 -0.19946975956123758
1.0701261529438766 -0.19946975956123758
1.0773636942837155 -0.19946975956123758
1.084391959258244 -0.19946975956123758
1.094286986608262 -0.19946975956123758
1.1138016755968072 -0.19946975956123758
1.1170092617453342 -0.19946975956123758
1.1233615082069144 -0.19946975956123758
1.135852873191412 -0.19946975956123758
1.1536221731108158 -0.19946975956123758
1.1654138539055552 -0.19946975956123758
1.1804346042402458 -0.19946975956123758
1.1865237717168293 -0.19946975956123758
1.1942382674195144 -0.19946975956123758
1.1974160908015152 -0.19946975956123758
1.2013203136360828 -0.19946975956123758
1.211430662308045 -0.19946975956123758
1.218539969391752 -0.19946975956123758
1.2263233717400734 -0.19946975956123758
1.236440511717149 -0.19946975956123758
1.2483645812056858 -0.19946975956123758
1.252258085206135 -0.19946975956123758
1.2617040307261151 -0.19946975956123758
1.2648466269808956 -0.19946975956123758
1.2709145161760023 -0.19946975956123758
1.2803621638139906 -0.19946975956123758
1.2961294782501103 -0.19946975956123758
1.30538976813934 -0.19946975956123758
1.3163758699684647 -0.19946975956123758
1.3293715248414602 -0.19946975956123758
1.3356600755557069 -0.19946975956123758
1.3407444341939962 -0.19946975956123758
1.3535219616962273 -0.19946975956123758
1.3621455326492398 -0.19946975956123758
1.369666839581261 -0.19946975956123758
1.3730230009739908 -0.19946975956123758
1.3952716402573573 -0.19946975956123758
1.4065570046894837 -0.19946975956123758
1.414889086646589 -0.19946975956123758
1.4177158851050664 -0.19946975956123758
1.4255310193060482 -0.19946975956123758
1.4399778583427036 -0.19946975956123758
1.4469297337422233 -0.19946975956123758
1.4534208002964344 -0.19946975956123758
1.467278899884707 -0.19946975956123758
1.4809979590437576 -0.19946975956123758
1.4834497293825444 -0.19946975956123758
1.497281883945059 -0.19946975956123758
1.507136969878165 -0.19946975956123758
1.5212326763279522 -0.19946975956123758
1.5328231131814651 -0.19946975956123758
1.5578672975851815 -0.19946975956123758
1.5634702573334462 -0.19946975956123758
1.5702923686050845 -0.19946975956123758
1.5968798022204629 -0.19946975956123758
1.6104004616702505 -0.19946975956123758
1.6163807807216657 -0.19946975956123758
1.628436293538786 -0.19946975956123758
1.6581884273923897 -0.19946975956123758
1.6754513634215256 -0.19946975956123758
1.7019667776887388 -0.19946975956123758
1.7165117084250237 -0.19946975956123758
1.7641440774596866 -0.19946975956123758
#kx=2.0, ky=4.0, Jx=1.0, Jy=1.0, Jz=1.0, h=0.15
0.040055188815310006 0.007837284696406984
0.09233103433459233 0.007837284696406984
0.11914028256818365 0.007837284696406984
0.1328860944171295 0.007837284696406984
0.16873153478283942 0.007837284696406984
0.21894412302466415 0.007837284696406984
0.23003197448673462 0.007837284696406984
0.2451558921160074 0.007837284696406984
0.2710797814863558 0.007837284696406984
0.2949256135787631 0.007837284696406984
0.3026947868038815 0.007837284696406984
0.31966757457553063 0.007837284696406984
0.32693139666097604 0.007837284696406984
0.33322691952997474 0.007837284696406984
0.35117611664135684 0.007837284696406984
0.36660619261748406 0.007837284696406984
0.3770817318427605 0.007837284696406984
0.3932475700455873 0.007837284696406984
0.4098747791756502 0.007837284696406984
0.41957957068412044 0.007837284696406984
0.4265431826606253 0.007837284696406984
0.4400555016008634 0.007837284696406984
0.45436783044811024 0.007837284696406984
0.4722583045444967 0.007837284696406984
0.48592303373539647 0.007837284696406984
0.5117259846613126 0.007837284696406984
0.5159321270271411 0.007837284696406984
0.5389126264157412 0.007837284696406984
0.5499753356051412 0.007837284696406984
0.5569034989058663 0.007837284696406984
0.5630239633943401 0.007837284696406984
0.5736648762707147 0.007837284696406984
0.5878830303201449 0.007837284696406984
0.5922923976426747 0.007837284696406984
0.5997695747060766 0.007837284696406984
0.6199081892852909 0.007837284696406984
0.633348163005959 0.007837284696406984
0.6386975291152475 0.007837284696406984
0.6475715722416603 0.007837284696406984
0.6514576538240507 0.007837284696406984
0.6617448160321721 0.007837284696406984
0.6711545451431006 0.007837284696406984
0.6885814338232987 0.007837284696406984
0.6976319144458365 0.007837284696406984
0.708227298646355 0.007837284696406984
0.7240591935758078 0.007837284696406984
0.7467101909938895 0.007837284696406984
0.7492062811790223 0.007837284696406984
0.7646740456888917 0.007837284696406984
0.7829996151150631 0.007837284696406984
0.7945359444630967 0.007837284696406984
0.8230868576242956 0.007837284696406984
0.8311366901537792 0.007837284696406984
0.868528785203988 0.007837284696406984
0.8961524654893083 0.007837284696406984
0.9285206630905812 0.007837284696406984
0.9391587439275045 0.007837284696406984
0.9566713113646103 0.007837284696406984
0.9731719745008144 0.007837284696406984
0.9987577629057998 0.007837284696406984
1.0112371608451824 0.007837284696406984
1.0465454058121815 0.007837284696406984
1.0574656952733374 0.007837284696406984
1.0690107020447108 0.007837284696406984
1.0805298123238356 0.007837284696406984
1.0920082190359497 0.007837284696406984
1.105278697848329 0.007837284696406984
1.1190030624135694 0.007837284696406984
1.1233088699768494 0.007837284696406984
1.1411413276078641 0.007837284696406984
1.1520126390543195 0.007837284696406984
1.1648369491802857 0.007837284696406984
1.171534009918667 0.007837284696406984
1.1807417625853511 0.007837284696406984
1.187379866046982 0.007837284696406984
1.1993588601314986 0.007837284696406984
1.206356658479527 0.007837284696406984
1.2096816008280502 0.007837284696406984
1.2198308351860854 0.007837284696406984
1.2289786985431528 0.007837284696406984
1.2332945914737825 0.007837284696406984
1.2406544371759392 0.007837284696406984
1.247535030982524 0.007837284696406984
1.2554498932973213 0.007837284696406984
1.2717706378259797 0.007837284696406984
1.274390473937785 0.007837284696406984
1.280885290701717 0.007837284696406984
1.2898114622373824 0.007837284696406984
1.2957550057277312 0.007837284696406984
1.2981307242143603 0.007837284696406984
1.315788604871656 0.007837284696406984
1.3278992027183423 0.007837284696406984
1.33817817887943 0.007837284696406984
1.3447298526685585 0.007837284696406984
1.3518316530916326 0.007837284696406984
1.3577004449589714 0.007837284696406984
1.3797506268282855 0.007837284696406984
1.3885656689653791 0.007837284696406984
1.3943702278480885 0.007837284696406984
1.404626978180557 0.007837284696406984
1.412054790476485 0.007837284696406984
1.4186450001217132 0.007837284696406984
1.4305446750553408 0.007837284696406984
1.4466778888610554 0.007837284696406984
1.4568326780261398 0.007837284696406984
1.4714820304128728 0.007837284696406984
1.4744168930999306 0.007837284696406984
1.4844834829696079 0.007837284696406984
1.4966772458819384 0.007837284696406984
1.5061992344021602 0.007837284696406984
1.5168110186216581 0.007837284696406984
1.5281490804109343 0.007837284696406984
1.5417156365608042 0.007837284696406984
1.558004873742746 0.007837284696406984
1.5768896573706792 0.007837284696406984
1.5852589892642799 0.007837284696406984
1.5982882035508084 0.007837284696406984
1.6127750593359602 0.007837284696406984
1.6255398341237837 0.007837284696406984
1.63632611326751 0.007837284696406984
1.6521551293006316 0.007837284696406984
1.6846213404190469 0.007837284696406984
1.7068160961290002 0.007837284696406984
1.7291432639300819 0.007837284696406984
1.7647300423523342 0.007837284696406984
#kx=4.0, ky=8.0, Jx=1.0, Jy=1.0, Jz=1.0, h=0.15
0.07803295987819481 -0.19495496387958494
0.09752993613976801 -0.19495496387958494
0.11844983467681647 -0.19495496387958494
0.13886312618447638 -0.19495496387958494
0.1536691099015619 -0.19495496387958494
0.2216133588442637 -0.19495496387958494
0.2320668042402657 -0.19495496387958494
0.259819793814266 -0.19495496387958494
0.27036133691416664 -0.19495496387958494
0.29374865749044743 -0.19495496387958494
0.3068193684292436 -0.19495496387958494
0.3194064367938987 -0.19495496387958494
0.3284822059816167 -0.19495496387958494
0.3424204124109381 -0.19495496387958494
0.3524987495323467 -0.19495496387958494
0.36891110161720087 -0.19495496387958494
0.3826426356285578 -0.19495496387958494
0.3898438020902173 -0.19495496387958494
0.40646430865482586 -0.19495496387958494
0.414648383451397 -0.19495496387958494
0.42914414476134144 -0.19495496387958494
0.437844601899251 -0.19495496387958494
0.44847996453509675 -0.19495496387958494
0.46307541195571233 -0.19495496387958494
0.4771726709365415 -0.19495496387958494
0.5019109252447396 -0.19495496387958494
0.5217025977400769 -0.19495496387958494
0.5334547718828031 -0.19495496387958494
0.5427246726464058 -0.19495496387958494
0.5506480635247818 -0.19495496387958494
0.5623207858928353 -0.19495496387958494
0.5726432643096424 -0.19495496387958494
0.5810969623339762 -0.19495496387958494
0.5882755623959435 -0.19495496387958494
0.5979478020257578 -0.19495496387958494
0.6108381286126302 -0.19495496387958494
0.6212754670549497 -0.19495496387958494
0.6295654753610203 -0.19495496387958494
0.6385307298196469 -0.19495496387958494
0.6546201470163387 -0.19495496387958494
0.6571087878013532 -0.19495496387958494
0.6721338863961174 -0.19495496387958494
0.682373067598192 -0.19495496387958494
0.6970752769958716 -0.19495496387958494
0.7132717794096588 -0.19495496387958494
0.7321056903265782 -0.19495496387958494
0.7374531459833905 -0.19495496387958494
0.7536615851398087 -0.19495496387958494
0.770159400176858 -0.19495496387958494
0.7834878672163526 -0.19495496387958494
0.8029150787700351 -0.19495496387958494
0.8265499384272257 -0.19495496387958494
0.8369911605779301 -0.19495496387958494
0.8558785934050184 -0.19495496387958494
0.888105209577339 -0.19495496387958494
0.9118610827854562 -0.19495496387958494
0.9346646375932255 -0.19495496387958494
0.9581659367910605 -0.19495496387958494
0.9714709869211002 -0.19495496387958494
0.9891223575377295 -0.19495496387958494
1.0247517000925672 -0.19495496387958494
1.0499665154099387 -0.19495496387958494
1.062863178831666 -0.19495496387958494
1.070884011827737 -0.19495496387958494
1.0767560436762424 -0.19495496387958494
1.0978805269680314 -0.19495496387958494
1.1125912113162024 -0.19495496387958494
1.1201521274092148 -0.19495496387958494
1.1247250421175585 -0.19495496387958494
1.1390713220152215 -0.19495496387958494
1.1427587039756526 -0.19495496387958494
1.1530036423885437 -0.19495496387958494
1.1626711746947072 -0.19495496387958494
1.171624396012475 -0.19495496387958494
1.177438599474796 -0.19495496387958494
1.187837646121318 -0.19495496387958494
1.1949174311417528 -0.19495496387958494
1.2035182015124661 -0.19495496387958494
1.2109507758102205 -0.19495496387958494
1.2233895627891156 -0.19495496387958494
1.2265963356166072 -0.19495496387958494
1.2363428904549885 -0.19495496387958494
1.2439689879420113 -0.19495496387958494
1.2500722652001095 -0.19495496387958494
1.2593042437657953 -0.19495496387958494
1.2698632973770403 -0.19495496387958494
1.2801379534915458 -0.19495496387958494
1.2912591200291845 -0.19495496387958494
1.2933166107007144 -0.19495496387958494
1.297867493061895 -0.19495496387958494
1.3120755587111947 -0.19495496387958494
1.324726815363142 -0.19495496387958494
1.3330122129770245 -0.19495496387958494
1.3406909391350168 -0.19495496387958494
1.3478393001442324 -0.19495496387958494
1.3626371675596323 -0.19495496387958494
1.368300417367247 -0.19495496387958494
1.3833927460173174 -0.19495496387958494
1.3920730542461706 -0.19495496387958494
1.4090961245200933 -0.19495496387958494
1.4172767096531729 -0.19495496387958494
1.4209697139885664 -0.19495496387958494
1.4311365822142026 -0.19495496387958494
1.4445938932257967 -0.19495496387958494
1.4503150819534132 -0.19495496387958494
1.4616502946384335 -0.19495496387958494
1.4689832968258276 -0.19495496387958494
1.4789191433221904 -0.19495496387958494
1.4929900453570522 -0.19495496387958494
1.501376478268115 -0.19495496387958494
1.5235759014741195 -0.19495496387958494
1.532797939406056 -0.19495496387958494
1.5434974008558833 -0.19495496387958494
1.5535639678586306 -0.19495496387958494
1.573492226486174 -0.19495496387958494
1.5795869263857787 -0.19495496387958494
1.5888325598449637 -0.19495496387958494
1.6105530703169602 -0.19495496387958494
1.613942910179576 -0.19495496387958494
1.6329416322460482 -0.19495496387958494
1.666979506387161 -0.19495496387958494
1.6902143342477887 -0.19495496387958494
1.702644935026526 -0.19495496387958494
1.7349797921552312 -0.19495496387958494
1.7541806241598124 -0.19495496387958494
#kx=5.0, ky=7.0, Jx=1.0, Jy=1.0, Jz=1.0, h=0.15
0.08758900723467467 -0.1951548570279775
0.11013849272816012 -0.1951548570279775
0.11727570749011873 -0.1951548570279775
0.139175941127615 -0.1951548570279775
0.16609471008936783 -0.1951548570279775
0.22846806409664966 -0.1951548570279775
0.23715400395262431 -0.1951548570279775
0.2618290910735882 -0.1951548570279775
0.2855149203139429 -0.1951548570279775
0.29771595474905543 -0.1951548570279775
0.3101025517407169 -0.1951548570279775
0.3227303598462661 -0.1951548570279775
0.3227303598462661 -0.1951548570279775
0.3232753840520797 -0.1951548570279775
0.3292161808378147 -0.1951548570279775
0.3436793064251298 -0.1951548570279775
0.36093368814625715 -0.1951548570279775
0.36655902501677884 -0.1951548570279775
0.3888363551244767 -0.1951548570279775
0.3940973798030062 -0.1951548570279775
0.41126665423381836 -0.1951548570279775
0.4210554990485138 -0.1951548570279775
0.43137088120289657 -0.1951548570279775
0.43974949266396 -0.1951548570279775
0.4601522248583828 -0.1951548570279775
0.47555601488711297 -0.1951548570279775
0.4959798069865823 -0.1951548570279775
0.514085143096718 -0.1951548570279775
0.5296940119313104 -0.1951548570279775
0.5436469761294804 -0.1951548570279775
0.5541964521214859 -0.1951548570279775
0.5577497736741654 -0.1951548570279775
0.5669551104837417 -0.1951548570279775
0.5832090683681185 -0.1951548570279775
0.585229352759245 -0.1951548570279775
0.6029569265706503 -0.1951548570279775
0.6100641747233232 -0.1951548570279775
0.6206475106644749 -0.1951548570279775
0.6283106358278912 -0.1951548570279775
0.642733345083748 -0.1951548570279775
0.6531978067506439 -0.1951548570279775
0.6555776326196339 -0.1951548570279775
0.6796305257187468 -0.1951548570279775
0.6895821402518693 -0.1951548570279775
0.6969273571034534 -0.1951548570279775
0.7176657393018554 -0.1951548570279775
0.7357721076345969 -0.1951548570279775
0.7389361358403579 -0.1951548570279775
0.7555608062192998 -0.1951548570279775
0.7674226774714404 -0.1951548570279775
0.7879159772894673 -0.1951548570279775
0.8034103315501528 -0.1951548570279775
0.8320351141393678 -0.1951548570279775
0.8427404605192235 -0.1951548570279775
0.8933277620540508 -0.1951548570279775
0.9192654451689108 -0.1951548570279775
0.954530072118347 -0.1951548570279775
0.9600364115597815 -0.1951548570279775
0.9762653920801828 -0.1951548570279775
0.9984240898456076 -0.1951548570279775
1.0263750749928913 -0.1951548570279775
1.0475289721400034 -0.1951548570279775
1.064189300718981 -0.1951548570279775
1.0824940401729788 -0.1951548570279775
1.0879439312981887 -0.1951548570279775
1.098779961463026 -0.1951548570279775
1.1054982061257608 -0.1951548570279775
1.1142160173573057 -0.1951548570279775
1.1249482958725 -0.1951548570279775
1.140025387804911 -0.1951548570279775
1.1468150875922112 -0.1951548570279775
1.1562422412237043 -0.1951548570279775
1.162947402642296 -0.1951548570279775
1.1691720149660005 -0.1951548570279775
1.1778352439362831 -0.1951548570279775
1.1817454047906635 -0.1951548570279775
1.1998875560762938 -0.1951548570279775
1.206362110245679 -0.1951548570279775
1.213614832492741 -0.1951548570279775
1.224017424229058 -0.1951548570279775
1.2302979369004468 -0.1951548570279775
1.2410678324756748 -0.1951548570279775
1.2432351137419584 -0.1951548570279775
1.2471759023406193 -0.1951548570279775
1.2580578306061567 -0.1951548570279775
1.2730468998216042 -0.1951548570279775
1.2771511491695697 -0.1951548570279775
1.2854179875076395 -0.1951548570279775
1.2900578808238032 -0.1951548570279775
1.3017053782082417 -0.1951548570279775
1.310683685443974 -0.1951548570279775
1.311804732294174 -0.1951548570279775
1.3266148317203497 -0.1951548570279775
1.3357155853107545 -0.1951548570279775
1.3467779847261747 -0.1951548570279775
1.3564984587848832 -0.1951548570279775
1.3641984423349425 -0.1951548570279775
1.380314016295519 -0.1951548570279775
1.3942760623095767 -0.1951548570279775
1.404838628699543 -0.1951548570279775
1.4091030558652013 -0.1951548570279775
1.4225001836988094 -0.1951548570279775
1.4299780592848528 -0.1951548570279775
1.4369023790189828 -0.1951548570279775
1.4461449743936972 -0.1951548570279775
1.456424221899132 -0.1951548570279775
1.46083203299425 -0.1951548570279775
1.4810138945550717 -0.1951548570279775
1.4866746865502978 -0.1951548570279775
1.4980148202830872 -0.1951548570279775
1.517637476297244 -0.1951548570279775
1.5300202698786451 -0.1951548570279775
1.5489699360728815 -0.1951548570279775
1.561002511598737 -0.1951548570279775
1.571697306298661 -0.1951548570279775
1.5810806200015586 -0.1951548570279775
1.588663448921832 -0.1951548570279775
1.606104342069038 -0.1951548570279775
1.6157063099921254 -0.1951548570279775
1.6380946553804248 -0.1951548570279775
1.652074544695143 -0.1951548570279775
1.6770453991414513 -0.1951548570279775
1.712064814822497 -0.1951548570279775
1.72977972260293 -0.1951548570279775
1.7561578451760314 -0.1951548570279775
