#kx=8.0, ky=0.0, Jx=1.0, Jy=1.0, Jz=2.5, h=0.0
-0.2434966208950619 4.901084050097816e+24
-0.06647390591783409 3.7550822435237554e+25
-0.05214366685409694 2.2068496155159442e+24
-0.014006727376949357 1.2947060279909891e+25
-0.002375126669584615 1.8022978528193873e+24
-0.00010899304114120323 3.0673818987646104e+24
4.875804873372136e-05 5.480313755748069e+24
0.0004216239967695379 5.687864269343749e+24
0.0005449641552568996 3.600271991812373e+24
0.0008340331518787436 1.9150960574274822e+25
0.0009244968037364076 1.198149610640756e+25
0.0020188255471705885 9.028732908767391e+24
0.005071833226352074 3.628175648591555e+24
0.008305440911962003 1.9011570215604853e+24
0.008461328028262383 6.292930453944234e+23
0.008512890924489203 5.33786304903302e+24
0.008794310723367726 4.077754277474794e+24
0.008891200241362363 5.659058286464035e+24
0.009026644918938842 4.375387486031229e+23
0.009346052172482078 1.9598515625975262e+24
0.009484196042391646 1.0316124640592932e+24
0.009568367964033486 1.4366646592965876e+24
0.010088082022176925 1.548842458926934e+25
0.010698970974710675 5.608804609530784e+24
0.011657777195673291 1.3148182871946566e+24
0.012129979961100323 2.122831085048249e+24
0.012734668172461494 3.9808612863307686e+24
0.012879375408952842 1.4841535987241783e+24
0.013013774704456693 2.456645772505291e+24
0.0132598500967967 5.349082254265594e+24
0.0134034483327779 6.577882762537434e+24
0.013613176506605373 1.5505786700372279e+25
0.013782947922962752 7.896001722852998e+24
0.013898128975880109 1.2493014165728327e+25
0.014036318232692968 5.910762991909764e+24
0.015333452350770882 3.845725766510906e+24
0.018888896505796615 1.4596041503809275e+24
0.020589624841245435 7.194570889515382e+23
0.020855074363337722 1.8284843748048811e+24
0.02125391460189091 1.1565606743400009e+24
0.02131281397784396 3.499834501160502e+24
0.021418131073085322 2.630787341382882e+24
0.021500698021433118 2.962221551196276e+24
0.021614887625014845 1.943406979179508e+24
0.021730099925637625 2.946855744397087e+24
0.021928317406079867 3.02894130669381e+24
0.022098461981931605 4.0892145204119446e+24
0.022175348110970827 7.326020220819007e+24
0.022340043959221234 5.993709075568327e+24
0.022423903734482664 3.083067848883928e+24
0.02248044149587014 3.9533408845452544e+24
0.02257023579094425 8.35000267171946e+24
0.022603044639637082 1.9506876739113916e+24
0.025094102482266234 1.7378497118710816e+24
0.026639922612996247 5.675900131555155e+23
0.0278589763113139 4.4496412318927845e+24
0.028837860437132545 3.2392764706663987e+24
0.0649112835540897 2.9188684323353083e+24
0.08513114953306206 4.767064427509574e+24
0.21918368847812889 3.434790938288022e+24
#kx=4.0, ky=0.0, Jx=1.0, Jy=1.0, Jz=2.5, h=0.0
-0.2423798451620216 3.329636451824723e+27
-0.17731313524785108 2.694793987108818e+27
-0.06290171512921966 1.9631143178064974e+28
-0.02474593161361327 1.4356083981500307e+28
-0.0011775851079577904 1.6806015520821312e+27
-0.0001409172609807552 1.2515753823573784e+27
1.3154455312358593e-05 1.7870396479166459e+27
0.0004274116491271296 2.457508427096357e+27
0.0005199894719649101 3.768168004547357e+27
0.0006299429680982627 1.7438291663325955e+27
0.0008617031727103375 1.3761871193486444e+27
0.0011619697724357114 5.839877975478258e+27
0.00511152593552433 3.768344604971048e+26
0.008299228281532456 7.626018684891206e+26
0.008411345449889696 8.291183235276602e+26
0.008508863644683895 6.660000435056314e+26
0.008760686195790457 4.2361582783593617e+26
0.008866356592136915 2.808438804306062e+27
0.009024347208530958 1.6586690123840848e+26
0.00933806794196651 2.878678198617982e+27
0.0094534457301928 2.8344349569007024e+27
0.009547498483305494 4.420818430051298e+26
0.010159181431841191 1.208450374979198e+28
0.010858052145293673 1.7403361837307962e+27
0.01170922041806638 4.558201159103796e+26
0.011973508699541946 8.719016030055226e+26
0.012731195678070184 1.7385828582394585e+27
0.012868583899337316 9.689951648356131e+26
0.013009522201365031 1.2392413261022726e+27
0.01319166169991104 1.2169429255666768e+27
0.013396877611537406 3.466816657616607e+27
0.01356805357338653 1.0231307507964605e+28
0.013795187286474442 5.006909295990545e+27
0.01390440702483231 3.311118852276974e+27
0.014010757291914977 2.892950919270382e+27
0.014221099007540317 8.670231389509424e+26
0.018795478688085065 7.7213731895181e+26
0.02059983365871937 3.2767780679117765e+26
0.020975401470192445 1.9028673523227576e+27
0.021230894300763636 1.1626350066629896e+27
0.02132886657698757 1.2747619420268505e+27
0.02135612716964036 7.319827850330695e+26
0.021514630055543604 2.7284192251427617e+27
0.021606603593469942 1.4222603804736635e+27
0.021726410312859434 9.2076913369736e+26
0.021953881750274407 7.453942967019825e+26
0.022064539742456923 3.6445962762880084e+27
0.022180448946668097 5.344371083556692e+27
0.022336477661191456 1.4093533376998427e+27
0.022428264360232486 2.002547362623681e+27
0.02247213526283881 2.677643619903753e+27
0.022574134367065957 5.403175670278361e+27
0.022616598673146027 9.539556767897609e+26
0.02396785172869531 9.285470091918189e+26
0.025120289656657413 1.0806472019184883e+27
0.027852968621784935 3.0257376514330554e+27
0.02905358769669497 1.8848958189884366e+27
0.06461285563447089 1.6896791557471392e+27
0.08538320459062138 2.9570040319660275e+27
0.2235194443189653 1.608311250066396e+27
#kx=0.0, ky=0.0, Jx=1.0, Jy=1.0, Jz=2.5, h=0.0
-0.2113375898780246 2.633701861389173e-07
-0.062004362892922826 1.842037464546629e-08
-0.026409938835926294 8.183939277459786e-09
-0.0011124547970459697 2.1324429707336459e-07
-0.0003102010883838102 9.451857100100259e-08
-0.00017090083682003154 2.678716714597639e-07
0.00010629595877326148 1.5106780026094253e-07
0.00021306263590498142 2.2651240566846183e-07
0.00041088780584236373 2.146106008142259e-07
0.0006377206905288646 7.855634858974441e-08
0.0009285121439436828 7.70187199830548e-08
0.0010229586305934846 1.3782940349767052e-07
0.005334000630809188 5.638054162083858e-08
0.008194348846953803 8.770131604822133e-09
0.008407960272626802 4.073570500707002e-09
0.008507913079991658 1.122600845116153e-08
0.008781454747548212 1.864880792238685e-08
0.00888297140603217 3.7500920848914744e-08
0.009023597210133183 9.215443766608882e-09
0.009276489958728318 4.570578134421418e-08
0.009449669859381893 2.2861068863870117e-09
0.009557432966873058 7.142280474981324e-09
0.010200185390653704 1.2201939287754296e-06
0.010497983298907831 9.011306185437661e-08
0.01093691545820108 5.648233419213547e-08
0.01177817344034604 4.337873636974959e-08
0.01219643506270679 6.37128257841581e-08
0.0127931970604524 5.076204114889506e-08
0.012873574994866743 1.325208039347536e-07
0.013006269750937494 1.1062553163792212e-07
0.013320385900833176 1.000355680599777e-07
0.01345607049064379 2.804048243515539e-07
0.013537384079201076 1.0496423964888671e-06
0.013759157864397908 3.1541243563890396e-07
0.01391390929342351 1.685472766402531e-07
0.014027814448526243 2.79139445540807e-07
0.01669815219553139 3.1726967958792184e-08
0.019156866754551916 1.1807818383084323e-08
0.02080764913285782 8.801201217900258e-08
0.021106018260634962 1.814750455790027e-07
0.021242776071931257 2.1071554541191024e-08
0.021323110009218216 1.1611428078033992e-07
0.021389488866156325 1.8239078424248763e-07
0.021472230906292133 1.5227641908959768e-07
0.021557179707641427 1.2490760789091187e-07
0.02175142040638106 3.026441246026569e-08
0.02196219589093623 1.1290974917555343e-07
0.0221011202375892 3.233795402298601e-07
0.022215278296485286 3.9623725158454685e-07
0.022346453185141335 1.2636288731616573e-07
0.02242184977715317 8.30818074445114e-08
0.022490111732921814 3.025352621978668e-07
0.022569476736930327 4.7025946493689773e-07
0.022666485109846868 5.034852971973521e-08
0.025312029523100466 6.492762167732305e-08
0.026401918886094944 1.234809238772827e-07
0.028065518623667185 2.65037829629459e-07
0.06346109831272384 1.872456412004542e-07
0.08555582278478019 2.9087850851698794e-07
0.2141921238957729 7.127288885046062e-08
#kx=4.0, ky=8.0, Jx=1.0, Jy=1.0, Jz=2.5, h=0.0
-0.24231912336465572 3.945052350882434e+26
-0.15563295103873187 1.5862763239625197e+26
-0.062053516753840354 1.4384136909345335e+27
-0.024690041587028866 1.6693660331866932e+27
-0.0007558838312272109 2.991571140430409e+26
-8.99371577139374e-05 1.06872197875703e+26
2.437814965017271e-05 1.788795065688396e+26
0.00040309592052723 2.22068899104664e+26
0.0005160065463309382 6.95916659368857e+26
0.000745751989334742 1.3768105949915787e+26
0.0009741360869538473 5.616599216004351e+26
0.0010831264294622334 3.404357025747552e+26
0.006471577675585538 4.025982769840478e+25
0.00828954742481669 8.423294894004494e+25
0.00839810886178205 9.454472268403236e+25
0.00853775139566959 7.04757685243947e+25
0.008799804011986878 3.2529934197188785e+26
0.008914807843249384 7.630149649830073e+25
0.009063266335543552 1.443369605737941e+25
0.009345656133750935 2.1909011044322477e+26
0.009436178239118465 4.525470480665226e+26
0.009547551839714674 2.5456733039475467e+25
0.01024797056870902 8.296483005526674e+25
0.010727326704167872 1.3768036646913375e+26
0.011140157247451987 8.891267391060081e+26
0.012217513233317712 7.708979002428472e+26
0.012699941721128039 2.7031557375099754e+26
0.012815307019845124 1.3704693398237905e+26
0.012918321783450981 6.108908248133197e+26
0.013013288289024982 2.711881194754277e+26
0.01335558627317951 7.228663847073577e+25
0.013443808343325592 5.735650966068148e+26
0.013592735559326385 1.2139518135554428e+27
0.013805344411748466 4.414241069703853e+26
0.01393322174678946 3.4621638543383905e+26
0.014041842691851936 4.846962238348976e+26
0.016962875693251667 7.696507988058955e+25
0.019879110741716277 7.802954800402423e+25
0.020598922632971306 1.0637961915597879e+26
0.021247873713393872 1.5662394045434328e+26
0.02133239120677921 5.84008620614041e+25
0.021356932705323295 1.583716849541131e+26
0.021402255288410554 2.4505102862162183e+26
0.02147038546537533 2.0095921420464447e+26
0.021671031892284698 1.4747175746248994e+26
0.02190202276372738 5.739311749777778e+26
0.02210683133155955 9.51642016440251e+25
0.02215343572483086 4.8480244329103546e+26
0.022330452142618695 4.1527750425097094e+26
0.02242470991749096 1.5398342591414333e+26
0.02251413582041062 4.6295294047242624e+26
0.02255943041110353 2.9798519572340712e+26
0.022615513659118625 3.678537052912506e+26
0.02338096286791519 6.1709518411587276e+26
0.027556601195605823 6.6479470233540494e+25
0.03296141073205061 3.1694526448183045e+26
0.034414078037586726 1.183040599103088e+26
0.06978523892921296 4.5902503109407695e+26
0.08955750640707089 4.4850504170519726e+26
0.22103438858667007 1.0783850559595689e+26
#kx=8.0, ky=16.0, Jx=1.0, Jy=1.0, Jz=2.5, h=0.0
-0.2434966209072933 3.564710715186758e+26
-0.06647390502673489 2.731188475956494e+27
-0.0521436636536477 1.6051094805331117e+26
-0.014006725995163005 9.416798243770241e+26
-0.0023751267955224864 1.3108670785664015e+26
-0.00010899304216893668 2.2310020785068274e+26
4.8758047376140645e-05 3.986002479690432e+26
0.0004216239973191538 4.136960405899145e+26
0.0005449641574557518 2.618589639197047e+26
0.0008340331548247204 1.392908854787014e+27
0.0009244968142957388 8.714514602842647e+26
0.0020188257536372656 6.566877591830557e+26
0.005071833225794076 2.6388851255449734e+26
0.00830544090880947 1.3827705935789202e+26
0.008461328031077797 4.577043006995105e+25
0.00851289092246782 3.8823937036828735e+26
0.008794310723333199 2.9658773981370033e+26
0.008891200241885333 4.116008903509307e+26
0.009026644919248927 3.182355252611764e+25
0.00934605217736656 1.4254609246200671e+26
0.009484196047353843 7.503237645608424e+25
0.009568367975302638 1.0449308547279429e+26
0.010088082025469958 1.1265212450581741e+27
0.010698970991046441 4.07945780949305e+26
0.011657777198996189 9.563081984934576e+25
0.01212997996681131 1.5440010146435042e+26
0.012734668169426866 2.8954040889984822e+26
0.012879375404943993 1.0794710413134855e+26
0.013013774700760539 1.7867948062778483e+26
0.013259850098667425 3.89055382695181e+26
0.013403448337046653 4.784298477440905e+26
0.013613176509893077 1.1277840374418311e+27
0.013782947928451694 5.7430073686701185e+26
0.013898128980607327 9.086557387379508e+26
0.01403631823718221 4.2990815983341374e+26
0.015333452506376188 2.7971160535494574e+26
0.01888889654877296 1.0616154130607178e+26
0.020589624840266663 5.232835293317503e+25
0.020855074358179904 1.3299134575572363e+26
0.021253914598986068 8.4120249394446e+25
0.021312813976088196 2.545538303931248e+26
0.0214181310739211 1.91345350453158e+26
0.021500698015993414 2.1545157305803845e+26
0.021614887620481027 1.4135002971489476e+26
0.02173009992550351 2.143339740222761e+26
0.02192831741149287 2.2030431602414723e+26
0.022098461985068707 2.974212730315918e+26
0.02217534811498295 5.3284421168973004e+26
0.022340043965739964 4.3594107491388846e+26
0.022423903741778828 2.2424110748036978e+26
0.022480441503031245 2.8753878034086105e+26
0.02257023579476697 6.073216275250169e+26
0.022603044643719483 1.418795784072244e+26
0.02509410259700673 1.2639921205495568e+26
0.0266399228403153 4.128259362222682e+25
0.027858976307598315 3.2363624140053144e+26
0.028837860782062075 2.356026309353956e+26
0.0649112834128101 2.1229836598552706e+26
0.08513114953637996 3.4672340873097504e+26
0.21918368843752647 2.4982301818681643e+26
#kx=8.0, ky=12.0, Jx=1.0, Jy=1.0, Jz=2.5, h=0.0
-0.24300639489197973 1.2028910118827815e+25
-0.11684810760702308 7.099482682088396e+24
-0.0627431006119405 5.147822310484349e+25
-0.023438442439278617 3.2771698476981136e+25
-0.002417156348159921 3.269096888485183e+24
-0.0001483405939307625 4.136278495107995e+24
6.375298651384309e-06 9.135837311852525e+24
0.00042258834784647537 5.53091131458462e+24
0.000508967774323632 1.0946024925508378e+25
0.0006605570630643931 8.981233920253991e+24
0.0009272698110265876 2.0731856598865557e+25
0.0010116761917461914 2.2988351487041756e+25
0.0051449451678324265 2.9791067762121197e+24
0.008291618677709889 1.7283551005532306e+24
0.00839910255101406 2.3916253393924928e+24
0.008521472883297743 5.047924402061394e+24
0.008753982141368577 3.467185166712832e+24
0.008867549051402968 4.6894728161728417e+24
0.008990747786023434 1.598708588188998e+24
0.009338809982512186 1.915086558005431e+24
0.009469856366725204 2.1826216332144176e+24
0.009513257675905495 5.2236087847666554e+23
0.009932211331467322 1.1386872800570278e+25
0.010540522020004217 6.430380697364383e+24
0.011682785665353912 1.6563812237779046e+25
0.012221227311205618 2.5504563906690206e+24
0.012730516649964385 4.855268132576585e+24
0.012882077480707854 2.3813975874242963e+24
0.013025043983012019 2.1367302289886573e+24
0.013191666806648794 3.6730341206805505e+24
0.013327320358197059 1.2700639034029932e+25
0.013535251190882613 1.4271932678457555e+25
0.013784823288595704 1.4498397107104725e+25
0.013849863894370651 6.219312879799882e+24
0.013979089258369659 2.1350315409764123e+25
0.014052441916424407 6.318516858438866e+24
0.017655353653256045 4.0112545733474055e+24
0.02038016592811137 1.3779973242023185e+24
0.02065628919747098 2.8830588110490354e+24
0.021133976734118487 5.063053312121727e+24
0.021344565622629152 1.892190289928585e+24
0.021381599689346054 1.2734659297945994e+24
0.021451132519206162 2.3430110674982308e+24
0.021561808852869124 5.317157031164292e+24
0.02165876299209024 1.931693926720418e+24
0.021965306389545858 1.2205175460659068e+25
0.022034666693531435 1.3742783086176957e+24
0.022204977797372294 9.579632992887857e+24
0.022350010918797236 7.019873378699836e+24
0.022421508516265176 6.70602582263795e+24
0.02251312085675522 6.626223107804331e+24
0.02257709045953782 9.353463746458723e+24
0.0226033673769227 2.6746892907190127e+24
0.02310235228231211 5.252856632135506e+24
0.027191294370561725 1.6037729957440698e+24
0.029549196888961127 2.2453390319194798e+24
0.032254810254776056 4.6840044903568464e+24
0.06713164206560251 1.900800491866228e+24
0.0871948362753 2.7904111415148527e+24
0.2161410934825881 1.1401998908500217e+25
#kx=8.0, ky=8.0, Jx=1.0, Jy=1.0, Jz=2.5, h=0.0
-0.24263315974892635 2.1855146493860715e+30
-0.15748057693568462 1.3392923732564438e+30
-0.06293020069225314 1.139958458839131e+31
-0.024702877086283215 7.875634713691154e+30
-0.0019208009634270606 1.6604834950082438e+30
-0.0001481335267289885 2.088601669812891e+30
-2.7436991738516436e-05 2.1812971980577464e+30
0.0004509310174745096 1.4594895263491502e+30
0.0004900654397301252 3.7502090545054985e+30
0.0006395813650209581 2.720648751404564e+30
0.0008555547166587685 1.5759036583111544e+30
0.0010162242317731107 1.0534854647079607e+31
0.005359044275129898 1.1624275654915128e+30
0.00830958845921137 3.637319149186257e+29
0.008373115076173443 9.924516405222628e+29
0.008515386160494687 1.2714699704792586e+30
0.008728254546712055 2.556179662200323e+30
0.008862147763136319 7.322414541808013e+29
0.008975155246556454 7.498730264716468e+28
0.009336897531287913 3.382298768179174e+29
0.009436131653205504 8.820254533309358e+29
0.009524767289662062 2.1236328666910235e+29
0.009958236874604731 2.6825487182307387e+30
0.010511245872768082 5.3609419213277356e+29
0.011358533223823963 4.872491150029382e+30
0.012343443831943635 1.5147368402234816e+30
0.012454758493679663 4.9259096028217174e+30
0.012784988260492625 2.131961581979561e+30
0.0128832671994214 8.540863730171517e+29
0.013034456090053714 1.4174335815343865e+30
0.013314063336865634 3.4563970584946263e+30
0.013408563428588371 2.4499632192580176e+30
0.013634161986557869 6.741677986421711e+30
0.01380275976573292 2.3601988160740294e+30
0.013929817300963598 5.504728671824548e+30
0.014048123613896513 2.615477921855211e+30
0.017200206964440024 1.521030407824266e+30
0.019782420282232593 8.861228091136501e+29
0.020539282554504434 5.699549981115965e+29
0.021105818201004045 9.558408799690326e+29
0.021307722895241077 1.0974662136786634e+30
0.021352064366274737 6.45574080005289e+29
0.021434923941884287 1.0751528495975012e+30
0.02147317358791112 1.2304332810344273e+30
0.021663592814988974 1.0221199594117918e+30
0.0219046858523107 3.2165048263594804e+30
0.022020750108093512 4.3655852150975034e+29
0.022184615029674726 2.4626268163883397e+30
0.02233655280214908 3.177709458229148e+30
0.02242502934284224 1.2308618969494888e+30
0.022503629499972755 1.4773550492609286e+30
0.022548988322480534 3.4154765533998e+30
0.022597807969245876 1.2934341497408908e+30
0.02342360281552841 3.1232904264076856e+30
0.027511318183288225 3.809930860095144e+29
0.03162755584613147 3.969226221821486e+29
0.034151573966765214 1.3863084469914406e+30
0.06981499545357461 2.5112717017898133e+30
0.08938544230709822 2.3962712456936116e+30
0.21478833360430882 3.3173844670249446e+30
#kx=8.0, ky=4.0, Jx=1.0, Jy=1.0, Jz=2.5, h=0.0
-0.24293888614971465 9.377972697573204e+25
-0.13870059946957597 9.28850725035295e+25
-0.06347476194340268 2.5957495728206935e+27
-0.024599779330562566 1.1516274529356932e+27
-0.0017060817484749746 2.220275211760113e+26
-0.00011682351394609602 5.855485173126193e+26
-3.597721340975468e-05 2.7038086375837695e+26
0.0004504650531174659 3.50802882900989e+26
0.000529774593787502 3.552005046662982e+26
0.0006641932070889367 5.948450619904004e+26
0.00086217286827317 4.284460792098723e+26
0.001076090369198146 1.7094682482748486e+27
0.006252787980564389 3.2787096884059116e+26
0.008315088483873856 8.151575086171587e+25
0.008393942554024036 2.9791976365537134e+26
0.008508912867191243 2.2101059759900663e+26
0.00882935846915256 2.8145557761040594e+26
0.008875806782131734 5.670318523939956e+26
0.009038230545593384 3.3457872960974523e+25
0.009341874067305078 5.569684654106331e+25
0.009467721092196957 1.6084502705528304e+26
0.009546488561805955 6.654777525553721e+25
0.010160640778168473 7.33728780497864e+26
0.010677464532719838 2.602618387126228e+26
0.01160568930114253 6.511614080720063e+26
0.012082039274939393 2.5803638564147708e+26
0.012748804002135239 3.745077975236754e+26
0.012865309626100385 1.0833279410298017e+26
0.013009282525511812 4.494321471543563e+26
0.013118441573178707 2.1534562800613767e+26
0.013275102368398461 3.6398228762431095e+26
0.013481731844484146 6.096116224224387e+26
0.013615547238372272 1.3437864072499616e+27
0.013851461254815511 6.033200453068072e+26
0.013930872578084008 7.194702866237712e+26
0.014039694318837614 5.7816811919698746e+26
0.017281302999956172 1.2678349140676704e+26
0.01956431846632356 1.0262447899265195e+26
0.019751450079086852 7.50425986707155e+25
0.020985067306423355 8.542362855488418e+25
0.021305522510303376 3.502960646504257e+26
0.021327192328280065 9.547489682585113e+25
0.021390167062894372 1.3974636660404876e+26
0.0214773445140633 2.068969342029949e+26
0.021653622058340594 1.977113153821435e+26
0.021920607037759166 4.63506532428588e+26
0.022023050374823938 1.9307841873440333e+26
0.02215770685449947 5.258975613299757e+26
0.022330182808772914 5.5329541701699326e+26
0.022410105177848028 2.418065793044267e+26
0.02246690135863033 3.0788445313174e+26
0.022535259558218057 5.781322311803364e+26
0.022602855466143712 3.265811804333343e+26
0.023432273305839413 2.9864551541256576e+26
0.026599761139283362 3.158557596871634e+26
0.030831022714041756 1.7497376714245016e+26
0.03173717814010718 1.8843847037460803e+26
0.06688991778043457 5.44835217052007e+26
0.08719275950478977 6.514478243203666e+26
0.21749789487902738 2.896703403401558e+26
#kx=8.0, ky=0.0, Jx=1.0, Jy=1.0, Jz=2.5, h=0.0
-0.2434966208950618 4.901084050097816e+24
-0.06647390591783398 3.7550822435237554e+25
-0.052143666854096826 2.2068496155159442e+24
-0.014006727376949246 1.2947060279909891e+25
-0.002375126669584504 1.8022978528193873e+24
-0.0001089930411410922 3.0673818987646104e+24
4.875804873383238e-05 5.480313755748069e+24
0.0004216239967696489 5.687864269343749e+24
0.0005449641552570106 3.600271991812373e+24
0.0008340331518788546 1.9150960574274822e+25
0.0009244968037365187 1.198149610640756e+25
0.0020188255471706995 9.028732908767391e+24
0.005071833226352185 3.628175648591555e+24
0.008305440911962114 1.9011570215604853e+24
0.008461328028262494 6.292930453944234e+23
0.008512890924489314 5.33786304903302e+24
0.008794310723367837 4.077754277474794e+24
0.008891200241362474 5.659058286464035e+24
0.009026644918938953 4.375387486031229e+23
0.009346052172482189 1.9598515625975262e+24
0.009484196042391757 1.0316124640592932e+24
0.009568367964033597 1.4366646592965876e+24
0.010088082022177036 1.548842458926934e+25
0.010698970974710786 5.608804609530784e+24
0.011657777195673402 1.3148182871946566e+24
0.012129979961100434 2.122831085048249e+24
0.012734668172461605 3.9808612863307686e+24
0.012879375408952953 1.4841535987241783e+24
0.013013774704456804 2.456645772505291e+24
0.01325985009679681 5.349082254265594e+24
0.013403448332778012 6.577882762537434e+24
0.013613176506605484 1.5505786700372279e+25
0.013782947922962863 7.896001722852998e+24
0.01389812897588022 1.2493014165728327e+25
0.014036318232693079 5.910762991909764e+24
0.015333452350770993 3.845725766510906e+24
0.018888896505796726 1.4596041503809275e+24
0.020589624841245546 7.194570889515382e+23
0.020855074363337833 1.8284843748048811e+24
0.021253914601891022 1.1565606743400009e+24
0.02131281397784407 3.499834501160502e+24
0.021418131073085434 2.630787341382882e+24
0.02150069802143323 2.962221551196276e+24
0.021614887625014956 1.943406979179508e+24
0.021730099925637736 2.946855744397087e+24
0.021928317406079978 3.02894130669381e+24
0.022098461981931716 4.0892145204119446e+24
0.02217534811097094 7.326020220819007e+24
0.022340043959221345 5.993709075568327e+24
0.022423903734482775 3.083067848883928e+24
0.02248044149587025 3.9533408845452544e+24
0.02257023579094436 8.35000267171946e+24
0.022603044639637193 1.9506876739113916e+24
0.025094102482266345 1.7378497118710816e+24
0.02663992261299636 5.675900131555155e+23
0.02785897631131401 4.4496412318927845e+24
0.028837860437132656 3.2392764706663987e+24
0.06491128355408982 2.9188684323353083e+24
0.08513114953306217 4.767064427509574e+24
0.219183688478129 3.434790938288022e+24
