#kx=8.0, ky=0.0, Jx=1.0, Jy=1.0, Jz=2.5, h=0.0
-0.2434966208950619 7.462497886667593e+21
-0.06647390591783409 2.4489497619690998e+23
-0.05214366685409694 8.29481190505846e+22
-0.014006727376949357 7.88885715322876e+23
-0.002375126669584615 2.2324285608015805e+24
-0.00010899304114120323 1.9613222452143836e+23
4.875804873372136e-05 1.3118078639234191e+25
0.0004216239967695379 6.900863585475338e+24
0.0005449641552568996 1.7330379797839585e+25
0.0008340331518787436 1.7492230329529603e+25
0.0009244968037364076 4.096004951419504e+24
0.0020188255471705885 4.5178639776784067e+24
0.005071833226352074 5.741149438069255e+23
0.008305440911962003 8.726243463794925e+21
0.008461328028262383 8.952171242157874e+24
0.008512890924489203 1.3929164797640748e+23
0.008794310723367726 6.377997113194734e+24
0.008891200241362363 9.379624190004355e+24
0.009026644918938842 1.832499518094378e+24
0.009346052172482078 4.1945804145203777e+21
0.009484196042391646 1.8686790634982632e+23
0.009568367964033486 5.269568116382028e+24
0.010088082022176925 3.504843823557739e+23
0.010698970974710675 3.4389971204394205e+24
0.011657777195673291 4.9492841715726106e+23
0.012129979961100323 9.349831912226244e+24
0.012734668172461494 1.885384581553979e+23
0.012879375408952842 9.603274430655849e+23
0.013013774704456693 1.1946766935892247e+24
0.0132598500967967 4.332064688729284e+24
0.0134034483327779 8.827413689629834e+24
0.013613176506605373 2.66052027369961e+24
0.013782947922962752 2.910685186940661e+24
0.013898128975880109 2.9874002834451464e+24
0.014036318232692968 2.6986219807985253e+24
0.015333452350770882 1.0449990657193815e+24
0.018888896505796615 7.597804766196266e+23
0.020589624841245435 8.366305930917014e+23
0.020855074363337722 1.4586529025774261e+23
0.02125391460189091 5.3647259097474577e+23
0.02131281397784396 4.4194023094823726e+24
0.021418131073085322 1.5289417768811622e+24
0.021500698021433118 1.1846278291706847e+24
0.021614887625014845 2.702009769592902e+24
0.021730099925637625 4.2812103398785414e+24
0.021928317406079867 7.5328254006501e+23
0.022098461981931605 1.0794613931258588e+24
0.022175348110970827 2.2950125360853782e+24
0.022340043959221234 2.242132135580471e+24
0.022423903734482664 7.118325953312882e+23
0.02248044149587014 3.292670515711394e+20
0.02257023579094425 1.4201747140440628e+24
0.022603044639637082 1.5007172333421342e+23
0.025094102482266234 5.0871639550377075e+23
0.026639922612996247 1.628867571801494e+24
0.0278589763113139 4.6127180700234875e+24
0.028837860437132545 1.3331834168268896e+24
0.0649112835540897 1.2109297096400245e+23
0.08513114953306206 4.4658449198244687e+23
0.21918368847812889 1.22123138033958e+21
#kx=4.0, ky=0.0, Jx=1.0, Jy=1.0, Jz=2.5, h=0.0
-0.2423798451620216 7.142095320823482e+24
-0.17731313524785108 1.457064116034662e+24
-0.06290171512921966 5.324415725160632e+25
-0.02474593161361327 1.187242113105385e+27
-0.0011775851079577904 2.0090136538337175e+26
-0.0001409172609807552 6.3628568591717e+27
1.3154455312358593e-05 2.898475856462992e+27
0.0004274116491271296 8.28551488113055e+27
0.0005199894719649101 1.3687152190045188e+27
0.0006299429680982627 4.0106236454785114e+27
0.0008617031727103375 5.21646801026394e+27
0.0011619697724357114 7.478848699720658e+27
0.00511152593552433 1.8488268614539921e+27
0.008299228281532456 4.847830671918201e+26
0.008411345449889696 1.1978303751066567e+27
0.008508863644683895 4.6781453981834414e+26
0.008760686195790457 1.5512559767245853e+27
0.008866356592136915 9.656171482070016e+27
0.009024347208530958 4.624717703375453e+27
0.00933806794196651 2.0044485284227547e+26
0.0094534457301928 8.031168639902982e+26
0.009547498483305494 7.247097380850361e+26
0.010159181431841191 4.240547988170585e+25
0.010858052145293673 2.3538200005970225e+27
0.01170922041806638 1.9385234123615524e+27
0.011973508699541946 1.614159044707292e+27
0.012731195678070184 3.0620682724027514e+27
0.012868583899337316 5.155855757810042e+27
0.013009522201365031 4.085808368157857e+27
0.01319166169991104 7.085694276294988e+26
0.013396877611537406 3.661773378129976e+27
0.01356805357338653 4.927288983826654e+27
0.013795187286474442 2.1595820786817e+26
0.01390440702483231 3.350791458020218e+27
0.014010757291914977 1.7937357019014336e+27
0.014221099007540317 1.0657372103857023e+27
0.018795478688085065 4.699730468420661e+25
0.02059983365871937 1.1125427475931915e+27
0.020975401470192445 1.4133767358242508e+27
0.021230894300763636 1.4708585417630725e+27
0.02132886657698757 1.9460575651377836e+26
0.02135612716964036 2.7060627607601643e+26
0.021514630055543604 3.480522377643264e+26
0.021606603593469942 2.34580524442254e+26
0.021726410312859434 3.3220804741708013e+27
0.021953881750274407 1.0169999982584677e+27
0.022064539742456923 4.171816251368203e+25
0.022180448946668097 9.367234029741188e+26
0.022336477661191456 9.867715974425688e+26
0.022428264360232486 7.69573840981791e+26
0.02247213526283881 1.8956102634143108e+27
0.022574134367065957 2.0938395064919164e+27
0.022616598673146027 2.5740032502011224e+26
0.02396785172869531 1.3804984068491942e+26
0.025120289656657413 5.719009409526531e+26
0.027852968621784935 4.1934241592308684e+27
0.02905358769669497 2.7360172513343834e+26
0.06461285563447089 2.1406663488944297e+26
0.08538320459062138 3.48141338316404e+26
0.2235194443189653 7.984748923761768e+24
#kx=0.0, ky=0.0, Jx=1.0, Jy=1.0, Jz=2.5, h=0.0
-0.2113375898780246 1.4689589774747697e-09
-0.062004362892922826 1.7700814056646385e-08
-0.026409938835926294 8.539642097025608e-08
-0.0011124547970459697 4.7756808626716005e-08
-0.0003102010883838102 4.5005061303657095e-07
-0.00017090083682003154 9.62713308656584e-10
0.00010629595877326148 3.2087488426757635e-07
0.00021306263590498142 9.093262768555698e-08
0.00041088780584236373 1.009526410475285e-06
0.0006377206905288646 3.4873819553445376e-08
0.0009285121439436828 4.463502425992596e-07
0.0010229586305934846 3.4954071042148584e-07
0.005334000630809188 1.9117278909477842e-07
0.008194348846953803 7.85476826328813e-08
0.008407960272626802 1.2117973307901374e-07
0.008507913079991658 1.6371641419231626e-07
0.008781454747548212 7.224055204491173e-07
0.00888297140603217 1.900847636940825e-07
0.009023597210133183 3.748019355520103e-07
0.009276489958728318 1.148650405740923e-07
0.009449669859381893 1.6064158036230395e-07
0.009557432966873058 9.592681618278966e-08
0.010200185390653704 3.713255728604348e-07
0.010497983298907831 4.5437795438543404e-08
0.01093691545820108 3.0628543583166635e-09
0.01177817344034604 2.3433312862678188e-07
0.01219643506270679 2.1239854751443026e-08
0.0127931970604524 2.3704882308575077e-07
0.012873574994866743 3.781783012907852e-07
0.013006269750937494 2.720122932498232e-07
0.013320385900833176 5.860014945235124e-07
0.01345607049064379 5.993737679133355e-07
0.013537384079201076 2.756894565087309e-07
0.013759157864397908 9.398855367168426e-08
0.01391390929342351 3.4280347941499293e-07
0.014027814448526243 2.0478537630800437e-07
0.01669815219553139 2.880293666277468e-08
0.019156866754551916 7.183400102760995e-10
0.02080764913285782 1.3438644566730626e-07
0.021106018260634962 1.723772752315164e-08
0.021242776071931257 6.38138769393526e-08
0.021323110009218216 2.8266121233621863e-07
0.021389488866156325 9.168723148363356e-08
0.021472230906292133 4.158605358412094e-10
0.021557179707641427 7.149305961993233e-07
0.02175142040638106 5.150234353174175e-07
0.02196219589093623 8.653140628667086e-08
0.0221011202375892 1.7697050780418272e-09
0.022215278296485286 1.3782600351563521e-07
0.022346453185141335 9.519272327889182e-08
0.02242184977715317 1.5216206584211145e-08
0.022490111732921814 1.5212646217561196e-07
0.022569476736930327 1.7116963389176723e-07
0.022666485109846868 1.0509983147478957e-07
0.025312029523100466 1.220638350156987e-08
0.026401918886094944 4.965590417276364e-08
0.028065518623667185 1.4374365929563644e-07
0.06346109831272384 7.414300122875822e-08
0.08555582278478019 5.4921417662294165e-08
0.2141921238957729 1.3092055577935037e-09
#kx=4.0, ky=8.0, Jx=1.0, Jy=1.0, Jz=2.5, h=0.0
-0.24231912336465572 1.9607835195675757e+23
-0.15563295103873187 8.545561424533823e+22
-0.062053516753840354 3.977362309582657e+25
-0.024690041587028866 4.2178046140519075e+25
-0.0007558838312272109 1.739904689291081e+26
-8.99371577139374e-05 1.8757987596997033e+26
2.437814965017271e-05 3.309262710512128e+26
0.00040309592052723 8.763222977266898e+26
0.0005160065463309382 1.2925382211773458e+24
0.000745751989334742 1.1992026797200784e+26
0.0009741360869538473 6.34891484151111e+26
0.0010831264294622334 7.854892070957052e+26
0.006471577675585538 3.956415173880409e+25
0.00828954742481669 1.2647918977583887e+26
0.00839810886178205 5.900962622763551e+26
0.00853775139566959 5.391001190228735e+26
0.008799804011986878 8.233254970170195e+25
0.008914807843249384 4.250228628997103e+26
0.009063266335543552 3.4765180517029545e+25
0.009345656133750935 5.0809106184636495e+26
0.009436178239118465 3.082529686184369e+25
0.009547551839714674 1.4893873123795673e+26
0.01024797056870902 1.3020973316739295e+26
0.010727326704167872 3.00224747468103e+26
0.011140157247451987 8.538948986864772e+25
0.012217513233317712 1.3926027241900094e+26
0.012699941721128039 3.306253430554006e+26
0.012815307019845124 6.845025422262898e+26
0.012918321783450981 3.629294412429814e+26
0.013013288289024982 2.9701320410476285e+26
0.01335558627317951 3.938061191961089e+25
0.013443808343325592 9.436976919716142e+25
0.013592735559326385 1.153266526650659e+26
0.013805344411748466 2.9722273164256326e+26
0.01393322174678946 5.460006504141869e+26
0.014041842691851936 1.6975015564214606e+26
0.016962875693251667 3.633259237434229e+25
0.019879110741716277 4.4019202734914185e+25
0.020598922632971306 3.2066918941939037e+25
0.021247873713393872 1.5078180390012838e+26
0.02133239120677921 1.1785330100761126e+26
0.021356932705323295 4.119889071025973e+26
0.021402255288410554 2.43422743792389e+25
0.02147038546537533 4.737169809895629e+25
0.021671031892284698 5.7649405998809486e+26
0.02190202276372738 9.084491181859039e+25
0.02210683133155955 1.531206957292093e+25
0.02215343572483086 3.551674713313211e+26
0.022330452142618695 8.810427811270992e+25
0.02242470991749096 1.2450930411772088e+26
0.02251413582041062 1.0576482426277712e+27
0.02255943041110353 3.165430157718284e+26
0.022615513659118625 9.01753246924133e+25
0.02338096286791519 7.562634387723054e+25
0.027556601195605823 8.703062934018203e+25
0.03296141073205061 1.7487788754839104e+25
0.034414078037586726 5.513226013338371e+25
0.06978523892921296 1.364183238240166e+25
0.08955750640707089 1.0987550445646224e+24
0.22103438858667007 1.1377660031662017e+24
#kx=8.0, ky=16.0, Jx=1.0, Jy=1.0, Jz=2.5, h=0.0
-0.2434966209072933 5.427706732954062e+23
-0.06647390502673489 1.7811973205259308e+25
-0.0521436636536477 6.033078314718478e+24
-0.014006725995163005 5.737810230230817e+25
-0.0023751267955224864 1.62371457675008e+26
-0.00010899304216893668 1.4265303139899822e+25
4.8758047376140645e-05 9.541186234603133e+26
0.0004216239973191538 5.0192124683707436e+26
0.0005449641574557518 1.2604923969208467e+27
0.0008340331548247204 1.2722642666168503e+27
0.0009244968142957388 2.9791515807503794e+26
0.0020188257536372656 3.285982869013109e+26
0.005071833225794076 4.175716750464535e+25
0.00830544090880947 6.346872868846667e+23
0.008461328031077797 6.511192100112642e+26
0.00851289092246782 1.0131125267405452e+25
0.008794310723333199 4.638915564492512e+26
0.008891200241885333 6.822092063714812e+26
0.009026644919248927 1.3328338716572554e+26
0.00934605217736656 3.0508502367262344e+23
0.009484196047353843 1.359148356194155e+25
0.009568367975302638 3.8327206615031746e+26
0.010088082025469958 2.549181808056898e+25
0.010698970991046441 2.5012894634020684e+26
0.011657777198996189 3.5997681867502617e+25
0.01212997996681131 6.800423365334601e+26
0.012734668169426866 1.3712988237209709e+25
0.012879375404943993 6.984759968942568e+25
0.013013774700760539 8.689254715502721e+25
0.013259850098667425 3.1508452987779154e+26
0.013403448337046653 6.420452211187238e+26
0.013613176509893077 1.9350790172112362e+26
0.013782947928451694 2.117031766798702e+26
0.013898128980607327 2.1728290544283195e+26
0.01403631823718221 1.9627916244400116e+26
0.015333452506376188 7.600603575740734e+25
0.01888889654877296 5.526119948603159e+25
0.020589624840266663 6.08507436122882e+25
0.020855074358179904 1.060923367098236e+25
0.021253914598986068 3.901932053209652e+25
0.021312813976088196 3.214368428844438e+26
0.0214181310739211 1.1120469355410956e+26
0.021500698015993414 8.616166442804522e+25
0.021614887620481027 1.965255747968607e+26
0.02173009992550351 3.113857165112981e+26
0.02192831741149287 5.4788579721768435e+25
0.022098461985068707 7.85125806777439e+25
0.02217534811498295 1.6692339510440226e+26
0.022340043965739964 1.6307724920629378e+26
0.022423903741778828 5.177378466638234e+25
0.022480441503031245 2.3948573914340333e+22
0.02257023579476697 1.0329371664050875e+26
0.022603044643719483 1.0915182610800811e+25
0.02509410259700673 3.70005030276286e+25
0.0266399228403153 1.1847260152370908e+26
0.027858976307598315 3.3549730684144425e+26
0.028837860782062075 9.696658662286078e+25
0.0649112834128101 8.807467415204237e+24
0.08513114953637996 3.24814781179261e+25
0.21918368843752647 8.88239613005274e+22
#kx=8.0, ky=12.0, Jx=1.0, Jy=1.0, Jz=2.5, h=0.0
-0.24300639489197973 4.083168296637423e+20
-0.11684810760702308 1.2966912411925493e+23
-0.0627431006119405 2.4062530564308533e+23
-0.023438442439278617 1.8654757651936304e+24
-0.002417156348159921 2.437489139259088e+24
-0.0001483405939307625 2.7144627922398852e+23
6.375298651384309e-06 7.698937035673603e+24
0.00042258834784647537 2.723369028105519e+25
0.000508967774323632 1.2064904550367448e+25
0.0006605570630643931 5.026907617682072e+23
0.0009272698110265876 9.252080240016577e+24
0.0010116761917461914 1.8285534294167596e+25
0.0051449451678324265 7.695280467681199e+22
0.008291618677709889 2.4220395503064024e+24
0.00839910255101406 1.4526476109684778e+25
0.008521472883297743 1.4312673104788384e+25
0.008753982141368577 5.311694556039171e+23
0.008867549051402968 1.005886305497786e+24
0.008990747786023434 2.380720970926552e+24
0.009338809982512186 1.626174431987263e+24
0.009469856366725204 4.721873241805172e+24
0.009513257675905495 7.32602300429824e+23
0.009932211331467322 4.546671638529334e+24
0.010540522020004217 6.532072643964518e+24
0.011682785665353912 4.131361149967508e+24
0.012221227311205618 1.3933967696600603e+24
0.012730516649964385 1.2117858762621047e+24
0.012882077480707854 2.203428265626216e+24
0.013025043983012019 2.6630683368966665e+24
0.013191666806648794 1.0363214215779604e+25
0.013327320358197059 2.8552687851491423e+23
0.013535251190882613 3.718151053294535e+23
0.013784823288595704 6.205558367221645e+23
0.013849863894370651 3.137836614537456e+24
0.013979089258369659 3.5540713568642455e+23
0.014052441916424407 4.2468891957600015e+24
0.017655353653256045 3.6395719335508136e+24
0.02038016592811137 3.2788520951250246e+23
0.02065628919747098 1.0137663653119214e+25
0.021133976734118487 1.6682728744389357e+24
0.021344565622629152 9.095183441767503e+23
0.021381599689346054 2.1991175251238833e+24
0.021451132519206162 4.059434571686453e+23
0.021561808852869124 9.551869212534784e+24
0.02165876299209024 1.688016692330071e+24
0.021965306389545858 1.552044483784404e+24
0.022034666693531435 5.611566122552125e+23
0.022204977797372294 3.2279150738306806e+23
0.022350010918797236 2.939247045072949e+23
0.022421508516265176 3.1400062741282765e+24
0.02251312085675522 1.5341514404230502e+25
0.02257709045953782 1.890117244082493e+22
0.0226033673769227 2.343788818230499e+24
0.02310235228231211 2.790802065278108e+24
0.027191294370561725 3.628728322565091e+24
0.029549196888961127 1.0339522700243441e+24
0.032254810254776056 7.768671892521669e+23
0.06713164206560251 5.1680562332927214e+23
0.0871948362753 7.732915863254818e+23
0.2161410934825881 2.8437177920807707e+22
#kx=8.0, ky=8.0, Jx=1.0, Jy=1.0, Jz=2.5, h=0.0
-0.24263315974892635 1.976990784045163e+27
-0.15748057693568462 2.353949891241741e+27
-0.06293020069225314 1.3173957599123118e+29
-0.024702877086283215 7.887392192621879e+29
-0.0019208009634270606 1.1367922364173048e+29
-0.0001481335267289885 2.1187483414040504e+29
-2.7436991738516436e-05 8.778013477154839e+29
0.0004509310174745096 7.553627273917137e+30
0.0004900654397301252 5.433774072011212e+30
0.0006395813650209581 3.7390076912991744e+29
0.0008555547166587685 2.6999487904345925e+30
0.0010162242317731107 3.083138532576525e+30
0.005359044275129898 2.925557468520472e+29
0.00830958845921137 6.437608169462379e+28
0.008373115076173443 2.6032901104333744e+30
0.008515386160494687 4.770824896333965e+30
0.008728254546712055 3.297368741522557e+29
0.008862147763136319 5.04019298420137e+29
0.008975155246556454 2.436310679176633e+30
0.009336897531287913 3.707477122665035e+29
0.009436131653205504 1.3538226605587815e+29
0.009524767289662062 1.6143106951640103e+30
0.009958236874604731 1.442712072164204e+30
0.010511245872768082 5.229629289633365e+29
0.011358533223823963 6.2894683840013415e+29
0.012343443831943635 1.1531358463940899e+30
0.012454758493679663 7.578766419872929e+29
0.012784988260492625 1.0454753757406305e+30
0.0128832671994214 3.8273352744534755e+30
0.013034456090053714 5.155719798496836e+30
0.013314063336865634 9.29115879608165e+29
0.013408563428588371 2.525515222146865e+29
0.013634161986557869 1.2561164444662957e+30
0.01380275976573292 5.909743961631292e+29
0.013929817300963598 1.881398042435321e+30
0.014048123613896513 3.3804867640169945e+29
0.017200206964440024 5.280239551516367e+29
0.019782420282232593 6.2600673514660806e+29
0.020539282554504434 5.65049665847373e+29
0.021105818201004045 1.6853022290411716e+30
0.021307722895241077 1.0300643659043674e+30
0.021352064366274737 5.793296157267017e+28
0.021434923941884287 3.618994081049024e+29
0.02147317358791112 1.23037148845181e+30
0.021663592814988974 2.3837636290991457e+29
0.0219046858523107 2.1024171319899564e+29
0.022020750108093512 1.9096893867137703e+29
0.022184615029674726 5.0211665945053035e+29
0.02233655280214908 1.5560839557647767e+29
0.02242502934284224 7.948244507245593e+29
0.022503629499972755 1.6554014413969854e+30
0.022548988322480534 8.529245913892151e+29
0.022597807969245876 7.902222394116076e+29
0.02342360281552841 1.658438453479176e+29
0.027511318183288225 4.723948314716012e+29
0.03162755584613147 4.4144680129914044e+29
0.034151573966765214 1.3198162505680963e+30
0.06981499545357461 2.554529970495895e+28
0.08938544230709822 5.789621079008967e+27
0.21478833360430882 5.190349366453431e+27
#kx=8.0, ky=4.0, Jx=1.0, Jy=1.0, Jz=2.5, h=0.0
-0.24293888614971465 2.7800403629933036e+24
-0.13870059946957597 1.6758145717118988e+24
-0.06347476194340268 1.742181954113869e+25
-0.024599779330562566 1.9074921861204312e+26
-0.0017060817484749746 1.1342537570687089e+26
-0.00011682351394609602 5.121511958683877e+26
-3.597721340975468e-05 7.005459413533738e+26
0.0004504650531174659 6.956308889245421e+26
0.000529774593787502 6.196517862502374e+25
0.0006641932070889367 2.9732452318495772e+25
0.00086217286827317 4.135093848769935e+26
0.001076090369198146 4.789699008423801e+26
0.006252787980564389 8.230437948552927e+25
0.008315088483873856 3.847666107255127e+26
0.008393942554024036 2.725640227792588e+26
0.008508912867191243 7.755724065184375e+25
0.00882935846915256 4.890002256179941e+25
0.008875806782131734 3.4447873172684774e+26
0.009038230545593384 4.528608023596079e+25
0.009341874067305078 7.912756670477618e+26
0.009467721092196957 2.7093587050842976e+26
0.009546488561805955 2.9117661701377187e+25
0.010160640778168473 4.825753923778458e+26
0.010677464532719838 3.890765998491183e+26
0.01160568930114253 1.164368232941637e+26
0.012082039274939393 2.465426477914248e+26
0.012748804002135239 7.214648560935588e+24
0.012865309626100385 6.0527485137394856e+26
0.013009282525511812 2.8888750502027468e+26
0.013118441573178707 5.936526059988193e+25
0.013275102368398461 6.527161576324933e+26
0.013481731844484146 5.033033240715528e+26
0.013615547238372272 7.700580875925569e+26
0.013851461254815511 4.9626016708035245e+26
0.013930872578084008 5.271503125186544e+26
0.014039694318837614 8.108394827852334e+25
0.017281302999956172 1.3832867739179314e+26
0.01956431846632356 9.915053795609791e+25
0.019751450079086852 9.568522304987796e+25
0.020985067306423355 6.566272687750004e+25
0.021305522510303376 4.912414021407227e+24
0.021327192328280065 2.7237683376186495e+26
0.021390167062894372 1.3027463062369308e+26
0.0214773445140633 2.3126969823179312e+24
0.021653622058340594 5.459962725225371e+25
0.021920607037759166 1.3247381355685517e+25
0.022023050374823938 1.2777839899399112e+26
0.02215770685449947 3.310767912927816e+25
0.022330182808772914 1.1090305726174187e+26
0.022410105177848028 2.451368084343079e+25
0.02246690135863033 4.179021272352309e+26
0.022535259558218057 2.785732583877312e+25
0.022602855466143712 3.830805904282594e+26
0.023432273305839413 4.6252616661712766e+25
0.026599761139283362 8.70680573523649e+25
0.030831022714041756 6.865046752065332e+25
0.03173717814010718 1.2918606858080431e+26
0.06688991778043457 6.972498420986131e+25
0.08719275950478977 1.0885043252699542e+24
0.21749789487902738 3.4046259251068474e+24
#kx=8.0, ky=0.0, Jx=1.0, Jy=1.0, Jz=2.5, h=0.0
-0.2434966208950618 7.462497886667593e+21
-0.06647390591783398 2.4489497619690998e+23
-0.052143666854096826 8.29481190505846e+22
-0.014006727376949246 7.88885715322876e+23
-0.002375126669584504 2.2324285608015805e+24
-0.0001089930411410922 1.9613222452143836e+23
4.875804873383238e-05 1.3118078639234191e+25
0.0004216239967696489 6.900863585475338e+24
0.0005449641552570106 1.7330379797839585e+25
0.0008340331518788546 1.7492230329529603e+25
0.0009244968037365187 4.096004951419504e+24
0.0020188255471706995 4.5178639776784067e+24
0.005071833226352185 5.741149438069255e+23
0.008305440911962114 8.726243463794925e+21
0.008461328028262494 8.952171242157874e+24
0.008512890924489314 1.3929164797640748e+23
0.008794310723367837 6.377997113194734e+24
0.008891200241362474 9.379624190004355e+24
0.009026644918938953 1.832499518094378e+24
0.009346052172482189 4.1945804145203777e+21
0.009484196042391757 1.8686790634982632e+23
0.009568367964033597 5.269568116382028e+24
0.010088082022177036 3.504843823557739e+23
0.010698970974710786 3.4389971204394205e+24
0.011657777195673402 4.9492841715726106e+23
0.012129979961100434 9.349831912226244e+24
0.012734668172461605 1.885384581553979e+23
0.012879375408952953 9.603274430655849e+23
0.013013774704456804 1.1946766935892247e+24
0.01325985009679681 4.332064688729284e+24
0.013403448332778012 8.827413689629834e+24
0.013613176506605484 2.66052027369961e+24
0.013782947922962863 2.910685186940661e+24
0.01389812897588022 2.9874002834451464e+24
0.014036318232693079 2.6986219807985253e+24
0.015333452350770993 1.0449990657193815e+24
0.018888896505796726 7.597804766196266e+23
0.020589624841245546 8.366305930917014e+23
0.020855074363337833 1.4586529025774261e+23
0.021253914601891022 5.3647259097474577e+23
0.02131281397784407 4.4194023094823726e+24
0.021418131073085434 1.5289417768811622e+24
0.02150069802143323 1.1846278291706847e+24
0.021614887625014956 2.702009769592902e+24
0.021730099925637736 4.2812103398785414e+24
0.021928317406079978 7.5328254006501e+23
0.022098461981931716 1.0794613931258588e+24
0.02217534811097094 2.2950125360853782e+24
0.022340043959221345 2.242132135580471e+24
0.022423903734482775 7.118325953312882e+23
0.02248044149587025 3.292670515711394e+20
0.02257023579094436 1.4201747140440628e+24
0.022603044639637193 1.5007172333421342e+23
0.025094102482266345 5.0871639550377075e+23
0.02663992261299636 1.628867571801494e+24
0.02785897631131401 4.6127180700234875e+24
0.028837860437132656 1.3331834168268896e+24
0.06491128355408982 1.2109297096400245e+23
0.08513114953306217 4.4658449198244687e+23
0.219183688478129 1.22123138033958e+21
