#kx=0.0, ky=8.0, Jx=1.0, Jy=1.0, Jz=1.5, h=0.15
0.1408848191674647 -2.4499792904261906
0.23789087539853168 -2.4499792904261906
0.2756983855148759 -2.4499792904261906
0.3290909060064509 -2.4499792904261906
0.36323550988059905 -2.4499792904261906
0.38345846456063115 -2.4499792904261906
0.4102424876820805 -2.4499792904261906
0.4102424876820805 -2.4499792904261906
0.41406683884857365 -2.4499792904261906
0.4263584294805685 -2.4499792904261906
0.4424500994936672 -2.4499792904261906
0.4693089330854783 -2.4499792904261906
0.5480090824521807 -2.4499792904261906
0.5873764718291783 -2.4499792904261906
0.617728225415182 -2.4499792904261906
0.7148266323787225 -2.4499792904261906
#kx=0.0, ky=6.0, Jx=1.0, Jy=1.0, Jz=1.5, h=0.15
0.1416993470479235 -1.2789862867473645
0.2322330362757797 -1.2789862867473645
0.2887704802752398 -1.2789862867473645
0.3302937404676563 -1.2789862867473645
0.3815603411348179 -1.2789862867473645
0.39742661167577464 -1.2789862867473645
0.4140018940306893 -1.2789862867473645
0.4145608454705486 -1.2789862867473645
0.41456084547054917 -1.2789862867473645
0.42861672679232876 -1.2789862867473645
0.448412714323131 -1.2789862867473645
0.47559517247271565 -1.2789862867473645
0.5170754332121104 -1.2789862867473645
0.5698771747435536 -1.2789862867473645
0.6133597137299058 -1.2789862867473645
0.6257016771501216 -1.2789862867473645
#kx=0.0, ky=4.0, Jx=1.0, Jy=1.0, Jz=1.5, h=0.15
0.14400799288103347 -4.158043629367002
0.2300182656135067 -4.158043629367002
0.27624531627234206 -4.158043629367002
0.3297487875304346 -4.158043629367002
0.36958735053871616 -4.158043629367002
0.3846991512861942 -4.158043629367002
0.417305632104285 -4.158043629367002
0.4175384490822772 -4.158043629367002
0.41753844908227733 -4.158043629367002
0.4249914065415952 -4.158043629367002
0.4327102214029777 -4.158043629367002
0.452850238550525 -4.158043629367002
0.47839822026503787 -4.158043629367002
0.5012391562471865 -4.158043629367002
0.5519480799828534 -4.158043629367002
0.6344457308488882 -4.158043629367002
#kx=0.0, ky=2.0, Jx=1.0, Jy=1.0, Jz=1.5, h=0.15
0.11430659615755856 -1.1901321286264532
0.1551540863780448 -1.1901321286264532
0.2045698471671759 -1.1901321286264532
0.28924677219982003 -1.1901321286264532
0.33879489192466333 -1.1901321286264532
0.3880858820371291 -1.1901321286264532
0.404540556659878 -1.1901321286264532
0.41835869374253576 -1.1901321286264532
0.42675602004594027 -1.1901321286264532
0.4267560200459408 -1.1901321286264532
0.4510591023651548 -1.1901321286264532
0.461604708636695 -1.1901321286264532
0.48883721658167784 -1.1901321286264532
0.49914902397867034 -1.1901321286264532
0.5454801111946026 -1.1901321286264532
0.764743471017349 -1.1901321286264532
#kx=0.0, ky=0.0, Jx=1.0, Jy=1.0, Jz=1.5, h=0.15
-0.3084466241740042 6.588426847345467
0.12333328043915431 6.588426847345467
0.14990744100795564 6.588426847345467
0.278422586926092 6.588426847345467
0.3419702279795631 6.588426847345467
0.3697363934395436 6.588426847345467
0.39088972796739974 6.588426847345467
0.40727769519548684 6.588426847345467
0.42042849582171654 6.588426847345467
0.4204284958217168 6.588426847345467
0.4379231691005526 6.588426847345467
0.45375614215711846 6.588426847345467
0.48094787284830975 6.588426847345467
0.4949709902439538 6.588426847345467
0.5446799031014719 6.588426847345467
1.1010496734282045 6.588426847345467
#kx=4.0, ky=2.0, Jx=1.0, Jy=1.0, Jz=1.5, h=0.15
0.1910976015075859 -2.459279313468566
0.24232540178484197 -2.459279313468566
0.26114775606160173 -2.459279313468566
0.3373056577851536 -2.459279313468566
0.3605031203534271 -2.459279313468566
0.3881774246315236 -2.459279313468566
0.3956552504848964 -2.459279313468566
0.419945521296214 -2.459279313468566
0.42586093217909193 -2.459279313468566
0.425860932179092 -2.459279313468566
0.44443308723450514 -2.459279313468566
0.4821484035505713 -2.459279313468566
0.49444018245511656 -2.459279313468566
0.5414983469091654 -2.459279313468566
0.5529706611395536 -2.459279313468566
0.6071430612263704 -2.459279313468566
#kx=8.0, ky=4.0, Jx=1.0, Jy=1.0, Jz=1.5, h=0.15
0.17580800447198625 -2.756044847899417
0.21912266414839063 -2.756044847899417
0.2735218544346911 -2.756044847899417
0.3619100806822475 -2.756044847899417
0.38847145684257595 -2.756044847899417
0.40364046938596365 -2.756044847899417
0.4036404693859637 -2.756044847899417
0.4079312885389937 -2.756044847899417
0.41920095628467346 -2.756044847899417
0.4293095633107165 -2.756044847899417
0.4631830978831817 -2.756044847899417
0.4827023997545994 -2.756044847899417
0.5277163866766714 -2.756044847899417
0.5670647529958865 -2.756044847899417
0.6245401266860399 -2.756044847899417
0.6916912668140316 -2.756044847899417
#kx=12.0, ky=6.0, Jx=1.0, Jy=1.0, Jz=1.5, h=0.15
0.21696315288023357 -2.5582473082404658
0.22214514287050666 -2.5582473082404658
0.2932074438381532 -2.5582473082404658
0.32713340377789246 -2.5582473082404658
0.38362514754155375 -2.5582473082404658
0.4019301394393268 -2.5582473082404658
0.4074496808706546 -2.5582473082404658
0.4074496808706546 -2.5582473082404658
0.4216978470595816 -2.5582473082404658
0.4312897995339086 -2.5582473082404658
0.4652295137734974 -2.5582473082404658
0.4787328400328372 -2.5582473082404658
0.5308600232698517 -2.5582473082404658
0.5717419755346713 -2.5582473082404658
0.6166457602187001 -2.5582473082404658
0.6491339610352163 -2.5582473082404658
#kx=16.0, ky=8.0, Jx=1.0, Jy=1.0, Jz=1.5, h=0.15
0.14088481916746587 -2.449979290426186
0.2378908753985362 -2.449979290426186
0.2756983855148319 -2.449979290426186
0.32909090600643687 -2.449979290426186
0.363235509880589 -2.449979290426186
0.38345846456062094 -2.449979290426186
0.41024248768208493 -2.449979290426186
0.41024248768208504 -2.449979290426186
0.414066838848561 -2.449979290426186
0.4263584294805651 -2.449979290426186
0.44245009949366376 -2.449979290426186
0.46930893308547456 -2.449979290426186
0.5480090824522343 -2.449979290426186
0.5873764718291717 -2.449979290426186
0.6177282254151686 -2.449979290426186
0.7148266323787236 -2.449979290426186
#kx=14.0, ky=8.0, Jx=1.0, Jy=1.0, Jz=1.5, h=0.15
0.20906944376054112 -2.5982693017875764
0.22930328728807745 -2.5982693017875764
0.27808680945000336 -2.5982693017875764
0.33287651838148385 -2.5982693017875764
0.3715931856827187 -2.5982693017875764
0.3887216931702815 -2.5982693017875764
0.4089567286695196 -2.5982693017875764
0.40895672866952 -2.5982693017875764
0.41062506476372085 -2.5982693017875764
0.43048399054263997 -2.5982693017875764
0.4368677579124681 -2.5982693017875764
0.46253747484281127 -2.5982693017875764
0.48985009099948323 -2.5982693017875764
0.581908896661542 -2.5982693017875764
0.5939920547500666 -2.5982693017875764
0.7148327066880159 -2.5982693017875764
#kx=12.0, ky=8.0, Jx=1.0, Jy=1.0, Jz=1.5, h=0.15
0.2201044489217084 -2.684064645388866
0.22586407496452537 -2.684064645388866
0.30754435228585286 -2.684064645388866
0.36186739999899725 -2.684064645388866
0.3745032096631465 -2.684064645388866
0.40423729897812827 -2.684064645388866
0.40986049424096266 -2.684064645388866
0.4098604942409627 -2.684064645388866
0.4159797248538023 -2.684064645388866
0.433215445608259 -2.684064645388866
0.4365679340593601 -2.684064645388866
0.48090964569904493 -2.684064645388866
0.5210493246580139 -2.684064645388866
0.5827266675328537 -2.684064645388866
0.6074114332285272 -2.684064645388866
0.7167826112164403 -2.684064645388866
#kx=10.0, ky=8.0, Jx=1.0, Jy=1.0, Jz=1.5, h=0.15
0.16984300639794503 -2.5208107523736585
0.21436354515863273 -2.5208107523736585
0.2733037434867617 -2.5208107523736585
0.32314353715034744 -2.5208107523736585
0.37016499119104085 -2.5208107523736585
0.39830777545735996 -2.5208107523736585
0.4062797479592899 -2.5208107523736585
0.4062797479592901 -2.5208107523736585
0.42348280840587926 -2.5208107523736585
0.4394948329390472 -2.5208107523736585
0.4864423598413421 -2.5208107523736585
0.5250086631902617 -2.5208107523736585
0.5972674309614747 -2.5208107523736585
0.6177274823204899 -2.5208107523736585
0.6370258693086097 -2.5208107523736585
0.7178194631976249 -2.5208107523736585
#kx=8.0, ky=8.0, Jx=1.0, Jy=1.0, Jz=1.5, h=0.15
0.1339091503178289 -2.282836921383627
0.17876922279684665 -2.282836921383627
0.26119147047858504 -2.282836921383627
0.34270875413344937 -2.282836921383627
0.38316444799610827 -2.282836921383627
0.3953814714882046 -2.282836921383627
0.4060253982322677 -2.282836921383627
0.4060253982322679 -2.282836921383627
0.41954778492741984 -2.282836921383627
0.43184012599268046 -2.282836921383627
0.4675964367004396 -2.282836921383627
0.4926599728940455 -2.282836921383627
0.582239713824732 -2.282836921383627
0.6767441578294504 -2.282836921383627
0.7118107568931296 -2.282836921383627
0.801716357181126 -2.282836921383627
#kx=6.0, ky=8.0, Jx=1.0, Jy=1.0, Jz=1.5, h=0.15
0.17296704732226462 -2.288953723864107
0.21330831519965585 -2.288953723864107
0.2970489472751218 -2.288953723864107
0.3230873188378657 -2.288953723864107
0.37665032475896065 -2.288953723864107
0.3948243570668305 -2.288953723864107
0.40274439582350685 -2.288953723864107
0.40274439582350685 -2.288953723864107
0.4204135983544067 -2.288953723864107
0.4409722001001961 -2.288953723864107
0.47612432334313504 -2.288953723864107
0.48535041053794004 -2.288953723864107
0.569666579673612 -2.288953723864107
0.5980917089887325 -2.288953723864107
0.6216522043157735 -2.288953723864107
0.716895784529305 -2.288953723864107
#kx=4.0, ky=8.0, Jx=1.0, Jy=1.0, Jz=1.5, h=0.15
0.2070064475935435 -2.220603241169833
0.22638073327950126 -2.220603241169833
0.3184814548152366 -2.220603241169833
0.33448433185042425 -2.220603241169833
0.37398922844823507 -2.220603241169833
0.39021362259018044 -2.220603241169833
0.4102594415632851 -2.220603241169833
0.41025944156328564 -2.220603241169833
0.41380564777575735 -2.220603241169833
0.4313283999074471 -2.220603241169833
0.4437001093102285 -2.220603241169833
0.47580200417367463 -2.220603241169833
0.5446919985793655 -2.220603241169833
0.564544018156337 -2.220603241169833
0.5966021247201532 -2.220603241169833
0.716506118721547 -2.220603241169833
#kx=2.0, ky=8.0, Jx=1.0, Jy=1.0, Jz=1.5, h=0.15
0.20457896723563473 -2.4079849977800216
0.23741597850738344 -2.4079849977800216
0.25925581636941764 -2.4079849977800216
0.3127719263679355 -2.4079849977800216
0.36586090909333496 -2.4079849977800216
0.39162098190813904 -2.4079849977800216
0.41137886379338306 -2.4079849977800216
0.41791173618028843 -2.4079849977800216
0.41791173618028865 -2.4079849977800216
0.43463923850956926 -2.4079849977800216
0.4561847527543962 -2.4079849977800216
0.5112276622961767 -2.4079849977800216
0.5452949451266953 -2.4079849977800216
0.5700022373432222 -2.4079849977800216
0.5989798320235097 -2.4079849977800216
0.7166861883391215 -2.4079849977800216
#kx=0.0, ky=8.0, Jx=1.0, Jy=1.0, Jz=1.5, h=0.15
0.14088481916746476 -2.4499792904261906
0.23789087539853174 -2.4499792904261906
0.275698385514876 -2.4499792904261906
0.32909090600645097 -2.4499792904261906
0.36323550988059905 -2.4499792904261906
0.38345846456063115 -2.4499792904261906
0.4102424876820805 -2.4499792904261906
0.4102424876820805 -2.4499792904261906
0.41406683884857376 -2.4499792904261906
0.42635842948056857 -2.4499792904261906
0.4424500994936673 -2.4499792904261906
0.4693089330854784 -2.4499792904261906
0.5480090824521808 -2.4499792904261906
0.5873764718291783 -2.4499792904261906
0.6177282254151821 -2.4499792904261906
0.7148266323787225 -2.4499792904261906
